0 0.10501 0.12456 0.1835 0.04078
0 0.10501 0.20294 0.20153 0.03334
0 0.10501 0.25386 0.17235 0.03818
0 0.10501 0.30688 0.20371 0.03333
0 0.10501 0.36664 0.18369 0.03376
0 0.10501 0.38043 0.19977 0.03557
0 0.10501 0.48851 0.21599 0.0338
0 0.10501 0.47540 0.21432 0.03566
0 0.10501 0.60089 0.21068 0.04146
0 0.10501 0.62605 0.20257 0.04176
0 0.10501 0.60005 0.19154 0.03993
0 0.10501 0.66412 0.19799 0.03954
0 0.10501 0.75055 0.19421 0.03403
0 0.10501 0.84985 0.20708 0.03343
0 0.10501 0.91397 0.20997 0.03968
0 0.10501 0.98874 0.21512 0.03817
0 0.3148 0.15123 0.18349 0.0392
0 0.3148 0.20138 0.20295 0.03611
0 0.3148 0.25168 0.21931 0.04135
0 0.3148 0.33486 0.18326 0.04011
0 0.3148 0.41452 0.21212 0.04015
0 0.3148 0.42078 0.18937 0.03593
0 0.3148 0.51618 0.20422 0.04169
0 0.3148 0.57188 0.20449 0.04293
0 0.3148 0.61364 0.18857 0.04133
0 0.3148 0.71629 0.17383 0.03761
0 0.3148 0.79304 0.17456 0.03605
0 0.3148 0.73283 0.16538 0.03436
0 0.3148 0.90036 0.18853 0.04108
0 0.3148 0.95726 0.22068 0.03407
0 0.52459 0.14212 0.22039 0.03946
0 0.52459 0.19045 0.18519 0.04039
0 0.52459 0.21611 0.19756 0.03426
0 0.52459 0.30733 0.21876 0.04013
0 0.52459 0.32235 0.17999 0.03253
0 0.52459 0.35835 0.16751 0.04126
0 0.52459 0.49301 0.17278 0.03442
0 0.52459 0.50628 0.17403 0.03347
0 0.52459 0.50593 0.18592 0.03453
0 0.52459 0.57076 0.21042 0.03877
0 0.52459 0.64803 0.18787 0.03585
0 0.52459 0.77172 0.2104 0.03848
0 0.52459 0.78674 0.19982 0.03359
0 0.52459 0.79915 0.17649 0.03931
0 0.52459 0.79719 0.16428 0.03576
0 0.52459 0.85023 0.16483 0.03929
0 0.73438 0.12061 0.1881 0.03308
0 0.73438 0.17186 0.19455 0.0425
0 0.73438 0.21144 0.18414 0.04091
0 0.73438 0.24983 0.21996 0.03748
0 0.73438 0.31383 0.21444 0.04131
0 0.73438 0.36899 0.17286 0.03897
0 0.73438 0.40863 0.20433 0.03384
0 0.73438 0.46942 0.17069 0.03505
0 0.73438 0.47674 0.19218 0.04172
0 0.73438 0.57289 0.19405 0.03366
0 0.73438 0.62168 0.1753 0.04282
0 0.73438 0.69189 0.19383 0.03894
0 0.73438 0.73257 0.21381 0.03885
0 0.73438 0.76658 0.21224 0.04306
0 0.73438 0.80519 0.17932 0.0423
0 0.73438 0.84479 0.17451 0.03586
0 0.90921 0.13003 0.17372 0.03641
0 0.90921 0.16916 0.20097 0.0398
0 0.90921 0.23523 0.20712 0.04039
0 0.90921 0.31218 0.17573 0.0404
0 0.90921 0.36250 0.21089 0.03427
0 0.90921 0.37364 0.17461 0.03343
0 0.90921 0.48920 0.18428 0.0393
0 0.90921 0.55375 0.2195 0.03273
0 0.90921 0.61094 0.1703 0.0363
0 0.90921 0.63574 0.17518 0.03703
0 0.90921 0.71891 0.19511 0.04025
0 0.90921 0.70599 0.18321 0.03368
0 0.90921 0.75457 0.16845 0.03885
0 0.90921 0.87405 0.20326 0.03739
0 0.90921 0.95879 0.18269 0.03296
0 0.90921 0.88660 0.18585 0.0354