0 0.10664 0.13281 0.26199 0.04895
0 0.10402 0.18586 0.22379 0.04572
0 0.10224 0.23891 0.26036 0.05105
0 0.1031 0.29196 0.24291 0.05195
0 0.09916 0.34501 0.23981 0.04921
0 0.09919 0.39806 0.22383 0.04726
0 0.09499 0.45111 0.26304 0.04889
0 0.11496 0.50416 0.25055 0.05173
0 0.11283 0.55721 0.25104 0.04602
0 0.10791 0.61026 0.26002 0.04751
0 0.09483 0.66331 0.26493 0.05227
0 0.11492 0.71636 0.24294 0.04411
0 0.11243 0.76941 0.22514 0.0456
0 0.10139 0.82246 0.26261 0.04891
0 0.10467 0.87551 0.23334 0.04441
0 0.11545 0.92856 0.24185 0.05211
0 0.28987 0.14609 0.2433 0.04885
0 0.31172 0.20444 0.25827 0.04897
0 0.30905 0.26280 0.23637 0.04643
0 0.29577 0.32115 0.24856 0.05075
0 0.29675 0.37951 0.23601 0.05237
0 0.34095 0.43786 0.248 0.0519
0 0.30586 0.49622 0.25818 0.04394
0 0.32489 0.55457 0.23299 0.04486
0 0.30214 0.61293 0.26521 0.0469
0 0.33474 0.67129 0.25567 0.0508
0 0.31943 0.72964 0.23644 0.05158
0 0.33022 0.78800 0.22458 0.04546
0 0.32148 0.84635 0.22251 0.04794
0 0.30488 0.90471 0.22794 0.04888
0 0.34034 0.96306 0.25976 0.05099
0 0.54384 0.13281 0.25224 0.04537
0 0.50088 0.18586 0.22524 0.04785
0 0.47371 0.23891 0.2648 0.04478
0 0.48574 0.29196 0.25691 0.04737
0 0.51006 0.34501 0.22368 0.04425
0 0.51913 0.39806 0.2475 0.05252
0 0.57066 0.45111 0.2307 0.04732
0 0.52832 0.50416 0.24297 0.04822
0 0.49058 0.55721 0.25475 0.04674
0 0.54308 0.61026 0.23611 0.04871
0 0.48246 0.66331 0.25107 0.04577
0 0.56432 0.71636 0.23894 0.05162
0 0.53522 0.76941 0.26109 0.05249
0 0.4988 0.82246 0.24966 0.04462
0 0.50042 0.87551 0.24572 0.04516
0 0.57593 0.92856 0.2625 0.04792
0 0.7064 0.11953 0.23671 0.04398
0 0.67932 0.16727 0.22242 0.05031
0 0.8059 0.21502 0.24708 0.04612
0 0.76952 0.26276 0.23672 0.04898
0 0.77926 0.31051 0.26309 0.04627
0 0.69926 0.35825 0.26504 0.0486
0 0.7466 0.40600 0.26171 0.04388
0 0.67681 0.45374 0.26336 0.05054
0 0.77093 0.50149 0.25641 0.04745
0 0.67524 0.54923 0.23862 0.04571
0 0.70953 0.59698 0.23307 0.04962
0 0.77722 0.64472 0.24565 0.04619
0 0.71279 0.69247 0.25467 0.04401
0 0.73229 0.74021 0.22678 0.04893
0 0.69789 0.78796 0.2312 0.05078
0 0.78932 0.83571 0.26485 0.04566
0 0.87723 0.13281 0.25114 0.04836
0 0.96415 0.18586 0.24524 0.04737
0 0.9134 0.23891 0.25202 0.04427
0 0.98557 0.29196 0.24778 0.04666
0 0.92369 0.34501 0.23946 0.04557
0 0.87346 0.39806 0.2535 0.04425
0 0.956 0.45111 0.26484 0.04944
0 0.92762 0.50416 0.25721 0.04455
0 0.9083 0.55721 0.24496 0.05097
0 0.96368 0.61026 0.26254 0.04851
0 0.98068 0.66331 0.24988 0.04711
0 0.86302 0.71636 0.2394 0.05171
0 0.99013 0.76941 0.25123 0.04553
0 0.82692 0.82246 0.25745 0.04492
0 0.86545 0.87551 0.26039 0.0438
0 0.8764 0.92856 0.23495 0.04974