0 0.11233 0.13281 0.23209 0.04432
0 0.109 0.18586 0.24927 0.05206
0 0.11446 0.23891 0.22516 0.05131
0 0.10763 0.29196 0.25197 0.04947
0 0.11212 0.34501 0.24545 0.04656
0 0.11223 0.39806 0.22284 0.04983
0 0.11243 0.45111 0.26514 0.04876
0 0.09989 0.50416 0.25083 0.04642
0 0.09839 0.55721 0.23072 0.04785
0 0.10176 0.61026 0.2333 0.04486
0 0.09679 0.66331 0.2645 0.04754
0 0.09723 0.71636 0.24747 0.05027
0 0.10454 0.76941 0.24403 0.04758
0 0.10485 0.82246 0.25699 0.04694
0 0.106 0.87551 0.22898 0.04754
0 0.09553 0.92856 0.25369 0.05103
0 0.34606 0.14609 0.25191 0.04778
0 0.28512 0.20444 0.25343 0.04974
0 0.34582 0.26280 0.23596 0.05091
0 0.30242 0.32115 0.23241 0.04604
0 0.3341 0.37951 0.24822 0.04726
0 0.33371 0.43786 0.24702 0.05137
0 0.28645 0.49622 0.23238 0.0471
0 0.28812 0.55457 0.22207 0.05244
0 0.32806 0.61293 0.23202 0.04891
0 0.34086 0.67129 0.24921 0.04667
0 0.32239 0.72964 0.22701 0.05219
0 0.34165 0.78800 0.26007 0.04973
0 0.34606 0.84635 0.26098 0.04822
0 0.3036 0.90471 0.25946 0.04997
0 0.32645 0.96306 0.23319 0.04403
0 0.51449 0.13281 0.255 0.0494
0 0.49802 0.18586 0.23129 0.04565
0 0.57078 0.23891 0.24219 0.04511
0 0.5626 0.29196 0.24154 0.04925
0 0.57046 0.34501 0.24039 0.05055
0 0.55387 0.39806 0.23148 0.04525
0 0.54282 0.45111 0.23882 0.04574
0 0.55858 0.50416 0.23685 0.04506
0 0.57238 0.55721 0.2581 0.04734
0 0.50462 0.61026 0.23661 0.04688
0 0.54581 0.66331 0.23723 0.04446
0 0.55693 0.71636 0.26265 0.04521
0 0.49266 0.76941 0.22814 0.04463
0 0.50327 0.82246 0.24363 0.04542
0 0.47305 0.87551 0.25823 0.04907
0 0.55818 0.92856 0.25704 0.04794
0 0.78658 0.11953 0.25172 0.05229
0 0.69341 0.16727 0.24792 0.04931
0 0.78206 0.21502 0.23079 0.04437
0 0.69952 0.26276 0.2644 0.04884
0 0.68433 0.31051 0.25917 0.04601
0 0.70928 0.35825 0.24489 0.04453
0 0.73473 0.40600 0.26522 0.04485
0 0.7905 0.45374 0.23542 0.05099
0 0.73813 0.50149 0.25838 0.05018
0 0.70058 0.54923 0.22951 0.04794
0 0.71996 0.59698 0.25982 0.04522
0 0.69764 0.64472 0.24291 0.04511
0 0.66904 0.69247 0.25083 0.04999
0 0.77053 0.74021 0.24651 0.05056
0 0.67689 0.78796 0.22911 0.04435
0 0.6922 0.83571 0.24027 0.0483
0 0.82206 0.13281 0.25479 0.04568
0 0.97195 0.18586 0.26013 0.0489
0 0.91007 0.23891 0.26307 0.04501
0 0.89249 0.29196 0.24026 0.04503
0 0.98169 0.34501 0.25245 0.04721
0 0.97551 0.39806 0.26109 0.04513
0 0.99522 0.45111 0.25625 0.04715
0 0.82735 0.50416 0.26427 0.04668
0 0.97998 0.55721 0.26382 0.04529
0 0.96235 0.61026 0.24005 0.04535
0 0.86187 0.66331 0.23678 0.04663
0 0.90056 0.71636 0.25585 0.05187
0 0.87281 0.76941 0.22643 0.04623
0 0.9687 0.82246 0.25759 0.04903
0 0.94034 0.87551 0.25834 0.05066
0 0.95138 0.92856 0.24593 0.05214