0 0.09931 0.13281 0.25545 0.04631
0 0.11109 0.18586 0.23305 0.04509
0 0.11147 0.23891 0.2228 0.0496
0 0.11068 0.29196 0.257 0.04723
0 0.09977 0.34501 0.24886 0.04412
0 0.10749 0.39806 0.25082 0.05189
0 0.11252 0.45111 0.23278 0.05155
0 0.11105 0.50416 0.24013 0.04535
0 0.10044 0.55721 0.24248 0.05103
0 0.10286 0.61026 0.25813 0.04468
0 0.10403 0.66331 0.24696 0.04989
0 0.1022 0.71636 0.26208 0.04848
0 0.11036 0.76941 0.23905 0.04904
0 0.10208 0.82246 0.24215 0.04743
0 0.10197 0.87551 0.25147 0.04884
0 0.09715 0.92856 0.22877 0.04685
0 0.32657 0.14609 0.24001 0.04921
0 0.2872 0.20444 0.24236 0.0439
0 0.31805 0.26280 0.24039 0.04963
0 0.28609 0.32115 0.22135 0.04378
0 0.34016 0.37951 0.22539 0.04958
0 0.28424 0.43786 0.26082 0.04464
0 0.32886 0.49622 0.24238 0.04958
0 0.3436 0.55457 0.26196 0.04817
0 0.32339 0.61293 0.24723 0.04605
0 0.29158 0.67129 0.24914 0.04811
0 0.32568 0.72964 0.26453 0.05209
0 0.30692 0.78800 0.24501 0.04788
0 0.30959 0.84635 0.2521 0.04929
0 0.29045 0.90471 0.25569 0.05189
0 0.34042 0.96306 0.25527 0.04619
0 0.56745 0.13281 0.24008 0.04613
0 0.53509 0.18586 0.23559 0.04857
0 0.55995 0.23891 0.22401 0.04631
0 0.50488 0.29196 0.2644 0.05249
0 0.4821 0.34501 0.24351 0.05043
0 0.52344 0.39806 0.2491 0.05244
0 0.52048 0.45111 0.25333 0.05072
0 0.55339 0.50416 0.26406 0.04436
0 0.47799 0.55721 0.22337 0.04989
0 0.50669 0.61026 0.23119 0.04464
0 0.51915 0.66331 0.22341 0.04422
0 0.55471 0.71636 0.23328 0.05095
0 0.52411 0.76941 0.25686 0.05192
0 0.52849 0.82246 0.24101 0.04446
0 0.52305 0.87551 0.23877 0.05044
0 0.5275 0.92856 0.2558 0.04725
0 0.73924 0.11953 0.24349 0.04617
0 0.72575 0.16727 0.22398 0.04386
0 0.74015 0.21502 0.26241 0.04639
0 0.67776 0.26276 0.2301 0.04685
0 0.7138 0.31051 0.25303 0.04827
0 0.80298 0.35825 0.24348 0.05103
0 0.75682 0.40600 0.24782 0.04995
0 0.72752 0.45374 0.22809 0.04713
0 0.79715 0.50149 0.25856 0.04807
0 0.74307 0.54923 0.25089 0.04863
0 0.67679 0.59698 0.26089 0.04913
0 0.75441 0.64472 0.23306 0.04854
0 0.71742 0.69247 0.24861 0.05091
0 0.78955 0.74021 0.24797 0.04422
0 0.66814 0.78796 0.25804 0.04487
0 0.77787 0.83571 0.24789 0.04988
0 0.9131 0.13281 0.25972 0.0454
0 0.85124 0.18586 0.22604 0.04456
0 0.88982 0.23891 0.24201 0.05035
0 0.88829 0.29196 0.25056 0.04951
0 0.84174 0.34501 0.26282 0.05108
0 0.96698 0.39806 0.23834 0.04384
0 0.82985 0.45111 0.23089 0.04579
0 0.96781 0.50416 0.24972 0.05087
0 0.91298 0.55721 0.23706 0.04575
0 0.84999 0.61026 0.25053 0.04665
0 0.94319 0.66331 0.23112 0.04903
0 0.87278 0.71636 0.24126 0.05214
0 0.98834 0.76941 0.24123 0.04884
0 0.85821 0.82246 0.25288 0.04854
0 0.89168 0.87551 0.25737 0.04871
0 0.96152 0.92856 0.25086 0.04861