0 0.10501 0.14207 0.20422 0.03954
0 0.10501 0.17584 0.19953 0.03327
0 0.10501 0.23004 0.20346 0.03275
0 0.10501 0.28034 0.20536 0.03409
0 0.10501 0.35946 0.16926 0.03631
0 0.10501 0.43375 0.21898 0.03623
0 0.10501 0.47773 0.18558 0.03703
0 0.10501 0.54928 0.22023 0.03969
0 0.10501 0.58026 0.18818 0.04237
0 0.10501 0.64213 0.21217 0.04265
0 0.10501 0.61667 0.17482 0.03398
0 0.10501 0.65222 0.18562 0.04
0 0.10501 0.72543 0.16566 0.03317
0 0.10501 0.89549 0.17777 0.04142
0 0.10501 0.88712 0.21602 0.04108
0 0.10501 0.84003 0.1925 0.03611
0 0.3148 0.15581 0.18927 0.03794
0 0.3148 0.21073 0.21631 0.04301
0 0.3148 0.25520 0.19472 0.03564
0 0.3148 0.30185 0.17625 0.04087
0 0.3148 0.34796 0.21353 0.04251
0 0.3148 0.40306 0.19399 0.04135
0 0.3148 0.47380 0.16344 0.04157
0 0.3148 0.53491 0.18048 0.03754
0 0.3148 0.63657 0.20769 0.03433
0 0.3148 0.72009 0.19102 0.03252
0 0.3148 0.74221 0.19344 0.03216
0 0.3148 0.83412 0.16437 0.03481
0 0.3148 0.86977 0.17366 0.04299
0 0.3148 0.86010 0.16446 0.0399
0 0.3148 0.95821 0.21931 0.03941
0 0.3148 0.94454 0.21758 0.0343
0 0.52459 0.13428 0.17404 0.03946
0 0.52459 0.17334 0.21551 0.03804
0 0.52459 0.23293 0.17198 0.03415
0 0.52459 0.27589 0.17191 0.04154
0 0.52459 0.32392 0.19502 0.03365
0 0.52459 0.42859 0.22058 0.03688
0 0.52459 0.43244 0.20867 0.04279
0 0.52459 0.50997 0.17638 0.03677
0 0.52459 0.51641 0.17574 0.03675
0 0.52459 0.63226 0.21052 0.04358
0 0.52459 0.60410 0.16848 0.0354
0 0.52459 0.65697 0.18735 0.03829
0 0.52459 0.69713 0.16524 0.03497
0 0.52459 0.76065 0.18334 0.04136
0 0.52459 0.85592 0.21304 0.0398
0 0.52459 0.93426 0.18536 0.03238
0 0.73438 0.12627 0.2204 0.03951
0 0.73438 0.15178 0.17615 0.0371
0 0.73438 0.19691 0.21475 0.03786
0 0.73438 0.28612 0.16552 0.04335
0 0.73438 0.30174 0.20919 0.03618
0 0.73438 0.39389 0.21758 0.0437
0 0.73438 0.37832 0.19542 0.03913
0 0.73438 0.48631 0.19961 0.03701
0 0.73438 0.54870 0.19245 0.03868
0 0.73438 0.52192 0.17449 0.03776
0 0.73438 0.62436 0.2211 0.03402
0 0.73438 0.69686 0.19126 0.03311
0 0.73438 0.67217 0.21315 0.04216
0 0.73438 0.76593 0.21024 0.04283
0 0.73438 0.76649 0.20276 0.03696
0 0.73438 0.84967 0.19119 0.04114
0 0.90921 0.12413 0.21643 0.04057
0 0.90921 0.20027 0.17211 0.03859
0 0.90921 0.25866 0.1685 0.03344
0 0.90921 0.31981 0.16264 0.0349
0 0.90921 0.34610 0.16346 0.03904
0 0.90921 0.41336 0.20381 0.04092
0 0.90921 0.42000 0.16536 0.03978
0 0.90921 0.49851 0.18402 0.03568
0 0.90921 0.59408 0.19131 0.03385
0 0.90921 0.59481 0.16286 0.03558
0 0.90921 0.63842 0.18464 0.03384
0 0.90921 0.68289 0.18301 0.03596
0 0.90921 0.71074 0.21941 0.04257
0 0.90921 0.89204 0.20639 0.03249
0 0.90921 0.93045 0.16588 0.04011
0 0.90921 0.94609 0.17136 0.034