0 0.11304 0.13281 0.25416 0.0448
0 0.09484 0.18586 0.23539 0.04691
0 0.101 0.23891 0.25954 0.04439
0 0.09543 0.29196 0.23946 0.04842
0 0.11323 0.34501 0.23319 0.05045
0 0.10411 0.39806 0.24858 0.04862
0 0.1142 0.45111 0.22556 0.04803
0 0.09549 0.50416 0.24789 0.04405
0 0.10707 0.55721 0.22806 0.05046
0 0.10218 0.61026 0.23539 0.05233
0 0.10981 0.66331 0.23095 0.04594
0 0.10654 0.71636 0.25632 0.04379
0 0.10291 0.76941 0.25291 0.04574
0 0.10779 0.82246 0.23276 0.05164
0 0.09477 0.87551 0.22294 0.04598
0 0.09766 0.92856 0.23712 0.04951
0 0.28763 0.14609 0.24284 0.04797
0 0.30018 0.20444 0.25485 0.04847
0 0.29669 0.26280 0.23356 0.04942
0 0.29575 0.32115 0.24922 0.05084
0 0.31652 0.37951 0.25097 0.04772
0 0.2871 0.43786 0.25202 0.0477
0 0.30463 0.49622 0.2392 0.0495
0 0.3253 0.55457 0.26309 0.04559
0 0.31662 0.61293 0.25796 0.05215
0 0.34015 0.67129 0.23686 0.04962
0 0.30067 0.72964 0.26195 0.05221
0 0.28989 0.78800 0.22631 0.04507
0 0.31611 0.84635 0.22385 0.04448
0 0.3182 0.90471 0.22601 0.05173
0 0.29318 0.96306 0.24813 0.0482
0 0.56112 0.13281 0.24895 0.04554
0 0.53558 0.18586 0.2637 0.04792
0 0.53164 0.23891 0.22645 0.04977
0 0.49106 0.29196 0.24816 0.05015
0 0.51553 0.34501 0.24513 0.0492
0 0.55067 0.39806 0.23182 0.04771
0 0.50413 0.45111 0.2629 0.04662
0 0.5386 0.50416 0.2643 0.04803
0 0.54499 0.55721 0.25391 0.05225
0 0.48163 0.61026 0.24988 0.04533
0 0.51562 0.66331 0.23064 0.04611
0 0.50439 0.71636 0.26311 0.04678
0 0.49567 0.76941 0.22445 0.04739
0 0.54346 0.82246 0.2635 0.04836
0 0.53396 0.87551 0.23333 0.04802
0 0.49898 0.92856 0.22779 0.0457
0 0.75583 0.11953 0.24385 0.04742
0 0.69531 0.16727 0.25811 0.04919
0 0.67589 0.21502 0.25735 0.04921
0 0.79777 0.26276 0.26251 0.04515
0 0.76147 0.31051 0.25602 0.04728
0 0.72059 0.35825 0.23944 0.0464
0 0.67867 0.40600 0.23004 0.04407
0 0.71788 0.45374 0.24901 0.04557
0 0.78931 0.50149 0.25727 0.04566
0 0.73234 0.54923 0.22723 0.0446
0 0.66683 0.59698 0.23097 0.0442
0 0.78848 0.64472 0.25045 0.04897
0 0.69533 0.69247 0.22908 0.04563
0 0.68086 0.74021 0.236 0.05015
0 0.786 0.78796 0.25176 0.05222
0 0.76289 0.83571 0.23507 0.04385
0 0.84898 0.13281 0.22174 0.04474
0 0.99693 0.18586 0.23374 0.04903
0 0.98427 0.23891 0.24371 0.04558
0 0.9745 0.29196 0.24706 0.0524
0 0.88049 0.34501 0.22515 0.04964
0 0.96894 0.39806 0.25024 0.05246
0 0.85741 0.45111 0.22331 0.04824
0 0.90649 0.50416 0.24765 0.04441
0 0.82333 0.55721 0.23156 0.04774
0 0.90065 0.61026 0.24923 0.04725
0 0.93348 0.66331 0.23749 0.05115
0 0.98009 0.71636 0.25405 0.04855
0 0.98094 0.76941 0.2257 0.05106
0 0.99925 0.82246 0.26285 0.04622
0 0.92265 0.87551 0.25615 0.04469
0 0.96365 0.92856 0.22927 0.04406