0 0.10501 0.12913 0.2178 0.04155
0 0.10501 0.19113 0.18574 0.03392
0 0.10501 0.23807 0.21003 0.04127
0 0.10501 0.27454 0.17807 0.03898
0 0.10501 0.33125 0.21211 0.03353
0 0.10501 0.42673 0.16484 0.04167
0 0.10501 0.43225 0.17273 0.03651
0 0.10501 0.49867 0.19041 0.03909
0 0.10501 0.52003 0.22102 0.03705
0 0.10501 0.63285 0.19162 0.03498
0 0.10501 0.68129 0.20614 0.03413
0 0.10501 0.65367 0.18276 0.03649
0 0.10501 0.82578 0.21083 0.0353
0 0.10501 0.76729 0.16797 0.04061
0 0.10501 0.92946 0.17955 0.03483
0 0.10501 0.95097 0.18977 0.04269
0 0.3148 0.14841 0.21434 0.03617
0 0.3148 0.22039 0.21482 0.03811
0 0.3148 0.27307 0.18067 0.03738
0 0.3148 0.33699 0.18684 0.03624
0 0.3148 0.41403 0.18072 0.03244
0 0.3148 0.46501 0.20823 0.04171
0 0.3148 0.47111 0.17592 0.0327
0 0.3148 0.57594 0.18499 0.03297
0 0.3148 0.64857 0.17402 0.03973
0 0.3148 0.62742 0.16995 0.03656
0 0.3148 0.70047 0.18542 0.04135
0 0.3148 0.81416 0.19866 0.04334
0 0.3148 0.91141 0.19846 0.03511
0 0.3148 0.89037 0.21051 0.03907
0 0.3148 0.92878 0.21498 0.03636
0 0.52459 0.13313 0.20968 0.0352
0 0.52459 0.17812 0.16438 0.03956
0 0.52459 0.23846 0.19162 0.03319
0 0.52459 0.27767 0.20494 0.04065
0 0.52459 0.32082 0.17964 0.04232
0 0.52459 0.41136 0.18349 0.03469
0 0.52459 0.44193 0.1686 0.03274
0 0.52459 0.46112 0.19979 0.03245
0 0.52459 0.58504 0.21488 0.04134
0 0.52459 0.65209 0.1874 0.03836
0 0.52459 0.70237 0.21402 0.04055
0 0.52459 0.76830 0.17446 0.03488
0 0.52459 0.74982 0.19415 0.04292
0 0.52459 0.77611 0.19404 0.03681
0 0.52459 0.95461 0.18906 0.04292
0 0.52459 0.95855 0.2094 0.03814
0 0.73438 0.12390 0.20862 0.03492
0 0.73438 0.16507 0.19033 0.04226
0 0.73438 0.21138 0.2114 0.0337
0 0.73438 0.25906 0.18078 0.04083
0 0.73438 0.33247 0.16321 0.0322
0 0.73438 0.36352 0.22116 0.03746
0 0.73438 0.40456 0.208 0.03883
0 0.73438 0.43853 0.20633 0.03388
0 0.73438 0.53878 0.22014 0.03683
0 0.73438 0.52992 0.21655 0.03997
0 0.73438 0.63641 0.16692 0.03387
0 0.73438 0.64950 0.2206 0.03507
0 0.73438 0.64044 0.21184 0.03524
0 0.73438 0.80635 0.17676 0.0349
0 0.73438 0.78987 0.21098 0.0412
0 0.73438 0.86322 0.18535 0.04131
0 0.90921 0.13347 0.20882 0.03952
0 0.90921 0.17913 0.1767 0.0385
0 0.90921 0.22976 0.19559 0.03434
0 0.90921 0.30877 0.18169 0.04107
0 0.90921 0.37344 0.21557 0.03875
0 0.90921 0.38629 0.18223 0.03435
0 0.90921 0.45141 0.18555 0.03357
0 0.90921 0.48917 0.21302 0.03529
0 0.90921 0.50309 0.2122 0.04054
0 0.90921 0.55454 0.18809 0.03807
0 0.90921 0.71511 0.18756 0.03412
0 0.90921 0.76798 0.18183 0.03969
0 0.90921 0.74779 0.16833 0.04088
0 0.90921 0.85455 0.20081 0.0402
0 0.90921 0.79208 0.19412 0.03529
0 0.90921 0.92775 0.20685 0.03986