0 0.0988 0.13281 0.26199 0.04715
0 0.10342 0.18586 0.23677 0.0459
0 0.09489 0.23891 0.23334 0.0471
0 0.10847 0.29196 0.2314 0.04801
0 0.0985 0.34501 0.22348 0.04645
0 0.10691 0.39806 0.2319 0.044
0 0.09688 0.45111 0.23232 0.04585
0 0.11485 0.50416 0.24613 0.04727
0 0.11235 0.55721 0.24509 0.04762
0 0.10985 0.61026 0.24907 0.05163
0 0.10178 0.66331 0.22737 0.04973
0 0.11399 0.71636 0.25356 0.05138
0 0.10851 0.76941 0.22452 0.04442
0 0.10992 0.82246 0.26304 0.05169
0 0.11076 0.87551 0.23974 0.05009
0 0.09563 0.92856 0.24674 0.04793
0 0.31035 0.14609 0.24955 0.05085
0 0.33708 0.20444 0.22792 0.04441
0 0.33949 0.26280 0.25309 0.05008
0 0.30632 0.32115 0.25693 0.05253
0 0.31165 0.37951 0.23293 0.05092
0 0.34495 0.43786 0.24039 0.04385
0 0.30548 0.49622 0.26539 0.04519
0 0.3281 0.55457 0.2276 0.04615
0 0.2935 0.61293 0.25285 0.04732
0 0.28577 0.67129 0.25808 0.04493
0 0.29563 0.72964 0.24276 0.04641
0 0.32579 0.78800 0.26486 0.05013
0 0.34224 0.84635 0.23936 0.04452
0 0.31446 0.90471 0.2402 0.05095
0 0.31588 0.96306 0.22168 0.04828
0 0.53783 0.13281 0.22957 0.0471
0 0.50786 0.18586 0.24734 0.04672
0 0.4991 0.23891 0.26358 0.05039
0 0.5435 0.29196 0.22498 0.04745
0 0.49519 0.34501 0.23314 0.04923
0 0.47813 0.39806 0.26086 0.04573
0 0.56856 0.45111 0.24584 0.04661
0 0.5186 0.50416 0.2465 0.05033
0 0.4802 0.55721 0.23431 0.04652
0 0.48502 0.61026 0.24053 0.04509
0 0.57663 0.66331 0.23705 0.04434
0 0.55962 0.71636 0.2415 0.04723
0 0.5137 0.76941 0.2261 0.05253
0 0.49887 0.82246 0.2386 0.05099
0 0.53995 0.87551 0.26527 0.04472
0 0.50846 0.92856 0.25244 0.04717
0 0.69553 0.11953 0.22226 0.04541
0 0.68542 0.16727 0.22369 0.04704
0 0.66323 0.21502 0.2534 0.05174
0 0.69502 0.26276 0.26175 0.04913
0 0.73521 0.31051 0.24869 0.04818
0 0.69141 0.35825 0.23609 0.04877
0 0.66742 0.40600 0.25596 0.04822
0 0.72339 0.45374 0.25015 0.04665
0 0.70688 0.50149 0.23501 0.04952
0 0.74391 0.54923 0.25817 0.04875
0 0.67858 0.59698 0.24376 0.05049
0 0.76735 0.64472 0.246 0.0515
0 0.66426 0.69247 0.24246 0.04549
0 0.7474 0.74021 0.25375 0.05118
0 0.80579 0.78796 0.2335 0.05113
0 0.72765 0.83571 0.25815 0.04983
0 0.86713 0.13281 0.2291 0.05093
0 0.84047 0.18586 0.23504 0.04644
0 0.82706 0.23891 0.22846 0.05144
0 0.91855 0.29196 0.24258 0.04936
0 0.85843 0.34501 0.26217 0.04971
0 0.86823 0.39806 0.23337 0.05125
0 0.97163 0.45111 0.24734 0.04976
0 0.91098 0.50416 0.25318 0.05051
0 0.88602 0.55721 0.23317 0.0478
0 0.94094 0.61026 0.24541 0.05157
0 0.96366 0.66331 0.22914 0.04882
0 0.98679 0.71636 0.22998 0.05159
0 0.88266 0.76941 0.22415 0.048
0 0.92234 0.82246 0.24602 0.04609
0 0.95574 0.87551 0.25001 0.04635
0 0.86982 0.92856 0.24188 0.04517