0 0.09581 0.13281 0.26132 0.04766
0 0.10322 0.18586 0.22536 0.0465
0 0.09683 0.23891 0.22726 0.04607
0 0.10562 0.29196 0.25103 0.04903
0 0.10742 0.34501 0.24844 0.05129
0 0.11026 0.39806 0.25146 0.04616
0 0.10016 0.45111 0.26259 0.04823
0 0.10053 0.50416 0.2476 0.05133
0 0.10898 0.55721 0.23658 0.04782
0 0.10918 0.61026 0.24975 0.04691
0 0.10622 0.66331 0.25167 0.04548
0 0.10126 0.71636 0.26162 0.05237
0 0.10448 0.76941 0.26018 0.04548
0 0.10121 0.82246 0.22212 0.05174
0 0.11516 0.87551 0.22608 0.04625
0 0.10354 0.92856 0.24072 0.04668
0 0.30084 0.14609 0.2587 0.04747
0 0.33775 0.20444 0.22625 0.04713
0 0.28838 0.26280 0.25876 0.05164
0 0.30367 0.32115 0.24618 0.04927
0 0.3305 0.37951 0.23325 0.04469
0 0.29526 0.43786 0.23534 0.04923
0 0.32866 0.49622 0.25742 0.04393
0 0.32864 0.55457 0.25933 0.04853
0 0.33952 0.61293 0.22708 0.05176
0 0.33374 0.67129 0.22883 0.05166
0 0.29183 0.72964 0.24381 0.04479
0 0.31704 0.78800 0.23094 0.05124
0 0.31555 0.84635 0.22368 0.04505
0 0.32947 0.90471 0.22461 0.04572
0 0.34003 0.96306 0.2401 0.04467
0 0.48223 0.13281 0.22694 0.04405
0 0.50094 0.18586 0.26427 0.04432
0 0.50293 0.23891 0.26379 0.04959
0 0.48189 0.29196 0.26321 0.04771
0 0.56205 0.34501 0.24272 0.0459
0 0.51659 0.39806 0.24599 0.04974
0 0.48472 0.45111 0.25707 0.04584
0 0.49882 0.50416 0.23773 0.052
0 0.51827 0.55721 0.26329 0.04812
0 0.50224 0.61026 0.22149 0.04885
0 0.50815 0.66331 0.24188 0.04534
0 0.54041 0.71636 0.2272 0.04465
0 0.50716 0.76941 0.25439 0.04729
0 0.53756 0.82246 0.23562 0.04928
0 0.56108 0.87551 0.24734 0.04926
0 0.48619 0.92856 0.25701 0.04793
0 0.71317 0.11953 0.23977 0.0506
0 0.67326 0.16727 0.25871 0.045
0 0.6969 0.21502 0.25129 0.0502
0 0.69477 0.26276 0.22409 0.05188
0 0.79448 0.31051 0.22754 0.04428
0 0.7735 0.35825 0.24025 0.04863
0 0.66552 0.40600 0.23218 0.04483
0 0.75084 0.45374 0.25426 0.04605
0 0.75694 0.50149 0.2289 0.04406
0 0.71089 0.54923 0.24529 0.04437
0 0.73834 0.59698 0.24537 0.04768
0 0.75403 0.64472 0.22396 0.04391
0 0.70714 0.69247 0.24932 0.04407
0 0.79946 0.74021 0.25792 0.04895
0 0.75076 0.78796 0.24838 0.04928
0 0.77804 0.83571 0.25793 0.04766
0 0.87698 0.13281 0.24947 0.04698
0 0.89123 0.18586 0.25896 0.04763
0 0.87922 0.23891 0.22955 0.05232
0 0.95175 0.29196 0.25546 0.05124
0 0.93208 0.34501 0.23184 0.04695
0 0.89324 0.39806 0.24917 0.04808
0 0.99759 0.45111 0.23925 0.04799
0 0.94871 0.50416 0.22316 0.04892
0 0.82792 0.55721 0.256 0.05223
0 0.96116 0.61026 0.25322 0.05235
0 0.92677 0.66331 0.2622 0.04946
0 0.89246 0.71636 0.26121 0.04401
0 0.92914 0.76941 0.25553 0.0486
0 0.89402 0.82246 0.26471 0.04412
0 0.97532 0.87551 0.23232 0.05179
0 0.91439 0.92856 0.26138 0.04646