0 0.10169 0.13281 0.23013 0.05179
0 0.09764 0.18586 0.25517 0.0502
0 0.11449 0.23891 0.26491 0.04925
0 0.0967 0.29196 0.2303 0.04546
0 0.09548 0.34501 0.22724 0.0482
0 0.09625 0.39806 0.2291 0.04923
0 0.10603 0.45111 0.23307 0.04448
0 0.09748 0.50416 0.24097 0.04588
0 0.10267 0.55721 0.2497 0.04505
0 0.09583 0.61026 0.2226 0.04632
0 0.09989 0.66331 0.23836 0.04938
0 0.10914 0.71636 0.24965 0.04872
0 0.10553 0.76941 0.2517 0.0494
0 0.10625 0.82246 0.22223 0.04962
0 0.10361 0.87551 0.24383 0.04782
0 0.09659 0.92856 0.26449 0.04811
0 0.32135 0.14609 0.2655 0.04699
0 0.32943 0.20444 0.23525 0.04783
0 0.33558 0.26280 0.25281 0.05071
0 0.34073 0.32115 0.25074 0.05047
0 0.3323 0.37951 0.24563 0.05171
0 0.33499 0.43786 0.22984 0.04661
0 0.32614 0.49622 0.2291 0.04859
0 0.31599 0.55457 0.24376 0.05093
0 0.32344 0.61293 0.2433 0.04742
0 0.33513 0.67129 0.25658 0.05072
0 0.31219 0.72964 0.25692 0.04668
0 0.29775 0.78800 0.24044 0.05073
0 0.32725 0.84635 0.23884 0.05091
0 0.33906 0.90471 0.22418 0.04568
0 0.29082 0.96306 0.26076 0.04936
0 0.5186 0.13281 0.22987 0.04814
0 0.53864 0.18586 0.25287 0.05132
0 0.48827 0.23891 0.2245 0.04923
0 0.53638 0.29196 0.25379 0.05058
0 0.49243 0.34501 0.22891 0.04722
0 0.507 0.39806 0.25052 0.04479
0 0.54053 0.45111 0.24663 0.04755
0 0.57626 0.50416 0.25827 0.04956
0 0.53666 0.55721 0.2563 0.05176
0 0.49366 0.61026 0.24019 0.04715
0 0.56022 0.66331 0.23695 0.05235
0 0.5111 0.71636 0.23826 0.04783
0 0.53615 0.76941 0.22499 0.0504
0 0.52371 0.82246 0.24018 0.04467
0 0.51239 0.87551 0.24802 0.04544
0 0.53859 0.92856 0.25423 0.04591
0 0.79125 0.11953 0.24199 0.04758
0 0.75137 0.16727 0.26395 0.05228
0 0.66453 0.21502 0.23898 0.04784
0 0.69455 0.26276 0.22774 0.04733
0 0.75525 0.31051 0.23217 0.04998
0 0.72799 0.35825 0.25115 0.05001
0 0.72452 0.40600 0.23556 0.04507
0 0.78815 0.45374 0.23984 0.05017
0 0.80113 0.50149 0.24282 0.04854
0 0.77218 0.54923 0.23228 0.04804
0 0.72661 0.59698 0.25525 0.05051
0 0.73503 0.64472 0.23852 0.05072
0 0.75813 0.69247 0.26438 0.04603
0 0.67862 0.74021 0.22558 0.05118
0 0.69157 0.78796 0.24547 0.04904
0 0.6798 0.83571 0.23735 0.05103
0 0.83292 0.13281 0.25355 0.04737
0 0.82305 0.18586 0.22907 0.05148
0 0.94983 0.23891 0.24576 0.04613
0 0.89369 0.29196 0.26093 0.04721
0 0.82204 0.34501 0.23771 0.04455
0 0.92439 0.39806 0.22854 0.05148
0 0.85487 0.45111 0.26226 0.047
0 0.91524 0.50416 0.26343 0.04662
0 0.9892 0.55721 0.24862 0.04407
0 0.9968 0.61026 0.25079 0.04824
0 0.83942 0.66331 0.22485 0.04772
0 0.94203 0.71636 0.23377 0.04442
0 0.84454 0.76941 0.22591 0.05023
0 0.9833 0.82246 0.23308 0.04443
0 0.97669 0.87551 0.25351 0.05122
0 0.86506 0.92856 0.2625 0.0511