0 0.10165 0.13281 0.23816 0.04795
0 0.10897 0.18586 0.23601 0.04667
0 0.11043 0.23891 0.22831 0.05246
0 0.10449 0.29196 0.2421 0.04675
0 0.10421 0.34501 0.24929 0.05179
0 0.10503 0.39806 0.22803 0.05031
0 0.10009 0.45111 0.24475 0.04618
0 0.11403 0.50416 0.2563 0.04937
0 0.11469 0.55721 0.24905 0.05238
0 0.10855 0.61026 0.23376 0.04514
0 0.09903 0.66331 0.22276 0.04413
0 0.11031 0.71636 0.2354 0.04593
0 0.10068 0.76941 0.24557 0.04525
0 0.09576 0.82246 0.23543 0.04607
0 0.10902 0.87551 0.25123 0.04682
0 0.10472 0.92856 0.25014 0.04431
0 0.31654 0.14609 0.23416 0.04719
0 0.30843 0.20444 0.23972 0.05003
0 0.29945 0.26280 0.25616 0.04505
0 0.33301 0.32115 0.22546 0.045
0 0.30187 0.37951 0.2392 0.04834
0 0.31447 0.43786 0.23566 0.0523
0 0.28359 0.49622 0.25606 0.04823
0 0.34128 0.55457 0.24151 0.04658
0 0.29414 0.61293 0.2445 0.0517
0 0.31957 0.67129 0.24663 0.05155
0 0.30846 0.72964 0.2382 0.05085
0 0.29413 0.78800 0.26207 0.05117
0 0.32212 0.84635 0.23455 0.0515
0 0.29139 0.90471 0.2493 0.05158
0 0.30632 0.96306 0.22825 0.0438
0 0.47971 0.13281 0.26294 0.05156
0 0.50441 0.18586 0.23423 0.04915
0 0.51073 0.23891 0.24665 0.04478
0 0.54728 0.29196 0.26132 0.04884
0 0.56932 0.34501 0.2565 0.04957
0 0.56826 0.39806 0.23163 0.04466
0 0.55477 0.45111 0.25341 0.04967
0 0.54465 0.50416 0.2635 0.04489
0 0.51697 0.55721 0.26166 0.04674
0 0.49452 0.61026 0.25953 0.04945
0 0.56067 0.66331 0.26384 0.0455
0 0.56129 0.71636 0.24671 0.04882
0 0.47223 0.76941 0.26364 0.0521
0 0.52537 0.82246 0.22406 0.05105
0 0.49146 0.87551 0.265 0.04755
0 0.57656 0.92856 0.25712 0.04692
0 0.8078 0.11953 0.22502 0.04623
0 0.67681 0.16727 0.23484 0.04785
0 0.7447 0.21502 0.23401 0.04555
0 0.6668 0.26276 0.25699 0.05194
0 0.66266 0.31051 0.24011 0.05137
0 0.79162 0.35825 0.24741 0.04433
0 0.78872 0.40600 0.22811 0.0441
0 0.66524 0.45374 0.22243 0.05094
0 0.80742 0.50149 0.22217 0.04682
0 0.742 0.54923 0.22335 0.0491
0 0.7428 0.59698 0.22896 0.04386
0 0.78567 0.64472 0.24259 0.04771
0 0.7394 0.69247 0.23384 0.05152
0 0.75805 0.74021 0.25616 0.04743
0 0.72101 0.78796 0.22858 0.05053
0 0.71895 0.83571 0.25446 0.04721
0 0.91954 0.13281 0.22542 0.0505
0 0.93612 0.18586 0.26181 0.0446
0 0.94121 0.23891 0.23865 0.04637
0 0.90527 0.29196 0.25841 0.04436
0 0.95204 0.34501 0.23172 0.04772
0 0.92303 0.39806 0.24066 0.0496
0 0.99715 0.45111 0.2268 0.0444
0 0.98413 0.50416 0.25379 0.05117
0 0.98623 0.55721 0.24908 0.04631
0 0.89432 0.61026 0.26212 0.04524
0 0.88875 0.66331 0.26548 0.04762
0 0.82309 0.71636 0.22753 0.04921
0 0.83142 0.76941 0.23217 0.04707
0 0.92876 0.82246 0.26518 0.04904
0 0.98068 0.87551 0.25397 0.05064
0 0.95301 0.92856 0.23523 0.04641