0 0.09626 0.13281 0.25136 0.04943
0 0.09721 0.18586 0.25676 0.04977
0 0.10721 0.23891 0.22294 0.04615
0 0.09773 0.29196 0.23167 0.05193
0 0.10445 0.34501 0.2375 0.04476
0 0.09494 0.39806 0.24903 0.04898
0 0.09584 0.45111 0.22313 0.04602
0 0.09634 0.50416 0.23692 0.05032
0 0.1101 0.55721 0.25087 0.05053
0 0.10496 0.61026 0.25384 0.04972
0 0.09912 0.66331 0.2337 0.04782
0 0.11361 0.71636 0.23215 0.05221
0 0.10828 0.76941 0.24912 0.04437
0 0.10616 0.82246 0.26439 0.05152
0 0.10884 0.87551 0.26126 0.04708
0 0.10758 0.92856 0.25248 0.0504
0 0.31602 0.14609 0.23608 0.04751
0 0.32154 0.20444 0.23904 0.04509
0 0.3235 0.26280 0.22324 0.04951
0 0.34127 0.32115 0.22354 0.04452
0 0.30229 0.37951 0.26153 0.05134
0 0.33837 0.43786 0.26122 0.04911
0 0.28962 0.49622 0.2617 0.04779
0 0.31907 0.55457 0.25333 0.04936
0 0.32814 0.61293 0.22388 0.04867
0 0.30212 0.67129 0.26102 0.04567
0 0.32287 0.72964 0.23348 0.04509
0 0.2871 0.78800 0.2402 0.04519
0 0.32885 0.84635 0.22588 0.04688
0 0.3071 0.90471 0.25096 0.05251
0 0.30731 0.96306 0.22947 0.05002
0 0.54398 0.13281 0.22218 0.04455
0 0.47527 0.18586 0.23069 0.04922
0 0.52409 0.23891 0.22184 0.04573
0 0.4732 0.29196 0.25604 0.05108
0 0.51432 0.34501 0.24299 0.05228
0 0.50977 0.39806 0.25562 0.05048
0 0.49896 0.45111 0.22219 0.04463
0 0.48948 0.50416 0.25617 0.04419
0 0.52918 0.55721 0.22189 0.04951
0 0.5508 0.61026 0.22824 0.04809
0 0.53786 0.66331 0.24664 0.04808
0 0.53978 0.71636 0.22805 0.04548
0 0.50429 0.76941 0.26384 0.04808
0 0.47899 0.82246 0.25436 0.05176
0 0.50389 0.87551 0.2363 0.05026
0 0.50949 0.92856 0.23171 0.0456
0 0.72787 0.11953 0.23711 0.05073
0 0.66815 0.16727 0.24344 0.04721
0 0.73025 0.21502 0.25859 0.04538
0 0.74395 0.26276 0.25016 0.0449
0 0.74106 0.31051 0.25645 0.04816
0 0.68045 0.35825 0.24017 0.04857
0 0.75692 0.40600 0.25265 0.04657
0 0.7277 0.45374 0.2429 0.0479
0 0.7167 0.50149 0.24549 0.04393
0 0.76529 0.54923 0.22746 0.04758
0 0.68731 0.59698 0.26064 0.05242
0 0.68887 0.64472 0.26263 0.0443
0 0.75481 0.69247 0.23643 0.05053
0 0.66306 0.74021 0.24971 0.045
0 0.78232 0.78796 0.25188 0.0485
0 0.66872 0.83571 0.25248 0.05167
0 0.83854 0.13281 0.24507 0.04936
0 0.98671 0.18586 0.24137 0.0477
0 0.8205 0.23891 0.23781 0.04832
0 0.83274 0.29196 0.23116 0.04443
0 0.99198 0.34501 0.25639 0.04854
0 0.82405 0.39806 0.23457 0.04875
0 0.94279 0.45111 0.25422 0.04959
0 0.91171 0.50416 0.26427 0.04601
0 0.99107 0.55721 0.2392 0.05012
0 0.82091 0.61026 0.24062 0.04729
0 0.92508 0.66331 0.2485 0.04409
0 0.90702 0.71636 0.25996 0.05045
0 0.87564 0.76941 0.25647 0.05202
0 0.99307 0.82246 0.25829 0.04722
0 0.99228 0.87551 0.25416 0.04773
0 0.99277 0.92856 0.25104 0.04792