0 0.10501 0.13732 0.1876 0.03856
0 0.10501 0.17739 0.20541 0.03533
0 0.10501 0.22418 0.18341 0.0368
0 0.10501 0.28357 0.1686 0.04245
0 0.10501 0.34360 0.16501 0.03521
0 0.10501 0.37183 0.18548 0.03414
0 0.10501 0.46371 0.21876 0.04117
0 0.10501 0.51765 0.19576 0.03984
0 0.10501 0.51579 0.21327 0.03907
0 0.10501 0.64884 0.19325 0.04138
0 0.10501 0.62988 0.17497 0.03678
0 0.10501 0.65459 0.18331 0.03743
0 0.10501 0.83578 0.16449 0.04043
0 0.10501 0.85956 0.17971 0.03683
0 0.10501 0.93068 0.18724 0.03653
0 0.10501 0.99452 0.17886 0.03956
0 0.3148 0.16011 0.17817 0.03951
0 0.3148 0.19474 0.19929 0.04144
0 0.3148 0.25525 0.20291 0.03269
0 0.3148 0.29580 0.20018 0.036
0 0.3148 0.36710 0.19462 0.03581
0 0.3148 0.43896 0.16997 0.03325
0 0.3148 0.53965 0.175 0.03977
0 0.3148 0.60669 0.19297 0.03383
0 0.3148 0.64943 0.20617 0.04042
0 0.3148 0.72370 0.19529 0.04043
0 0.3148 0.80140 0.19747 0.0353
0 0.3148 0.82598 0.20903 0.03266
0 0.3148 0.85410 0.16451 0.04086
0 0.3148 0.86945 0.18073 0.0437
0 0.3148 0.98105 0.17121 0.04001
0 0.52459 0.14165 0.19966 0.03546
0 0.52459 0.19259 0.21844 0.04232
0 0.52459 0.23550 0.1689 0.03337
0 0.52459 0.31313 0.16827 0.03628
0 0.52459 0.36047 0.17206 0.03969
0 0.52459 0.42492 0.16395 0.04229
0 0.52459 0.47093 0.18362 0.037
0 0.52459 0.53935 0.1645 0.03597
0 0.52459 0.60710 0.20007 0.03807
0 0.52459 0.64802 0.21265 0.03847
0 0.52459 0.70287 0.203 0.04303
0 0.52459 0.71801 0.16467 0.04023
0 0.52459 0.73450 0.19165 0.03357
0 0.52459 0.89870 0.19147 0.03225
0 0.52459 0.88637 0.16891 0.03498
0 0.52459 0.94856 0.16659 0.04274
0 0.73438 0.11094 0.21825 0.03259
0 0.73438 0.16608 0.18085 0.03578
0 0.73438 0.20075 0.21086 0.0423
0 0.73438 0.23669 0.2014 0.03854
0 0.73438 0.31482 0.16739 0.03767
0 0.73438 0.34963 0.21461 0.03814
0 0.73438 0.43812 0.1769 0.03472
0 0.73438 0.44655 0.18377 0.03368
0 0.73438 0.46471 0.19474 0.03947
0 0.73438 0.57223 0.1927 0.03726
0 0.73438 0.65496 0.17175 0.03272
0 0.73438 0.59185 0.17267 0.03274
0 0.73438 0.72999 0.16924 0.03503
0 0.73438 0.80206 0.19506 0.03404
0 0.73438 0.76983 0.16925 0.03531
0 0.73438 0.80243 0.18754 0.03343
0 0.90921 0.12409 0.17563 0.03498
0 0.90921 0.16971 0.18624 0.04045
0 0.90921 0.21700 0.19412 0.03914
0 0.90921 0.31976 0.17679 0.03954
0 0.90921 0.32360 0.17079 0.03359
0 0.90921 0.36373 0.17428 0.04275
0 0.90921 0.45770 0.19956 0.03766
0 0.90921 0.50483 0.19384 0.03952
0 0.90921 0.52839 0.19854 0.04199
0 0.90921 0.57398 0.17862 0.03843
0 0.90921 0.63106 0.21812 0.03754
0 0.90921 0.74917 0.18149 0.03238
0 0.90921 0.81668 0.16972 0.03668
0 0.90921 0.88850 0.18811 0.03325
0 0.90921 0.81755 0.18903 0.04052
0 0.90921 0.96177 0.18995 0.03482