0 0.11008 0.13281 0.23069 0.04743
0 0.10155 0.18586 0.23548 0.05252
0 0.10457 0.23891 0.24657 0.04888
0 0.11202 0.29196 0.23551 0.04921
0 0.11193 0.34501 0.24471 0.05178
0 0.0964 0.39806 0.22917 0.04555
0 0.10994 0.45111 0.26194 0.04978
0 0.11097 0.50416 0.24193 0.05228
0 0.11412 0.55721 0.22239 0.04408
0 0.10964 0.61026 0.25982 0.05245
0 0.10559 0.66331 0.23138 0.04715
0 0.09465 0.71636 0.22461 0.04807
0 0.10149 0.76941 0.26139 0.04933
0 0.11096 0.82246 0.25398 0.04924
0 0.10707 0.87551 0.2408 0.04912
0 0.09786 0.92856 0.22991 0.05141
0 0.32967 0.14609 0.25916 0.04764
0 0.29772 0.20444 0.23286 0.05194
0 0.29463 0.26280 0.22332 0.04719
0 0.29578 0.32115 0.24429 0.05215
0 0.32708 0.37951 0.24787 0.04699
0 0.34247 0.43786 0.22493 0.04942
0 0.33975 0.49622 0.26306 0.05252
0 0.32538 0.55457 0.23942 0.05139
0 0.28604 0.61293 0.24714 0.04449
0 0.28474 0.67129 0.2469 0.04414
0 0.3324 0.72964 0.26454 0.05221
0 0.30945 0.78800 0.24521 0.04558
0 0.30404 0.84635 0.2533 0.05144
0 0.34159 0.90471 0.22919 0.05088
0 0.31581 0.96306 0.26212 0.04598
0 0.5327 0.13281 0.26151 0.04505
0 0.48354 0.18586 0.24353 0.04929
0 0.54134 0.23891 0.22464 0.04991
0 0.5383 0.29196 0.23257 0.04709
0 0.55305 0.34501 0.26149 0.05006
0 0.52166 0.39806 0.22579 0.04379
0 0.47218 0.45111 0.25175 0.05009
0 0.52351 0.50416 0.24133 0.0444
0 0.5177 0.55721 0.25501 0.04778
0 0.47773 0.61026 0.25513 0.04847
0 0.53009 0.66331 0.23433 0.05051
0 0.54604 0.71636 0.25531 0.04878
0 0.50024 0.76941 0.25341 0.04462
0 0.56307 0.82246 0.25872 0.04513
0 0.53982 0.87551 0.23237 0.04547
0 0.49287 0.92856 0.2327 0.05168
0 0.76631 0.11953 0.2376 0.04844
0 0.80477 0.16727 0.24377 0.04447
0 0.67953 0.21502 0.24074 0.04537
0 0.79925 0.26276 0.24259 0.04728
0 0.68726 0.31051 0.23756 0.04755
0 0.6786 0.35825 0.23505 0.04549
0 0.74047 0.40600 0.22385 0.04595
0 0.74212 0.45374 0.24194 0.04489
0 0.6624 0.50149 0.24453 0.04823
0 0.67899 0.54923 0.25725 0.04919
0 0.7601 0.59698 0.23049 0.04693
0 0.73553 0.64472 0.22825 0.04765
0 0.7415 0.69247 0.23116 0.04491
0 0.74812 0.74021 0.25673 0.04757
0 0.70922 0.78796 0.22179 0.04652
0 0.68482 0.83571 0.24353 0.04991
0 0.92576 0.13281 0.22331 0.04578
0 0.89555 0.18586 0.2225 0.04636
0 0.89709 0.23891 0.26025 0.05125
0 0.82351 0.29196 0.26048 0.05067
0 0.86756 0.34501 0.22409 0.04695
0 0.90083 0.39806 0.25176 0.05037
0 0.86686 0.45111 0.22696 0.04775
0 0.92273 0.50416 0.23713 0.05086
0 0.93954 0.55721 0.25506 0.05143
0 0.86966 0.61026 0.22918 0.04928
0 0.96641 0.66331 0.24013 0.05232
0 0.94335 0.71636 0.23201 0.04631
0 0.95925 0.76941 0.24238 0.04512
0 0.94763 0.82246 0.23531 0.04515
0 0.8861 0.87551 0.25268 0.05105
0 0.8542 0.92856 0.22704 0.05088