0 0.09838 0.13281 0.23428 0.04421
0 0.11538 0.18586 0.24783 0.04875
0 0.11196 0.23891 0.23904 0.0445
0 0.10847 0.29196 0.22896 0.0517
0 0.11383 0.34501 0.24117 0.04906
0 0.1155 0.39806 0.26548 0.04666
0 0.09883 0.45111 0.24177 0.04727
0 0.10821 0.50416 0.26287 0.04711
0 0.09479 0.55721 0.24289 0.05236
0 0.10362 0.61026 0.2361 0.04794
0 0.10843 0.66331 0.25984 0.05088
0 0.11531 0.71636 0.25962 0.04919
0 0.111 0.76941 0.26327 0.0449
0 0.09844 0.82246 0.2485 0.04826
0 0.11348 0.87551 0.23808 0.04855
0 0.09661 0.92856 0.23137 0.04533
0 0.29924 0.14609 0.26187 0.04617
0 0.2965 0.20444 0.22978 0.04421
0 0.3051 0.26280 0.23188 0.04519
0 0.34189 0.32115 0.23317 0.04985
0 0.33439 0.37951 0.23499 0.0443
0 0.32551 0.43786 0.23745 0.0463
0 0.31952 0.49622 0.23934 0.04486
0 0.30854 0.55457 0.22503 0.04507
0 0.3191 0.61293 0.2305 0.04682
0 0.29664 0.67129 0.24398 0.0499
0 0.30434 0.72964 0.25596 0.05209
0 0.28807 0.78800 0.23461 0.04394
0 0.34156 0.84635 0.24004 0.04651
0 0.30551 0.90471 0.24489 0.04381
0 0.29493 0.96306 0.22873 0.05101
0 0.49148 0.13281 0.23721 0.0501
0 0.57302 0.18586 0.231 0.05062
0 0.49232 0.23891 0.23783 0.04969
0 0.55975 0.29196 0.22619 0.04816
0 0.56434 0.34501 0.26534 0.0485
0 0.55921 0.39806 0.22323 0.04518
0 0.57699 0.45111 0.2283 0.04979
0 0.56978 0.50416 0.25878 0.0476
0 0.48975 0.55721 0.26269 0.05079
0 0.56889 0.61026 0.23966 0.04913
0 0.56025 0.66331 0.25475 0.04468
0 0.5031 0.71636 0.22353 0.04924
0 0.4896 0.76941 0.25346 0.05
0 0.53264 0.82246 0.25578 0.04951
0 0.55477 0.87551 0.22908 0.0499
0 0.55636 0.92856 0.23311 0.05091
0 0.7757 0.11953 0.2453 0.05249
0 0.66547 0.16727 0.23387 0.04408
0 0.79258 0.21502 0.25601 0.0456
0 0.71646 0.26276 0.26346 0.04718
0 0.66525 0.31051 0.25438 0.05254
0 0.73333 0.35825 0.25203 0.05079
0 0.80192 0.40600 0.23591 0.04567
0 0.79196 0.45374 0.24751 0.05132
0 0.77232 0.50149 0.22761 0.04951
0 0.72294 0.54923 0.24123 0.05236
0 0.71783 0.59698 0.24201 0.0473
0 0.71667 0.64472 0.23912 0.05122
0 0.67382 0.69247 0.24251 0.05008
0 0.74315 0.74021 0.24246 0.05112
0 0.75932 0.78796 0.2435 0.04961
0 0.70735 0.83571 0.24202 0.05157
0 0.88498 0.13281 0.24516 0.05079
0 0.93152 0.18586 0.2401 0.04585
0 0.82516 0.23891 0.24579 0.04381
0 0.93377 0.29196 0.24791 0.05057
0 0.84663 0.34501 0.25213 0.04873
0 0.93752 0.39806 0.2412 0.04469
0 0.93305 0.45111 0.24806 0.04801
0 0.98532 0.50416 0.25308 0.04715
0 0.91362 0.55721 0.2332 0.04532
0 0.98201 0.61026 0.24586 0.05205
0 0.86343 0.66331 0.25329 0.04883
0 0.87734 0.71636 0.23543 0.05062
0 0.94389 0.76941 0.25801 0.04425
0 0.91245 0.82246 0.26134 0.04656
0 0.90779 0.87551 0.23124 0.04575
0 0.9112 0.92856 0.23557 0.0496