0 0.09854 0.13281 0.24048 0.04624
0 0.11347 0.18586 0.24861 0.04639
0 0.10894 0.23891 0.24462 0.04711
0 0.09785 0.29196 0.24972 0.05224
0 0.1092 0.34501 0.24076 0.05186
0 0.11413 0.39806 0.22153 0.0524
0 0.11295 0.45111 0.24982 0.05171
0 0.11083 0.50416 0.26499 0.05213
0 0.1141 0.55721 0.23263 0.05034
0 0.09715 0.61026 0.24076 0.04924
0 0.10908 0.66331 0.2365 0.04788
0 0.10428 0.71636 0.2218 0.0478
0 0.09665 0.76941 0.22625 0.04757
0 0.10386 0.82246 0.26471 0.04607
0 0.10646 0.87551 0.24036 0.04682
0 0.09851 0.92856 0.22576 0.04934
0 0.29325 0.14609 0.23828 0.049
0 0.3196 0.20444 0.23504 0.04848
0 0.3368 0.26280 0.22789 0.05051
0 0.30752 0.32115 0.23276 0.05157
0 0.28354 0.37951 0.2578 0.04913
0 0.32402 0.43786 0.23012 0.05241
0 0.3254 0.49622 0.255 0.04751
0 0.32344 0.55457 0.25565 0.04696
0 0.34164 0.61293 0.24226 0.04803
0 0.29485 0.67129 0.23291 0.04751
0 0.32115 0.72964 0.24755 0.04638
0 0.29716 0.78800 0.26148 0.0467
0 0.29796 0.84635 0.2559 0.05181
0 0.29379 0.90471 0.22371 0.05143
0 0.28617 0.96306 0.24156 0.05032
0 0.54153 0.13281 0.22841 0.04384
0 0.50096 0.18586 0.22809 0.04456
0 0.56173 0.23891 0.25566 0.04569
0 0.48971 0.29196 0.23384 0.0472
0 0.48178 0.34501 0.25048 0.05201
0 0.56908 0.39806 0.23801 0.0514
0 0.47217 0.45111 0.25127 0.04762
0 0.4957 0.50416 0.23151 0.04945
0 0.53632 0.55721 0.24032 0.05158
0 0.48848 0.61026 0.22743 0.0462
0 0.52247 0.66331 0.24638 0.04541
0 0.50193 0.71636 0.24878 0.04697
0 0.51364 0.76941 0.25341 0.04586
0 0.55799 0.82246 0.2634 0.04553
0 0.55877 0.87551 0.22286 0.04593
0 0.54398 0.92856 0.23376 0.04865
0 0.70711 0.11953 0.2377 0.04434
0 0.77685 0.16727 0.23569 0.04413
0 0.72128 0.21502 0.22418 0.04954
0 0.70358 0.26276 0.25592 0.0447
0 0.75426 0.31051 0.23719 0.04725
0 0.71207 0.35825 0.25032 0.04923
0 0.66544 0.40600 0.2225 0.05066
0 0.77866 0.45374 0.2651 0.0521
0 0.7797 0.50149 0.2423 0.04883
0 0.70114 0.54923 0.23887 0.05202
0 0.67483 0.59698 0.25744 0.04622
0 0.70932 0.64472 0.2388 0.0469
0 0.78223 0.69247 0.22429 0.04682
0 0.78282 0.74021 0.24019 0.04547
0 0.80612 0.78796 0.22838 0.05107
0 0.7517 0.83571 0.23448 0.04389
0 0.90488 0.13281 0.25669 0.04447
0 0.94166 0.18586 0.237 0.04502
0 0.92839 0.23891 0.24336 0.04618
0 0.99211 0.29196 0.22297 0.04683
0 0.83093 0.34501 0.22321 0.0516
0 0.92588 0.39806 0.26331 0.04469
0 0.84703 0.45111 0.25131 0.04579
0 0.85733 0.50416 0.26487 0.04971
0 0.99931 0.55721 0.25564 0.04957
0 0.91807 0.61026 0.24925 0.0457
0 0.95834 0.66331 0.23234 0.04633
0 0.89474 0.71636 0.23447 0.04863
0 0.92289 0.76941 0.24154 0.04861
0 0.83935 0.82246 0.26491 0.04474
0 0.98026 0.87551 0.22182 0.04823
0 0.82277 0.92856 0.236 0.04784