0 0.10803 0.13281 0.25733 0.04466
0 0.09992 0.18586 0.26021 0.0449
0 0.10982 0.23891 0.23627 0.04737
0 0.1087 0.29196 0.22773 0.04876
0 0.11366 0.34501 0.24426 0.05222
0 0.11438 0.39806 0.22433 0.04621
0 0.10686 0.45111 0.24467 0.04993
0 0.10408 0.50416 0.22659 0.05134
0 0.11187 0.55721 0.22366 0.04511
0 0.09916 0.61026 0.26421 0.04547
0 0.09984 0.66331 0.2486 0.04981
0 0.11302 0.71636 0.2225 0.04775
0 0.09524 0.76941 0.23038 0.04944
0 0.0955 0.82246 0.24932 0.04604
0 0.1029 0.87551 0.22831 0.04807
0 0.09754 0.92856 0.24721 0.05185
0 0.28831 0.14609 0.24405 0.04385
0 0.3074 0.20444 0.22735 0.04431
0 0.28612 0.26280 0.23475 0.04434
0 0.31858 0.32115 0.24443 0.04867
0 0.29996 0.37951 0.25182 0.0456
0 0.34499 0.43786 0.25591 0.04788
0 0.3388 0.49622 0.23734 0.04688
0 0.29317 0.55457 0.23014 0.04456
0 0.28375 0.61293 0.23502 0.0497
0 0.32101 0.67129 0.2627 0.04768
0 0.28416 0.72964 0.23981 0.05038
0 0.33006 0.78800 0.22594 0.05236
0 0.33794 0.84635 0.25893 0.04956
0 0.31428 0.90471 0.26048 0.04696
0 0.29014 0.96306 0.25479 0.04533
0 0.50658 0.13281 0.22934 0.04978
0 0.51106 0.18586 0.23737 0.05226
0 0.51035 0.23891 0.2386 0.04825
0 0.54949 0.29196 0.2319 0.04596
0 0.51309 0.34501 0.25964 0.05222
0 0.51966 0.39806 0.25084 0.05127
0 0.5062 0.45111 0.25715 0.04775
0 0.54289 0.50416 0.24113 0.04764
0 0.57191 0.55721 0.22568 0.05047
0 0.56766 0.61026 0.24942 0.04695
0 0.56531 0.66331 0.23714 0.04441
0 0.4743 0.71636 0.22806 0.04379
0 0.4768 0.76941 0.22298 0.04706
0 0.51179 0.82246 0.23301 0.04656
0 0.55072 0.87551 0.24135 0.04785
0 0.56541 0.92856 0.25673 0.05073
0 0.7802 0.11953 0.25349 0.04561
0 0.73164 0.16727 0.22529 0.04519
0 0.79517 0.21502 0.24461 0.05209
0 0.79611 0.26276 0.22756 0.04958
0 0.69303 0.31051 0.24293 0.04957
0 0.71285 0.35825 0.25423 0.04485
0 0.67167 0.40600 0.2276 0.05014
0 0.69896 0.45374 0.24448 0.05109
0 0.74272 0.50149 0.22776 0.04491
0 0.66389 0.54923 0.22516 0.04393
0 0.8025 0.59698 0.26515 0.04483
0 0.67625 0.64472 0.24305 0.0485
0 0.66695 0.69247 0.22285 0.04972
0 0.79744 0.74021 0.25 0.04853
0 0.70766 0.78796 0.22724 0.04611
0 0.74436 0.83571 0.24929 0.0442
0 0.97682 0.13281 0.24028 0.04953
0 0.83695 0.18586 0.24169 0.05085
0 0.91952 0.23891 0.23484 0.04531
0 0.83225 0.29196 0.26547 0.04673
0 0.99476 0.34501 0.22677 0.04398
0 0.89564 0.39806 0.26079 0.04672
0 0.87031 0.45111 0.23275 0.04973
0 0.97354 0.50416 0.25135 0.04822
0 0.82192 0.55721 0.22731 0.04996
0 0.88634 0.61026 0.26116 0.04638
0 0.98942 0.66331 0.23628 0.04423
0 0.92498 0.71636 0.25106 0.04964
0 0.95973 0.76941 0.25576 0.04986
0 0.96153 0.82246 0.25319 0.0484
0 0.99197 0.87551 0.22936 0.04621
0 0.94104 0.92856 0.25413 0.0503