0 0.10501 0.12234 0.17551 0.03383
0 0.10501 0.19238 0.19451 0.0395
0 0.10501 0.24652 0.16327 0.03378
0 0.10501 0.29263 0.16575 0.03391
0 0.10501 0.35218 0.20489 0.04372
0 0.10501 0.38064 0.17068 0.03906
0 0.10501 0.41476 0.18916 0.03413
0 0.10501 0.53153 0.1898 0.03247
0 0.10501 0.52477 0.19373 0.03482
0 0.10501 0.66348 0.18955 0.04163
0 0.10501 0.64743 0.19995 0.04339
0 0.10501 0.76002 0.19269 0.03675
0 0.10501 0.74673 0.19125 0.04103
0 0.10501 0.82386 0.1703 0.0354
0 0.10501 0.93127 0.16436 0.03468
0 0.10501 0.83935 0.16861 0.03275
0 0.3148 0.15978 0.16442 0.03539
0 0.3148 0.19257 0.18091 0.04263
0 0.3148 0.26881 0.17465 0.03478
0 0.3148 0.29444 0.18757 0.0353
0 0.3148 0.39245 0.19411 0.03352
0 0.3148 0.44667 0.21735 0.03343
0 0.3148 0.51195 0.1673 0.03217
0 0.3148 0.57969 0.21278 0.03657
0 0.3148 0.60341 0.2157 0.04261
0 0.3148 0.70673 0.17484 0.04307
0 0.3148 0.69462 0.20393 0.03292
0 0.3148 0.86560 0.20477 0.04023
0 0.3148 0.83647 0.19096 0.03281
0 0.3148 0.85521 0.1829 0.03931
0 0.3148 0.90081 0.19347 0.0373
0 0.52459 0.12808 0.16955 0.03557
0 0.52459 0.19012 0.1681 0.04357
0 0.52459 0.25260 0.19896 0.036
0 0.52459 0.31354 0.17259 0.03324
0 0.52459 0.31375 0.16527 0.04003
0 0.52459 0.37546 0.18798 0.04327
0 0.52459 0.47570 0.21797 0.03826
0 0.52459 0.51404 0.17041 0.03568
0 0.52459 0.55118 0.1661 0.03481
0 0.52459 0.66724 0.16986 0.03262
0 0.52459 0.69129 0.17324 0.03798
0 0.52459 0.67167 0.21564 0.03543
0 0.52459 0.76693 0.19633 0.04035
0 0.52459 0.84763 0.18776 0.04359
0 0.52459 0.84482 0.21261 0.03225
0 0.52459 0.86475 0.2121 0.04212
0 0.73438 0.13035 0.18132 0.03563
0 0.73438 0.16604 0.18613 0.03964
0 0.73438 0.22497 0.20677 0.03303
0 0.73438 0.25195 0.20642 0.0324
0 0.73438 0.28081 0.17393 0.03811
0 0.73438 0.32847 0.16452 0.03669
0 0.73438 0.41766 0.21426 0.03518
0 0.73438 0.40915 0.21934 0.03819
0 0.73438 0.53059 0.22022 0.04084
0 0.73438 0.55254 0.2014 0.03596
0 0.73438 0.57427 0.21224 0.03974
0 0.73438 0.68485 0.20969 0.04359
0 0.73438 0.72356 0.19132 0.03961
0 0.73438 0.66752 0.21141 0.04318
0 0.73438 0.84320 0.19477 0.0323
0 0.73438 0.79713 0.20482 0.03684
0 0.90921 0.12954 0.16272 0.0366
0 0.90921 0.17059 0.21583 0.04348
0 0.90921 0.23809 0.18671 0.03336
0 0.90921 0.28454 0.2029 0.03915
0 0.90921 0.31444 0.20831 0.03288
0 0.90921 0.38405 0.19086 0.03541
0 0.90921 0.48616 0.21229 0.03359
0 0.90921 0.47865 0.16574 0.03687
0 0.90921 0.59362 0.19451 0.0413
0 0.90921 0.55646 0.18805 0.03401
0 0.90921 0.63966 0.18137 0.04135
0 0.90921 0.70694 0.17367 0.04012
0 0.90921 0.73083 0.18287 0.03542
0 0.90921 0.82904 0.20142 0.03702
0 0.90921 0.95321 0.21392 0.03985
0 0.90921 0.91076 0.16286 0.03936