0 0.11441 0.13281 0.24565 0.05166
0 0.11063 0.18586 0.256 0.04926
0 0.0971 0.23891 0.2586 0.04789
0 0.09916 0.29196 0.24517 0.04675
0 0.10203 0.34501 0.22689 0.04794
0 0.11006 0.39806 0.23032 0.04395
0 0.11191 0.45111 0.25934 0.04812
0 0.09979 0.50416 0.23779 0.0484
0 0.09845 0.55721 0.24771 0.04683
0 0.11125 0.61026 0.25711 0.04407
0 0.11146 0.66331 0.22374 0.04791
0 0.10342 0.71636 0.25182 0.05064
0 0.11441 0.76941 0.2323 0.05086
0 0.10899 0.82246 0.25131 0.04507
0 0.10639 0.87551 0.23992 0.04791
0 0.09826 0.92856 0.24421 0.05011
0 0.29698 0.14609 0.2406 0.04964
0 0.30006 0.20444 0.23445 0.04582
0 0.31848 0.26280 0.26168 0.05221
0 0.32254 0.32115 0.25312 0.04499
0 0.3175 0.37951 0.2364 0.04774
0 0.32938 0.43786 0.22194 0.04767
0 0.28479 0.49622 0.22971 0.04946
0 0.2967 0.55457 0.23222 0.04412
0 0.34178 0.61293 0.24712 0.0509
0 0.28684 0.67129 0.22505 0.04919
0 0.28809 0.72964 0.23956 0.05012
0 0.29472 0.78800 0.23464 0.04662
0 0.30945 0.84635 0.22489 0.04987
0 0.28768 0.90471 0.2397 0.04501
0 0.31994 0.96306 0.24458 0.05115
0 0.55043 0.13281 0.24199 0.04982
0 0.55097 0.18586 0.2549 0.04861
0 0.52649 0.23891 0.25206 0.05163
0 0.56183 0.29196 0.24261 0.04789
0 0.51185 0.34501 0.22167 0.04765
0 0.48798 0.39806 0.24007 0.04661
0 0.49739 0.45111 0.25313 0.04713
0 0.54957 0.50416 0.25325 0.04891
0 0.56182 0.55721 0.22957 0.04583
0 0.52961 0.61026 0.23939 0.04926
0 0.55239 0.66331 0.25281 0.04706
0 0.53971 0.71636 0.23225 0.05253
0 0.51019 0.76941 0.23399 0.04525
0 0.55054 0.82246 0.22945 0.05048
0 0.49452 0.87551 0.24487 0.04526
0 0.53973 0.92856 0.25808 0.05199
0 0.79506 0.11953 0.25062 0.05104
0 0.69667 0.16727 0.24536 0.04659
0 0.72876 0.21502 0.24327 0.04844
0 0.67115 0.26276 0.25728 0.04817
0 0.6988 0.31051 0.25092 0.05056
0 0.70399 0.35825 0.26349 0.04939
0 0.68157 0.40600 0.25558 0.04726
0 0.67425 0.45374 0.2531 0.04421
0 0.72578 0.50149 0.25466 0.05094
0 0.70821 0.54923 0.23083 0.04903
0 0.72561 0.59698 0.22384 0.04652
0 0.66834 0.64472 0.2606 0.04854
0 0.69141 0.69247 0.25402 0.04623
0 0.72977 0.74021 0.23506 0.04625
0 0.76332 0.78796 0.25614 0.04612
0 0.79986 0.83571 0.24426 0.0483
0 0.94569 0.13281 0.23022 0.04649
0 0.90515 0.18586 0.2581 0.05181
0 0.96015 0.23891 0.22348 0.04396
0 0.94598 0.29196 0.24715 0.05156
0 0.86294 0.34501 0.26071 0.04735
0 0.90787 0.39806 0.26142 0.05247
0 0.89865 0.45111 0.23804 0.04735
0 0.87876 0.50416 0.2544 0.04672
0 0.8229 0.55721 0.24041 0.04556
0 0.92191 0.61026 0.25135 0.04847
0 0.99323 0.66331 0.22964 0.05244
0 0.93487 0.71636 0.25445 0.04659
0 0.91098 0.76941 0.23107 0.04672
0 0.97877 0.82246 0.24807 0.0516
0 0.95617 0.87551 0.24816 0.04473
0 0.83242 0.92856 0.25419 0.05055