0 0.09596 0.13281 0.24951 0.05002
0 0.09584 0.18586 0.2371 0.05088
0 0.10042 0.23891 0.22639 0.0463
0 0.11337 0.29196 0.2479 0.05142
0 0.11483 0.34501 0.246 0.04621
0 0.11153 0.39806 0.24943 0.04789
0 0.10201 0.45111 0.2292 0.044
0 0.09805 0.50416 0.25676 0.048
0 0.10535 0.55721 0.23238 0.05075
0 0.09702 0.61026 0.2498 0.0447
0 0.09928 0.66331 0.25837 0.04531
0 0.10631 0.71636 0.25241 0.04845
0 0.10289 0.76941 0.25843 0.05093
0 0.11315 0.82246 0.23922 0.04653
0 0.10326 0.87551 0.25814 0.04859
0 0.09833 0.92856 0.24057 0.04413
0 0.32128 0.14609 0.26048 0.04783
0 0.32737 0.20444 0.2225 0.05184
0 0.33 0.26280 0.25775 0.04723
0 0.28501 0.32115 0.26253 0.0451
0 0.29344 0.37951 0.23407 0.04626
0 0.32276 0.43786 0.2225 0.04394
0 0.32078 0.49622 0.23695 0.04511
0 0.33266 0.55457 0.25958 0.04887
0 0.28521 0.61293 0.2262 0.04507
0 0.2939 0.67129 0.22626 0.04856
0 0.28833 0.72964 0.23387 0.05117
0 0.32889 0.78800 0.227 0.04619
0 0.3401 0.84635 0.25788 0.04614
0 0.31543 0.90471 0.25686 0.04689
0 0.34237 0.96306 0.25869 0.04607
0 0.54578 0.13281 0.2262 0.04671
0 0.47542 0.18586 0.22916 0.0525
0 0.51099 0.23891 0.25635 0.04385
0 0.56996 0.29196 0.25066 0.04455
0 0.56735 0.34501 0.26213 0.0475
0 0.56883 0.39806 0.22237 0.05219
0 0.48387 0.45111 0.23973 0.04858
0 0.56356 0.50416 0.24549 0.04664
0 0.55991 0.55721 0.24296 0.04817
0 0.55974 0.61026 0.24387 0.0472
0 0.48249 0.66331 0.24586 0.04427
0 0.53543 0.71636 0.23282 0.04779
0 0.5088 0.76941 0.22281 0.04968
0 0.55284 0.82246 0.26009 0.04725
0 0.54615 0.87551 0.22975 0.04455
0 0.51029 0.92856 0.22568 0.04416
0 0.79049 0.11953 0.23744 0.04637
0 0.77179 0.16727 0.23493 0.05206
0 0.70307 0.21502 0.26363 0.05175
0 0.7859 0.26276 0.25183 0.04848
0 0.7937 0.31051 0.25227 0.05097
0 0.76903 0.35825 0.22885 0.0512
0 0.76083 0.40600 0.22662 0.05027
0 0.76466 0.45374 0.23278 0.04516
0 0.68629 0.50149 0.23755 0.04435
0 0.66978 0.54923 0.25613 0.04399
0 0.7405 0.59698 0.25484 0.0501
0 0.78684 0.64472 0.22337 0.04964
0 0.71833 0.69247 0.23958 0.04465
0 0.73739 0.74021 0.22845 0.04609
0 0.7183 0.78796 0.24508 0.04455
0 0.6896 0.83571 0.23275 0.04538
0 0.87772 0.13281 0.25393 0.05011
0 0.84886 0.18586 0.2508 0.05115
0 0.97945 0.23891 0.23634 0.05087
0 0.92923 0.29196 0.25793 0.04526
0 0.91449 0.34501 0.23545 0.05242
0 0.98493 0.39806 0.23587 0.04556
0 0.86739 0.45111 0.24348 0.0512
0 0.97135 0.50416 0.24659 0.05027
0 0.93468 0.55721 0.23846 0.04694
0 0.84794 0.61026 0.2326 0.04809
0 0.93587 0.66331 0.22944 0.04385
0 0.98718 0.71636 0.24649 0.04693
0 0.8942 0.76941 0.25593 0.04859
0 0.8585 0.82246 0.23207 0.04499
0 0.84019 0.87551 0.24307 0.04691
0 0.93246 0.92856 0.22995 0.04686