0 0.10238 0.13281 0.24839 0.04597
0 0.09725 0.18586 0.26509 0.05034
0 0.0963 0.23891 0.26399 0.04475
0 0.10092 0.29196 0.25544 0.04547
0 0.11382 0.34501 0.24381 0.04891
0 0.10432 0.39806 0.26003 0.0497
0 0.11368 0.45111 0.257 0.048
0 0.10788 0.50416 0.25434 0.05008
0 0.11338 0.55721 0.26226 0.0452
0 0.10104 0.61026 0.22376 0.05165
0 0.10376 0.66331 0.22269 0.04639
0 0.09757 0.71636 0.25049 0.04739
0 0.11367 0.76941 0.24632 0.05232
0 0.1057 0.82246 0.25924 0.04383
0 0.11454 0.87551 0.2219 0.04663
0 0.10659 0.92856 0.25207 0.05057
0 0.29269 0.14609 0.22299 0.05059
0 0.29342 0.20444 0.22844 0.04623
0 0.34424 0.26280 0.26293 0.04752
0 0.29321 0.32115 0.24612 0.05209
0 0.32997 0.37951 0.26463 0.04607
0 0.31646 0.43786 0.24964 0.05073
0 0.29704 0.49622 0.22219 0.05194
0 0.31561 0.55457 0.25024 0.04975
0 0.29314 0.61293 0.22255 0.05037
0 0.30507 0.67129 0.2393 0.05089
0 0.34297 0.72964 0.22975 0.05067
0 0.32385 0.78800 0.26096 0.04427
0 0.31526 0.84635 0.26465 0.04427
0 0.29963 0.90471 0.25138 0.05066
0 0.33877 0.96306 0.23705 0.04858
0 0.56801 0.13281 0.22765 0.04904
0 0.56476 0.18586 0.23793 0.05127
0 0.47932 0.23891 0.25558 0.05072
0 0.5391 0.29196 0.22841 0.04424
0 0.51271 0.34501 0.23769 0.05233
0 0.56078 0.39806 0.25792 0.04407
0 0.54569 0.45111 0.23649 0.05084
0 0.54585 0.50416 0.22149 0.04954
0 0.48691 0.55721 0.25395 0.04773
0 0.54373 0.61026 0.24616 0.0438
0 0.57244 0.66331 0.26303 0.04703
0 0.57504 0.71636 0.23862 0.04904
0 0.55318 0.76941 0.24787 0.04379
0 0.55379 0.82246 0.25291 0.04745
0 0.51191 0.87551 0.23906 0.04827
0 0.53568 0.92856 0.26431 0.04859
0 0.69259 0.11953 0.25065 0.05239
0 0.68653 0.16727 0.24842 0.04595
0 0.68291 0.21502 0.25125 0.05022
0 0.69208 0.26276 0.22566 0.04412
0 0.80256 0.31051 0.24821 0.05178
0 0.792 0.35825 0.23581 0.04712
0 0.68775 0.40600 0.24169 0.05114
0 0.68657 0.45374 0.22546 0.04848
0 0.70842 0.50149 0.22795 0.04406
0 0.69166 0.54923 0.24611 0.04622
0 0.80326 0.59698 0.22769 0.04736
0 0.74238 0.64472 0.23567 0.04513
0 0.68152 0.69247 0.26096 0.0522
0 0.76327 0.74021 0.25345 0.05103
0 0.76222 0.78796 0.23743 0.04424
0 0.70305 0.83571 0.23373 0.04664
0 0.83736 0.13281 0.22397 0.05043
0 0.94988 0.18586 0.25222 0.05172
0 0.8295 0.23891 0.26392 0.04628
0 0.93546 0.29196 0.26488 0.04388
0 0.99534 0.34501 0.22695 0.05116
0 0.88975 0.39806 0.24687 0.04601
0 0.99608 0.45111 0.25016 0.04542
0 0.88429 0.50416 0.22269 0.04828
0 0.8556 0.55721 0.25578 0.05124
0 0.9032 0.61026 0.25244 0.04668
0 0.83509 0.66331 0.22974 0.04652
0 0.96423 0.71636 0.22711 0.04799
0 0.87769 0.76941 0.22675 0.04849
0 0.83026 0.82246 0.24616 0.04683
0 0.84525 0.87551 0.26242 0.04392
0 0.88418 0.92856 0.22257 0.04978