0 0.10501 0.14043 0.16661 0.03272
0 0.10501 0.19504 0.19509 0.03814
0 0.10501 0.23527 0.21754 0.03378
0 0.10501 0.31910 0.16892 0.03777
0 0.10501 0.34287 0.21377 0.03702
0 0.10501 0.41570 0.2137 0.0404
0 0.10501 0.43484 0.1868 0.03497
0 0.10501 0.48507 0.16396 0.03464
0 0.10501 0.50894 0.21011 0.03422
0 0.10501 0.64793 0.18724 0.03284
0 0.10501 0.70150 0.19759 0.04049
0 0.10501 0.76404 0.2015 0.03757
0 0.10501 0.73281 0.18178 0.03516
0 0.10501 0.86174 0.19658 0.04031
0 0.10501 0.92338 0.21167 0.037
0 0.10501 0.84049 0.19755 0.0434
0 0.3148 0.14080 0.16698 0.04137
0 0.3148 0.21509 0.20337 0.03401
0 0.3148 0.28671 0.20719 0.03343
0 0.3148 0.31521 0.17579 0.04061
0 0.3148 0.40547 0.18592 0.04274
0 0.3148 0.46705 0.17121 0.03256
0 0.3148 0.51853 0.17513 0.03926
0 0.3148 0.55259 0.16512 0.03964
0 0.3148 0.58821 0.17317 0.0376
0 0.3148 0.72677 0.16848 0.0401
0 0.3148 0.79692 0.20934 0.03592
0 0.3148 0.77093 0.20723 0.04314
0 0.3148 0.76812 0.17643 0.0406
0 0.3148 0.97222 0.19857 0.03815
0 0.3148 0.97288 0.18626 0.03954
0 0.52459 0.12278 0.17519 0.03417
0 0.52459 0.19982 0.21298 0.04176
0 0.52459 0.25575 0.21195 0.03793
0 0.52459 0.31932 0.22113 0.03677
0 0.52459 0.32112 0.20919 0.03929
0 0.52459 0.38875 0.20135 0.03585
0 0.52459 0.40807 0.17802 0.03676
0 0.52459 0.50398 0.17536 0.0364
0 0.52459 0.59000 0.21307 0.03895
0 0.52459 0.57002 0.19526 0.03298
0 0.52459 0.68292 0.16601 0.04301
0 0.52459 0.77863 0.16537 0.03716
0 0.52459 0.76524 0.16995 0.03374
0 0.52459 0.85187 0.16805 0.03667
0 0.52459 0.90991 0.18452 0.03803
0 0.52459 0.86461 0.16946 0.03651
0 0.73438 0.12280 0.17235 0.03812
0 0.73438 0.17753 0.16408 0.03686
0 0.73438 0.23401 0.17168 0.04344
0 0.73438 0.24483 0.21047 0.03244
0 0.73438 0.34027 0.19043 0.03502
0 0.73438 0.36642 0.17797 0.03226
0 0.73438 0.40671 0.21492 0.04104
0 0.73438 0.42388 0.19235 0.04139
0 0.73438 0.50279 0.22057 0.04004
0 0.73438 0.53027 0.18839 0.03309
0 0.73438 0.53921 0.21219 0.04356
0 0.73438 0.63570 0.18343 0.04004
0 0.73438 0.74114 0.17986 0.04107
0 0.73438 0.79163 0.16863 0.03562
0 0.73438 0.76872 0.18407 0.03795
0 0.73438 0.91332 0.17848 0.04249
0 0.90921 0.13816 0.20879 0.03328
0 0.90921 0.18081 0.17673 0.04027
0 0.90921 0.24516 0.16569 0.03317
0 0.90921 0.28969 0.21203 0.03827
0 0.90921 0.33132 0.21008 0.03925
0 0.90921 0.37542 0.18729 0.03904
0 0.90921 0.44442 0.19772 0.0434
0 0.90921 0.52873 0.21219 0.03972
0 0.90921 0.59577 0.16474 0.03256
0 0.90921 0.65803 0.17277 0.0327
0 0.90921 0.59991 0.16646 0.03642
0 0.90921 0.76499 0.17139 0.04165
0 0.90921 0.70730 0.21034 0.03795
0 0.90921 0.78712 0.2002 0.04149
0 0.90921 0.89520 0.20841 0.03922