0 0.09788 0.13281 0.26393 0.05064
0 0.1041 0.18586 0.22463 0.04382
0 0.10846 0.23891 0.23275 0.0497
0 0.09953 0.29196 0.25892 0.05142
0 0.09798 0.34501 0.24426 0.04717
0 0.10894 0.39806 0.23523 0.04869
0 0.09625 0.45111 0.23547 0.04503
0 0.11216 0.50416 0.22288 0.04803
0 0.10742 0.55721 0.26472 0.04641
0 0.11427 0.61026 0.24194 0.04392
0 0.1056 0.66331 0.25091 0.05225
0 0.10235 0.71636 0.25931 0.04985
0 0.10519 0.76941 0.26241 0.04759
0 0.09769 0.82246 0.25914 0.05235
0 0.11038 0.87551 0.23015 0.04692
0 0.10696 0.92856 0.23269 0.04873
0 0.29464 0.14609 0.22777 0.04613
0 0.32206 0.20444 0.23694 0.04955
0 0.30929 0.26280 0.24351 0.04467
0 0.32588 0.32115 0.2529 0.04854
0 0.30887 0.37951 0.23958 0.05111
0 0.29903 0.43786 0.22435 0.04749
0 0.3156 0.49622 0.26221 0.04921
0 0.28835 0.55457 0.22878 0.04919
0 0.33613 0.61293 0.24868 0.04934
0 0.2937 0.67129 0.23219 0.04853
0 0.30738 0.72964 0.26362 0.04871
0 0.32001 0.78800 0.25055 0.04586
0 0.32967 0.84635 0.25434 0.0523
0 0.30562 0.90471 0.22606 0.04601
0 0.30623 0.96306 0.2486 0.05023
0 0.47451 0.13281 0.24093 0.05236
0 0.52014 0.18586 0.23343 0.05012
0 0.51929 0.23891 0.25573 0.04469
0 0.49864 0.29196 0.23806 0.04938
0 0.51141 0.34501 0.26492 0.04524
0 0.50034 0.39806 0.22161 0.04737
0 0.48872 0.45111 0.26124 0.05158
0 0.56527 0.50416 0.22759 0.04782
0 0.48527 0.55721 0.25411 0.04426
0 0.5436 0.61026 0.24519 0.05214
0 0.48091 0.66331 0.2622 0.04456
0 0.57699 0.71636 0.22536 0.04925
0 0.57235 0.76941 0.23295 0.04949
0 0.49525 0.82246 0.2372 0.04846
0 0.49629 0.87551 0.23086 0.04389
0 0.51542 0.92856 0.2302 0.0511
0 0.70591 0.11953 0.22967 0.0464
0 0.66735 0.16727 0.25058 0.05183
0 0.67946 0.21502 0.23319 0.04883
0 0.73354 0.26276 0.24417 0.04763
0 0.69607 0.31051 0.25056 0.0471
0 0.75072 0.35825 0.25799 0.04645
0 0.78885 0.40600 0.24896 0.04548
0 0.71897 0.45374 0.25017 0.05006
0 0.69851 0.50149 0.24717 0.04935
0 0.7093 0.54923 0.24512 0.04546
0 0.80535 0.59698 0.24052 0.04898
0 0.80286 0.64472 0.25651 0.04982
0 0.80589 0.69247 0.22977 0.04844
0 0.72248 0.74021 0.23429 0.0464
0 0.71461 0.78796 0.23874 0.04817
0 0.6912 0.83571 0.25317 0.04814
0 0.93986 0.13281 0.23413 0.05197
0 0.91371 0.18586 0.22749 0.05146
0 0.9155 0.23891 0.223 0.04683
0 0.94899 0.29196 0.2606 0.04495
0 0.82167 0.34501 0.24311 0.05241
0 0.97385 0.39806 0.25229 0.04766
0 0.88209 0.45111 0.23104 0.04579
0 0.9633 0.50416 0.25823 0.04996
0 0.87185 0.55721 0.24006 0.04435
0 0.93821 0.61026 0.25678 0.04503
0 0.97722 0.66331 0.23327 0.04555
0 0.96317 0.71636 0.22375 0.04379
0 0.95264 0.76941 0.22246 0.04393
0 0.93741 0.82246 0.24828 0.05221
0 0.85647 0.87551 0.2416 0.04807
0 0.89055 0.92856 0.25694 0.04853