0 0.10501 0.13497 0.18998 0.04223
0 0.10501 0.18940 0.19598 0.03277
0 0.10501 0.23821 0.20371 0.03912
0 0.10501 0.31290 0.19926 0.04252
0 0.10501 0.35876 0.1839 0.03633
0 0.10501 0.38743 0.19769 0.03533
0 0.10501 0.42321 0.1723 0.03725
0 0.10501 0.51917 0.19095 0.03312
0 0.10501 0.58611 0.18341 0.03373
0 0.10501 0.64214 0.20512 0.04202
0 0.10501 0.64282 0.19936 0.03659
0 0.10501 0.69859 0.19795 0.03467
0 0.10501 0.72157 0.21948 0.03858
0 0.10501 0.77943 0.19375 0.0365
0 0.10501 0.79962 0.17939 0.03756
0 0.10501 0.90229 0.17191 0.04038
0 0.3148 0.16037 0.16529 0.03228
0 0.3148 0.18640 0.17874 0.03732
0 0.3148 0.26787 0.18168 0.03656
0 0.3148 0.32016 0.21999 0.03583
0 0.3148 0.39213 0.21486 0.03971
0 0.3148 0.44281 0.20231 0.04
0 0.3148 0.46185 0.18323 0.03247
0 0.3148 0.53240 0.18746 0.03568
0 0.3148 0.64513 0.21653 0.04011
0 0.3148 0.66503 0.19975 0.04351
0 0.3148 0.77101 0.21193 0.03508
0 0.3148 0.71663 0.21388 0.04191
0 0.3148 0.89815 0.17079 0.03951
0 0.3148 0.97567 0.1875 0.03356
0 0.3148 0.89688 0.16561 0.04292
0 0.52459 0.13659 0.19668 0.03308
0 0.52459 0.18848 0.21889 0.03462
0 0.52459 0.22549 0.2212 0.03919
0 0.52459 0.27778 0.20515 0.03723
0 0.52459 0.31384 0.18878 0.04333
0 0.52459 0.37673 0.16498 0.03979
0 0.52459 0.44783 0.1717 0.04218
0 0.52459 0.45488 0.21653 0.03924
0 0.52459 0.57988 0.20376 0.04311
0 0.52459 0.63576 0.19058 0.03486
0 0.52459 0.59962 0.17658 0.03368
0 0.52459 0.68014 0.17586 0.03475
0 0.52459 0.76475 0.18762 0.03577
0 0.52459 0.80994 0.17231 0.0345
0 0.52459 0.95148 0.18217 0.03849
0 0.52459 0.89308 0.20579 0.03939
0 0.73438 0.11035 0.2035 0.03607
0 0.73438 0.17920 0.20021 0.03951
0 0.73438 0.22524 0.21694 0.03918
0 0.73438 0.27048 0.20667 0.04105
0 0.73438 0.30813 0.19558 0.03544
0 0.73438 0.38816 0.17553 0.04165
0 0.73438 0.38624 0.18255 0.03915
0 0.73438 0.47532 0.21933 0.03562
0 0.73438 0.50752 0.20561 0.03383
0 0.73438 0.54383 0.20884 0.04068
0 0.73438 0.53855 0.20145 0.03683
0 0.73438 0.62547 0.2078 0.03249
0 0.73438 0.71370 0.19794 0.03403
0 0.73438 0.68690 0.1837 0.03853
0 0.73438 0.84174 0.18335 0.04022
0 0.73438 0.85718 0.2203 0.03512
0 0.90921 0.13436 0.19071 0.03932
0 0.90921 0.19971 0.19889 0.03493
0 0.90921 0.23617 0.19583 0.03221
0 0.90921 0.26278 0.19006 0.03502
0 0.90921 0.36325 0.17216 0.03521
0 0.90921 0.38063 0.20529 0.04066
0 0.90921 0.46094 0.19346 0.03854
0 0.90921 0.46348 0.17717 0.03682
0 0.90921 0.53378 0.20155 0.03993
0 0.90921 0.61896 0.21127 0.04124
0 0.90921 0.62561 0.21419 0.03814
0 0.90921 0.72734 0.20017 0.03491
0 0.90921 0.75939 0.18135 0.03306
0 0.90921 0.84384 0.20413 0.03925
0 0.90921 0.88014 0.16322 0.04305
0 0.90921 0.97390 0.2074 0.03869