0 0.10501 0.13244 0.20286 0.03289
0 0.10501 0.17064 0.22044 0.03765
0 0.10501 0.24390 0.17265 0.03306
0 0.10501 0.28826 0.18687 0.03468
0 0.10501 0.34217 0.2049 0.04121
0 0.10501 0.38975 0.18473 0.0332
0 0.10501 0.43763 0.16724 0.03945
0 0.10501 0.54877 0.20804 0.03908
0 0.10501 0.54200 0.19859 0.03963
0 0.10501 0.56758 0.17075 0.04351
0 0.10501 0.60477 0.20628 0.03796
0 0.10501 0.74257 0.2077 0.04233
0 0.10501 0.83927 0.1827 0.03785
0 0.10501 0.85867 0.17349 0.03322
0 0.10501 0.80582 0.1948 0.04286
0 0.10501 0.99268 0.21854 0.04014
0 0.3148 0.13169 0.16378 0.03456
0 0.3148 0.19063 0.16356 0.03333
0 0.3148 0.27379 0.20797 0.03964
0 0.3148 0.31703 0.17091 0.04296
0 0.3148 0.40185 0.18229 0.03358
0 0.3148 0.44375 0.20308 0.03845
0 0.3148 0.46709 0.18732 0.03404
0 0.3148 0.55689 0.18714 0.04175
0 0.3148 0.61184 0.21824 0.04225
0 0.3148 0.64202 0.17241 0.03239
0 0.3148 0.69946 0.16849 0.03949
0 0.3148 0.74374 0.17395 0.04098
0 0.3148 0.90764 0.16334 0.04373
0 0.3148 0.82606 0.20663 0.03278
0 0.3148 0.99544 0.16766 0.03948
0 0.3148 0.92641 0.1954 0.04325
0 0.52459 0.13343 0.20815 0.04171
0 0.52459 0.18235 0.18765 0.03227
0 0.52459 0.21687 0.18371 0.0403
0 0.52459 0.29040 0.1982 0.04167
0 0.52459 0.35668 0.22012 0.04356
0 0.52459 0.38737 0.21844 0.04321
0 0.52459 0.48731 0.18143 0.03563
0 0.52459 0.51251 0.17609 0.03541
0 0.52459 0.52830 0.22099 0.03819
0 0.52459 0.62380 0.22071 0.0397
0 0.52459 0.67265 0.1962 0.03561
0 0.52459 0.70102 0.18063 0.03994
0 0.52459 0.78964 0.20308 0.03418
0 0.52459 0.89391 0.18673 0.0368
0 0.52459 0.90620 0.16674 0.04108
0 0.52459 0.98276 0.20506 0.039
0 0.73438 0.13137 0.20271 0.03997
0 0.73438 0.16103 0.1956 0.04172
0 0.73438 0.20193 0.17856 0.04244
0 0.73438 0.25923 0.21651 0.03565
0 0.73438 0.33560 0.19991 0.03466
0 0.73438 0.34692 0.17239 0.03656
0 0.73438 0.36909 0.21672 0.03877
0 0.73438 0.47256 0.17332 0.03864
0 0.73438 0.54531 0.18698 0.04039
0 0.73438 0.55653 0.21531 0.03822
0 0.73438 0.62641 0.18691 0.03854
0 0.73438 0.68673 0.1672 0.04095
0 0.73438 0.70981 0.19698 0.04139
0 0.73438 0.71849 0.21934 0.04355
0 0.73438 0.81272 0.17537 0.0346
0 0.73438 0.91183 0.20608 0.04122
0 0.90921 0.13238 0.19776 0.04004
0 0.90921 0.17040 0.17891 0.04371
0 0.90921 0.23722 0.2211 0.03858
0 0.90921 0.31937 0.18736 0.03418
0 0.90921 0.35442 0.17759 0.03356
0 0.90921 0.43475 0.18205 0.03369
0 0.90921 0.41168 0.17369 0.04152
0 0.90921 0.49435 0.19132 0.03823
0 0.90921 0.54981 0.20921 0.03284
0 0.90921 0.60939 0.16693 0.04355
0 0.90921 0.61486 0.1659 0.0336
0 0.90921 0.75605 0.20203 0.04176
0 0.90921 0.70705 0.2135 0.037
0 0.90921 0.78459 0.22016 0.03713
0 0.90921 0.85080 0.21981 0.03998
0 0.90921 0.92408 0.1878 0.03566