0 0.10501 0.12377 0.1863 0.03624
0 0.10501 0.19730 0.16928 0.03513
0 0.10501 0.24788 0.19443 0.03632
0 0.10501 0.30621 0.18124 0.03985
0 0.10501 0.32574 0.16681 0.03966
0 0.10501 0.36189 0.17696 0.03263
0 0.10501 0.48706 0.21788 0.03392
0 0.10501 0.50438 0.18497 0.04171
0 0.10501 0.51922 0.18621 0.03467
0 0.10501 0.55065 0.17606 0.03533
0 0.10501 0.61427 0.18119 0.03416
0 0.10501 0.72959 0.2004 0.03552
0 0.10501 0.79600 0.20995 0.03824
0 0.10501 0.89253 0.21942 0.03569
0 0.10501 0.84949 0.21405 0.03806
0 0.10501 0.93147 0.17215 0.03782
0 0.3148 0.14828 0.1896 0.03346
0 0.3148 0.19645 0.21896 0.03868
0 0.3148 0.24954 0.21933 0.03244
0 0.3148 0.33857 0.20976 0.03332
0 0.3148 0.37501 0.2173 0.03304
0 0.3148 0.47252 0.19991 0.03232
0 0.3148 0.53149 0.21381 0.03321
0 0.3148 0.51335 0.17554 0.04175
0 0.3148 0.65256 0.21751 0.03968
0 0.3148 0.68752 0.20523 0.03809
0 0.3148 0.78845 0.16305 0.04155
0 0.3148 0.84151 0.16665 0.03679
0 0.3148 0.81599 0.16677 0.03542
0 0.3148 0.98811 0.22075 0.03853
0 0.3148 0.96188 0.19817 0.03809
0 0.52459 0.12161 0.1948 0.04074
0 0.52459 0.18328 0.19819 0.03893
0 0.52459 0.23260 0.17012 0.04051
0 0.52459 0.29290 0.21429 0.03685
0 0.52459 0.35988 0.2079 0.04104
0 0.52459 0.39874 0.19597 0.0421
0 0.52459 0.41225 0.16657 0.03891
0 0.52459 0.48278 0.18906 0.03697
0 0.52459 0.55072 0.21374 0.04277
0 0.52459 0.59799 0.16714 0.03845
0 0.52459 0.70855 0.18614 0.03238
0 0.52459 0.73648 0.19526 0.03984
0 0.52459 0.78903 0.19699 0.03902
0 0.52459 0.89746 0.21978 0.03476
0 0.52459 0.86789 0.2137 0.03831
0 0.52459 0.93596 0.20364 0.0437
0 0.73438 0.11954 0.17445 0.03754
0 0.73438 0.17524 0.1697 0.0404
0 0.73438 0.21540 0.2063 0.04107
0 0.73438 0.25353 0.18007 0.04081
0 0.73438 0.33008 0.18259 0.04069
0 0.73438 0.37943 0.16323 0.03971
0 0.73438 0.42354 0.16356 0.04342
0 0.73438 0.45198 0.20595 0.03251
0 0.73438 0.53898 0.1792 0.03489
0 0.73438 0.51692 0.18662 0.04006
0 0.73438 0.60212 0.16536 0.04134
0 0.73438 0.70775 0.22124 0.03869
0 0.73438 0.63061 0.21165 0.04027
0 0.73438 0.76506 0.17241 0.03698
0 0.73438 0.75965 0.18725 0.03953
0 0.73438 0.80784 0.18688 0.04308
0 0.90921 0.13408 0.1897 0.03463
0 0.90921 0.17328 0.17449 0.03871
0 0.90921 0.23260 0.21124 0.03874
0 0.90921 0.27271 0.21391 0.03566
0 0.90921 0.34186 0.16579 0.03227
0 0.90921 0.41796 0.21752 0.0337
0 0.90921 0.46127 0.17629 0.04377
0 0.90921 0.54160 0.18319 0.03254
0 0.90921 0.55165 0.17709 0.03217
0 0.90921 0.65050 0.20392 0.0393
0 0.90921 0.65416 0.18547 0.03903
0 0.90921 0.68752 0.19047 0.04094
0 0.90921 0.73508 0.20191 0.03985
0 0.90921 0.76092 0.19556 0.04294
0 0.90921 0.80770 0.17092 0.03306
0 0.90921 0.96725 0.22037 0.04158