0 0.1108 0.13281 0.25351 0.04733
0 0.11041 0.18586 0.25048 0.0525
0 0.11078 0.23891 0.25239 0.05137
0 0.10108 0.29196 0.2637 0.04445
0 0.10724 0.34501 0.23506 0.05024
0 0.11412 0.39806 0.26465 0.04449
0 0.11424 0.45111 0.23832 0.04487
0 0.10161 0.50416 0.22276 0.04973
0 0.11225 0.55721 0.24562 0.05012
0 0.10736 0.61026 0.25507 0.05144
0 0.09792 0.66331 0.24626 0.04653
0 0.11295 0.71636 0.24556 0.04398
0 0.11028 0.76941 0.25478 0.05138
0 0.09527 0.82246 0.22969 0.04415
0 0.11336 0.87551 0.24789 0.04514
0 0.10914 0.92856 0.24016 0.04736
0 0.33298 0.14609 0.22679 0.04386
0 0.32923 0.20444 0.24124 0.04503
0 0.29262 0.26280 0.23988 0.0495
0 0.33836 0.32115 0.24433 0.05252
0 0.29688 0.37951 0.23121 0.04833
0 0.29245 0.43786 0.24784 0.04471
0 0.31044 0.49622 0.22294 0.04604
0 0.31835 0.55457 0.24082 0.04842
0 0.28582 0.61293 0.23477 0.04883
0 0.3214 0.67129 0.23419 0.04917
0 0.29889 0.72964 0.23563 0.04869
0 0.32092 0.78800 0.25558 0.0517
0 0.29151 0.84635 0.26528 0.04542
0 0.34449 0.90471 0.23541 0.05083
0 0.3126 0.96306 0.24193 0.04506
0 0.48464 0.13281 0.23764 0.0504
0 0.54525 0.18586 0.26296 0.05096
0 0.55761 0.23891 0.25311 0.05034
0 0.47351 0.29196 0.25242 0.05184
0 0.54572 0.34501 0.22756 0.05065
0 0.56307 0.39806 0.25086 0.04471
0 0.49223 0.45111 0.22506 0.05068
0 0.5194 0.50416 0.23263 0.04623
0 0.54802 0.55721 0.2565 0.04523
0 0.55655 0.61026 0.23419 0.04697
0 0.53211 0.66331 0.23071 0.051
0 0.48806 0.71636 0.24304 0.04462
0 0.53531 0.76941 0.23136 0.04868
0 0.55641 0.82246 0.25624 0.04734
0 0.54721 0.87551 0.22469 0.04907
0 0.5295 0.92856 0.23428 0.0482
0 0.70851 0.11953 0.25221 0.05103
0 0.7713 0.16727 0.25401 0.04797
0 0.7969 0.21502 0.26256 0.04984
0 0.7247 0.26276 0.25183 0.05168
0 0.74975 0.31051 0.2531 0.04513
0 0.67653 0.35825 0.25258 0.04862
0 0.77114 0.40600 0.23239 0.04652
0 0.6629 0.45374 0.26106 0.05119
0 0.76773 0.50149 0.2238 0.04938
0 0.67264 0.54923 0.26502 0.04615
0 0.80152 0.59698 0.2383 0.05206
0 0.68811 0.64472 0.23237 0.05152
0 0.68687 0.69247 0.22579 0.05228
0 0.67317 0.74021 0.23073 0.04385
0 0.67159 0.78796 0.24715 0.04631
0 0.73253 0.83571 0.23044 0.05086
0 0.92844 0.13281 0.24689 0.04394
0 0.98723 0.18586 0.26272 0.04891
0 0.88245 0.23891 0.2219 0.05126
0 0.88983 0.29196 0.26336 0.04624
0 0.90894 0.34501 0.24731 0.04924
0 0.85415 0.39806 0.24031 0.04566
0 0.86076 0.45111 0.25628 0.05032
0 0.84681 0.50416 0.23819 0.04704
0 0.95107 0.55721 0.23956 0.05028
0 0.9979 0.61026 0.25163 0.05153
0 0.85608 0.66331 0.26193 0.0503
0 0.86347 0.71636 0.22438 0.04674
0 0.85085 0.76941 0.24195 0.05107
0 0.88046 0.82246 0.25324 0.04487
0 0.96495 0.87551 0.2652 0.05185
0 0.94291 0.92856 0.23925 0.05129