0 0.09993 0.13281 0.22665 0.04712
0 0.11136 0.18586 0.24751 0.04894
0 0.10203 0.23891 0.2588 0.04914
0 0.11416 0.29196 0.24474 0.04573
0 0.09804 0.34501 0.24005 0.04434
0 0.09542 0.39806 0.25304 0.04633
0 0.11146 0.45111 0.25763 0.0467
0 0.1065 0.50416 0.22249 0.05194
0 0.10577 0.55721 0.24756 0.0464
0 0.11372 0.61026 0.24256 0.04541
0 0.1066 0.66331 0.23195 0.04905
0 0.10765 0.71636 0.23564 0.04539
0 0.10797 0.76941 0.25265 0.04893
0 0.10224 0.82246 0.23619 0.04931
0 0.09724 0.87551 0.25097 0.04621
0 0.10043 0.92856 0.24349 0.04997
0 0.30538 0.14609 0.26532 0.04429
0 0.30227 0.20444 0.24506 0.04505
0 0.31525 0.26280 0.22727 0.04785
0 0.3347 0.32115 0.24135 0.04538
0 0.31239 0.37951 0.24507 0.04544
0 0.29628 0.43786 0.24112 0.04504
0 0.31244 0.49622 0.25062 0.0492
0 0.31849 0.55457 0.22855 0.04617
0 0.31913 0.61293 0.22869 0.05091
0 0.34459 0.67129 0.25725 0.05179
0 0.31712 0.72964 0.25542 0.05109
0 0.32871 0.78800 0.2565 0.05058
0 0.32282 0.84635 0.25822 0.04952
0 0.29133 0.90471 0.26146 0.04585
0 0.31313 0.96306 0.25193 0.05017
0 0.54688 0.13281 0.24354 0.05088
0 0.5231 0.18586 0.23632 0.04865
0 0.47807 0.23891 0.24668 0.04602
0 0.52115 0.29196 0.25018 0.05037
0 0.50707 0.34501 0.2395 0.05109
0 0.53717 0.39806 0.23993 0.0441
0 0.56989 0.45111 0.26084 0.04396
0 0.53785 0.50416 0.24368 0.04427
0 0.57616 0.55721 0.22396 0.04587
0 0.4877 0.61026 0.26515 0.04831
0 0.56199 0.66331 0.23851 0.04426
0 0.52314 0.71636 0.25874 0.0522
0 0.50802 0.76941 0.26463 0.04443
0 0.49962 0.82246 0.22313 0.04537
0 0.51384 0.87551 0.22709 0.05046
0 0.52108 0.92856 0.22941 0.05053
0 0.79722 0.11953 0.24092 0.04603
0 0.79051 0.16727 0.26195 0.04899
0 0.66502 0.21502 0.25983 0.04409
0 0.6929 0.26276 0.25168 0.04938
0 0.68666 0.31051 0.2225 0.0523
0 0.7659 0.35825 0.25051 0.05248
0 0.7906 0.40600 0.22146 0.04738
0 0.72056 0.45374 0.2511 0.04666
0 0.75455 0.50149 0.25625 0.04927
0 0.78675 0.54923 0.23711 0.05122
0 0.78147 0.59698 0.25236 0.04475
0 0.69233 0.64472 0.22273 0.05163
0 0.66353 0.69247 0.25763 0.04399
0 0.80524 0.74021 0.24775 0.04731
0 0.66215 0.78796 0.2549 0.04537
0 0.78148 0.83571 0.22824 0.04815
0 0.92196 0.13281 0.24533 0.0457
0 0.90763 0.18586 0.23159 0.04493
0 0.95586 0.23891 0.25202 0.0439
0 0.85199 0.29196 0.2655 0.0494
0 0.8487 0.34501 0.23625 0.05125
0 0.82033 0.39806 0.22492 0.04991
0 0.98229 0.45111 0.2344 0.04383
0 0.85392 0.50416 0.24921 0.05138
0 0.87691 0.55721 0.26012 0.04655
0 0.99332 0.61026 0.26197 0.05007
0 0.8897 0.66331 0.25335 0.05028
0 0.95121 0.71636 0.24073 0.04733
0 0.9676 0.76941 0.26201 0.04806
0 0.82269 0.82246 0.25076 0.05037
0 0.8872 0.87551 0.24154 0.04916
0 0.93669 0.92856 0.22406 0.04951