0 0.10501 0.14240 0.17873 0.04014
0 0.10501 0.19509 0.19325 0.04334
0 0.10501 0.22667 0.21245 0.03307
0 0.10501 0.27667 0.2141 0.03384
0 0.10501 0.37333 0.2057 0.03394
0 0.10501 0.39475 0.16977 0.03244
0 0.10501 0.45686 0.20092 0.03675
0 0.10501 0.50959 0.20165 0.03308
0 0.10501 0.54893 0.22025 0.04287
0 0.10501 0.60848 0.2084 0.03858
0 0.10501 0.62985 0.17249 0.03598
0 0.10501 0.74569 0.17214 0.03243
0 0.10501 0.71686 0.21039 0.03368
0 0.10501 0.86800 0.19473 0.03524
0 0.10501 0.84184 0.19123 0.03482
0 0.3148 0.14894 0.19455 0.03323
0 0.3148 0.20576 0.1758 0.04122
0 0.3148 0.27162 0.17208 0.03623
0 0.3148 0.31355 0.18966 0.03423
0 0.3148 0.37275 0.19731 0.0342
0 0.3148 0.41488 0.1808 0.04146
0 0.3148 0.54017 0.17533 0.03314
0 0.3148 0.55981 0.20979 0.04192
0 0.3148 0.58745 0.18102 0.04194
0 0.3148 0.62784 0.21408 0.04063
0 0.3148 0.67855 0.20504 0.04359
0 0.3148 0.71517 0.18222 0.03796
0 0.3148 0.87805 0.18477 0.04346
0 0.3148 0.92374 0.16386 0.03759
0 0.3148 0.96199 0.18447 0.03889
0 0.52459 0.12407 0.21182 0.03215
0 0.52459 0.18064 0.19428 0.03804
0 0.52459 0.24081 0.16872 0.04046
0 0.52459 0.28815 0.16759 0.03219
0 0.52459 0.32973 0.19432 0.04314
0 0.52459 0.41071 0.20129 0.03359
0 0.52459 0.45882 0.17585 0.03659
0 0.52459 0.50641 0.21671 0.03733
0 0.52459 0.53035 0.17286 0.04119
0 0.52459 0.59015 0.21253 0.03828
0 0.52459 0.66811 0.19708 0.04221
0 0.52459 0.77195 0.17318 0.0411
0 0.52459 0.80233 0.21695 0.03506
0 0.52459 0.78672 0.19817 0.0433
0 0.52459 0.92487 0.18974 0.03355
0 0.52459 0.86556 0.21079 0.04178
0 0.73438 0.13029 0.19316 0.0421
0 0.73438 0.17550 0.19475 0.03361
0 0.73438 0.22998 0.21344 0.033
0 0.73438 0.28551 0.16556 0.03852
0 0.73438 0.33661 0.17517 0.03724
0 0.73438 0.36403 0.20297 0.03347
0 0.73438 0.40460 0.19348 0.0419
0 0.73438 0.43316 0.21832 0.03934
0 0.73438 0.54648 0.20157 0.04217
0 0.73438 0.51377 0.17737 0.037
0 0.73438 0.65113 0.19275 0.03965
0 0.73438 0.63482 0.20523 0.03353
0 0.73438 0.69499 0.17732 0.03286
0 0.73438 0.70153 0.17867 0.03691
0 0.73438 0.84447 0.19266 0.0409
0 0.73438 0.76999 0.18844 0.04122
0 0.90921 0.12451 0.17116 0.04041
0 0.90921 0.17597 0.17243 0.03581
0 0.90921 0.22780 0.20293 0.03929
0 0.90921 0.31056 0.20715 0.0342
0 0.90921 0.33508 0.21126 0.03213
0 0.90921 0.43764 0.20004 0.04209
0 0.90921 0.48412 0.16419 0.03621
0 0.90921 0.55446 0.21606 0.03596
0 0.90921 0.60750 0.16876 0.04
0 0.90921 0.63898 0.18241 0.04115
0 0.90921 0.63820 0.19611 0.03911
0 0.90921 0.73375 0.16272 0.03654
0 0.90921 0.76165 0.1725 0.03953
0 0.90921 0.74092 0.17647 0.03968
0 0.90921 0.94722 0.18803 0.03467
0 0.90921 0.91419 0.20211 0.04012