0 0.10351 0.13281 0.26547 0.04659
0 0.11039 0.18586 0.23409 0.05066
0 0.09504 0.23891 0.25021 0.04967
0 0.10209 0.29196 0.25689 0.05117
0 0.10901 0.34501 0.24131 0.0474
0 0.11027 0.39806 0.23002 0.04638
0 0.11506 0.45111 0.25698 0.04766
0 0.11404 0.50416 0.23849 0.0458
0 0.11222 0.55721 0.23299 0.05103
0 0.10463 0.61026 0.24659 0.04644
0 0.11457 0.66331 0.25146 0.04597
0 0.10472 0.71636 0.25248 0.0478
0 0.10465 0.76941 0.22624 0.04844
0 0.10383 0.82246 0.24971 0.04517
0 0.10532 0.87551 0.22896 0.05225
0 0.10352 0.92856 0.24225 0.04433
0 0.29817 0.14609 0.22791 0.0483
0 0.32542 0.20444 0.24318 0.05082
0 0.30052 0.26280 0.24121 0.05081
0 0.28942 0.32115 0.22577 0.04844
0 0.34062 0.37951 0.22692 0.0471
0 0.33851 0.43786 0.24456 0.04546
0 0.29683 0.49622 0.24694 0.05238
0 0.33665 0.55457 0.26369 0.04919
0 0.33198 0.61293 0.26428 0.04778
0 0.29063 0.67129 0.23502 0.04386
0 0.31063 0.72964 0.22836 0.04912
0 0.3337 0.78800 0.23438 0.05065
0 0.29141 0.84635 0.22229 0.04901
0 0.32716 0.90471 0.2563 0.04458
0 0.30718 0.96306 0.25498 0.0485
0 0.55959 0.13281 0.24106 0.04835
0 0.5307 0.18586 0.25086 0.04521
0 0.55054 0.23891 0.23733 0.04953
0 0.52516 0.29196 0.22402 0.05048
0 0.50299 0.34501 0.23063 0.04563
0 0.48146 0.39806 0.22286 0.04919
0 0.481 0.45111 0.25956 0.04816
0 0.5157 0.50416 0.23896 0.04856
0 0.51519 0.55721 0.24586 0.04718
0 0.50398 0.61026 0.2318 0.04408
0 0.55704 0.66331 0.2552 0.05046
0 0.56331 0.71636 0.23627 0.04401
0 0.49291 0.76941 0.24662 0.05166
0 0.51685 0.82246 0.2361 0.0514
0 0.50245 0.87551 0.26 0.05017
0 0.54779 0.92856 0.22376 0.04615
0 0.71875 0.11953 0.2394 0.0464
0 0.74901 0.16727 0.24701 0.05144
0 0.77362 0.21502 0.23057 0.04813
0 0.79971 0.26276 0.23605 0.0463
0 0.74132 0.31051 0.25422 0.0477
0 0.7229 0.35825 0.22667 0.04829
0 0.80219 0.40600 0.256 0.04812
0 0.66318 0.45374 0.25436 0.04532
0 0.79335 0.50149 0.24723 0.04559
0 0.68128 0.54923 0.25956 0.04751
0 0.80597 0.59698 0.24626 0.05233
0 0.68229 0.64472 0.26504 0.04971
0 0.79396 0.69247 0.23029 0.05054
0 0.67996 0.74021 0.24728 0.04874
0 0.66614 0.78796 0.23137 0.04475
0 0.66917 0.83571 0.24579 0.05079
0 0.86163 0.13281 0.23425 0.04866
0 0.98313 0.18586 0.25614 0.05109
0 0.8212 0.23891 0.2419 0.04418
0 0.97027 0.29196 0.25789 0.04598
0 0.94214 0.34501 0.25948 0.04552
0 0.83012 0.39806 0.25394 0.05156
0 0.94133 0.45111 0.2296 0.04703
0 0.86567 0.50416 0.25635 0.05137
0 0.82888 0.55721 0.23555 0.05007
0 0.88937 0.61026 0.22758 0.04901
0 0.87141 0.66331 0.25067 0.04769
0 0.9308 0.71636 0.23787 0.04907
0 0.90611 0.76941 0.25096 0.04422
0 0.91708 0.82246 0.25073 0.0462
0 0.96812 0.87551 0.24508 0.0461
0 0.99781 0.92856 0.22201 0.04865