0 0.09496 0.13281 0.2378 0.04537
0 0.10192 0.18586 0.22585 0.04738
0 0.09698 0.23891 0.26432 0.04906
0 0.11483 0.29196 0.24133 0.04886
0 0.1105 0.34501 0.2328 0.04689
0 0.10159 0.39806 0.22164 0.0451
0 0.10989 0.45111 0.23197 0.04449
0 0.11018 0.50416 0.23128 0.04999
0 0.10994 0.55721 0.25038 0.04482
0 0.10762 0.61026 0.23525 0.05036
0 0.10503 0.66331 0.23145 0.04697
0 0.10466 0.71636 0.24309 0.04837
0 0.11447 0.76941 0.22358 0.05149
0 0.11295 0.82246 0.23137 0.05203
0 0.11306 0.87551 0.24042 0.05058
0 0.10515 0.92856 0.23288 0.05131
0 0.31217 0.14609 0.22271 0.04929
0 0.29729 0.20444 0.24417 0.04926
0 0.31523 0.26280 0.24237 0.04536
0 0.34303 0.32115 0.23343 0.04694
0 0.30075 0.37951 0.26239 0.04718
0 0.3321 0.43786 0.22769 0.04615
0 0.32716 0.49622 0.25901 0.04684
0 0.28615 0.55457 0.26097 0.04419
0 0.32154 0.61293 0.24386 0.04638
0 0.30602 0.67129 0.23086 0.05109
0 0.30959 0.72964 0.23824 0.0462
0 0.29406 0.78800 0.26538 0.05075
0 0.32031 0.84635 0.26534 0.05138
0 0.34321 0.90471 0.25912 0.05169
0 0.30576 0.96306 0.25897 0.04688
0 0.54864 0.13281 0.24027 0.04741
0 0.50941 0.18586 0.23509 0.04562
0 0.50124 0.23891 0.23961 0.04528
0 0.54757 0.29196 0.244 0.04622
0 0.57654 0.34501 0.22328 0.04433
0 0.47939 0.39806 0.22807 0.0491
0 0.49211 0.45111 0.23074 0.04914
0 0.53501 0.50416 0.23353 0.05183
0 0.48034 0.55721 0.23241 0.04553
0 0.47977 0.61026 0.23232 0.05047
0 0.52102 0.66331 0.25149 0.04691
0 0.57683 0.71636 0.23838 0.05243
0 0.51105 0.76941 0.22735 0.05148
0 0.51619 0.82246 0.22872 0.04808
0 0.49847 0.87551 0.25685 0.04418
0 0.55491 0.92856 0.26135 0.04783
0 0.68227 0.11953 0.24961 0.04881
0 0.67296 0.16727 0.25601 0.04511
0 0.69743 0.21502 0.262 0.04561
0 0.773 0.26276 0.2464 0.05153
0 0.67512 0.31051 0.23841 0.04737
0 0.66118 0.35825 0.24745 0.04931
0 0.76537 0.40600 0.23635 0.04762
0 0.74028 0.45374 0.24807 0.04474
0 0.8027 0.50149 0.23351 0.0496
0 0.69149 0.54923 0.25676 0.04853
0 0.6721 0.59698 0.23188 0.04666
0 0.68538 0.64472 0.26417 0.04666
0 0.78921 0.69247 0.22994 0.04839
0 0.73917 0.74021 0.2387 0.04975
0 0.69759 0.78796 0.227 0.0451
0 0.80367 0.83571 0.23008 0.04407
0 0.82294 0.13281 0.24596 0.04851
0 0.84007 0.18586 0.23578 0.04566
0 0.95083 0.23891 0.22143 0.04706
0 0.99507 0.29196 0.24297 0.04963
0 0.96103 0.34501 0.25496 0.0499
0 0.97774 0.39806 0.23469 0.04926
0 0.94202 0.45111 0.24572 0.04473
0 0.95178 0.50416 0.23142 0.04707
0 0.86067 0.55721 0.26157 0.04785
0 0.81933 0.61026 0.24582 0.04551
0 0.97924 0.66331 0.25305 0.04424
0 0.88089 0.71636 0.25819 0.05046
0 0.94446 0.76941 0.24062 0.05186
0 0.88305 0.82246 0.26201 0.0445
0 0.90699 0.87551 0.22197 0.04623
0 0.95037 0.92856 0.22938 0.04761