0 0.10711 0.13281 0.22823 0.05132
0 0.10218 0.18586 0.2411 0.04791
0 0.10917 0.23891 0.25624 0.0497
0 0.10021 0.29196 0.24365 0.04914
0 0.10716 0.34501 0.23888 0.05105
0 0.10274 0.39806 0.24558 0.04481
0 0.11237 0.45111 0.25773 0.04432
0 0.1072 0.50416 0.22866 0.04584
0 0.11061 0.55721 0.25336 0.05034
0 0.10053 0.61026 0.22565 0.04457
0 0.10352 0.66331 0.23072 0.04846
0 0.10682 0.71636 0.22231 0.05182
0 0.10264 0.76941 0.26506 0.04695
0 0.11303 0.82246 0.24177 0.04566
0 0.10789 0.87551 0.23915 0.04382
0 0.11394 0.92856 0.25209 0.05101
0 0.28556 0.14609 0.22502 0.05007
0 0.31024 0.20444 0.23029 0.04998
0 0.31138 0.26280 0.22642 0.04714
0 0.32548 0.32115 0.25172 0.04425
0 0.32502 0.37951 0.26515 0.04423
0 0.29674 0.43786 0.23048 0.0522
0 0.32917 0.49622 0.22778 0.05175
0 0.34382 0.55457 0.25631 0.0467
0 0.3298 0.61293 0.24927 0.05234
0 0.32446 0.67129 0.22244 0.04969
0 0.33959 0.72964 0.23319 0.04979
0 0.31425 0.78800 0.26493 0.05173
0 0.31965 0.84635 0.26158 0.04583
0 0.29371 0.90471 0.23605 0.04469
0 0.34381 0.96306 0.24479 0.04862
0 0.4863 0.13281 0.23332 0.0459
0 0.56237 0.18586 0.25002 0.04846
0 0.47542 0.23891 0.22591 0.04544
0 0.51106 0.29196 0.22759 0.04925
0 0.54071 0.34501 0.23838 0.04836
0 0.54477 0.39806 0.23768 0.04823
0 0.47553 0.45111 0.23727 0.04564
0 0.52543 0.50416 0.25481 0.04583
0 0.57058 0.55721 0.25091 0.05224
0 0.56895 0.61026 0.25625 0.04758
0 0.48098 0.66331 0.24027 0.05153
0 0.52833 0.71636 0.23631 0.04462
0 0.51823 0.76941 0.25193 0.05244
0 0.53106 0.82246 0.24109 0.04467
0 0.5651 0.87551 0.23535 0.04541
0 0.57654 0.92856 0.22401 0.05203
0 0.70631 0.11953 0.24753 0.04465
0 0.68582 0.16727 0.24929 0.04601
0 0.73035 0.21502 0.25615 0.04574
0 0.75895 0.26276 0.25596 0.05088
0 0.69088 0.31051 0.2649 0.04976
0 0.73707 0.35825 0.23816 0.04486
0 0.79735 0.40600 0.26067 0.04785
0 0.78071 0.45374 0.22743 0.0461
0 0.77265 0.50149 0.24502 0.04779
0 0.73206 0.54923 0.22261 0.04634
0 0.72847 0.59698 0.23915 0.05058
0 0.70134 0.64472 0.22572 0.04484
0 0.75881 0.69247 0.22871 0.04853
0 0.806 0.74021 0.25525 0.04709
0 0.7305 0.78796 0.25306 0.05032
0 0.76239 0.83571 0.22253 0.04697
0 0.83163 0.13281 0.26381 0.04493
0 0.82653 0.18586 0.22493 0.05063
0 0.87101 0.23891 0.251 0.04989
0 0.97709 0.29196 0.22415 0.04632
0 0.93951 0.34501 0.23045 0.04609
0 0.91651 0.39806 0.24929 0.04869
0 0.87045 0.45111 0.22541 0.04685
0 0.90413 0.50416 0.23139 0.05144
0 0.84903 0.55721 0.23295 0.04459
0 0.91305 0.61026 0.23878 0.04886
0 0.99843 0.66331 0.22525 0.05067
0 0.89526 0.71636 0.2534 0.0517
0 0.90536 0.76941 0.22502 0.04946
0 0.8895 0.82246 0.22329 0.04895
0 0.8641 0.87551 0.2225 0.04996
0 0.94471 0.92856 0.2217 0.04551