0 0.1148 0.13281 0.26174 0.04792
0 0.10227 0.18586 0.22938 0.04769
0 0.10846 0.23891 0.26552 0.04772
0 0.10193 0.29196 0.26088 0.0496
0 0.11243 0.34501 0.25016 0.04381
0 0.09641 0.39806 0.25795 0.04968
0 0.10061 0.45111 0.23247 0.04437
0 0.10024 0.50416 0.24141 0.05101
0 0.1047 0.55721 0.24669 0.05096
0 0.11052 0.61026 0.22808 0.04974
0 0.10053 0.66331 0.22632 0.05136
0 0.09805 0.71636 0.22173 0.04608
0 0.10316 0.76941 0.2213 0.04491
0 0.10614 0.82246 0.232 0.04802
0 0.09484 0.87551 0.25207 0.04942
0 0.10993 0.92856 0.25787 0.05248
0 0.34162 0.14609 0.23678 0.04406
0 0.28524 0.20444 0.22893 0.04964
0 0.30391 0.26280 0.22221 0.04446
0 0.28931 0.32115 0.24659 0.04978
0 0.31431 0.37951 0.2534 0.04726
0 0.33684 0.43786 0.24587 0.05154
0 0.30491 0.49622 0.23263 0.05147
0 0.28733 0.55457 0.24688 0.04994
0 0.34002 0.61293 0.24 0.05233
0 0.33488 0.67129 0.23391 0.04832
0 0.3409 0.72964 0.26123 0.05141
0 0.335 0.78800 0.25553 0.04572
0 0.34441 0.84635 0.22993 0.05248
0 0.33098 0.90471 0.24434 0.05127
0 0.32046 0.96306 0.22882 0.05026
0 0.54262 0.13281 0.23256 0.0453
0 0.57186 0.18586 0.24341 0.05248
0 0.51389 0.23891 0.23982 0.05057
0 0.48845 0.29196 0.23263 0.04951
0 0.50787 0.34501 0.22885 0.04401
0 0.51721 0.39806 0.24154 0.04545
0 0.48578 0.45111 0.25087 0.04911
0 0.5516 0.50416 0.22772 0.04539
0 0.55323 0.55721 0.26264 0.04929
0 0.50461 0.61026 0.25171 0.05074
0 0.49349 0.66331 0.23652 0.04535
0 0.51168 0.71636 0.22778 0.0459
0 0.49795 0.76941 0.23466 0.04497
0 0.55244 0.82246 0.2424 0.04473
0 0.5432 0.87551 0.24047 0.04994
0 0.57054 0.92856 0.25222 0.04676
0 0.76238 0.11953 0.26516 0.0516
0 0.79108 0.16727 0.23046 0.04683
0 0.77844 0.21502 0.22527 0.04699
0 0.72043 0.26276 0.25535 0.04544
0 0.72632 0.31051 0.25051 0.04682
0 0.67893 0.35825 0.24293 0.04431
0 0.66316 0.40600 0.2521 0.04608
0 0.68342 0.45374 0.22808 0.04635
0 0.7784 0.50149 0.25098 0.05078
0 0.68711 0.54923 0.26007 0.04512
0 0.71422 0.59698 0.22919 0.04874
0 0.75062 0.64472 0.24486 0.05132
0 0.71699 0.69247 0.23415 0.04649
0 0.71711 0.74021 0.25938 0.04963
0 0.80375 0.78796 0.24683 0.05241
0 0.69685 0.83571 0.24926 0.05172
0 0.85405 0.13281 0.24225 0.04571
0 0.86828 0.18586 0.23877 0.05199
0 0.88895 0.23891 0.25311 0.04679
0 0.90947 0.29196 0.25609 0.04672
0 0.94879 0.34501 0.24375 0.05075
0 0.873 0.39806 0.25834 0.04742
0 0.83083 0.45111 0.22534 0.04411
0 0.94823 0.50416 0.22141 0.05024
0 0.83904 0.55721 0.23101 0.0439
0 0.85565 0.61026 0.26352 0.05109
0 0.88906 0.66331 0.26168 0.05109
0 0.82337 0.71636 0.24568 0.04934
0 0.87887 0.76941 0.25878 0.04891
0 0.93291 0.82246 0.26475 0.04577
0 0.82337 0.87551 0.22752 0.04419
0 0.9201 0.92856 0.23218 0.05214