0 0.10501 0.14046 0.20104 0.04177
0 0.10501 0.18727 0.17182 0.03588
0 0.10501 0.22989 0.18845 0.03325
0 0.10501 0.32083 0.19903 0.03437
0 0.10501 0.36991 0.16756 0.03406
0 0.10501 0.43104 0.21824 0.03647
0 0.10501 0.45011 0.18661 0.04374
0 0.10501 0.51424 0.20183 0.03466
0 0.10501 0.60292 0.16442 0.03625
0 0.10501 0.59396 0.19132 0.04343
0 0.10501 0.59787 0.18617 0.0382
0 0.10501 0.68992 0.21816 0.03823
0 0.10501 0.73300 0.21169 0.0339
0 0.10501 0.86832 0.19178 0.03501
0 0.10501 0.79625 0.19144 0.03924
0 0.10501 0.88227 0.20122 0.03929
0 0.3148 0.13553 0.1758 0.04269
0 0.3148 0.19310 0.17201 0.03489
0 0.3148 0.25740 0.21491 0.0412
0 0.3148 0.29953 0.19686 0.03356
0 0.3148 0.39133 0.17315 0.03212
0 0.3148 0.42179 0.17744 0.03296
0 0.3148 0.53665 0.17996 0.03606
0 0.3148 0.60344 0.21082 0.03899
0 0.3148 0.57914 0.19799 0.03295
0 0.3148 0.71837 0.17783 0.0396
0 0.3148 0.78166 0.19106 0.04108
0 0.3148 0.74022 0.17452 0.04354
0 0.3148 0.83579 0.18157 0.04338
0 0.3148 0.90038 0.20909 0.03248
0 0.3148 0.96451 0.19365 0.03652
0 0.3148 0.97120 0.21005 0.03723
0 0.52459 0.13214 0.17459 0.03302
0 0.52459 0.19313 0.20546 0.04128
0 0.52459 0.21743 0.21342 0.03907
0 0.52459 0.28493 0.18557 0.03548
0 0.52459 0.35157 0.21034 0.0384
0 0.52459 0.40809 0.16545 0.04353
0 0.52459 0.49602 0.2014 0.03552
0 0.52459 0.49620 0.16425 0.0428
0 0.52459 0.50266 0.18716 0.03512
0 0.52459 0.64882 0.20074 0.0327
0 0.52459 0.64360 0.20939 0.0376
0 0.52459 0.65562 0.21769 0.03377
0 0.52459 0.82992 0.19145 0.03481
0 0.52459 0.77588 0.19714 0.04094
0 0.52459 0.85598 0.18689 0.0391
0 0.52459 0.98572 0.17436 0.04153
0 0.73438 0.12869 0.1708 0.04096
0 0.73438 0.16125 0.20902 0.03831
0 0.73438 0.21025 0.16806 0.03272
0 0.73438 0.28377 0.21725 0.03768
0 0.73438 0.30734 0.19569 0.03654
0 0.73438 0.32573 0.20084 0.04117
0 0.73438 0.37607 0.20835 0.04344
0 0.73438 0.47706 0.16648 0.03341
0 0.73438 0.49025 0.17521 0.03678
0 0.73438 0.54311 0.19054 0.04168
0 0.73438 0.54756 0.21256 0.03339
0 0.73438 0.65907 0.17426 0.03764
0 0.73438 0.75813 0.19769 0.04262
0 0.73438 0.80023 0.16899 0.03429
0 0.73438 0.85209 0.19056 0.03658
0 0.73438 0.76730 0.16445 0.03839
0 0.90921 0.12618 0.20337 0.03716
0 0.90921 0.18157 0.19808 0.04364
0 0.90921 0.24746 0.16524 0.04259
0 0.90921 0.30652 0.20771 0.03353
0 0.90921 0.34104 0.19365 0.03601
0 0.90921 0.36694 0.1701 0.03598
0 0.90921 0.44062 0.16774 0.03658
0 0.90921 0.49939 0.1779 0.03884
0 0.90921 0.61267 0.20632 0.03941
0 0.90921 0.64811 0.22024 0.03465
0 0.90921 0.62736 0.19164 0.03653
0 0.90921 0.76205 0.22029 0.04229
0 0.90921 0.76345 0.21675 0.04324
0 0.90921 0.75318 0.18916 0.04337
0 0.90921 0.91573 0.21327 0.03421
0 0.90921 0.99886 0.19202 0.03303