0 0.10501 0.12947 0.20136 0.03786
0 0.10501 0.17229 0.17399 0.03256
0 0.10501 0.23630 0.17804 0.03992
0 0.10501 0.29875 0.18154 0.0349
0 0.10501 0.31194 0.16648 0.03313
0 0.10501 0.37046 0.20784 0.03891
0 0.10501 0.42161 0.19317 0.03676
0 0.10501 0.54981 0.21469 0.04174
0 0.10501 0.51957 0.17576 0.04129
0 0.10501 0.59719 0.19736 0.0338
0 0.10501 0.61459 0.17939 0.03538
0 0.10501 0.74652 0.2119 0.04356
0 0.10501 0.75619 0.19724 0.03738
0 0.10501 0.88748 0.20559 0.03557
0 0.10501 0.81626 0.17026 0.04132
0 0.10501 0.98464 0.20182 0.03704
0 0.3148 0.15720 0.21792 0.0365
0 0.3148 0.22185 0.21674 0.03598
0 0.3148 0.25009 0.16433 0.03646
0 0.3148 0.30682 0.21847 0.03972
0 0.3148 0.41597 0.19372 0.03659
0 0.3148 0.47995 0.19028 0.04004
0 0.3148 0.50845 0.19636 0.04378
0 0.3148 0.58233 0.16656 0.0359
0 0.3148 0.66832 0.18771 0.03663
0 0.3148 0.60566 0.18431 0.03795
0 0.3148 0.75616 0.19093 0.03912
0 0.3148 0.83576 0.20202 0.03912
0 0.3148 0.90519 0.21443 0.03261
0 0.3148 0.83501 0.16319 0.03784
0 0.3148 0.97565 0.18159 0.03218
0 0.52459 0.14338 0.18117 0.03352
0 0.52459 0.17058 0.16488 0.04022
0 0.52459 0.24086 0.21935 0.03787
0 0.52459 0.29163 0.20468 0.03564
0 0.52459 0.35111 0.18982 0.03469
0 0.52459 0.35834 0.21652 0.03805
0 0.52459 0.45014 0.20675 0.03336
0 0.52459 0.47699 0.21344 0.03399
0 0.52459 0.51175 0.20714 0.03224
0 0.52459 0.57065 0.18301 0.04314
0 0.52459 0.59989 0.21919 0.03399
0 0.52459 0.74394 0.21456 0.0378
0 0.52459 0.83856 0.20451 0.03813
0 0.52459 0.90190 0.16396 0.03917
0 0.52459 0.82806 0.20916 0.03501
0 0.52459 0.99658 0.18481 0.03858
0 0.73438 0.11164 0.18997 0.04245
0 0.73438 0.16700 0.16788 0.04282
0 0.73438 0.21851 0.19018 0.03649
0 0.73438 0.24924 0.21536 0.03883
0 0.73438 0.28491 0.20424 0.03321
0 0.73438 0.34114 0.19238 0.03916
0 0.73438 0.38581 0.16241 0.04177
0 0.73438 0.42642 0.20954 0.03227
0 0.73438 0.47708 0.20459 0.03709
0 0.73438 0.51654 0.19257 0.03834
0 0.73438 0.57652 0.19359 0.03413
0 0.73438 0.67007 0.21906 0.03465
0 0.73438 0.70171 0.20805 0.03396
0 0.73438 0.69854 0.19738 0.03493
0 0.73438 0.76746 0.16656 0.03393
0 0.73438 0.84090 0.18017 0.04102
0 0.90921 0.13439 0.19307 0.03315
0 0.90921 0.19279 0.17768 0.0374
0 0.90921 0.22103 0.16747 0.03608
0 0.90921 0.29376 0.17411 0.0362
0 0.90921 0.37380 0.20885 0.03225
0 0.90921 0.36587 0.17881 0.03704
0 0.90921 0.42898 0.18748 0.03409
0 0.90921 0.52011 0.19532 0.03393
0 0.90921 0.53306 0.21648 0.04001
0 0.90921 0.59962 0.18789 0.03904
0 0.90921 0.68392 0.16924 0.03518
0 0.90921 0.77800 0.21421 0.04288
0 0.90921 0.80966 0.17873 0.03796
0 0.90921 0.83746 0.2067 0.03696
0 0.90921 0.79157 0.16828 0.03824