0 0.09835 0.13281 0.23157 0.04632
0 0.10578 0.18586 0.22187 0.05146
0 0.10106 0.23891 0.23217 0.04531
0 0.11166 0.29196 0.23048 0.04685
0 0.11063 0.34501 0.25293 0.05182
0 0.11061 0.39806 0.24402 0.046
0 0.10884 0.45111 0.25816 0.05093
0 0.11478 0.50416 0.25943 0.04484
0 0.11462 0.55721 0.25074 0.05153
0 0.1026 0.61026 0.22133 0.04888
0 0.11434 0.66331 0.22646 0.0442
0 0.10898 0.71636 0.25366 0.04941
0 0.10426 0.76941 0.25617 0.05132
0 0.11259 0.82246 0.25518 0.04493
0 0.10714 0.87551 0.25442 0.04727
0 0.11282 0.92856 0.23444 0.0494
0 0.30653 0.14609 0.26113 0.04494
0 0.3315 0.20444 0.24237 0.04827
0 0.33957 0.26280 0.23758 0.04884
0 0.30645 0.32115 0.2495 0.05193
0 0.3373 0.37951 0.25201 0.04704
0 0.29899 0.43786 0.23501 0.05212
0 0.30391 0.49622 0.25491 0.04895
0 0.29179 0.55457 0.22551 0.046
0 0.29477 0.61293 0.22562 0.04781
0 0.3363 0.67129 0.25934 0.04994
0 0.30097 0.72964 0.23638 0.05064
0 0.3238 0.78800 0.2471 0.05205
0 0.30196 0.84635 0.23175 0.0521
0 0.30746 0.90471 0.25841 0.04648
0 0.30869 0.96306 0.25424 0.046
0 0.50285 0.13281 0.25118 0.04593
0 0.56798 0.18586 0.25299 0.04665
0 0.49586 0.23891 0.25009 0.04909
0 0.48142 0.29196 0.25468 0.04745
0 0.52152 0.34501 0.24575 0.04494
0 0.51025 0.39806 0.24319 0.04464
0 0.57026 0.45111 0.23832 0.05121
0 0.55262 0.50416 0.2476 0.04528
0 0.54703 0.55721 0.24875 0.04678
0 0.55141 0.61026 0.22147 0.05134
0 0.5385 0.66331 0.23228 0.04452
0 0.55597 0.71636 0.25661 0.04935
0 0.57552 0.76941 0.2263 0.0474
0 0.50275 0.82246 0.25938 0.04956
0 0.53641 0.87551 0.23259 0.04699
0 0.55991 0.92856 0.22374 0.04696
0 0.74388 0.11953 0.24306 0.05173
0 0.75386 0.16727 0.26325 0.04868
0 0.71104 0.21502 0.26151 0.04587
0 0.80021 0.26276 0.26143 0.04402
0 0.75651 0.31051 0.2636 0.04477
0 0.66533 0.35825 0.22448 0.04444
0 0.77579 0.40600 0.24931 0.04611
0 0.7051 0.45374 0.23374 0.04963
0 0.74898 0.50149 0.23479 0.05083
0 0.6831 0.54923 0.26006 0.0463
0 0.7518 0.59698 0.22218 0.05104
0 0.7089 0.64472 0.23643 0.04486
0 0.76733 0.69247 0.24145 0.04702
0 0.69985 0.74021 0.24944 0.04426
0 0.77163 0.78796 0.26514 0.04839
0 0.78241 0.83571 0.26495 0.04761
0 0.84483 0.13281 0.24778 0.05151
0 0.84421 0.18586 0.22135 0.04816
0 0.90452 0.23891 0.23833 0.04672
0 0.88263 0.29196 0.23904 0.05018
0 0.86589 0.34501 0.22291 0.05065
0 0.97811 0.39806 0.22596 0.04495
0 0.85133 0.45111 0.26168 0.04607
0 0.98631 0.50416 0.25146 0.04972
0 0.88094 0.55721 0.25134 0.04828
0 0.88135 0.61026 0.22917 0.04948
0 0.97991 0.66331 0.23967 0.04634
0 0.90511 0.71636 0.26335 0.05153
0 0.84221 0.76941 0.23387 0.05118
0 0.94171 0.82246 0.25591 0.04901
0 0.92369 0.87551 0.24772 0.04931
0 0.92701 0.92856 0.22253 0.05171