0 0.09958 0.13281 0.25994 0.04956
0 0.11518 0.18586 0.24742 0.04673
0 0.1117 0.23891 0.24175 0.04881
0 0.0976 0.29196 0.23934 0.05012
0 0.09493 0.34501 0.23706 0.05247
0 0.1118 0.39806 0.2331 0.04898
0 0.09625 0.45111 0.2415 0.04704
0 0.10599 0.50416 0.2384 0.04463
0 0.10544 0.55721 0.24034 0.04982
0 0.11404 0.61026 0.24959 0.05017
0 0.11521 0.66331 0.24916 0.04644
0 0.11138 0.71636 0.25367 0.05198
0 0.0948 0.76941 0.26287 0.04785
0 0.10335 0.82246 0.24015 0.04466
0 0.09546 0.87551 0.24648 0.05133
0 0.11237 0.92856 0.23304 0.05145
0 0.3189 0.14609 0.25229 0.04793
0 0.32307 0.20444 0.24356 0.04722
0 0.29898 0.26280 0.24695 0.04681
0 0.34525 0.32115 0.23135 0.04669
0 0.29928 0.37951 0.26039 0.0456
0 0.30424 0.43786 0.24092 0.05249
0 0.30404 0.49622 0.25249 0.04746
0 0.34196 0.55457 0.23743 0.04405
0 0.29243 0.61293 0.25158 0.04404
0 0.32025 0.67129 0.25191 0.04849
0 0.29065 0.72964 0.24053 0.04678
0 0.31466 0.78800 0.25271 0.05072
0 0.3413 0.84635 0.25227 0.04944
0 0.33834 0.90471 0.23945 0.04907
0 0.28773 0.96306 0.23638 0.04475
0 0.5614 0.13281 0.24569 0.04873
0 0.5599 0.18586 0.25246 0.04412
0 0.50475 0.23891 0.22264 0.0468
0 0.49094 0.29196 0.22849 0.04888
0 0.47682 0.34501 0.22415 0.05204
0 0.51965 0.39806 0.24348 0.05191
0 0.54366 0.45111 0.22965 0.04865
0 0.47832 0.50416 0.22847 0.04739
0 0.52287 0.55721 0.22532 0.04805
0 0.53456 0.61026 0.22643 0.05051
0 0.49354 0.66331 0.26116 0.05224
0 0.53963 0.71636 0.26073 0.0481
0 0.5308 0.76941 0.24889 0.04555
0 0.56544 0.82246 0.26182 0.04556
0 0.57518 0.87551 0.23471 0.04703
0 0.48002 0.92856 0.23273 0.0511
0 0.75389 0.11953 0.22569 0.05047
0 0.74578 0.16727 0.24465 0.05062
0 0.80406 0.21502 0.24128 0.04538
0 0.72443 0.26276 0.23713 0.05148
0 0.77424 0.31051 0.22372 0.0451
0 0.76032 0.35825 0.25602 0.04476
0 0.75432 0.40600 0.26409 0.04381
0 0.69702 0.45374 0.25327 0.04434
0 0.74604 0.50149 0.25694 0.04723
0 0.7223 0.54923 0.24398 0.04436
0 0.68023 0.59698 0.23925 0.04882
0 0.70924 0.64472 0.25588 0.04674
0 0.77808 0.69247 0.23719 0.04633
0 0.71789 0.74021 0.23353 0.04561
0 0.74989 0.78796 0.22558 0.04752
0 0.69193 0.83571 0.24648 0.04817
0 0.89775 0.13281 0.23902 0.04492
0 0.99805 0.18586 0.25773 0.04464
0 0.95843 0.23891 0.2638 0.04569
0 0.81906 0.29196 0.22708 0.04619
0 0.82668 0.34501 0.26176 0.04381
0 0.97559 0.39806 0.2548 0.04898
0 0.84856 0.45111 0.24551 0.04563
0 0.925 0.50416 0.22822 0.05108
0 0.8612 0.55721 0.24016 0.05064
0 0.88903 0.61026 0.2541 0.04771
0 0.86263 0.66331 0.25212 0.05231
0 0.98411 0.71636 0.24042 0.04711
0 0.9141 0.76941 0.23472 0.04628
0 0.86034 0.82246 0.24733 0.04662
0 0.87864 0.87551 0.25867 0.04524
0 0.99341 0.92856 0.2257 0.04762