0 0.10501 0.13089 0.19994 0.03429
0 0.10501 0.20307 0.2133 0.03957
0 0.10501 0.21732 0.19449 0.04063
0 0.10501 0.30055 0.1876 0.04036
0 0.10501 0.31442 0.21407 0.03248
0 0.10501 0.38426 0.17486 0.03605
0 0.10501 0.46725 0.20154 0.03803
0 0.10501 0.50180 0.20248 0.04284
0 0.10501 0.56507 0.17041 0.0408
0 0.10501 0.64093 0.20857 0.0412
0 0.10501 0.61283 0.1691 0.03657
0 0.10501 0.74287 0.2103 0.04217
0 0.10501 0.81406 0.16908 0.03845
0 0.10501 0.79149 0.2019 0.03547
0 0.10501 0.96002 0.20602 0.04199
0 0.10501 0.84823 0.20001 0.03275
0 0.3148 0.14615 0.20565 0.03345
0 0.3148 0.20659 0.20386 0.03653
0 0.3148 0.28868 0.17746 0.03798
0 0.3148 0.31468 0.21231 0.04258
0 0.3148 0.40885 0.1835 0.04318
0 0.3148 0.47214 0.17632 0.03409
0 0.3148 0.49692 0.19013 0.04209
0 0.3148 0.55003 0.19855 0.03363
0 0.3148 0.61393 0.17033 0.03982
0 0.3148 0.61961 0.16473 0.03775
0 0.3148 0.68776 0.1923 0.03898
0 0.3148 0.72200 0.1701 0.03551
0 0.3148 0.81600 0.20753 0.03915
0 0.3148 0.89412 0.18037 0.04139
0 0.3148 0.97441 0.19651 0.03512
0 0.52459 0.13663 0.19779 0.03287
0 0.52459 0.18549 0.17584 0.03925
0 0.52459 0.23815 0.21381 0.04293
0 0.52459 0.31029 0.21028 0.03216
0 0.52459 0.36348 0.21696 0.03499
0 0.52459 0.38189 0.19734 0.04175
0 0.52459 0.46819 0.1898 0.03361
0 0.52459 0.49059 0.20422 0.0394
0 0.52459 0.54493 0.21719 0.03551
0 0.52459 0.64472 0.21915 0.03297
0 0.52459 0.70358 0.19868 0.03716
0 0.52459 0.72201 0.18479 0.03533
0 0.52459 0.78992 0.17613 0.03646
0 0.52459 0.80207 0.2116 0.03864
0 0.52459 0.82749 0.17889 0.03609
0 0.52459 0.90099 0.1992 0.0325
0 0.73438 0.11733 0.21964 0.03852
0 0.73438 0.17323 0.16841 0.03402
0 0.73438 0.23153 0.21592 0.04337
0 0.73438 0.28105 0.20202 0.0332
0 0.73438 0.32587 0.17241 0.03509
0 0.73438 0.38529 0.18549 0.03726
0 0.73438 0.37537 0.17011 0.03557
0 0.73438 0.42888 0.16432 0.03967
0 0.73438 0.47676 0.20202 0.03623
0 0.73438 0.59344 0.19465 0.03474
0 0.73438 0.64122 0.1944 0.03746
0 0.73438 0.62650 0.19086 0.04028
0 0.73438 0.69776 0.21865 0.04157
0 0.73438 0.69747 0.17652 0.04187
0 0.73438 0.74169 0.20645 0.03246
0 0.73438 0.88247 0.20107 0.03574
0 0.90921 0.13826 0.19156 0.04244
0 0.90921 0.18319 0.1725 0.04081
0 0.90921 0.25366 0.21836 0.04197
0 0.90921 0.28709 0.22023 0.03235
0 0.90921 0.35267 0.19563 0.03618
0 0.90921 0.41442 0.17172 0.03989
0 0.90921 0.45427 0.16647 0.04312
0 0.90921 0.46623 0.19631 0.03857
0 0.90921 0.59597 0.1974 0.03761
0 0.90921 0.61240 0.20241 0.03975
0 0.90921 0.63572 0.2207 0.03589
0 0.90921 0.71158 0.20165 0.03463
0 0.90921 0.84054 0.20711 0.03216
0 0.90921 0.78395 0.21375 0.04267
0 0.90921 0.91819 0.1785 0.03808
0 0.90921 0.93997 0.21869 0.03334