0 0.10337 0.13281 0.23335 0.04481
0 0.11145 0.18586 0.25572 0.04498
0 0.10859 0.23891 0.24992 0.05162
0 0.10956 0.29196 0.24212 0.05147
0 0.09821 0.34501 0.22776 0.04774
0 0.11065 0.39806 0.22384 0.04452
0 0.0975 0.45111 0.26329 0.05162
0 0.10743 0.50416 0.26455 0.04822
0 0.10711 0.55721 0.2651 0.04503
0 0.10483 0.61026 0.23268 0.04527
0 0.11433 0.66331 0.24316 0.04501
0 0.10903 0.71636 0.25202 0.04686
0 0.09929 0.76941 0.23208 0.05157
0 0.09628 0.82246 0.24284 0.04431
0 0.10377 0.87551 0.23417 0.0444
0 0.11267 0.92856 0.23938 0.05048
0 0.32623 0.14609 0.23303 0.04881
0 0.30846 0.20444 0.22679 0.04787
0 0.31084 0.26280 0.257 0.04383
0 0.32863 0.32115 0.26147 0.04784
0 0.34208 0.37951 0.24675 0.04424
0 0.29894 0.43786 0.2445 0.05142
0 0.28425 0.49622 0.22194 0.04987
0 0.28561 0.55457 0.25059 0.04546
0 0.29012 0.61293 0.23507 0.048
0 0.32352 0.67129 0.22565 0.04729
0 0.28494 0.72964 0.26207 0.04883
0 0.33815 0.78800 0.24934 0.05073
0 0.31217 0.84635 0.2253 0.05051
0 0.32243 0.90471 0.26013 0.04903
0 0.28474 0.96306 0.24297 0.05022
0 0.47235 0.13281 0.24959 0.04779
0 0.5072 0.18586 0.22597 0.05115
0 0.54171 0.23891 0.2246 0.05025
0 0.50596 0.29196 0.2445 0.04573
0 0.52391 0.34501 0.24898 0.04908
0 0.49602 0.39806 0.233 0.05119
0 0.50094 0.45111 0.23256 0.046
0 0.53737 0.50416 0.25633 0.05246
0 0.54515 0.55721 0.23623 0.04849
0 0.52529 0.61026 0.25998 0.04941
0 0.48891 0.66331 0.25744 0.04974
0 0.50296 0.71636 0.24491 0.04714
0 0.50194 0.76941 0.23507 0.04512
0 0.53879 0.82246 0.24443 0.04446
0 0.49352 0.87551 0.23478 0.0491
0 0.53339 0.92856 0.22217 0.0466
0 0.77876 0.11953 0.2345 0.04938
0 0.73598 0.16727 0.23069 0.04767
0 0.70225 0.21502 0.26548 0.05099
0 0.73256 0.26276 0.24367 0.04539
0 0.79208 0.31051 0.24784 0.04409
0 0.72156 0.35825 0.23914 0.05025
0 0.7308 0.40600 0.25635 0.04664
0 0.69802 0.45374 0.25312 0.04412
0 0.68333 0.50149 0.26282 0.04609
0 0.68192 0.54923 0.2569 0.04471
0 0.78917 0.59698 0.23113 0.04828
0 0.68748 0.64472 0.23499 0.04809
0 0.78675 0.69247 0.24653 0.0478
0 0.68313 0.74021 0.23801 0.0451
0 0.68916 0.78796 0.26184 0.04386
0 0.74647 0.83571 0.25851 0.04499
0 0.84575 0.13281 0.22911 0.04966
0 0.82075 0.18586 0.23972 0.04538
0 0.99224 0.23891 0.25301 0.04489
0 0.9393 0.29196 0.25462 0.05177
0 0.9056 0.34501 0.22186 0.04918
0 0.83533 0.39806 0.2453 0.04518
0 0.98188 0.45111 0.26058 0.04515
0 0.95407 0.50416 0.24112 0.05083
0 0.89116 0.55721 0.23543 0.04564
0 0.84096 0.61026 0.23108 0.0514
0 0.85598 0.66331 0.22922 0.04786
0 0.83599 0.71636 0.2274 0.04506
0 0.83614 0.76941 0.25712 0.05168
0 0.96326 0.82246 0.22961 0.04632
0 0.93602 0.87551 0.22701 0.04916
0 0.97203 0.92856 0.25224 0.04839