0 0.10501 0.12319 0.2097 0.03733
0 0.10501 0.18453 0.20342 0.03638
0 0.10501 0.23882 0.17934 0.03903
0 0.10501 0.28902 0.16811 0.03669
0 0.10501 0.34994 0.20062 0.03971
0 0.10501 0.39024 0.17712 0.04116
0 0.10501 0.46167 0.19028 0.04074
0 0.10501 0.46739 0.19526 0.04008
0 0.10501 0.56306 0.16588 0.0351
0 0.10501 0.57874 0.1659 0.03447
0 0.10501 0.66866 0.22099 0.03604
0 0.10501 0.75949 0.16496 0.03599
0 0.10501 0.84611 0.16836 0.03375
0 0.10501 0.83656 0.19829 0.03962
0 0.10501 0.86046 0.18685 0.03949
0 0.10501 0.94825 0.1838 0.04212
0 0.3148 0.13963 0.16741 0.03495
0 0.3148 0.19376 0.20407 0.03473
0 0.3148 0.23918 0.17527 0.03653
0 0.3148 0.33229 0.17017 0.04216
0 0.3148 0.37819 0.1818 0.03853
0 0.3148 0.46403 0.20715 0.04121
0 0.3148 0.46497 0.21196 0.03626
0 0.3148 0.56882 0.18277 0.03491
0 0.3148 0.59084 0.17637 0.03409
0 0.3148 0.68763 0.17367 0.03669
0 0.3148 0.69254 0.18275 0.03213
0 0.3148 0.71968 0.1856 0.04027
0 0.3148 0.79855 0.1777 0.04298
0 0.3148 0.90700 0.21522 0.04296
0 0.3148 0.92005 0.209 0.04126
0 0.52459 0.13017 0.2199 0.03654
0 0.52459 0.17600 0.19202 0.03345
0 0.52459 0.24383 0.18238 0.03489
0 0.52459 0.29926 0.16701 0.04127
0 0.52459 0.36799 0.21369 0.03322
0 0.52459 0.40707 0.16622 0.04177
0 0.52459 0.44943 0.16388 0.03475
0 0.52459 0.48574 0.18028 0.04307
0 0.52459 0.53684 0.1772 0.04257
0 0.52459 0.55074 0.16978 0.04066
0 0.52459 0.72635 0.17782 0.03833
0 0.52459 0.65281 0.21396 0.03855
0 0.52459 0.79175 0.21523 0.03689
0 0.52459 0.79412 0.21076 0.03499
0 0.52459 0.80286 0.16653 0.03217
0 0.52459 0.97826 0.21782 0.03543
0 0.73438 0.12240 0.18915 0.03222
0 0.73438 0.16833 0.16752 0.03694
0 0.73438 0.21723 0.17576 0.03326
0 0.73438 0.28007 0.19631 0.04093
0 0.73438 0.28176 0.17478 0.04003
0 0.73438 0.39142 0.21713 0.03796
0 0.73438 0.37368 0.20707 0.03676
0 0.73438 0.46880 0.17272 0.04138
0 0.73438 0.50865 0.20121 0.03295
0 0.73438 0.53759 0.21057 0.03919
0 0.73438 0.63843 0.20863 0.04039
0 0.73438 0.67055 0.16566 0.03426
0 0.73438 0.67166 0.17419 0.03266
0 0.73438 0.70359 0.18263 0.03339
0 0.73438 0.78496 0.21718 0.04269
0 0.73438 0.76873 0.17016 0.04289
0 0.90921 0.14124 0.20735 0.03936
0 0.90921 0.18078 0.16558 0.03623
0 0.90921 0.25153 0.16453 0.04252
0 0.90921 0.27254 0.19838 0.04243
0 0.90921 0.35517 0.18174 0.03853
0 0.90921 0.42242 0.21882 0.03635
0 0.90921 0.41421 0.21778 0.04119
0 0.90921 0.52767 0.16232 0.03564
0 0.90921 0.50192 0.17692 0.03511
0 0.90921 0.58905 0.1758 0.03997
0 0.90921 0.60829 0.20361 0.04114
0 0.90921 0.73757 0.19747 0.04264
0 0.90921 0.76512 0.16377 0.03456
0 0.90921 0.77384 0.16815 0.03328
0 0.90921 0.79378 0.21285 0.0419