0 0.09656 0.13281 0.24529 0.04388
0 0.11244 0.18586 0.24144 0.0482
0 0.10695 0.23891 0.23757 0.04816
0 0.09855 0.29196 0.25644 0.04788
0 0.10595 0.34501 0.25052 0.05131
0 0.1078 0.39806 0.23735 0.04542
0 0.10326 0.45111 0.23292 0.04934
0 0.11192 0.50416 0.26134 0.04992
0 0.10576 0.55721 0.26212 0.04989
0 0.1085 0.61026 0.26409 0.04406
0 0.10227 0.66331 0.262 0.04471
0 0.11057 0.71636 0.25972 0.04565
0 0.10223 0.76941 0.22632 0.04813
0 0.09515 0.82246 0.22972 0.05121
0 0.09537 0.87551 0.22676 0.0506
0 0.10238 0.92856 0.23941 0.04931
0 0.29623 0.14609 0.23163 0.04759
0 0.30084 0.20444 0.23794 0.05066
0 0.30213 0.26280 0.25517 0.05232
0 0.32145 0.32115 0.24594 0.0516
0 0.31859 0.37951 0.26035 0.04689
0 0.30413 0.43786 0.26043 0.04778
0 0.30631 0.49622 0.25681 0.04614
0 0.34518 0.55457 0.23727 0.04567
0 0.32898 0.61293 0.24851 0.04425
0 0.2997 0.67129 0.26019 0.05116
0 0.30205 0.72964 0.24762 0.04435
0 0.32298 0.78800 0.2477 0.04444
0 0.28779 0.84635 0.22719 0.05115
0 0.32763 0.90471 0.25079 0.04808
0 0.3448 0.96306 0.23452 0.0518
0 0.55478 0.13281 0.22543 0.05119
0 0.51668 0.18586 0.26434 0.05106
0 0.48774 0.23891 0.25744 0.04688
0 0.53013 0.29196 0.2238 0.04699
0 0.51762 0.34501 0.23324 0.047
0 0.54368 0.39806 0.25826 0.04982
0 0.47797 0.45111 0.24535 0.05183
0 0.53434 0.50416 0.23469 0.0465
0 0.52713 0.55721 0.25668 0.04475
0 0.52632 0.61026 0.22981 0.04755
0 0.54164 0.66331 0.26411 0.04655
0 0.4787 0.71636 0.24258 0.0478
0 0.57189 0.76941 0.23068 0.0445
0 0.52272 0.82246 0.24886 0.05128
0 0.5319 0.87551 0.23308 0.04439
0 0.49796 0.92856 0.22788 0.04964
0 0.68904 0.11953 0.24201 0.05248
0 0.7104 0.16727 0.25587 0.04721
0 0.71102 0.21502 0.26372 0.04419
0 0.71459 0.26276 0.22591 0.04967
0 0.67811 0.31051 0.22521 0.04825
0 0.74567 0.35825 0.24146 0.0478
0 0.67785 0.40600 0.23458 0.05221
0 0.71217 0.45374 0.24266 0.05113
0 0.7089 0.50149 0.25814 0.04787
0 0.77232 0.54923 0.24884 0.04671
0 0.79823 0.59698 0.22698 0.04453
0 0.76296 0.64472 0.23187 0.04734
0 0.71376 0.69247 0.23256 0.04464
0 0.70799 0.74021 0.24842 0.04932
0 0.75707 0.78796 0.22788 0.04835
0 0.73216 0.83571 0.24548 0.04754
0 0.92344 0.13281 0.22308 0.04719
0 0.92788 0.18586 0.22808 0.04681
0 0.86622 0.23891 0.24832 0.05128
0 0.91367 0.29196 0.2384 0.04652
0 0.87124 0.34501 0.23624 0.05195
0 0.97278 0.39806 0.23371 0.05083
0 0.81892 0.45111 0.22246 0.04738
0 0.89764 0.50416 0.24274 0.04443
0 0.89006 0.55721 0.26132 0.04896
0 0.83591 0.61026 0.23869 0.044
0 0.86414 0.66331 0.26108 0.04639
0 0.83749 0.71636 0.239 0.04472
0 0.89708 0.76941 0.25384 0.04745
0 0.86592 0.82246 0.22139 0.04504
0 0.89894 0.87551 0.22249 0.05109
0 0.88727 0.92856 0.22847 0.04651