0 0.10501 0.13280 0.1934 0.03638
0 0.10501 0.19077 0.20239 0.03585
0 0.10501 0.24862 0.21823 0.03394
0 0.10501 0.27489 0.16412 0.03767
0 0.10501 0.37834 0.2088 0.03947
0 0.10501 0.39019 0.18657 0.03681
0 0.10501 0.44894 0.19755 0.03237
0 0.10501 0.48598 0.20693 0.03502
0 0.10501 0.54693 0.20989 0.03734
0 0.10501 0.55731 0.19491 0.04364
0 0.10501 0.66230 0.2199 0.03229
0 0.10501 0.64500 0.19236 0.03685
0 0.10501 0.81023 0.18362 0.04249
0 0.10501 0.86151 0.1714 0.03439
0 0.10501 0.90349 0.16243 0.0351
0 0.3148 0.13782 0.18245 0.03621
0 0.3148 0.20488 0.21742 0.03258
0 0.3148 0.26440 0.18862 0.03521
0 0.3148 0.29864 0.20208 0.03926
0 0.3148 0.35201 0.17145 0.03473
0 0.3148 0.40125 0.20097 0.04169
0 0.3148 0.49880 0.18805 0.0432
0 0.3148 0.51733 0.19731 0.03624
0 0.3148 0.62728 0.18266 0.03816
0 0.3148 0.64084 0.21624 0.03716
0 0.3148 0.75963 0.16917 0.04289
0 0.3148 0.77001 0.21598 0.03995
0 0.3148 0.87225 0.18818 0.04363
0 0.3148 0.94783 0.22078 0.03573
0 0.3148 0.97094 0.19275 0.03753
0 0.3148 0.98050 0.17153 0.03212
0 0.52459 0.12380 0.20013 0.03241
0 0.52459 0.17485 0.20709 0.03801
0 0.52459 0.23203 0.19414 0.04017
0 0.52459 0.29420 0.1978 0.04048
0 0.52459 0.32179 0.17333 0.04123
0 0.52459 0.39280 0.1977 0.04074
0 0.52459 0.41375 0.18359 0.03864
0 0.52459 0.45446 0.19834 0.03306
0 0.52459 0.52147 0.19043 0.04155
0 0.52459 0.55057 0.20645 0.03333
0 0.52459 0.65915 0.166 0.0357
0 0.52459 0.70128 0.18422 0.04321
0 0.52459 0.75501 0.22073 0.03538
0 0.52459 0.74269 0.16579 0.03894
0 0.52459 0.94077 0.18814 0.03985
0 0.52459 0.89179 0.20807 0.04162
0 0.73438 0.12235 0.21325 0.03399
0 0.73438 0.15129 0.19474 0.04017
0 0.73438 0.21368 0.18049 0.03211
0 0.73438 0.24818 0.20355 0.03947
0 0.73438 0.33867 0.17839 0.03906
0 0.73438 0.36681 0.18951 0.03451
0 0.73438 0.38288 0.22088 0.03691
0 0.73438 0.44601 0.19063 0.03648
0 0.73438 0.48461 0.17541 0.03871
0 0.73438 0.57310 0.20642 0.04235
0 0.73438 0.55301 0.22115 0.03913
0 0.73438 0.69379 0.19974 0.0347
0 0.73438 0.76000 0.19774 0.04201
0 0.73438 0.74055 0.21124 0.03309
0 0.73438 0.82330 0.20273 0.03261
0 0.73438 0.85458 0.16284 0.03828
0 0.90921 0.14026 0.19475 0.03626
0 0.90921 0.18476 0.20919 0.03735
0 0.90921 0.24641 0.21301 0.03558
0 0.90921 0.26893 0.20329 0.03783
0 0.90921 0.35556 0.17446 0.04306
0 0.90921 0.38520 0.1873 0.03528
0 0.90921 0.48820 0.2173 0.04333
0 0.90921 0.54309 0.16673 0.04232
0 0.90921 0.54173 0.20272 0.0344
0 0.90921 0.62876 0.1883 0.03373
0 0.90921 0.64641 0.17379 0.04107
0 0.90921 0.78392 0.17619 0.04293
0 0.90921 0.72059 0.20253 0.04259
0 0.90921 0.79333 0.19979 0.0342
0 0.90921 0.95104 0.16397 0.03373