0 0.11272 0.13281 0.25752 0.04483
0 0.11465 0.18586 0.26233 0.05062
0 0.10787 0.23891 0.22146 0.05108
0 0.1119 0.29196 0.23428 0.05126
0 0.10225 0.34501 0.23773 0.05012
0 0.10543 0.39806 0.2582 0.05064
0 0.10388 0.45111 0.26501 0.04557
0 0.10777 0.50416 0.23568 0.04909
0 0.09977 0.55721 0.24175 0.04725
0 0.09468 0.61026 0.25774 0.04984
0 0.10522 0.66331 0.25061 0.04622
0 0.10512 0.71636 0.25192 0.05229
0 0.11195 0.76941 0.26254 0.0512
0 0.10642 0.82246 0.23692 0.05187
0 0.10091 0.87551 0.24767 0.04551
0 0.11252 0.92856 0.24129 0.04972
0 0.32286 0.14609 0.23976 0.04769
0 0.28571 0.20444 0.23366 0.05174
0 0.29232 0.26280 0.24724 0.04525
0 0.34305 0.32115 0.23468 0.05078
0 0.29352 0.37951 0.25286 0.046
0 0.30007 0.43786 0.24016 0.04775
0 0.32907 0.49622 0.24879 0.05094
0 0.32286 0.55457 0.229 0.04636
0 0.33291 0.61293 0.23525 0.05131
0 0.34126 0.67129 0.25826 0.04807
0 0.31254 0.72964 0.24159 0.04639
0 0.2877 0.78800 0.23477 0.04963
0 0.32046 0.84635 0.26392 0.04533
0 0.28793 0.90471 0.22207 0.04577
0 0.34264 0.96306 0.26337 0.04754
0 0.48096 0.13281 0.22917 0.05166
0 0.49889 0.18586 0.22901 0.05007
0 0.51362 0.23891 0.23666 0.04404
0 0.55563 0.29196 0.24151 0.0504
0 0.56535 0.34501 0.26244 0.04861
0 0.54165 0.39806 0.22303 0.0509
0 0.52484 0.45111 0.26186 0.04517
0 0.5125 0.50416 0.23021 0.04551
0 0.49453 0.55721 0.22932 0.04925
0 0.49858 0.61026 0.22196 0.05052
0 0.54329 0.66331 0.23963 0.04455
0 0.56249 0.71636 0.25028 0.04753
0 0.47332 0.76941 0.23244 0.04517
0 0.47853 0.82246 0.25937 0.0501
0 0.49535 0.87551 0.25656 0.0441
0 0.56236 0.92856 0.24382 0.04603
0 0.7898 0.11953 0.2426 0.04395
0 0.7332 0.16727 0.22838 0.05186
0 0.75004 0.21502 0.25072 0.04598
0 0.78877 0.26276 0.23968 0.0497
0 0.77581 0.31051 0.25834 0.0451
0 0.72975 0.35825 0.22768 0.04393
0 0.76364 0.40600 0.24887 0.04898
0 0.66733 0.45374 0.2502 0.05224
0 0.71196 0.50149 0.22675 0.04512
0 0.74297 0.54923 0.22315 0.0464
0 0.79937 0.59698 0.24038 0.04742
0 0.66695 0.64472 0.26022 0.04525
0 0.77802 0.69247 0.2465 0.0481
0 0.71965 0.74021 0.23798 0.04776
0 0.77172 0.78796 0.23904 0.04942
0 0.79264 0.83571 0.25908 0.04488
0 0.83444 0.13281 0.25327 0.0479
0 0.8588 0.18586 0.26046 0.04855
0 0.94161 0.23891 0.22436 0.05127
0 0.91833 0.29196 0.22536 0.04586
0 0.98209 0.34501 0.24949 0.04752
0 0.94863 0.39806 0.22788 0.04866
0 0.96351 0.45111 0.23739 0.04841
0 0.95701 0.50416 0.25707 0.04835
0 0.97143 0.55721 0.24514 0.0481
0 0.971 0.61026 0.25414 0.05161
0 0.96513 0.66331 0.22485 0.04952
0 0.8459 0.71636 0.2527 0.04638
0 0.84947 0.76941 0.24207 0.05224
0 0.98576 0.82246 0.26272 0.04678
0 0.89414 0.87551 0.25855 0.04446
0 0.96594 0.92856 0.22362 0.04677