0 0.10501 0.12790 0.17761 0.03672
0 0.10501 0.17755 0.20674 0.03899
0 0.10501 0.21661 0.17535 0.0346
0 0.10501 0.27443 0.20201 0.03305
0 0.10501 0.32249 0.18383 0.03929
0 0.10501 0.40012 0.21895 0.04256
0 0.10501 0.46614 0.20367 0.0376
0 0.10501 0.49245 0.21199 0.03589
0 0.10501 0.57275 0.16995 0.0425
0 0.10501 0.59465 0.21481 0.03869
0 0.10501 0.67747 0.20623 0.04326
0 0.10501 0.68381 0.19333 0.04193
0 0.10501 0.73560 0.22105 0.0394
0 0.10501 0.75576 0.18095 0.03238
0 0.10501 0.86847 0.17091 0.04081
0 0.10501 0.87365 0.19717 0.03535
0 0.3148 0.14758 0.21998 0.04123
0 0.3148 0.19274 0.17905 0.03767
0 0.3148 0.27126 0.2199 0.03795
0 0.3148 0.31042 0.19594 0.03958
0 0.3148 0.34635 0.17535 0.03724
0 0.3148 0.40825 0.18748 0.03466
0 0.3148 0.46412 0.20887 0.04207
0 0.3148 0.60177 0.21584 0.03957
0 0.3148 0.59103 0.16828 0.04126
0 0.3148 0.71341 0.18871 0.03214
0 0.3148 0.70546 0.16723 0.03622
0 0.3148 0.83473 0.19263 0.04251
0 0.3148 0.91469 0.21207 0.03414
0 0.3148 0.89744 0.21954 0.04074
0 0.3148 0.90081 0.21775 0.03551
0 0.52459 0.14314 0.1671 0.03317
0 0.52459 0.17283 0.17836 0.03561
0 0.52459 0.24940 0.17549 0.04297
0 0.52459 0.32008 0.22118 0.03771
0 0.52459 0.34645 0.17108 0.04121
0 0.52459 0.43554 0.16668 0.03723
0 0.52459 0.41171 0.18141 0.04256
0 0.52459 0.50599 0.16783 0.03815
0 0.52459 0.57458 0.17754 0.03885
0 0.52459 0.66259 0.21706 0.03351
0 0.52459 0.68880 0.21153 0.03592
0 0.52459 0.68968 0.20877 0.03746
0 0.52459 0.72582 0.18169 0.04293
0 0.52459 0.88668 0.17517 0.03678
0 0.52459 0.85041 0.20034 0.0378
0 0.52459 0.91950 0.21841 0.04229
0 0.73438 0.11652 0.17302 0.0424
0 0.73438 0.16217 0.1992 0.03536
0 0.73438 0.22488 0.16586 0.04315
0 0.73438 0.23755 0.1659 0.04285
0 0.73438 0.33798 0.16697 0.03462
0 0.73438 0.38361 0.18477 0.03694
0 0.73438 0.42815 0.17933 0.03255
0 0.73438 0.41146 0.19211 0.03663
0 0.73438 0.54804 0.17153 0.03624
0 0.73438 0.51516 0.19381 0.04063
0 0.73438 0.55804 0.21563 0.03751
0 0.73438 0.69641 0.18625 0.03742
0 0.73438 0.70781 0.17644 0.03397
0 0.73438 0.76727 0.16734 0.03404
0 0.73438 0.85851 0.17872 0.03872
0 0.73438 0.91206 0.21013 0.03778
0 0.90921 0.12655 0.17681 0.03736
0 0.90921 0.19590 0.17866 0.03518
0 0.90921 0.24747 0.19543 0.03789
0 0.90921 0.28066 0.17835 0.03863
0 0.90921 0.37047 0.18264 0.03427
0 0.90921 0.39137 0.16961 0.0338
0 0.90921 0.41183 0.17173 0.0348
0 0.90921 0.53220 0.18348 0.03291
0 0.90921 0.51148 0.16402 0.04375
0 0.90921 0.61115 0.21319 0.03836
0 0.90921 0.65924 0.17385 0.03695
0 0.90921 0.64708 0.1992 0.03614
0 0.90921 0.84626 0.17286 0.03329
0 0.90921 0.78752 0.17826 0.03677
0 0.90921 0.86667 0.20643 0.03802
0 0.90921 0.92986 0.17485 0.04165