0 0.10501 0.12175 0.18043 0.03917
0 0.10501 0.17350 0.17138 0.04103
0 0.10501 0.24238 0.18098 0.04365
0 0.10501 0.29365 0.18749 0.03664
0 0.10501 0.34524 0.18066 0.03832
0 0.10501 0.41922 0.17736 0.03887
0 0.10501 0.41322 0.17985 0.04236
0 0.10501 0.46100 0.20844 0.04336
0 0.10501 0.60665 0.16779 0.03381
0 0.10501 0.58334 0.19399 0.03593
0 0.10501 0.70789 0.20545 0.03842
0 0.10501 0.64965 0.19369 0.03828
0 0.10501 0.71771 0.17268 0.03298
0 0.10501 0.75658 0.16361 0.04068
0 0.10501 0.86697 0.21096 0.03914
0 0.10501 0.83634 0.20754 0.04226
0 0.3148 0.15245 0.17543 0.03829
0 0.3148 0.18576 0.17501 0.03905
0 0.3148 0.25618 0.20661 0.03361
0 0.3148 0.30486 0.17283 0.03676
0 0.3148 0.38429 0.16394 0.03426
0 0.3148 0.42111 0.17992 0.04042
0 0.3148 0.53600 0.16546 0.0417
0 0.3148 0.60971 0.20879 0.03904
0 0.3148 0.58496 0.1687 0.03931
0 0.3148 0.66708 0.17419 0.03812
0 0.3148 0.77149 0.20322 0.03715
0 0.3148 0.82894 0.21368 0.03435
0 0.3148 0.80529 0.21353 0.04189
0 0.3148 0.89131 0.19993 0.0365
0 0.52459 0.12420 0.16756 0.03293
0 0.52459 0.17757 0.19333 0.03417
0 0.52459 0.21660 0.17788 0.03608
0 0.52459 0.27476 0.21306 0.03498
0 0.52459 0.36456 0.19967 0.0339
0 0.52459 0.40447 0.19003 0.03506
0 0.52459 0.41551 0.16786 0.03301
0 0.52459 0.49306 0.18808 0.03645
0 0.52459 0.59120 0.16597 0.03638
0 0.52459 0.61054 0.19109 0.0419
0 0.52459 0.65420 0.19824 0.03776
0 0.52459 0.67953 0.17243 0.04307
0 0.52459 0.82334 0.21866 0.03644
0 0.52459 0.76206 0.22059 0.03671
0 0.52459 0.83975 0.20604 0.03506
0 0.52459 0.85008 0.19 0.04275
0 0.73438 0.10787 0.1774 0.04267
0 0.73438 0.17713 0.16634 0.03666
0 0.73438 0.19690 0.21309 0.03669
0 0.73438 0.26608 0.21796 0.03446
0 0.73438 0.32780 0.19831 0.03224
0 0.73438 0.34463 0.16868 0.03484
0 0.73438 0.39290 0.188 0.04289
0 0.73438 0.42396 0.20802 0.03396
0 0.73438 0.53121 0.16439 0.03771
0 0.73438 0.50836 0.22052 0.0326
0 0.73438 0.58692 0.19407 0.03429
0 0.73438 0.61378 0.19003 0.0437
0 0.73438 0.70752 0.20899 0.03236
0 0.73438 0.73029 0.20516 0.03719
0 0.73438 0.78785 0.21262 0.03877
0 0.73438 0.90713 0.21524 0.03516
0 0.90921 0.13539 0.1938 0.04342
0 0.90921 0.19921 0.21273 0.03548
0 0.90921 0.26252 0.17089 0.03905
0 0.90921 0.31315 0.19105 0.03852
0 0.90921 0.36050 0.16699 0.04232
0 0.90921 0.37423 0.17984 0.04206
0 0.90921 0.46149 0.18197 0.03285
0 0.90921 0.50766 0.21458 0.03906
0 0.90921 0.52471 0.17247 0.03717
0 0.90921 0.55611 0.20634 0.03514
0 0.90921 0.60199 0.17217 0.03611
0 0.90921 0.76977 0.17901 0.03455
0 0.90921 0.82016 0.19105 0.03957
0 0.90921 0.86648 0.21402 0.03783
0 0.90921 0.80023 0.17565 0.04091
0 0.90921 0.99539 0.16565 0.03728