0 0.10854 0.13281 0.22379 0.04549
0 0.10338 0.18586 0.24863 0.04741
0 0.10185 0.23891 0.26462 0.0454
0 0.10498 0.29196 0.23068 0.04807
0 0.1099 0.34501 0.23922 0.04553
0 0.10773 0.39806 0.25299 0.04945
0 0.11 0.45111 0.23408 0.04402
0 0.10582 0.50416 0.23903 0.05012
0 0.11418 0.55721 0.22153 0.05055
0 0.10827 0.61026 0.24638 0.04572
0 0.11347 0.66331 0.24361 0.04745
0 0.10002 0.71636 0.25428 0.04801
0 0.101 0.76941 0.26526 0.0453
0 0.10673 0.82246 0.25445 0.04891
0 0.10337 0.87551 0.24987 0.04596
0 0.10218 0.92856 0.2631 0.04878
0 0.3082 0.14609 0.22522 0.0474
0 0.31178 0.20444 0.25975 0.04669
0 0.2961 0.26280 0.2482 0.04991
0 0.30906 0.32115 0.23902 0.04381
0 0.29191 0.37951 0.25154 0.04786
0 0.32047 0.43786 0.26453 0.04628
0 0.34025 0.49622 0.25319 0.04476
0 0.29791 0.55457 0.25998 0.04742
0 0.33842 0.61293 0.26217 0.0525
0 0.31652 0.67129 0.22467 0.04614
0 0.2925 0.72964 0.24815 0.05127
0 0.30182 0.78800 0.26012 0.05006
0 0.30566 0.84635 0.25029 0.04985
0 0.29559 0.90471 0.26106 0.04868
0 0.32282 0.96306 0.22841 0.04964
0 0.50923 0.13281 0.24934 0.04948
0 0.49711 0.18586 0.22903 0.04879
0 0.57109 0.23891 0.25263 0.04809
0 0.52509 0.29196 0.26532 0.05227
0 0.51503 0.34501 0.25816 0.04963
0 0.52846 0.39806 0.2246 0.04695
0 0.56998 0.45111 0.2633 0.0484
0 0.49112 0.50416 0.25055 0.04552
0 0.49558 0.55721 0.22147 0.05038
0 0.52474 0.61026 0.233 0.04549
0 0.55904 0.66331 0.25839 0.04981
0 0.54511 0.71636 0.23081 0.04794
0 0.56541 0.76941 0.2471 0.05214
0 0.55946 0.82246 0.24971 0.05165
0 0.50203 0.87551 0.23479 0.05153
0 0.51661 0.92856 0.24121 0.0457
0 0.7544 0.11953 0.23979 0.05153
0 0.71483 0.16727 0.22839 0.04379
0 0.78955 0.21502 0.25943 0.04614
0 0.7001 0.26276 0.25898 0.04381
0 0.6743 0.31051 0.24761 0.04393
0 0.80733 0.35825 0.23653 0.04967
0 0.72082 0.40600 0.23344 0.04787
0 0.69197 0.45374 0.24798 0.0482
0 0.68842 0.50149 0.23391 0.04722
0 0.71992 0.54923 0.24809 0.04813
0 0.77284 0.59698 0.23321 0.047
0 0.80269 0.64472 0.25821 0.04976
0 0.69863 0.69247 0.24631 0.0454
0 0.79577 0.74021 0.22627 0.04617
0 0.80038 0.78796 0.22172 0.04972
0 0.74857 0.83571 0.24214 0.05195
0 0.95632 0.13281 0.24027 0.04888
0 0.84201 0.18586 0.25614 0.05012
0 0.95152 0.23891 0.22416 0.0507
0 0.84798 0.29196 0.23097 0.04404
0 0.93627 0.34501 0.24328 0.04725
0 0.99773 0.39806 0.25724 0.05124
0 0.97114 0.45111 0.2477 0.04644
0 0.93971 0.50416 0.23734 0.04485
0 0.89652 0.55721 0.24124 0.04905
0 0.8865 0.61026 0.24761 0.04923
0 0.86401 0.66331 0.24881 0.04721
0 0.87202 0.71636 0.22245 0.04914
0 0.83002 0.76941 0.24907 0.05005
0 0.86758 0.82246 0.22206 0.05218
0 0.96391 0.87551 0.25161 0.04467
0 0.97633 0.92856 0.23389 0.05019