0 0.10501 0.14303 0.21676 0.04
0 0.10501 0.16754 0.20124 0.0382
0 0.10501 0.24160 0.17201 0.03239
0 0.10501 0.29291 0.21581 0.03799
0 0.10501 0.33494 0.19654 0.03284
0 0.10501 0.42773 0.19454 0.03457
0 0.10501 0.42883 0.164 0.03529
0 0.10501 0.51301 0.19898 0.03988
0 0.10501 0.51546 0.20863 0.03471
0 0.10501 0.60464 0.16964 0.03743
0 0.10501 0.72590 0.21495 0.03589
0 0.10501 0.68641 0.16305 0.03507
0 0.10501 0.70888 0.16466 0.04231
0 0.10501 0.83407 0.21077 0.04123
0 0.10501 0.89517 0.22115 0.03684
0 0.10501 0.90291 0.16434 0.03381
0 0.3148 0.14478 0.19008 0.03615
0 0.3148 0.18509 0.18726 0.03633
0 0.3148 0.26129 0.16937 0.03236
0 0.3148 0.29319 0.21356 0.03895
0 0.3148 0.35187 0.21156 0.04028
0 0.3148 0.40100 0.17813 0.0365
0 0.3148 0.45219 0.21421 0.03245
0 0.3148 0.59177 0.18259 0.03515
0 0.3148 0.63561 0.18597 0.04187
0 0.3148 0.71419 0.19893 0.04119
0 0.3148 0.79800 0.17746 0.04131
0 0.3148 0.74417 0.1935 0.03752
0 0.3148 0.77639 0.16454 0.03368
0 0.3148 0.86952 0.18917 0.03762
0 0.3148 0.97513 0.20045 0.03915
0 0.52459 0.14056 0.21156 0.03417
0 0.52459 0.16909 0.19754 0.04172
0 0.52459 0.24646 0.21717 0.04269
0 0.52459 0.26642 0.21383 0.04034
0 0.52459 0.35034 0.16316 0.03371
0 0.52459 0.40948 0.19019 0.03893
0 0.52459 0.44544 0.21789 0.03902
0 0.52459 0.52589 0.1707 0.03647
0 0.52459 0.52273 0.184 0.03372
0 0.52459 0.54926 0.18759 0.03784
0 0.52459 0.70618 0.18062 0.04034
0 0.52459 0.69414 0.19424 0.03351
0 0.52459 0.81870 0.20926 0.04277
0 0.52459 0.87423 0.18958 0.03667
0 0.52459 0.94426 0.21116 0.03352
0 0.52459 0.89218 0.19832 0.04295
0 0.73438 0.10873 0.21776 0.03336
0 0.73438 0.17886 0.18958 0.03309
0 0.73438 0.23182 0.18406 0.03437
0 0.73438 0.26553 0.16422 0.04327
0 0.73438 0.28607 0.17116 0.03257
0 0.73438 0.38696 0.19624 0.03746
0 0.73438 0.43142 0.21866 0.03848
0 0.73438 0.43269 0.18887 0.03691
0 0.73438 0.46466 0.19747 0.03665
0 0.73438 0.54880 0.21761 0.04196
0 0.73438 0.54562 0.17593 0.03886
0 0.73438 0.64118 0.18105 0.03554
0 0.73438 0.71897 0.21832 0.04071
0 0.73438 0.70678 0.16943 0.03626
0 0.73438 0.79348 0.18172 0.03905
0 0.73438 0.85900 0.19112 0.03562
0 0.90921 0.13739 0.21327 0.03307
0 0.90921 0.16808 0.20704 0.03486
0 0.90921 0.23283 0.21901 0.04041
0 0.90921 0.26939 0.19266 0.03923
0 0.90921 0.33187 0.20998 0.03918
0 0.90921 0.36172 0.20582 0.04087
0 0.90921 0.41071 0.17151 0.04242
0 0.90921 0.55165 0.17485 0.03493
0 0.90921 0.56513 0.19671 0.03637
0 0.90921 0.59773 0.18425 0.03725
0 0.90921 0.62282 0.18407 0.04056
0 0.90921 0.67379 0.17083 0.04321
0 0.90921 0.79536 0.21816 0.03669
0 0.90921 0.87045 0.16988 0.03799
0 0.90921 0.86409 0.20043 0.03882
0 0.90921 0.89209 0.21903 0.04234