0 0.10979 0.13281 0.22815 0.04384
0 0.10616 0.18586 0.23668 0.04469
0 0.09558 0.23891 0.23497 0.04543
0 0.09693 0.29196 0.22192 0.05036
0 0.11466 0.34501 0.24012 0.04818
0 0.09546 0.39806 0.22698 0.04876
0 0.10205 0.45111 0.25858 0.04696
0 0.10756 0.50416 0.22829 0.05058
0 0.10108 0.55721 0.25187 0.0523
0 0.10417 0.61026 0.25555 0.05071
0 0.10012 0.66331 0.26381 0.05196
0 0.10937 0.71636 0.24372 0.04415
0 0.10394 0.76941 0.23471 0.04382
0 0.09903 0.82246 0.25325 0.04842
0 0.09821 0.87551 0.24724 0.04687
0 0.09706 0.92856 0.25244 0.04482
0 0.29408 0.14609 0.22681 0.05157
0 0.31857 0.20444 0.22481 0.04578
0 0.31914 0.26280 0.25676 0.04674
0 0.30723 0.32115 0.22709 0.04924
0 0.2914 0.37951 0.25882 0.05084
0 0.30908 0.43786 0.22612 0.05173
0 0.33533 0.49622 0.22336 0.04398
0 0.29307 0.55457 0.23287 0.04433
0 0.32832 0.61293 0.2216 0.05126
0 0.33833 0.67129 0.25213 0.04934
0 0.32048 0.72964 0.22499 0.05085
0 0.32162 0.78800 0.24502 0.04545
0 0.3231 0.84635 0.24917 0.04858
0 0.34484 0.90471 0.22603 0.04669
0 0.34369 0.96306 0.26133 0.04386
0 0.52273 0.13281 0.22716 0.04899
0 0.47982 0.18586 0.23858 0.05085
0 0.50597 0.23891 0.22177 0.04913
0 0.49557 0.29196 0.25092 0.05185
0 0.52665 0.34501 0.23658 0.05178
0 0.55212 0.39806 0.25088 0.04842
0 0.48464 0.45111 0.23938 0.04541
0 0.54359 0.50416 0.25019 0.04517
0 0.50106 0.55721 0.25966 0.04625
0 0.56184 0.61026 0.23721 0.04731
0 0.54958 0.66331 0.25174 0.05058
0 0.5653 0.71636 0.23205 0.04973
0 0.49498 0.76941 0.25218 0.04697
0 0.51844 0.82246 0.25657 0.04721
0 0.5523 0.87551 0.23593 0.04947
0 0.50432 0.92856 0.26412 0.05137
0 0.80343 0.11953 0.24293 0.04569
0 0.66361 0.16727 0.23472 0.05016
0 0.78328 0.21502 0.24714 0.04525
0 0.66481 0.26276 0.2488 0.04961
0 0.7722 0.31051 0.25888 0.04897
0 0.75296 0.35825 0.24202 0.04583
0 0.79876 0.40600 0.25073 0.04409
0 0.76012 0.45374 0.26102 0.04998
0 0.70616 0.50149 0.23811 0.04416
0 0.74231 0.54923 0.22974 0.04659
0 0.67063 0.59698 0.23407 0.05163
0 0.70682 0.64472 0.23229 0.04595
0 0.72761 0.69247 0.2573 0.04729
0 0.78439 0.74021 0.23698 0.04943
0 0.79574 0.78796 0.26299 0.05224
0 0.71894 0.83571 0.2357 0.04906
0 0.83241 0.13281 0.24978 0.05154
0 0.91526 0.18586 0.23729 0.05205
0 0.96608 0.23891 0.23002 0.04616
0 0.89758 0.29196 0.23176 0.04779
0 0.90366 0.34501 0.24528 0.0448
0 0.91111 0.39806 0.25747 0.04612
0 0.9432 0.45111 0.25165 0.04715
0 0.85536 0.50416 0.23974 0.04753
0 0.86477 0.55721 0.22821 0.04911
0 0.9023 0.61026 0.243 0.04811
0 0.84398 0.66331 0.22409 0.04581
0 0.85824 0.71636 0.24199 0.04796
0 0.84293 0.76941 0.24587 0.05119
0 0.8502 0.82246 0.22981 0.05076
0 0.93859 0.87551 0.24105 0.04785
0 0.89709 0.92856 0.25933 0.04618