0 0.10501 0.12325 0.19285 0.04159
0 0.10501 0.18567 0.18373 0.04209
0 0.10501 0.24423 0.17333 0.04256
0 0.10501 0.28752 0.21794 0.04047
0 0.10501 0.36915 0.17033 0.03446
0 0.10501 0.39656 0.16542 0.0377
0 0.10501 0.42056 0.17654 0.03562
0 0.10501 0.51665 0.19071 0.04035
0 0.10501 0.61059 0.18782 0.03741
0 0.10501 0.60416 0.21089 0.03983
0 0.10501 0.64343 0.20824 0.03841
0 0.10501 0.76939 0.16391 0.03787
0 0.10501 0.76238 0.21885 0.03339
0 0.10501 0.84697 0.17135 0.04046
0 0.10501 0.88249 0.16616 0.04294
0 0.10501 0.83571 0.16293 0.0391
0 0.3148 0.13431 0.19338 0.04063
0 0.3148 0.22016 0.19135 0.03857
0 0.3148 0.25937 0.16855 0.03705
0 0.3148 0.31578 0.18595 0.03747
0 0.3148 0.39705 0.16887 0.0409
0 0.3148 0.40170 0.18093 0.03508
0 0.3148 0.50201 0.21644 0.0382
0 0.3148 0.56861 0.19878 0.04158
0 0.3148 0.60110 0.22107 0.03317
0 0.3148 0.72651 0.17921 0.03901
0 0.3148 0.70071 0.21004 0.04103
0 0.3148 0.80332 0.19995 0.03222
0 0.3148 0.77510 0.2057 0.03794
0 0.3148 0.82414 0.20994 0.03229
0 0.3148 0.96147 0.16946 0.03237
0 0.3148 0.96618 0.20451 0.03211
0 0.52459 0.13135 0.18792 0.03801
0 0.52459 0.17876 0.21632 0.0346
0 0.52459 0.21915 0.21168 0.03614
0 0.52459 0.27832 0.18387 0.03936
0 0.52459 0.32685 0.21874 0.0393
0 0.52459 0.40717 0.20326 0.04077
0 0.52459 0.41420 0.16873 0.03697
0 0.52459 0.48673 0.21338 0.03889
0 0.52459 0.52107 0.21086 0.03781
0 0.52459 0.64197 0.17068 0.03791
0 0.52459 0.61023 0.16943 0.04067
0 0.52459 0.70133 0.20963 0.043
0 0.52459 0.82590 0.21677 0.04084
0 0.52459 0.74889 0.20809 0.03216
0 0.52459 0.93469 0.17378 0.03487
0 0.52459 0.95353 0.20985 0.03692
0 0.73438 0.10968 0.19014 0.03308
0 0.73438 0.15885 0.2174 0.04144
0 0.73438 0.20068 0.16445 0.04284
0 0.73438 0.24540 0.19813 0.03996
0 0.73438 0.30929 0.21514 0.03423
0 0.73438 0.36627 0.19938 0.03343
0 0.73438 0.38012 0.18381 0.03331
0 0.73438 0.40876 0.19758 0.03331
0 0.73438 0.50574 0.16398 0.04061
0 0.73438 0.52366 0.20667 0.04376
0 0.73438 0.59356 0.16475 0.03749
0 0.73438 0.67625 0.21826 0.03744
0 0.73438 0.70571 0.20437 0.04139
0 0.73438 0.77157 0.16812 0.03317
0 0.73438 0.82138 0.20695 0.04319
0 0.73438 0.89473 0.21676 0.03543
0 0.90921 0.14382 0.19124 0.03254
0 0.90921 0.19993 0.18734 0.04326
0 0.90921 0.25183 0.20024 0.04075
0 0.90921 0.29716 0.18264 0.03391
0 0.90921 0.37829 0.18905 0.04131
0 0.90921 0.37960 0.21801 0.03394
0 0.90921 0.48138 0.17206 0.03515
0 0.90921 0.47354 0.21252 0.03488
0 0.90921 0.57347 0.16996 0.03399
0 0.90921 0.64576 0.19842 0.03381
0 0.90921 0.61826 0.18085 0.03836
0 0.90921 0.73848 0.21652 0.0323
0 0.90921 0.80674 0.17708 0.03781
0 0.90921 0.85168 0.19956 0.04221
0 0.90921 0.81040 0.18713 0.03455
0 0.90921 0.95208 0.21508 0.03969