0 0.10501 0.14561 0.20394 0.03977
0 0.10501 0.17695 0.20732 0.04136
0 0.10501 0.25915 0.20367 0.04156
0 0.10501 0.26781 0.19389 0.03299
0 0.10501 0.31610 0.19709 0.03324
0 0.10501 0.39321 0.21529 0.04137
0 0.10501 0.48867 0.20275 0.03518
0 0.10501 0.46070 0.19855 0.03262
0 0.10501 0.50732 0.17455 0.04013
0 0.10501 0.55199 0.22127 0.03388
0 0.10501 0.65255 0.21011 0.0368
0 0.10501 0.68949 0.21499 0.03514
0 0.10501 0.74669 0.16297 0.04152
0 0.10501 0.88570 0.19573 0.03784
0 0.10501 0.95382 0.21472 0.03236
0 0.10501 0.93759 0.18674 0.03977
0 0.3148 0.14233 0.16837 0.03554
0 0.3148 0.21479 0.20397 0.03794
0 0.3148 0.26372 0.1671 0.03921
0 0.3148 0.30379 0.1691 0.04028
0 0.3148 0.37201 0.16324 0.03348
0 0.3148 0.47442 0.21816 0.04324
0 0.3148 0.47142 0.18015 0.03308
0 0.3148 0.58198 0.20861 0.03349
0 0.3148 0.67336 0.18091 0.03899
0 0.3148 0.71152 0.20935 0.03584
0 0.3148 0.76104 0.20013 0.04223
0 0.3148 0.71379 0.17321 0.03777
0 0.3148 0.83864 0.20572 0.04148
0 0.3148 0.98184 0.19529 0.03457
0 0.3148 0.93107 0.18726 0.03986
0 0.52459 0.12229 0.18911 0.03972
0 0.52459 0.18137 0.16593 0.03282
0 0.52459 0.24225 0.18881 0.04165
0 0.52459 0.31592 0.1692 0.03755
0 0.52459 0.35015 0.19201 0.03694
0 0.52459 0.41294 0.20523 0.03507
0 0.52459 0.48548 0.20127 0.04032
0 0.52459 0.54119 0.1903 0.03554
0 0.52459 0.54580 0.20924 0.03393
0 0.52459 0.60454 0.18725 0.04164
0 0.52459 0.59718 0.19428 0.04347
0 0.52459 0.69311 0.21663 0.03496
0 0.52459 0.81407 0.16355 0.03763
0 0.52459 0.85343 0.16571 0.03633
0 0.52459 0.91756 0.21026 0.03269
0 0.52459 0.91227 0.21151 0.04277
0 0.73438 0.12342 0.21064 0.04287
0 0.73438 0.16168 0.17044 0.03705
0 0.73438 0.20746 0.21649 0.03561
0 0.73438 0.26030 0.18791 0.03822
0 0.73438 0.29571 0.165 0.03741
0 0.73438 0.39227 0.17598 0.03263
0 0.73438 0.38092 0.16283 0.03405
0 0.73438 0.49674 0.18888 0.03997
0 0.73438 0.49663 0.1836 0.03725
0 0.73438 0.60353 0.21164 0.0409
0 0.73438 0.57045 0.19832 0.03888
0 0.73438 0.63881 0.20061 0.03819
0 0.73438 0.69436 0.20684 0.03675
0 0.73438 0.71812 0.17051 0.03639
0 0.73438 0.84515 0.19423 0.03796
0 0.73438 0.84958 0.19033 0.03918
0 0.90921 0.13728 0.18365 0.03695
0 0.90921 0.18468 0.17261 0.03605
0 0.90921 0.22712 0.20225 0.03961
0 0.90921 0.26798 0.20398 0.04002
0 0.90921 0.37519 0.21462 0.04017
0 0.90921 0.39930 0.20089 0.03716
0 0.90921 0.42478 0.2021 0.03928
0 0.90921 0.49147 0.20893 0.04311
0 0.90921 0.52546 0.20403 0.04088
0 0.90921 0.64020 0.17983 0.03778
0 0.90921 0.70900 0.20751 0.03525
0 0.90921 0.69136 0.16431 0.03244
0 0.90921 0.81703 0.1776 0.04348
0 0.90921 0.87938 0.19932 0.03784
0 0.90921 0.86038 0.18836 0.03413
0 0.90921 0.98120 0.20772 0.03314