0 0.10497 0.13281 0.22769 0.04399
0 0.09983 0.18586 0.24331 0.04601
0 0.10634 0.23891 0.22945 0.04419
0 0.10152 0.29196 0.24568 0.04555
0 0.10066 0.34501 0.24645 0.04735
0 0.11007 0.39806 0.24344 0.05179
0 0.10815 0.45111 0.24532 0.05151
0 0.09689 0.50416 0.24545 0.04472
0 0.10138 0.55721 0.23479 0.0466
0 0.11234 0.61026 0.22286 0.04606
0 0.1095 0.66331 0.25802 0.04789
0 0.10154 0.71636 0.25192 0.05042
0 0.10476 0.76941 0.26545 0.04657
0 0.11361 0.82246 0.22571 0.04632
0 0.11328 0.87551 0.23889 0.04463
0 0.11392 0.92856 0.23817 0.04886
0 0.29544 0.14609 0.22429 0.04517
0 0.32825 0.20444 0.25763 0.05206
0 0.29959 0.26280 0.24047 0.0447
0 0.33093 0.32115 0.26543 0.05242
0 0.34606 0.37951 0.24477 0.047
0 0.31014 0.43786 0.23575 0.04876
0 0.30782 0.49622 0.24551 0.04833
0 0.32869 0.55457 0.23335 0.04593
0 0.29854 0.61293 0.22311 0.04673
0 0.30669 0.67129 0.25645 0.04385
0 0.31958 0.72964 0.25147 0.04535
0 0.33819 0.78800 0.24786 0.05108
0 0.34577 0.84635 0.24982 0.05163
0 0.3223 0.90471 0.2407 0.05083
0 0.32249 0.96306 0.25839 0.04754
0 0.56778 0.13281 0.24823 0.04601
0 0.49909 0.18586 0.23083 0.04551
0 0.49208 0.23891 0.24611 0.05114
0 0.56391 0.29196 0.24034 0.04845
0 0.4982 0.34501 0.2258 0.05229
0 0.48512 0.39806 0.2362 0.05091
0 0.57653 0.45111 0.23009 0.04674
0 0.56742 0.50416 0.2405 0.05156
0 0.5358 0.55721 0.23965 0.04613
0 0.48746 0.61026 0.22148 0.04546
0 0.5404 0.66331 0.25768 0.0481
0 0.48702 0.71636 0.26129 0.05177
0 0.54516 0.76941 0.26359 0.04725
0 0.48115 0.82246 0.25585 0.04515
0 0.51216 0.87551 0.23627 0.04829
0 0.52256 0.92856 0.26052 0.04512
0 0.74562 0.11953 0.22959 0.04858
0 0.73544 0.16727 0.2271 0.04544
0 0.72917 0.21502 0.23945 0.04465
0 0.71522 0.26276 0.2268 0.0504
0 0.78874 0.31051 0.26343 0.04739
0 0.74953 0.35825 0.24534 0.04612
0 0.67509 0.40600 0.22708 0.05201
0 0.68882 0.45374 0.23976 0.04637
0 0.66947 0.50149 0.24639 0.04443
0 0.80428 0.54923 0.25046 0.04639
0 0.68952 0.59698 0.24758 0.05004
0 0.69683 0.64472 0.23031 0.05155
0 0.73604 0.69247 0.24005 0.04396
0 0.79722 0.74021 0.25368 0.04829
0 0.74747 0.78796 0.23505 0.04427
0 0.77913 0.83571 0.24332 0.05089
0 0.95979 0.13281 0.26244 0.04678
0 0.82131 0.18586 0.23517 0.04826
0 0.9109 0.23891 0.25272 0.05038
0 0.99037 0.29196 0.24933 0.04816
0 0.86479 0.34501 0.23773 0.04762
0 0.86734 0.39806 0.22167 0.04844
0 0.98849 0.45111 0.26501 0.04474
0 0.95627 0.50416 0.22576 0.04619
0 0.89595 0.55721 0.23241 0.05242
0 0.85499 0.61026 0.24519 0.05132
0 0.85846 0.66331 0.24209 0.0458
0 0.84088 0.71636 0.23201 0.05212
0 0.9034 0.76941 0.24762 0.04669
0 0.87523 0.82246 0.23124 0.04443
0 0.91117 0.87551 0.26246 0.05148
0 0.85759 0.92856 0.23178 0.04889