0 0.11259 0.13281 0.229 0.05067
0 0.09641 0.18586 0.22966 0.05211
0 0.10313 0.23891 0.25587 0.05056
0 0.09863 0.29196 0.26406 0.04661
0 0.11433 0.34501 0.26507 0.0465
0 0.10463 0.39806 0.23386 0.04511
0 0.09876 0.45111 0.24802 0.04825
0 0.11077 0.50416 0.265 0.05008
0 0.10373 0.55721 0.24374 0.04529
0 0.10635 0.61026 0.24242 0.04799
0 0.10547 0.66331 0.25292 0.05057
0 0.09901 0.71636 0.22594 0.05178
0 0.11495 0.76941 0.22297 0.04535
0 0.10514 0.82246 0.2411 0.04664
0 0.10565 0.87551 0.26023 0.04905
0 0.09917 0.92856 0.24133 0.05091
0 0.3366 0.14609 0.23913 0.04941
0 0.28984 0.20444 0.22216 0.04777
0 0.31482 0.26280 0.25151 0.04739
0 0.3443 0.32115 0.22602 0.04634
0 0.30129 0.37951 0.22454 0.05003
0 0.316 0.43786 0.23928 0.04667
0 0.29359 0.49622 0.25675 0.04616
0 0.31497 0.55457 0.23008 0.05111
0 0.31596 0.61293 0.25854 0.04594
0 0.31957 0.67129 0.25771 0.04809
0 0.32088 0.72964 0.2472 0.05148
0 0.28774 0.78800 0.24996 0.04495
0 0.31399 0.84635 0.24972 0.05185
0 0.28427 0.90471 0.23289 0.05128
0 0.32789 0.96306 0.25937 0.05122
0 0.54546 0.13281 0.25157 0.04872
0 0.55656 0.18586 0.23415 0.04522
0 0.56182 0.23891 0.23396 0.05011
0 0.57479 0.29196 0.25406 0.04415
0 0.5107 0.34501 0.2314 0.0517
0 0.5695 0.39806 0.23809 0.04811
0 0.53195 0.45111 0.26016 0.04594
0 0.54477 0.50416 0.22261 0.04676
0 0.52239 0.55721 0.22999 0.04447
0 0.48867 0.61026 0.25363 0.05201
0 0.50407 0.66331 0.22546 0.04529
0 0.52906 0.71636 0.23366 0.05208
0 0.48278 0.76941 0.22611 0.04921
0 0.48376 0.82246 0.22443 0.04783
0 0.49034 0.87551 0.25424 0.05137
0 0.54379 0.92856 0.25001 0.05023
0 0.80077 0.11953 0.25373 0.04814
0 0.71463 0.16727 0.2473 0.05013
0 0.74041 0.21502 0.2366 0.05166
0 0.7669 0.26276 0.25175 0.05185
0 0.74562 0.31051 0.23133 0.05208
0 0.74108 0.35825 0.25239 0.05071
0 0.6679 0.40600 0.26506 0.05156
0 0.66134 0.45374 0.23274 0.04856
0 0.80773 0.50149 0.22481 0.04663
0 0.70593 0.54923 0.2268 0.04385
0 0.78699 0.59698 0.225 0.04831
0 0.68039 0.64472 0.24412 0.04747
0 0.68253 0.69247 0.2541 0.04801
0 0.68898 0.74021 0.23761 0.04545
0 0.72131 0.78796 0.25871 0.04773
0 0.70672 0.83571 0.25424 0.04969
0 0.84093 0.13281 0.26362 0.05176
0 0.99164 0.18586 0.23732 0.04892
0 0.86175 0.23891 0.25411 0.04626
0 0.95082 0.29196 0.24682 0.05203
0 0.98297 0.34501 0.24523 0.0464
0 0.94958 0.39806 0.24772 0.05189
0 0.98868 0.45111 0.23219 0.04456
0 0.83414 0.50416 0.22377 0.04527
0 0.92891 0.55721 0.24152 0.04625
0 0.96604 0.61026 0.24608 0.04925
0 0.90408 0.66331 0.23727 0.04972
0 0.86839 0.71636 0.24138 0.04831
0 0.99716 0.76941 0.22947 0.04503
0 0.8186 0.82246 0.25428 0.049
0 0.93044 0.87551 0.24063 0.04519
0 0.92799 0.92856 0.25068 0.04916