0 0.10501 0.14481 0.1911 0.0414
0 0.10501 0.17104 0.21685 0.04003
0 0.10501 0.25666 0.17913 0.04118
0 0.10501 0.28625 0.20225 0.04371
0 0.10501 0.32120 0.20154 0.04307
0 0.10501 0.43745 0.21269 0.03908
0 0.10501 0.46326 0.20335 0.0417
0 0.10501 0.51504 0.19486 0.03959
0 0.10501 0.50167 0.21874 0.03542
0 0.10501 0.65631 0.21291 0.03511
0 0.10501 0.61278 0.18897 0.03231
0 0.10501 0.69044 0.213 0.03634
0 0.10501 0.83995 0.21843 0.03697
0 0.10501 0.81125 0.2155 0.03933
0 0.10501 0.87861 0.21668 0.0395
0 0.10501 0.86058 0.20731 0.0348
0 0.3148 0.13439 0.17585 0.03327
0 0.3148 0.19556 0.18852 0.03439
0 0.3148 0.23869 0.21746 0.03611
0 0.3148 0.31684 0.16462 0.03362
0 0.3148 0.34326 0.20616 0.0381
0 0.3148 0.40584 0.17405 0.04372
0 0.3148 0.50475 0.1697 0.04022
0 0.3148 0.50545 0.16994 0.0365
0 0.3148 0.61592 0.21025 0.03788
0 0.3148 0.70077 0.19765 0.03296
0 0.3148 0.76353 0.17362 0.03677
0 0.3148 0.78990 0.21059 0.03977
0 0.3148 0.85979 0.19851 0.04362
0 0.3148 0.92395 0.17473 0.04357
0 0.3148 0.90370 0.21756 0.03381
0 0.3148 0.98020 0.20972 0.04113
0 0.52459 0.12304 0.17017 0.04228
0 0.52459 0.17004 0.16971 0.03275
0 0.52459 0.26203 0.20143 0.04195
0 0.52459 0.31262 0.19573 0.03807
0 0.52459 0.31608 0.18656 0.04218
0 0.52459 0.43214 0.21739 0.03774
0 0.52459 0.40618 0.22085 0.04044
0 0.52459 0.49844 0.19577 0.03507
0 0.52459 0.60843 0.19015 0.03291
0 0.52459 0.66395 0.19234 0.03698
0 0.52459 0.64603 0.1825 0.03986
0 0.52459 0.71719 0.16793 0.04133
0 0.52459 0.77213 0.20502 0.03229
0 0.52459 0.79211 0.19327 0.03899
0 0.52459 0.91971 0.21636 0.04042
0 0.52459 0.98342 0.1928 0.04307
0 0.73438 0.11322 0.1626 0.03479
0 0.73438 0.17203 0.17418 0.03464
0 0.73438 0.23589 0.19681 0.03953
0 0.73438 0.27828 0.17645 0.03268
0 0.73438 0.28506 0.21599 0.0353
0 0.73438 0.35964 0.19949 0.03542
0 0.73438 0.41084 0.16944 0.03802
0 0.73438 0.44575 0.18831 0.03596
0 0.73438 0.53694 0.18287 0.03392
0 0.73438 0.59383 0.1898 0.0377
0 0.73438 0.54522 0.20898 0.03251
0 0.73438 0.69039 0.19486 0.0433
0 0.73438 0.74908 0.1721 0.04025
0 0.73438 0.75927 0.16755 0.04156
0 0.73438 0.80668 0.16626 0.03878
0 0.73438 0.89207 0.16338 0.03418
0 0.90921 0.12780 0.17126 0.03621
0 0.90921 0.19757 0.18074 0.03825
0 0.90921 0.21956 0.16231 0.03816
0 0.90921 0.31787 0.1843 0.04012
0 0.90921 0.33719 0.2027 0.04171
0 0.90921 0.43160 0.16532 0.03351
0 0.90921 0.44935 0.19933 0.03637
0 0.90921 0.49505 0.1873 0.03514
0 0.90921 0.51446 0.1974 0.03455
0 0.90921 0.60048 0.19073 0.03286
0 0.90921 0.66905 0.20706 0.04359
0 0.90921 0.77540 0.219 0.03265
0 0.90921 0.75510 0.16805 0.03395
0 0.90921 0.88568 0.21373 0.04278
0 0.90921 0.80968 0.20647 0.0432
0 0.90921 0.98937 0.20606 0.04008