0 0.10501 0.14556 0.19753 0.03466
0 0.10501 0.20296 0.1955 0.03663
0 0.10501 0.22832 0.21164 0.03649
0 0.10501 0.26941 0.20238 0.0435
0 0.10501 0.34797 0.2176 0.03679
0 0.10501 0.39633 0.21033 0.03477
0 0.10501 0.44535 0.21338 0.03239
0 0.10501 0.52380 0.20923 0.04318
0 0.10501 0.59524 0.2057 0.03504
0 0.10501 0.64952 0.2041 0.03609
0 0.10501 0.60627 0.20224 0.03516
0 0.10501 0.70711 0.20266 0.04218
0 0.10501 0.81083 0.1627 0.03466
0 0.10501 0.83982 0.21565 0.03397
0 0.10501 0.82519 0.19382 0.04264
0 0.10501 0.86733 0.18008 0.03247
0 0.3148 0.15683 0.19437 0.03521
0 0.3148 0.19488 0.17186 0.04188
0 0.3148 0.26077 0.21279 0.04154
0 0.3148 0.35141 0.21928 0.03765
0 0.3148 0.36495 0.16402 0.03955
0 0.3148 0.46221 0.18457 0.03543
0 0.3148 0.49574 0.19713 0.03545
0 0.3148 0.58972 0.20656 0.0375
0 0.3148 0.56861 0.20786 0.03908
0 0.3148 0.62081 0.17671 0.04033
0 0.3148 0.69554 0.18633 0.03433
0 0.3148 0.85219 0.19424 0.03327
0 0.3148 0.88967 0.1777 0.03333
0 0.3148 0.94236 0.21479 0.04319
0 0.3148 0.92911 0.1689 0.03798
0 0.52459 0.13706 0.1837 0.03443
0 0.52459 0.18631 0.22059 0.03588
0 0.52459 0.23465 0.17598 0.03692
0 0.52459 0.31845 0.20498 0.03602
0 0.52459 0.35915 0.20448 0.04039
0 0.52459 0.36994 0.20527 0.04234
0 0.52459 0.48032 0.20295 0.04121
0 0.52459 0.52551 0.21345 0.03685
0 0.52459 0.54780 0.21763 0.03408
0 0.52459 0.55004 0.18358 0.03609
0 0.52459 0.64598 0.19575 0.03384
0 0.52459 0.75806 0.20151 0.03922
0 0.52459 0.74164 0.20044 0.03946
0 0.52459 0.75587 0.18915 0.03912
0 0.52459 0.82824 0.17475 0.04332
0 0.52459 0.85849 0.20243 0.04057
0 0.73438 0.11164 0.2094 0.03285
0 0.73438 0.17339 0.21641 0.03516
0 0.73438 0.22532 0.19549 0.04153
0 0.73438 0.28307 0.17984 0.0346
0 0.73438 0.31039 0.22011 0.04086
0 0.73438 0.35313 0.17021 0.03323
0 0.73438 0.44220 0.17684 0.04313
0 0.73438 0.48696 0.19582 0.04008
0 0.73438 0.48369 0.20891 0.03933
0 0.73438 0.52090 0.17135 0.0397
0 0.73438 0.65406 0.21106 0.03461
0 0.73438 0.66478 0.20895 0.03335
0 0.73438 0.67959 0.19211 0.03472
0 0.73438 0.69324 0.17784 0.03607
0 0.73438 0.75873 0.19667 0.03907
0 0.73438 0.87345 0.18874 0.04372
0 0.90921 0.12508 0.20015 0.03409
0 0.90921 0.16948 0.19736 0.03963
0 0.90921 0.22590 0.16548 0.03571
0 0.90921 0.31796 0.21009 0.03605
0 0.90921 0.34672 0.19599 0.04045
0 0.90921 0.35978 0.1763 0.03934
0 0.90921 0.44472 0.1926 0.0387
0 0.90921 0.53029 0.16621 0.03311
0 0.90921 0.56604 0.18706 0.04021
0 0.90921 0.61284 0.16344 0.03575
0 0.90921 0.63666 0.19867 0.03445
0 0.90921 0.66546 0.19606 0.04208
0 0.90921 0.82680 0.20774 0.03729
0 0.90921 0.87268 0.18274 0.04157
0 0.90921 0.92158 0.17629 0.04152
0 0.90921 0.99043 0.16703 0.03912