0 0.10198 0.13281 0.2343 0.04406
0 0.10631 0.18586 0.26041 0.04473
0 0.11352 0.23891 0.24495 0.0496
0 0.09505 0.29196 0.23365 0.05134
0 0.11367 0.34501 0.22607 0.04545
0 0.11474 0.39806 0.22981 0.05167
0 0.09984 0.45111 0.23721 0.04851
0 0.11028 0.50416 0.26407 0.04551
0 0.10279 0.55721 0.24222 0.05229
0 0.10024 0.61026 0.23236 0.05015
0 0.10321 0.66331 0.22468 0.05212
0 0.10086 0.71636 0.23056 0.04653
0 0.11504 0.76941 0.25305 0.05039
0 0.11451 0.82246 0.23469 0.04642
0 0.10809 0.87551 0.24423 0.04426
0 0.10323 0.92856 0.25576 0.04993
0 0.33172 0.14609 0.24267 0.0485
0 0.32713 0.20444 0.25357 0.04616
0 0.32361 0.26280 0.23409 0.04863
0 0.34574 0.32115 0.24616 0.04848
0 0.30243 0.37951 0.23004 0.05181
0 0.31729 0.43786 0.25651 0.04836
0 0.29401 0.49622 0.24556 0.05145
0 0.31473 0.55457 0.24716 0.05125
0 0.34587 0.61293 0.24483 0.05218
0 0.33404 0.67129 0.23004 0.0473
0 0.29381 0.72964 0.25109 0.05163
0 0.31339 0.78800 0.25565 0.04656
0 0.30913 0.84635 0.25005 0.04908
0 0.28558 0.90471 0.23614 0.04561
0 0.2973 0.96306 0.25485 0.05172
0 0.5134 0.13281 0.25883 0.0523
0 0.52264 0.18586 0.22319 0.04379
0 0.54496 0.23891 0.22189 0.05236
0 0.50727 0.29196 0.22232 0.04948
0 0.56244 0.34501 0.24205 0.04914
0 0.515 0.39806 0.25798 0.04753
0 0.51613 0.45111 0.26201 0.05121
0 0.4921 0.50416 0.22302 0.0467
0 0.52495 0.55721 0.23666 0.05231
0 0.55125 0.61026 0.25172 0.04424
0 0.57053 0.66331 0.2572 0.0452
0 0.55084 0.71636 0.22269 0.04568
0 0.48689 0.76941 0.22688 0.05092
0 0.51903 0.82246 0.2524 0.05179
0 0.50816 0.87551 0.25035 0.04837
0 0.53751 0.92856 0.23412 0.05125
0 0.67528 0.11953 0.24898 0.04507
0 0.7725 0.16727 0.24027 0.0449
0 0.77693 0.21502 0.26498 0.0477
0 0.66585 0.26276 0.23453 0.04519
0 0.7352 0.31051 0.22369 0.0492
0 0.69253 0.35825 0.25128 0.04969
0 0.73944 0.40600 0.25841 0.05145
0 0.7207 0.45374 0.22925 0.04971
0 0.69713 0.50149 0.24094 0.04736
0 0.78247 0.54923 0.26393 0.04468
0 0.66337 0.59698 0.24947 0.05172
0 0.66488 0.64472 0.25971 0.05064
0 0.73656 0.69247 0.23168 0.05231
0 0.78892 0.74021 0.2615 0.05056
0 0.75684 0.78796 0.24173 0.04561
0 0.72477 0.83571 0.26194 0.04702
0 0.8848 0.13281 0.22161 0.05244
0 0.86609 0.18586 0.24638 0.04791
0 0.84368 0.23891 0.24565 0.0438
0 0.97051 0.29196 0.24503 0.04631
0 0.91514 0.34501 0.22332 0.04787
0 0.95495 0.39806 0.23795 0.05232
0 0.88887 0.45111 0.25446 0.04419
0 0.96525 0.50416 0.26517 0.04732
0 0.84627 0.55721 0.22953 0.04983
0 0.87354 0.61026 0.23503 0.04394
0 0.95632 0.66331 0.2315 0.05006
0 0.87081 0.71636 0.2631 0.04571
0 0.94816 0.76941 0.23189 0.05249
0 0.89748 0.82246 0.24024 0.04638
0 0.92337 0.87551 0.26 0.04913
0 0.90063 0.92856 0.2516 0.05182