0 0.10501 0.13756 0.16556 0.04289
0 0.10501 0.19962 0.1819 0.03592
0 0.10501 0.24980 0.19078 0.03635
0 0.10501 0.26692 0.2201 0.04086
0 0.10501 0.33276 0.20827 0.04218
0 0.10501 0.37674 0.20986 0.03539
0 0.10501 0.48674 0.2191 0.03862
0 0.10501 0.52942 0.16271 0.03303
0 0.10501 0.53622 0.16437 0.03857
0 0.10501 0.58018 0.21675 0.04057
0 0.10501 0.72778 0.20814 0.04217
0 0.10501 0.77139 0.16869 0.04241
0 0.10501 0.70913 0.17342 0.03889
0 0.10501 0.90261 0.16729 0.04122
0 0.10501 0.80089 0.21258 0.03879
0 0.10501 0.86379 0.19061 0.04058
0 0.3148 0.13784 0.20187 0.03623
0 0.3148 0.20528 0.17208 0.03344
0 0.3148 0.26127 0.18249 0.03913
0 0.3148 0.32742 0.16568 0.04038
0 0.3148 0.35914 0.18824 0.03345
0 0.3148 0.45684 0.18994 0.04052
0 0.3148 0.54569 0.18302 0.04077
0 0.3148 0.53010 0.17717 0.04144
0 0.3148 0.63101 0.16615 0.03254
0 0.3148 0.62473 0.2043 0.04055
0 0.3148 0.65794 0.20112 0.03643
0 0.3148 0.81380 0.18569 0.03937
0 0.3148 0.93013 0.1887 0.04036
0 0.3148 0.94723 0.1669 0.0337
0 0.52459 0.14520 0.22043 0.03535
0 0.52459 0.20311 0.18728 0.04244
0 0.52459 0.25814 0.17533 0.039
0 0.52459 0.28968 0.18011 0.03264
0 0.52459 0.36650 0.21642 0.03799
0 0.52459 0.39386 0.19735 0.04335
0 0.52459 0.43284 0.19353 0.0356
0 0.52459 0.45702 0.17344 0.04092
0 0.52459 0.59018 0.18781 0.04234
0 0.52459 0.62857 0.21009 0.03322
0 0.52459 0.70828 0.16466 0.03786
0 0.52459 0.75431 0.20435 0.03572
0 0.52459 0.75918 0.17277 0.039
0 0.52459 0.77340 0.19451 0.0366
0 0.52459 0.83733 0.20544 0.03949
0 0.52459 0.91042 0.1666 0.04311
0 0.73438 0.13140 0.20717 0.04281
0 0.73438 0.16049 0.1926 0.0383
0 0.73438 0.20158 0.20654 0.03226
0 0.73438 0.26790 0.18391 0.0335
0 0.73438 0.34008 0.19126 0.03665
0 0.73438 0.34022 0.21461 0.03804
0 0.73438 0.43942 0.20833 0.03411
0 0.73438 0.47016 0.17532 0.03945
0 0.73438 0.46516 0.18515 0.04167
0 0.73438 0.59570 0.17421 0.03714
0 0.73438 0.63778 0.19851 0.04264
0 0.73438 0.69022 0.21517 0.04046
0 0.73438 0.66180 0.21145 0.03476
0 0.73438 0.75652 0.1993 0.0421
0 0.73438 0.86502 0.18083 0.03626
0 0.73438 0.85451 0.22001 0.03636
0 0.90921 0.14245 0.17337 0.04
0 0.90921 0.17860 0.17724 0.03988
0 0.90921 0.25086 0.21763 0.03479
0 0.90921 0.29278 0.1666 0.04186
0 0.90921 0.33066 0.17639 0.04187
0 0.90921 0.38078 0.20628 0.04243
0 0.90921 0.48738 0.17959 0.04084
0 0.90921 0.48909 0.20863 0.03605
0 0.90921 0.56825 0.19939 0.03454
0 0.90921 0.64802 0.20007 0.03688
0 0.90921 0.62406 0.17867 0.04261
0 0.90921 0.78764 0.17175 0.04104
0 0.90921 0.71073 0.17462 0.03708
0 0.90921 0.80007 0.20194 0.04359
0 0.90921 0.85604 0.21045 0.04145
0 0.90921 0.91005 0.19458 0.03402