0 0.10501 0.12183 0.19759 0.04029
0 0.10501 0.16935 0.19647 0.03932
0 0.10501 0.22745 0.20706 0.03728
0 0.10501 0.30955 0.16487 0.0367
0 0.10501 0.35484 0.21609 0.03462
0 0.10501 0.38179 0.16413 0.03365
0 0.10501 0.42259 0.19688 0.03436
0 0.10501 0.52391 0.17618 0.03822
0 0.10501 0.56500 0.16487 0.03302
0 0.10501 0.59717 0.21591 0.03797
0 0.10501 0.66494 0.21351 0.03242
0 0.10501 0.72130 0.21333 0.04236
0 0.10501 0.79208 0.17753 0.03533
0 0.10501 0.83121 0.19585 0.03667
0 0.10501 0.83632 0.20266 0.0437
0 0.10501 0.85480 0.19997 0.03677
0 0.3148 0.13576 0.20398 0.03758
0 0.3148 0.22049 0.16291 0.03224
0 0.3148 0.25635 0.17687 0.03751
0 0.3148 0.32574 0.18509 0.0369
0 0.3148 0.35522 0.20608 0.0386
0 0.3148 0.39625 0.17769 0.03953
0 0.3148 0.49572 0.17945 0.03907
0 0.3148 0.52549 0.18192 0.03958
0 0.3148 0.56259 0.18941 0.03874
0 0.3148 0.72267 0.17621 0.04164
0 0.3148 0.79613 0.18154 0.03656
0 0.3148 0.78674 0.17457 0.04296
0 0.3148 0.90439 0.21871 0.0424
0 0.3148 0.92486 0.18298 0.03485
0 0.3148 0.88187 0.17333 0.03783
0 0.52459 0.12817 0.16604 0.03967
0 0.52459 0.18389 0.20914 0.03518
0 0.52459 0.26214 0.19743 0.03289
0 0.52459 0.29358 0.20863 0.04297
0 0.52459 0.33233 0.19402 0.03386
0 0.52459 0.36429 0.21557 0.03897
0 0.52459 0.42209 0.16828 0.03213
0 0.52459 0.46234 0.19944 0.03556
0 0.52459 0.52469 0.2153 0.03328
0 0.52459 0.58653 0.16954 0.03907
0 0.52459 0.70641 0.18427 0.03354
0 0.52459 0.67938 0.2057 0.03613
0 0.52459 0.80124 0.2045 0.03804
0 0.52459 0.86848 0.16958 0.04175
0 0.52459 0.80225 0.20397 0.03615
0 0.52459 0.94997 0.16277 0.03458
0 0.73438 0.12384 0.17269 0.03716
0 0.73438 0.16731 0.17095 0.04316
0 0.73438 0.21475 0.21503 0.04302
0 0.73438 0.26531 0.17287 0.03709
0 0.73438 0.31362 0.18556 0.03651
0 0.73438 0.34469 0.21235 0.03893
0 0.73438 0.43033 0.21734 0.03959
0 0.73438 0.44787 0.21699 0.03373
0 0.73438 0.53630 0.18604 0.04271
0 0.73438 0.58443 0.20904 0.03828
0 0.73438 0.54176 0.21673 0.03225
0 0.73438 0.65219 0.21355 0.03618
0 0.73438 0.64143 0.20818 0.03721
0 0.73438 0.70794 0.21603 0.0411
0 0.73438 0.83316 0.19796 0.04348
0 0.73438 0.84682 0.19675 0.03788
0 0.90921 0.12649 0.17005 0.03799
0 0.90921 0.17033 0.1796 0.03831
0 0.90921 0.23764 0.18307 0.03494
0 0.90921 0.30079 0.19626 0.03283
0 0.90921 0.33116 0.17953 0.04111
0 0.90921 0.35925 0.16818 0.04252
0 0.90921 0.49487 0.19931 0.04277
0 0.90921 0.51619 0.18714 0.04137
0 0.90921 0.58336 0.20129 0.04037
0 0.90921 0.58373 0.16321 0.03341
0 0.90921 0.64313 0.21525 0.03741
0 0.90921 0.77364 0.19585 0.03689
0 0.90921 0.79154 0.22072 0.03962
0 0.90921 0.86628 0.18502 0.03923
0 0.90921 0.78930 0.17863 0.03601
0 0.90921 0.85039 0.19715 0.04152