0 0.1142 0.13281 0.2513 0.04461
0 0.09591 0.18586 0.26181 0.04705
0 0.10541 0.23891 0.23653 0.04546
0 0.10634 0.29196 0.22941 0.04759
0 0.10615 0.34501 0.25573 0.05031
0 0.09762 0.39806 0.2569 0.04707
0 0.10454 0.45111 0.22209 0.04879
0 0.09548 0.50416 0.23716 0.05247
0 0.09997 0.55721 0.24215 0.04695
0 0.09509 0.61026 0.2432 0.04431
0 0.09455 0.66331 0.24831 0.04436
0 0.107 0.71636 0.24179 0.05053
0 0.11255 0.76941 0.26128 0.04488
0 0.10089 0.82246 0.22372 0.04971
0 0.10619 0.87551 0.22928 0.05144
0 0.1008 0.92856 0.23812 0.05163
0 0.31177 0.14609 0.26214 0.04957
0 0.29534 0.20444 0.26479 0.049
0 0.34596 0.26280 0.25385 0.0483
0 0.32462 0.32115 0.23481 0.04583
0 0.34519 0.37951 0.25725 0.04976
0 0.30623 0.43786 0.26423 0.04474
0 0.298 0.49622 0.22668 0.04636
0 0.29226 0.55457 0.2306 0.04589
0 0.30879 0.61293 0.26234 0.0473
0 0.32356 0.67129 0.22689 0.04475
0 0.32436 0.72964 0.22745 0.05232
0 0.29084 0.78800 0.24563 0.05077
0 0.32505 0.84635 0.23226 0.04394
0 0.29882 0.90471 0.22336 0.05209
0 0.33925 0.96306 0.25253 0.04781
0 0.49126 0.13281 0.24405 0.04494
0 0.49584 0.18586 0.23042 0.04405
0 0.53793 0.23891 0.25847 0.04848
0 0.52974 0.29196 0.23294 0.0455
0 0.4995 0.34501 0.22856 0.04946
0 0.52592 0.39806 0.23582 0.05226
0 0.56759 0.45111 0.25083 0.04624
0 0.55363 0.50416 0.23957 0.04686
0 0.57047 0.55721 0.25335 0.04799
0 0.49526 0.61026 0.23932 0.04719
0 0.48541 0.66331 0.23792 0.05215
0 0.53823 0.71636 0.23629 0.0489
0 0.502 0.76941 0.24921 0.04755
0 0.4933 0.82246 0.23694 0.04589
0 0.48406 0.87551 0.25478 0.04579
0 0.52999 0.92856 0.22685 0.04566
0 0.80621 0.11953 0.22129 0.05006
0 0.74789 0.16727 0.23997 0.04466
0 0.73056 0.21502 0.25253 0.04534
0 0.80308 0.26276 0.22972 0.04736
0 0.77034 0.31051 0.22971 0.04569
0 0.66861 0.35825 0.24736 0.04463
0 0.78362 0.40600 0.24925 0.04526
0 0.71268 0.45374 0.26384 0.04458
0 0.80127 0.50149 0.251 0.0503
0 0.75962 0.54923 0.2302 0.04676
0 0.68109 0.59698 0.22317 0.04804
0 0.75261 0.64472 0.26104 0.04793
0 0.66114 0.69247 0.24896 0.0479
0 0.74665 0.74021 0.26193 0.04491
0 0.68382 0.78796 0.22555 0.04672
0 0.71868 0.83571 0.2429 0.04913
0 0.86152 0.13281 0.24165 0.04611
0 0.96537 0.18586 0.22426 0.05085
0 0.94501 0.23891 0.26158 0.04922
0 0.86092 0.29196 0.22967 0.05023
0 0.95576 0.34501 0.23486 0.04741
0 0.98212 0.39806 0.22346 0.0502
0 0.99061 0.45111 0.26438 0.04703
0 0.87273 0.50416 0.22561 0.05044
0 0.98016 0.55721 0.25175 0.04513
0 0.82243 0.61026 0.22919 0.05211
0 0.97062 0.66331 0.23894 0.05194
0 0.92051 0.71636 0.22705 0.05239
0 0.91675 0.76941 0.22867 0.05024
0 0.85986 0.82246 0.24106 0.04799
0 0.94328 0.87551 0.26337 0.04424
0 0.82431 0.92856 0.24212 0.0478