0 0.10594 0.13281 0.23147 0.04733
0 0.10851 0.18586 0.23443 0.04903
0 0.11194 0.23891 0.24983 0.05093
0 0.11081 0.29196 0.25429 0.05187
0 0.10584 0.34501 0.26467 0.05237
0 0.1111 0.39806 0.22172 0.05191
0 0.11219 0.45111 0.25311 0.04922
0 0.10107 0.50416 0.22197 0.0457
0 0.11197 0.55721 0.23242 0.0471
0 0.10414 0.61026 0.25743 0.04535
0 0.11138 0.66331 0.23983 0.04772
0 0.10041 0.71636 0.25566 0.04432
0 0.10928 0.76941 0.2594 0.04761
0 0.10117 0.82246 0.22406 0.05178
0 0.11158 0.87551 0.22324 0.04566
0 0.10973 0.92856 0.24968 0.05088
0 0.31413 0.14609 0.25593 0.04526
0 0.30288 0.20444 0.2362 0.04606
0 0.3448 0.26280 0.26332 0.0479
0 0.31412 0.32115 0.25278 0.04574
0 0.30378 0.37951 0.23641 0.05057
0 0.33675 0.43786 0.23442 0.04911
0 0.32803 0.49622 0.22269 0.04414
0 0.34104 0.55457 0.26114 0.04848
0 0.30942 0.61293 0.26418 0.04423
0 0.30305 0.67129 0.22299 0.04998
0 0.29183 0.72964 0.24626 0.04815
0 0.32854 0.78800 0.23242 0.04509
0 0.31452 0.84635 0.24499 0.04408
0 0.33201 0.90471 0.25099 0.04753
0 0.32938 0.96306 0.2534 0.04936
0 0.57079 0.13281 0.25966 0.04706
0 0.56094 0.18586 0.26511 0.05223
0 0.51257 0.23891 0.26085 0.04531
0 0.55649 0.29196 0.24138 0.04694
0 0.47387 0.34501 0.25137 0.04713
0 0.54911 0.39806 0.22979 0.05076
0 0.54715 0.45111 0.26071 0.04637
0 0.5769 0.50416 0.25401 0.04649
0 0.53491 0.55721 0.22323 0.04917
0 0.52571 0.61026 0.22284 0.04635
0 0.53584 0.66331 0.23373 0.05137
0 0.48266 0.71636 0.25263 0.04816
0 0.52803 0.76941 0.22214 0.04576
0 0.53464 0.82246 0.25384 0.05025
0 0.5579 0.87551 0.2329 0.04784
0 0.56638 0.92856 0.23349 0.05066
0 0.66158 0.11953 0.25718 0.04985
0 0.78734 0.16727 0.24684 0.05018
0 0.72013 0.21502 0.24498 0.05119
0 0.79309 0.26276 0.26041 0.05108
0 0.6731 0.31051 0.25607 0.04782
0 0.75562 0.35825 0.25094 0.04409
0 0.77231 0.40600 0.23901 0.04413
0 0.69957 0.45374 0.23437 0.05066
0 0.75397 0.50149 0.23144 0.04446
0 0.68383 0.54923 0.22606 0.04983
0 0.71846 0.59698 0.25011 0.04932
0 0.68534 0.64472 0.25017 0.05115
0 0.80114 0.69247 0.23938 0.05061
0 0.78565 0.74021 0.26316 0.04544
0 0.70909 0.78796 0.25909 0.04731
0 0.79362 0.83571 0.23486 0.05252
0 0.89221 0.13281 0.26081 0.046
0 0.98932 0.18586 0.23923 0.04698
0 0.91801 0.23891 0.22563 0.05011
0 0.83728 0.29196 0.2333 0.05004
0 0.82457 0.34501 0.26463 0.04731
0 0.95254 0.39806 0.22793 0.04639
0 0.87727 0.45111 0.25996 0.05027
0 0.94099 0.50416 0.25972 0.05127
0 0.96869 0.55721 0.22309 0.0443
0 0.87779 0.61026 0.25156 0.04541
0 0.95527 0.66331 0.22933 0.04614
0 0.90178 0.71636 0.26485 0.04494
0 0.96218 0.76941 0.26503 0.0473
0 0.87532 0.82246 0.23949 0.04725
0 0.96429 0.87551 0.24652 0.04423
0 0.91654 0.92856 0.22425 0.04649