0 0.10501 0.11981 0.18183 0.03701
0 0.10501 0.18363 0.19171 0.04122
0 0.10501 0.21863 0.20764 0.03366
0 0.10501 0.28573 0.21489 0.04317
0 0.10501 0.34420 0.21437 0.03638
0 0.10501 0.36673 0.20735 0.04132
0 0.10501 0.48212 0.21806 0.03738
0 0.10501 0.45981 0.18204 0.04121
0 0.10501 0.51400 0.18495 0.04204
0 0.10501 0.63566 0.21934 0.04
0 0.10501 0.65893 0.17039 0.03649
0 0.10501 0.65375 0.19408 0.04271
0 0.10501 0.76798 0.20461 0.03686
0 0.10501 0.88457 0.20391 0.03603
0 0.10501 0.79448 0.18793 0.03897
0 0.10501 0.84836 0.19907 0.03551
0 0.3148 0.14465 0.20531 0.04066
0 0.3148 0.19884 0.16665 0.03907
0 0.3148 0.27807 0.17801 0.03432
0 0.3148 0.31036 0.17624 0.03909
0 0.3148 0.35146 0.18113 0.04226
0 0.3148 0.45809 0.21813 0.04116
0 0.3148 0.52453 0.1953 0.03703
0 0.3148 0.52911 0.18309 0.03217
0 0.3148 0.66271 0.16265 0.03271
0 0.3148 0.60911 0.20256 0.03691
0 0.3148 0.70800 0.18601 0.04105
0 0.3148 0.78068 0.21466 0.04369
0 0.3148 0.82159 0.17636 0.03221
0 0.3148 0.85048 0.20029 0.03773
0 0.3148 0.93405 0.20727 0.03393
0 0.52459 0.12490 0.20062 0.03854
0 0.52459 0.18810 0.18703 0.03842
0 0.52459 0.22943 0.18347 0.03754
0 0.52459 0.28622 0.17961 0.04244
0 0.52459 0.31837 0.16327 0.03882
0 0.52459 0.37624 0.20797 0.04045
0 0.52459 0.40687 0.19317 0.03266
0 0.52459 0.50908 0.19344 0.03942
0 0.52459 0.51946 0.19702 0.03774
0 0.52459 0.62907 0.1786 0.04086
0 0.52459 0.67315 0.1846 0.03969
0 0.52459 0.78724 0.20578 0.03245
0 0.52459 0.74482 0.19685 0.03985
0 0.52459 0.81003 0.20722 0.03401
0 0.52459 0.84206 0.17164 0.04262
0 0.52459 0.96319 0.19215 0.03603
0 0.73438 0.10856 0.20023 0.03747
0 0.73438 0.15880 0.18341 0.04159
0 0.73438 0.20032 0.18699 0.03227
0 0.73438 0.24415 0.20068 0.03357
0 0.73438 0.29358 0.21493 0.03883
0 0.73438 0.37819 0.21463 0.03456
0 0.73438 0.41149 0.20117 0.04084
0 0.73438 0.46392 0.20245 0.04254
0 0.73438 0.53890 0.20417 0.0354
0 0.73438 0.55412 0.18243 0.04057
0 0.73438 0.54522 0.19787 0.03692
0 0.73438 0.60083 0.20674 0.03712
0 0.73438 0.73756 0.17718 0.04068
0 0.73438 0.71185 0.17942 0.03746
0 0.73438 0.76606 0.18488 0.03876
0 0.73438 0.84475 0.16694 0.03906
0 0.90921 0.14503 0.17287 0.0376
0 0.90921 0.17883 0.20258 0.03619
0 0.90921 0.24809 0.19248 0.04191
0 0.90921 0.30657 0.16256 0.03681
0 0.90921 0.31714 0.19242 0.03316
0 0.90921 0.42489 0.21364 0.04051
0 0.90921 0.42947 0.18486 0.04003
0 0.90921 0.51625 0.18159 0.03806
0 0.90921 0.54034 0.16447 0.03864
0 0.90921 0.64639 0.16836 0.04145
0 0.90921 0.67532 0.21641 0.03474
0 0.90921 0.65155 0.16769 0.03907
0 0.90921 0.78671 0.18955 0.04046
0 0.90921 0.84050 0.20812 0.03785
0 0.90921 0.85292 0.18055 0.03239
0 0.90921 0.98884 0.19566 0.03842