0 0.10501 0.12979 0.18306 0.03896
0 0.10501 0.20342 0.17087 0.0366
0 0.10501 0.21632 0.20971 0.04145
0 0.10501 0.31296 0.22015 0.03445
0 0.10501 0.31635 0.20343 0.0325
0 0.10501 0.41047 0.20223 0.03849
0 0.10501 0.41698 0.17776 0.03672
0 0.10501 0.54838 0.20628 0.04092
0 0.10501 0.51470 0.20024 0.03634
0 0.10501 0.65280 0.2095 0.03859
0 0.10501 0.67768 0.20345 0.03516
0 0.10501 0.72285 0.16338 0.03262
0 0.10501 0.81107 0.18132 0.03743
0 0.10501 0.75544 0.22035 0.03619
0 0.10501 0.88498 0.19764 0.03652
0 0.10501 0.87955 0.17777 0.03572
0 0.3148 0.13670 0.21407 0.03925
0 0.3148 0.19431 0.20515 0.03387
0 0.3148 0.28231 0.17178 0.0423
0 0.3148 0.29057 0.21029 0.04317
0 0.3148 0.35676 0.17746 0.03544
0 0.3148 0.40273 0.18165 0.04162
0 0.3148 0.52064 0.20156 0.04325
0 0.3148 0.55188 0.17117 0.03594
0 0.3148 0.61410 0.18444 0.03936
0 0.3148 0.71008 0.20801 0.03241
0 0.3148 0.71175 0.19124 0.04193
0 0.3148 0.78271 0.18349 0.03918
0 0.3148 0.80776 0.17659 0.03626
0 0.3148 0.88122 0.2212 0.03302
0 0.3148 0.93187 0.18501 0.03446
0 0.52459 0.12899 0.19727 0.03763
0 0.52459 0.19008 0.16769 0.0426
0 0.52459 0.24814 0.1743 0.03486
0 0.52459 0.31178 0.17675 0.03652
0 0.52459 0.31724 0.2127 0.04068
0 0.52459 0.43742 0.19622 0.03822
0 0.52459 0.41221 0.20869 0.04298
0 0.52459 0.48826 0.17148 0.04106
0 0.52459 0.53158 0.19299 0.04284
0 0.52459 0.66201 0.18128 0.04154
0 0.52459 0.62715 0.18187 0.03722
0 0.52459 0.64867 0.21013 0.04022
0 0.52459 0.69264 0.20569 0.03363
0 0.52459 0.87111 0.20269 0.04283
0 0.52459 0.84920 0.18073 0.03565
0 0.52459 0.91960 0.17128 0.03451
0 0.73438 0.11590 0.16706 0.03893
0 0.73438 0.17993 0.17353 0.03334
0 0.73438 0.20499 0.20465 0.03615
0 0.73438 0.25879 0.20057 0.03722
0 0.73438 0.28134 0.16844 0.03545
0 0.73438 0.36981 0.17406 0.0431
0 0.73438 0.36596 0.18232 0.03884
0 0.73438 0.49833 0.16232 0.04227
0 0.73438 0.47347 0.17919 0.03502
0 0.73438 0.51783 0.16512 0.03992
0 0.73438 0.54535 0.20296 0.04161
0 0.73438 0.68841 0.20058 0.03224
0 0.73438 0.73028 0.19875 0.04001
0 0.73438 0.75113 0.17328 0.03438
0 0.73438 0.74335 0.19454 0.03291
0 0.73438 0.83006 0.18076 0.03937
0 0.90921 0.14216 0.20939 0.03852
0 0.90921 0.17562 0.17276 0.04175
0 0.90921 0.22105 0.18245 0.03352
0 0.90921 0.30484 0.2027 0.03327
0 0.90921 0.35366 0.20236 0.03888
0 0.90921 0.39931 0.2036 0.04288
0 0.90921 0.47120 0.17806 0.04141
0 0.90921 0.53040 0.19126 0.03337
0 0.90921 0.56329 0.17967 0.03434
0 0.90921 0.56852 0.20213 0.04258
0 0.90921 0.62074 0.16716 0.04347
0 0.90921 0.70214 0.17258 0.03777
0 0.90921 0.76984 0.21357 0.03713
0 0.90921 0.79492 0.17637 0.03317
0 0.90921 0.91250 0.19397 0.04165