0 0.10501 0.13183 0.21544 0.03585
0 0.10501 0.17598 0.21702 0.04076
0 0.10501 0.22451 0.21406 0.03924
0 0.10501 0.26985 0.21909 0.04214
0 0.10501 0.32070 0.18807 0.03795
0 0.10501 0.37209 0.19006 0.03319
0 0.10501 0.43005 0.18186 0.04174
0 0.10501 0.52666 0.21966 0.03742
0 0.10501 0.61118 0.17232 0.03237
0 0.10501 0.58171 0.22014 0.03794
0 0.10501 0.66680 0.16319 0.03576
0 0.10501 0.66205 0.22128 0.03971
0 0.10501 0.73114 0.18588 0.04306
0 0.10501 0.82751 0.16735 0.04016
0 0.10501 0.90846 0.187 0.03631
0 0.10501 0.92696 0.18638 0.03677
0 0.3148 0.14791 0.21585 0.04314
0 0.3148 0.21109 0.16969 0.03721
0 0.3148 0.23753 0.18088 0.04219
0 0.3148 0.30785 0.21037 0.03634
0 0.3148 0.39061 0.18857 0.04312
0 0.3148 0.41976 0.18625 0.03653
0 0.3148 0.52022 0.17907 0.04375
0 0.3148 0.60176 0.17513 0.03452
0 0.3148 0.57054 0.18494 0.03325
0 0.3148 0.63666 0.17888 0.0356
0 0.3148 0.67480 0.18525 0.04337
0 0.3148 0.80596 0.19785 0.03504
0 0.3148 0.85687 0.17864 0.03554
0 0.3148 0.98816 0.18917 0.03444
0 0.3148 0.90848 0.16331 0.0393
0 0.3148 0.99718 0.16864 0.03582
0 0.52459 0.12335 0.17669 0.03211
0 0.52459 0.16829 0.19654 0.0403
0 0.52459 0.23837 0.20027 0.03912
0 0.52459 0.27657 0.18855 0.04141
0 0.52459 0.33086 0.21739 0.04078
0 0.52459 0.40855 0.16743 0.04045
0 0.52459 0.41275 0.2035 0.04246
0 0.52459 0.50425 0.16247 0.03421
0 0.52459 0.58433 0.21368 0.04347
0 0.52459 0.57815 0.18685 0.03918
0 0.52459 0.69973 0.19094 0.03813
0 0.52459 0.68714 0.21989 0.03288
0 0.52459 0.71082 0.16646 0.03495
0 0.52459 0.74519 0.20888 0.03882
0 0.52459 0.96244 0.17229 0.03797
0 0.52459 0.87259 0.20673 0.03305
0 0.73438 0.12881 0.2069 0.03846
0 0.73438 0.17776 0.21932 0.03321
0 0.73438 0.21442 0.16725 0.03799
0 0.73438 0.27275 0.17391 0.03503
0 0.73438 0.31503 0.17622 0.03918
0 0.73438 0.38057 0.17687 0.04136
0 0.73438 0.37824 0.16778 0.04225
0 0.73438 0.49175 0.20339 0.04235
0 0.73438 0.50350 0.21577 0.04079
0 0.73438 0.54031 0.17404 0.03328
0 0.73438 0.56380 0.17506 0.04148
0 0.73438 0.65545 0.20409 0.0396
0 0.73438 0.69016 0.18691 0.04242
0 0.73438 0.70832 0.20987 0.03825
0 0.73438 0.77056 0.1765 0.03598
0 0.73438 0.82712 0.21292 0.03884
0 0.90921 0.12489 0.17381 0.03603
0 0.90921 0.16940 0.2065 0.03221
0 0.90921 0.23527 0.18865 0.03992
0 0.90921 0.30568 0.20882 0.03519
0 0.90921 0.31280 0.16944 0.03655
0 0.90921 0.38532 0.20557 0.03557
0 0.90921 0.46234 0.18272 0.03271
0 0.90921 0.46667 0.19567 0.03682
0 0.90921 0.59056 0.1743 0.03239
0 0.90921 0.58431 0.16809 0.0385
0 0.90921 0.65373 0.1664 0.03222
0 0.90921 0.78396 0.16334 0.04225
0 0.90921 0.71247 0.16693 0.03502
0 0.90921 0.80633 0.21422 0.03902
0 0.90921 0.95871 0.16244 0.04171