0 0.10501 0.14231 0.21357 0.04028
0 0.10501 0.19002 0.19044 0.04249
0 0.10501 0.21875 0.21805 0.03334
0 0.10501 0.30039 0.18382 0.03253
0 0.10501 0.32473 0.19119 0.03574
0 0.10501 0.41493 0.21936 0.03283
0 0.10501 0.41821 0.17518 0.03527
0 0.10501 0.53145 0.19671 0.04223
0 0.10501 0.60471 0.18664 0.03274
0 0.10501 0.55905 0.22042 0.03992
0 0.10501 0.66569 0.17493 0.03596
0 0.10501 0.66374 0.21074 0.04076
0 0.10501 0.70552 0.19993 0.03751
0 0.10501 0.74181 0.21477 0.04209
0 0.10501 0.90503 0.18912 0.04299
0 0.10501 0.95444 0.19763 0.04044
0 0.3148 0.14966 0.17853 0.03977
0 0.3148 0.20350 0.2149 0.03451
0 0.3148 0.24063 0.21158 0.03953
0 0.3148 0.28949 0.17076 0.0338
0 0.3148 0.40824 0.16538 0.03505
0 0.3148 0.41138 0.20463 0.0371
0 0.3148 0.53512 0.1751 0.03452
0 0.3148 0.50374 0.16558 0.03749
0 0.3148 0.60113 0.19021 0.03783
0 0.3148 0.62714 0.18188 0.03756
0 0.3148 0.76205 0.20118 0.03341
0 0.3148 0.84887 0.19591 0.0352
0 0.3148 0.81554 0.19987 0.04032
0 0.3148 0.97552 0.18219 0.03363
0 0.52459 0.12327 0.22021 0.03643
0 0.52459 0.19470 0.18741 0.03823
0 0.52459 0.21700 0.16456 0.03406
0 0.52459 0.27604 0.163 0.03683
0 0.52459 0.31713 0.19345 0.03284
0 0.52459 0.37842 0.20064 0.04352
0 0.52459 0.45356 0.17511 0.03529
0 0.52459 0.48173 0.1987 0.04214
0 0.52459 0.54342 0.20007 0.03595
0 0.52459 0.62586 0.21219 0.04227
0 0.52459 0.63766 0.17605 0.04259
0 0.52459 0.72886 0.17699 0.03231
0 0.52459 0.79636 0.20651 0.04024
0 0.52459 0.77628 0.2053 0.04254
0 0.52459 0.80334 0.19895 0.033
0 0.52459 0.99453 0.18039 0.03924
0 0.73438 0.11306 0.17219 0.03795
0 0.73438 0.16606 0.21882 0.03707
0 0.73438 0.23480 0.1901 0.03592
0 0.73438 0.26228 0.16405 0.03551
0 0.73438 0.33872 0.21787 0.03485
0 0.73438 0.37745 0.21553 0.0434
0 0.73438 0.41406 0.21684 0.04028
0 0.73438 0.41444 0.16493 0.035
0 0.73438 0.48219 0.2025 0.03232
0 0.73438 0.55942 0.20037 0.03227
0 0.73438 0.60178 0.18277 0.0328
0 0.73438 0.59366 0.21138 0.03593
0 0.73438 0.64889 0.21056 0.04092
0 0.73438 0.68466 0.20287 0.04258
0 0.73438 0.71535 0.2119 0.03215
0 0.73438 0.82576 0.20689 0.03813
0 0.90921 0.13354 0.22047 0.0437
0 0.90921 0.20357 0.1983 0.03756
0 0.90921 0.25567 0.1726 0.03645
0 0.90921 0.26540 0.19718 0.04101
0 0.90921 0.35313 0.21718 0.03332
0 0.90921 0.36994 0.18807 0.03803
0 0.90921 0.46939 0.20774 0.03593
0 0.90921 0.48230 0.18602 0.03946
0 0.90921 0.51976 0.21135 0.03406
0 0.90921 0.58720 0.20661 0.03255
0 0.90921 0.63401 0.20159 0.03897
0 0.90921 0.65324 0.18172 0.04174
0 0.90921 0.70071 0.19821 0.04193
0 0.90921 0.83434 0.20724 0.03345
0 0.90921 0.85942 0.21295 0.03871
0 0.90921 0.96696 0.18832 0.04227