0 0.10501 0.14084 0.17786 0.04172
0 0.10501 0.19028 0.19423 0.0384
0 0.10501 0.26008 0.20097 0.03686
0 0.10501 0.31938 0.16954 0.04258
0 0.10501 0.36547 0.16314 0.04176
0 0.10501 0.40901 0.21852 0.03616
0 0.10501 0.45274 0.21023 0.03224
0 0.10501 0.48945 0.18905 0.03838
0 0.10501 0.53925 0.16442 0.04187
0 0.10501 0.59391 0.19406 0.03346
0 0.10501 0.69102 0.21928 0.03542
0 0.10501 0.73645 0.21306 0.04223
0 0.10501 0.70480 0.17095 0.04073
0 0.10501 0.83748 0.19867 0.04031
0 0.10501 0.92504 0.18614 0.03228
0 0.10501 0.95601 0.17872 0.03245
0 0.3148 0.15444 0.17807 0.03812
0 0.3148 0.18867 0.17212 0.03454
0 0.3148 0.24244 0.18453 0.03607
0 0.3148 0.32829 0.21953 0.0397
0 0.3148 0.36214 0.17308 0.04335
0 0.3148 0.46120 0.2137 0.0382
0 0.3148 0.52081 0.18125 0.0397
0 0.3148 0.53899 0.20028 0.04075
0 0.3148 0.56969 0.17938 0.03736
0 0.3148 0.73739 0.19472 0.04263
0 0.3148 0.69651 0.19725 0.04002
0 0.3148 0.73658 0.1755 0.03306
0 0.3148 0.80694 0.19155 0.03698
0 0.3148 0.85688 0.18197 0.03304
0 0.52459 0.12143 0.18142 0.03662
0 0.52459 0.17411 0.16585 0.03701
0 0.52459 0.23512 0.17372 0.03296
0 0.52459 0.28595 0.21837 0.03438
0 0.52459 0.36945 0.18161 0.04191
0 0.52459 0.37323 0.17072 0.04201
0 0.52459 0.45876 0.18295 0.04031
0 0.52459 0.50190 0.20483 0.03913
0 0.52459 0.59485 0.18911 0.04183
0 0.52459 0.57119 0.16848 0.03961
0 0.52459 0.64221 0.18024 0.04046
0 0.52459 0.64758 0.1943 0.04031
0 0.52459 0.80339 0.18805 0.03714
0 0.52459 0.86323 0.2062 0.03631
0 0.52459 0.90486 0.21507 0.03256
0 0.52459 0.89454 0.19059 0.04294
0 0.73438 0.11404 0.20463 0.0427
0 0.73438 0.16426 0.21708 0.03635
0 0.73438 0.20394 0.16249 0.037
0 0.73438 0.24020 0.18162 0.03946
0 0.73438 0.32770 0.1698 0.03236
0 0.73438 0.35507 0.17979 0.04372
0 0.73438 0.36866 0.17316 0.04047
0 0.73438 0.45763 0.18311 0.04119
0 0.73438 0.51521 0.19045 0.04341
0 0.73438 0.54182 0.19164 0.03948
0 0.73438 0.58100 0.2166 0.03454
0 0.73438 0.68045 0.21009 0.04249
0 0.73438 0.63500 0.1665 0.04257
0 0.73438 0.70417 0.16364 0.04198
0 0.73438 0.73486 0.16996 0.03288
0 0.73438 0.91514 0.21229 0.04131
0 0.90921 0.11959 0.17551 0.03664
0 0.90921 0.17938 0.16708 0.0402
0 0.90921 0.25377 0.20672 0.04148
0 0.90921 0.27821 0.21347 0.03295
0 0.90921 0.32582 0.16595 0.04119
0 0.90921 0.41484 0.16561 0.04299
0 0.90921 0.45259 0.17799 0.04098
0 0.90921 0.47371 0.18722 0.03555
0 0.90921 0.54826 0.17667 0.03631
0 0.90921 0.61822 0.2038 0.04237
0 0.90921 0.63748 0.17489 0.03675
0 0.90921 0.75765 0.17189 0.04051
0 0.90921 0.77181 0.17657 0.03532
0 0.90921 0.84693 0.17546 0.03687
0 0.90921 0.85630 0.21142 0.03753
0 0.90921 0.92730 0.16609 0.04096