0 0.10501 0.13029 0.17754 0.03825
0 0.10501 0.19520 0.17407 0.0367
0 0.10501 0.25730 0.22118 0.03505
0 0.10501 0.30681 0.19441 0.03862
0 0.10501 0.35931 0.17657 0.03493
0 0.10501 0.41880 0.16528 0.03562
0 0.10501 0.43168 0.19884 0.04017
0 0.10501 0.46055 0.19359 0.03483
0 0.10501 0.52753 0.21572 0.03659
0 0.10501 0.61472 0.20255 0.03909
0 0.10501 0.60724 0.20241 0.04144
0 0.10501 0.76185 0.17595 0.03281
0 0.10501 0.84424 0.19126 0.03235
0 0.10501 0.83303 0.20403 0.03973
0 0.10501 0.82290 0.20707 0.04163
0 0.10501 0.90922 0.18694 0.04298
0 0.3148 0.14655 0.16377 0.04012
0 0.3148 0.22114 0.2177 0.04323
0 0.3148 0.27395 0.17288 0.03263
0 0.3148 0.33531 0.21569 0.0334
0 0.3148 0.36962 0.22006 0.03889
0 0.3148 0.41291 0.17481 0.03623
0 0.3148 0.53143 0.16275 0.03937
0 0.3148 0.53348 0.20407 0.03536
0 0.3148 0.66734 0.176 0.03827
0 0.3148 0.60964 0.1885 0.03535
0 0.3148 0.73812 0.18345 0.03285
0 0.3148 0.76329 0.18452 0.03224
0 0.3148 0.79133 0.19094 0.03758
0 0.3148 0.83423 0.1852 0.04253
0 0.3148 0.97195 0.21486 0.03487
0 0.52459 0.13301 0.203 0.03345
0 0.52459 0.17125 0.1997 0.04262
0 0.52459 0.23144 0.17702 0.03236
0 0.52459 0.30722 0.16854 0.03769
0 0.52459 0.32326 0.20901 0.04009
0 0.52459 0.43678 0.21961 0.04166
0 0.52459 0.42426 0.16666 0.04338
0 0.52459 0.49058 0.21851 0.03764
0 0.52459 0.52530 0.1801 0.0338
0 0.52459 0.55456 0.21314 0.0417
0 0.52459 0.72923 0.21605 0.03275
0 0.52459 0.77366 0.19598 0.03288
0 0.52459 0.76650 0.20396 0.03484
0 0.52459 0.76229 0.21792 0.04162
0 0.52459 0.85266 0.21092 0.03257
0 0.52459 0.88734 0.19703 0.03544
0 0.73438 0.11509 0.20076 0.03708
0 0.73438 0.18224 0.20421 0.04013
0 0.73438 0.19438 0.20021 0.0403
0 0.73438 0.24388 0.18003 0.04031
0 0.73438 0.29503 0.1949 0.04228
0 0.73438 0.33231 0.19505 0.03853
0 0.73438 0.40608 0.18576 0.03395
0 0.73438 0.41754 0.1637 0.03243
0 0.73438 0.45957 0.1848 0.03865
0 0.73438 0.55251 0.22032 0.04093
0 0.73438 0.58742 0.21389 0.03626
0 0.73438 0.59888 0.17615 0.03323
0 0.73438 0.64030 0.21604 0.03923
0 0.73438 0.78248 0.19274 0.03363
0 0.73438 0.80315 0.21909 0.03598
0 0.73438 0.87951 0.19183 0.04253
0 0.90921 0.13334 0.16705 0.0381
0 0.90921 0.17167 0.19312 0.03799
0 0.90921 0.25741 0.16511 0.04223
0 0.90921 0.31528 0.21947 0.04128
0 0.90921 0.34531 0.17519 0.0332
0 0.90921 0.42893 0.19702 0.03642
0 0.90921 0.43320 0.17061 0.04194
0 0.90921 0.46542 0.18236 0.03756
0 0.90921 0.51871 0.20165 0.03321
0 0.90921 0.65813 0.17753 0.03528
0 0.90921 0.71307 0.18472 0.04147
0 0.90921 0.67283 0.18936 0.03306
0 0.90921 0.76543 0.1718 0.03618
0 0.90921 0.81967 0.21007 0.03515
0 0.90921 0.86549 0.16846 0.04059
0 0.90921 0.96423 0.20079 0.03752