0 0.10832 0.13281 0.2533 0.04643
0 0.1054 0.18586 0.24472 0.04942
0 0.09674 0.23891 0.24339 0.05044
0 0.10493 0.29196 0.24316 0.05037
0 0.10713 0.34501 0.24398 0.04497
0 0.09655 0.39806 0.2388 0.04758
0 0.1126 0.45111 0.22686 0.05141
0 0.10352 0.50416 0.2315 0.04796
0 0.10346 0.55721 0.25313 0.04603
0 0.11196 0.61026 0.26232 0.04851
0 0.09577 0.66331 0.25519 0.05191
0 0.10421 0.71636 0.22544 0.05015
0 0.10604 0.76941 0.23593 0.04518
0 0.11145 0.82246 0.25567 0.04909
0 0.09667 0.87551 0.24128 0.04921
0 0.10285 0.92856 0.26261 0.04666
0 0.28846 0.14609 0.22355 0.05096
0 0.28892 0.20444 0.25417 0.04509
0 0.33814 0.26280 0.23441 0.04605
0 0.31905 0.32115 0.26399 0.0455
0 0.32389 0.37951 0.24918 0.04743
0 0.32347 0.43786 0.22389 0.04457
0 0.30721 0.49622 0.24701 0.04757
0 0.30467 0.55457 0.25993 0.04433
0 0.3315 0.61293 0.25827 0.05233
0 0.28861 0.67129 0.22599 0.04937
0 0.29085 0.72964 0.23634 0.04409
0 0.32282 0.78800 0.25347 0.05009
0 0.28425 0.84635 0.26463 0.04779
0 0.34151 0.90471 0.22706 0.04783
0 0.33489 0.96306 0.24299 0.04808
0 0.55662 0.13281 0.2471 0.04854
0 0.52192 0.18586 0.22954 0.05246
0 0.51943 0.23891 0.22132 0.05221
0 0.50317 0.29196 0.22315 0.04384
0 0.54563 0.34501 0.24205 0.04965
0 0.49667 0.39806 0.23598 0.04887
0 0.52863 0.45111 0.22171 0.04686
0 0.4883 0.50416 0.22374 0.04855
0 0.53984 0.55721 0.23901 0.04992
0 0.52832 0.61026 0.22646 0.05176
0 0.51881 0.66331 0.24713 0.05001
0 0.47517 0.71636 0.25151 0.04711
0 0.52177 0.76941 0.24143 0.05089
0 0.52736 0.82246 0.2541 0.04407
0 0.50083 0.87551 0.25809 0.05069
0 0.53444 0.92856 0.25986 0.05098
0 0.67454 0.11953 0.22152 0.04404
0 0.71928 0.16727 0.22292 0.04691
0 0.76261 0.21502 0.25022 0.04495
0 0.7504 0.26276 0.23154 0.0519
0 0.67299 0.31051 0.25315 0.04514
0 0.75774 0.35825 0.25079 0.05198
0 0.72448 0.40600 0.24062 0.04901
0 0.73008 0.45374 0.24698 0.044
0 0.74574 0.50149 0.23361 0.04522
0 0.79641 0.54923 0.26193 0.04981
0 0.71046 0.59698 0.23471 0.0514
0 0.79164 0.64472 0.25351 0.04809
0 0.72296 0.69247 0.2481 0.0478
0 0.76606 0.74021 0.23692 0.04593
0 0.80723 0.78796 0.26263 0.052
0 0.74668 0.83571 0.23376 0.05047
0 0.89977 0.13281 0.24037 0.05094
0 0.94219 0.18586 0.22636 0.04413
0 0.95707 0.23891 0.23386 0.04522
0 0.93052 0.29196 0.24495 0.0522
0 0.83937 0.34501 0.25013 0.04724
0 0.84354 0.39806 0.24639 0.04815
0 0.92741 0.45111 0.26485 0.04522
0 0.9032 0.50416 0.23731 0.04839
0 0.95697 0.55721 0.24866 0.04833
0 0.8339 0.61026 0.24781 0.04552
0 0.95476 0.66331 0.25719 0.04804
0 0.91523 0.71636 0.25845 0.04516
0 0.8985 0.76941 0.26493 0.04862
0 0.90281 0.82246 0.24681 0.04442
0 0.87871 0.87551 0.2496 0.05105
0 0.95169 0.92856 0.25517 0.04403