0 0.10251 0.13281 0.25389 0.04632
0 0.10373 0.18586 0.2408 0.04776
0 0.10543 0.23891 0.2325 0.05246
0 0.09609 0.29196 0.22157 0.04898
0 0.1141 0.34501 0.23706 0.05174
0 0.11127 0.39806 0.23313 0.04732
0 0.10762 0.45111 0.23478 0.04675
0 0.10042 0.50416 0.2306 0.04764
0 0.11403 0.55721 0.24042 0.05113
0 0.11464 0.61026 0.24574 0.04987
0 0.10823 0.66331 0.22727 0.04438
0 0.10647 0.71636 0.2566 0.05046
0 0.11405 0.76941 0.25116 0.04562
0 0.10119 0.82246 0.25576 0.04554
0 0.11169 0.87551 0.26473 0.0504
0 0.102 0.92856 0.26224 0.04901
0 0.32658 0.14609 0.25981 0.04521
0 0.31201 0.20444 0.23063 0.04502
0 0.30474 0.26280 0.22534 0.05209
0 0.29552 0.32115 0.22597 0.0463
0 0.32421 0.37951 0.23231 0.05171
0 0.30621 0.43786 0.26217 0.05139
0 0.33793 0.49622 0.24605 0.05247
0 0.30136 0.55457 0.26481 0.05137
0 0.31693 0.61293 0.24018 0.04841
0 0.28949 0.67129 0.2599 0.04947
0 0.29945 0.72964 0.23595 0.05109
0 0.33928 0.78800 0.25375 0.04709
0 0.31574 0.84635 0.22897 0.05073
0 0.31555 0.90471 0.25817 0.04836
0 0.32673 0.96306 0.25805 0.04619
0 0.47868 0.13281 0.23941 0.04859
0 0.54736 0.18586 0.25939 0.05134
0 0.48892 0.23891 0.226 0.05139
0 0.50178 0.29196 0.2315 0.0473
0 0.51399 0.34501 0.26462 0.04676
0 0.57389 0.39806 0.25488 0.05155
0 0.50951 0.45111 0.2512 0.04596
0 0.47413 0.50416 0.22904 0.04591
0 0.55832 0.55721 0.23553 0.04912
0 0.51956 0.61026 0.22613 0.0504
0 0.57702 0.66331 0.2532 0.04715
0 0.50834 0.71636 0.24501 0.05186
0 0.48496 0.76941 0.25942 0.04769
0 0.54706 0.82246 0.2574 0.05165
0 0.4739 0.87551 0.25377 0.05247
0 0.51112 0.92856 0.23051 0.04972
0 0.73913 0.11953 0.22918 0.04799
0 0.68393 0.16727 0.25943 0.04608
0 0.71754 0.21502 0.22338 0.05006
0 0.76953 0.26276 0.25035 0.05241
0 0.76605 0.31051 0.23766 0.05107
0 0.66261 0.35825 0.22891 0.04444
0 0.72748 0.40600 0.22678 0.04489
0 0.75471 0.45374 0.23322 0.048
0 0.68345 0.50149 0.25309 0.04865
0 0.76373 0.54923 0.25561 0.04969
0 0.76383 0.59698 0.23311 0.05205
0 0.70812 0.64472 0.22494 0.04533
0 0.73721 0.69247 0.25055 0.0506
0 0.75644 0.74021 0.24649 0.05244
0 0.674 0.78796 0.26019 0.04843
0 0.70811 0.83571 0.22703 0.05002
0 0.82018 0.13281 0.22598 0.05092
0 0.92727 0.18586 0.24295 0.04494
0 0.86014 0.23891 0.24772 0.05106
0 0.91854 0.29196 0.25294 0.04468
0 0.9845 0.34501 0.2369 0.05136
0 0.85284 0.39806 0.25982 0.04975
0 0.90604 0.45111 0.24576 0.05245
0 0.8283 0.50416 0.22489 0.04877
0 0.90959 0.55721 0.23477 0.04704
0 0.85263 0.61026 0.24268 0.04582
0 0.87438 0.66331 0.24852 0.04974
0 0.82759 0.71636 0.24911 0.04968
0 0.83362 0.76941 0.25082 0.04647
0 0.91801 0.82246 0.2388 0.04869
0 0.94063 0.87551 0.24712 0.05115
0 0.95485 0.92856 0.25067 0.04881