0 0.10316 0.13281 0.26024 0.0462
0 0.10061 0.18586 0.2329 0.04891
0 0.10638 0.23891 0.26182 0.04393
0 0.10132 0.29196 0.2519 0.0466
0 0.107 0.34501 0.25097 0.04649
0 0.09602 0.39806 0.2268 0.04401
0 0.1021 0.45111 0.22333 0.04904
0 0.10214 0.50416 0.26331 0.05115
0 0.11353 0.55721 0.22631 0.0486
0 0.10669 0.61026 0.2387 0.05219
0 0.09756 0.66331 0.22404 0.04856
0 0.09927 0.71636 0.23881 0.04474
0 0.10524 0.76941 0.25971 0.04923
0 0.0982 0.82246 0.23068 0.05069
0 0.09899 0.87551 0.2525 0.04986
0 0.101 0.92856 0.24858 0.04581
0 0.30992 0.14609 0.22386 0.05073
0 0.31006 0.20444 0.2584 0.04825
0 0.29376 0.26280 0.24585 0.04607
0 0.30991 0.32115 0.25549 0.04727
0 0.28358 0.37951 0.2327 0.05144
0 0.31418 0.43786 0.23093 0.05016
0 0.31972 0.49622 0.26402 0.04862
0 0.3136 0.55457 0.2525 0.05033
0 0.28418 0.61293 0.25101 0.04968
0 0.29372 0.67129 0.23809 0.05124
0 0.32052 0.72964 0.24317 0.04907
0 0.29305 0.78800 0.26488 0.05043
0 0.34387 0.84635 0.2278 0.04844
0 0.30507 0.90471 0.24653 0.04907
0 0.30981 0.96306 0.26112 0.05224
0 0.56447 0.13281 0.23223 0.05039
0 0.49271 0.18586 0.23767 0.049
0 0.56392 0.23891 0.25653 0.04901
0 0.52042 0.29196 0.22762 0.04854
0 0.50854 0.34501 0.23671 0.04455
0 0.48775 0.39806 0.22575 0.04678
0 0.57547 0.45111 0.23569 0.05228
0 0.5661 0.50416 0.25817 0.04498
0 0.56381 0.55721 0.23711 0.04986
0 0.55541 0.61026 0.23208 0.05197
0 0.47672 0.66331 0.25 0.05067
0 0.4735 0.71636 0.24115 0.0501
0 0.51581 0.76941 0.24941 0.05199
0 0.49878 0.82246 0.25917 0.05045
0 0.55037 0.87551 0.23847 0.04642
0 0.54235 0.92856 0.23973 0.04601
0 0.75286 0.11953 0.25778 0.05059
0 0.72079 0.16727 0.23906 0.05081
0 0.75804 0.21502 0.23068 0.04888
0 0.7855 0.26276 0.25225 0.04553
0 0.77701 0.31051 0.23568 0.05174
0 0.80782 0.35825 0.22514 0.04868
0 0.69311 0.40600 0.22631 0.04889
0 0.71078 0.45374 0.23489 0.05115
0 0.7702 0.50149 0.22711 0.04396
0 0.67497 0.54923 0.25654 0.0498
0 0.69073 0.59698 0.26004 0.05241
0 0.66768 0.64472 0.24856 0.04617
0 0.69682 0.69247 0.23519 0.04699
0 0.67701 0.74021 0.25699 0.04511
0 0.68029 0.78796 0.25768 0.04763
0 0.69519 0.83571 0.22267 0.04944
0 0.97508 0.13281 0.23098 0.04907
0 0.84084 0.18586 0.22891 0.04667
0 0.91506 0.23891 0.25184 0.05027
0 0.91507 0.29196 0.24093 0.05065
0 0.87435 0.34501 0.25114 0.04664
0 0.90259 0.39806 0.26111 0.04461
0 0.87247 0.45111 0.23985 0.05048
0 0.85833 0.50416 0.22256 0.04734
0 0.98953 0.55721 0.241 0.05176
0 0.90567 0.61026 0.23459 0.04997
0 0.9759 0.66331 0.2408 0.05073
0 0.83514 0.71636 0.26159 0.04387
0 0.89331 0.76941 0.24205 0.0511
0 0.88599 0.82246 0.25683 0.0467
0 0.9872 0.87551 0.23045 0.04757
0 0.98997 0.92856 0.23794 0.05067