0 0.16774 0.05572 0.16409 0.06021
0 0.32895 0.11041 0.19851 0.05526
0 0.48046 0.16984 0.12295 0.06602
0 0.63969 0.22926 0.19716 0.0446
0 0.82136 0.28869 0.17094 0.07364
0 0.24004 0.34811 0.1364 0.06003
0 0.38721 0.40754 0.11811 0.05541
0 0.54872 0.46696 0.17458 0.05134
0 0.68115 0.52639 0.19764 0.068
0 0.84543 0.58581 0.17837 0.07804
0 0.16804 0.64524 0.14391 0.04623
0 0.32416 0.70466 0.18952 0.06882
0 0.46009 0.76409 0.17549 0.05711
0 0.62225 0.82351 0.14268 0.04538
0 0.8187 0.88294 0.18435 0.07361
0 0.23563 0.94379 0.17552 0.06893
0 0.40098 0.05572 0.16742 0.06522
0 0.54968 0.11041 0.13019 0.04482
0 0.68091 0.16984 0.13741 0.06485
0 0.87044 0.22926 0.15582 0.05723
0 0.16395 0.28869 0.1317 0.07894
0 0.35735 0.34811 0.13944 0.06336
0 0.51952 0.40754 0.17224 0.06056
0 0.64663 0.46696 0.19686 0.06353
0 0.79823 0.52639 0.17525 0.04284
0 0.24278 0.58581 0.12694 0.05426
0 0.38892 0.64524 0.18932 0.052
0 0.53794 0.70466 0.1238 0.0739
0 0.66774 0.76409 0.18863 0.07373
0 0.84748 0.82351 0.12555 0.04356
0 0.16431 0.88294 0.15475 0.05619
0 0.34893 0.94379 0.11997 0.06102
0 0.48421 0.05572 0.19633 0.07985
0 0.60145 0.11041 0.18961 0.04642
0 0.79387 0.16984 0.14844 0.07799
0 0.23431 0.22926 0.17575 0.05264
0 0.38178 0.28869 0.12455 0.05679
0 0.52219 0.34811 0.19674 0.06711
0 0.69006 0.40754 0.15291 0.04852
0 0.83895 0.46696 0.1238 0.04655
0 0.14188 0.52639 0.19036 0.07821
0 0.33125 0.58581 0.12632 0.07235
0 0.50008 0.64524 0.13068 0.07431
0 0.62926 0.70466 0.12433 0.04551
0 0.79112 0.76409 0.17489 0.06484
0 0.23362 0.82351 0.16789 0.04448
0 0.40908 0.88294 0.18182 0.0596
0 0.54927 0.94379 0.14867 0.07432
0 0.69363 0.05572 0.15563 0.04977
0 0.83112 0.11041 0.17642 0.04431
0 0.15306 0.16984 0.12177 0.07151
0 0.36866 0.22926 0.11907 0.05404
0 0.50032 0.28869 0.18913 0.07016
0 0.64306 0.34811 0.16732 0.0464
0 0.81725 0.40754 0.19945 0.04889
0 0.22467 0.46696 0.13714 0.04316
0 0.40439 0.52639 0.17635 0.07994
0 0.54614 0.58581 0.19631 0.0765
0 0.68106 0.64524 0.1788 0.05607
0 0.83926 0.70466 0.16702 0.06632
0 0.17789 0.76409 0.15256 0.05583
0 0.36185 0.82351 0.18434 0.04772
0 0.5062 0.88294 0.16172 0.07239
0 0.64554 0.94379 0.13229 0.04803
0 0.82769 0.05572 0.18139 0.05294
0 0.2319 0.11041 0.12182 0.05328
0 0.39593 0.16984 0.14195 0.07067
0 0.53514 0.22926 0.10649 0.0469
0 0.69764 0.28869 0.14876 0.07934
0 0.8621 0.34811 0.1994 0.06012
0 0.17909 0.40754 0.11812 0.0557
0 0.35559 0.46696 0.1259 0.04568
0 0.49412 0.52639 0.14516 0.0428
0 0.66683 0.58581 0.18381 0.06141
0 0.78984 0.64524 0.19403 0.05945
0 0.23174 0.70466 0.13331 0.07814
0 0.38833 0.76409 0.1326 0.04488
0 0.54788 0.82351 0.14476 0.04387
0 0.69773 0.88294 0.18338 0.05293
0 0.83362 0.94379 0.15172 0.06215