0 0.16842 0.05449 0.13853 0.05212
0 0.32423 0.10997 0.19786 0.04522
0 0.47728 0.17001 0.145 0.0527
0 0.63572 0.23004 0.15128 0.06166
0 0.816 0.29008 0.1666 0.05745
0 0.24275 0.35011 0.17882 0.0426
0 0.39094 0.41015 0.13055 0.04729
0 0.53519 0.47018 0.12326 0.07706
0 0.69498 0.53021 0.19828 0.05279
0 0.84769 0.59025 0.18145 0.07078
0 0.16444 0.65028 0.13681 0.07933
0 0.31791 0.71032 0.13746 0.06405
0 0.46463 0.77035 0.12552 0.06051
0 0.60195 0.83039 0.17027 0.04691
0 0.82602 0.89042 0.1246 0.06319
0 0.24177 0.95731 0.13221 0.06882
0 0.39703 0.05449 0.16602 0.0691
0 0.54945 0.10997 0.11568 0.05155
0 0.68236 0.17001 0.11367 0.06095
0 0.86602 0.23004 0.17609 0.06329
0 0.16494 0.29008 0.13764 0.05905
0 0.36597 0.35011 0.16417 0.06763
0 0.51742 0.41015 0.15087 0.07765
0 0.6557 0.47018 0.17672 0.06702
0 0.78782 0.53021 0.16515 0.04873
0 0.24256 0.59025 0.1344 0.05148
0 0.38258 0.65028 0.19375 0.05696
0 0.52615 0.71032 0.15225 0.05452
0 0.67057 0.77035 0.1165 0.06421
0 0.85829 0.83039 0.18304 0.07966
0 0.16468 0.89042 0.19142 0.05255
0 0.34325 0.95731 0.16568 0.06423
0 0.48025 0.05449 0.13813 0.05344
0 0.60736 0.10997 0.15773 0.07706
0 0.80476 0.17001 0.1138 0.04674
0 0.23924 0.23004 0.13894 0.06032
0 0.38423 0.29008 0.19326 0.07256
0 0.51798 0.35011 0.18583 0.07357
0 0.6985 0.41015 0.12448 0.05653
0 0.84769 0.47018 0.18247 0.05342
0 0.1403 0.53021 0.13193 0.05655
0 0.33266 0.59025 0.16653 0.07964
0 0.49154 0.65028 0.15841 0.05877
0 0.62512 0.71032 0.15944 0.07318
0 0.81557 0.77035 0.18693 0.04485
0 0.23801 0.83039 0.11557 0.05856
0 0.39866 0.89042 0.18864 0.04318
0 0.53307 0.95731 0.17484 0.05681
0 0.69171 0.05449 0.14783 0.05804
0 0.85237 0.10997 0.12558 0.06354
0 0.15367 0.17001 0.12072 0.07574
0 0.35435 0.23004 0.17482 0.06078
0 0.50162 0.29008 0.1342 0.07124
0 0.64203 0.35011 0.15933 0.06773
0 0.79942 0.41015 0.15843 0.07292
0 0.2271 0.47018 0.17326 0.07985
0 0.41349 0.53021 0.19911 0.07371
0 0.55756 0.59025 0.15176 0.05025
0 0.68934 0.65028 0.17643 0.07543
0 0.84065 0.71032 0.15633 0.04742
0 0.18137 0.77035 0.19951 0.05702
0 0.36536 0.83039 0.11764 0.04754
0 0.49143 0.89042 0.19578 0.07906
0 0.62887 0.95731 0.11854 0.04533
0 0.79719 0.05449 0.11747 0.07157
0 0.23422 0.10997 0.19221 0.07156
0 0.3961 0.17001 0.19548 0.05431
0 0.51725 0.23004 0.16871 0.05785
0 0.66864 0.29008 0.15893 0.06327
0 0.86484 0.35011 0.12089 0.05883
0 0.17817 0.41015 0.17175 0.04687
0 0.34583 0.47018 0.14493 0.07127
0 0.49512 0.53021 0.16114 0.06739
0 0.64552 0.59025 0.19927 0.07484
0 0.79682 0.65028 0.10772 0.07767
0 0.2427 0.71032 0.16469 0.06014
0 0.392 0.77035 0.11932 0.0735
0 0.55179 0.83039 0.18183 0.0458
0 0.70992 0.89042 0.11375 0.05373
0 0.85051 0.95731 0.13717 0.04541