0 0.16655 0.05452 0.18398 0.07642
0 0.3228 0.10960 0.16013 0.07996
0 0.46672 0.17095 0.18079 0.06706
0 0.61838 0.23231 0.13709 0.04652
0 0.79326 0.29366 0.12713 0.04379
0 0.2352 0.35501 0.13552 0.06574
0 0.39608 0.41636 0.16118 0.06381
0 0.53717 0.47771 0.18431 0.0787
0 0.70626 0.53906 0.13345 0.07056
0 0.85963 0.60042 0.14402 0.06741
0 0.1702 0.66177 0.18734 0.06216
0 0.32628 0.72312 0.16402 0.05223
0 0.45589 0.78447 0.19952 0.07871
0 0.60834 0.84582 0.12527 0.0628
0 0.81051 0.90718 0.18406 0.04357
0 0.23523 0.95832 0.16979 0.06869
0 0.41147 0.05452 0.12954 0.06203
0 0.55278 0.10960 0.15092 0.04465
0 0.6859 0.17095 0.14369 0.07599
0 0.84142 0.23231 0.16258 0.05488
0 0.169 0.29366 0.18154 0.05109
0 0.35811 0.35501 0.11597 0.04672
0 0.51534 0.41636 0.18351 0.05415
0 0.65227 0.47771 0.18536 0.05104
0 0.79715 0.53906 0.13949 0.06701
0 0.2431 0.60042 0.14661 0.04492
0 0.3958 0.66177 0.16002 0.05281
0 0.5431 0.72312 0.17214 0.05305
0 0.66116 0.78447 0.17607 0.07562
0 0.83869 0.84582 0.17752 0.05918
0 0.16376 0.90718 0.14275 0.07093
0 0.35342 0.95832 0.14654 0.06518
0 0.49102 0.05452 0.19623 0.07197
0 0.62508 0.10960 0.16009 0.04672
0 0.81495 0.17095 0.18618 0.07933
0 0.24236 0.23231 0.13212 0.07443
0 0.38907 0.29366 0.16474 0.04434
0 0.51723 0.35501 0.16154 0.06001
0 0.68535 0.41636 0.1969 0.05471
0 0.82532 0.47771 0.11417 0.06619
0 0.13763 0.53906 0.15325 0.05111
0 0.3321 0.60042 0.15524 0.0643
0 0.47872 0.66177 0.11457 0.06517
0 0.63586 0.72312 0.19136 0.06505
0 0.81959 0.78447 0.18945 0.05934
0 0.2378 0.84582 0.14745 0.04376
0 0.40153 0.90718 0.17977 0.0618
0 0.55338 0.95832 0.12006 0.0578
0 0.68575 0.05452 0.1645 0.0465
0 0.87084 0.10960 0.13064 0.05977
0 0.15654 0.17095 0.14808 0.05943
0 0.36033 0.23231 0.18564 0.06321
0 0.50366 0.29366 0.12456 0.0728
0 0.63719 0.35501 0.13471 0.06886
0 0.81453 0.41636 0.15163 0.07532
0 0.22663 0.47771 0.13792 0.04439
0 0.40974 0.53906 0.18135 0.05071
0 0.53423 0.60042 0.19917 0.05976
0 0.69493 0.66177 0.12106 0.07857
0 0.83134 0.72312 0.1284 0.07222
0 0.18069 0.78447 0.17227 0.05947
0 0.36709 0.84582 0.14147 0.055
0 0.50953 0.90718 0.19787 0.04466
0 0.63784 0.95832 0.19774 0.07037
0 0.81945 0.05452 0.16675 0.06154
0 0.24192 0.10960 0.18716 0.04997
0 0.38583 0.17095 0.14396 0.05854
0 0.52064 0.23231 0.16565 0.04879
0 0.6746 0.29366 0.19896 0.07077
0 0.8451 0.35501 0.15881 0.05632
0 0.17954 0.41636 0.19409 0.07794
0 0.35638 0.47771 0.17398 0.04307
0 0.49128 0.53906 0.1517 0.07369
0 0.65907 0.60042 0.16631 0.06606
0 0.79601 0.66177 0.18975 0.06274
0 0.24129 0.72312 0.1248 0.06696
0 0.38437 0.78447 0.14334 0.06983
0 0.54443 0.84582 0.19961 0.04599
0 0.71525 0.90718 0.144 0.07552
0 0.84533 0.95832 0.16818 0.04297