0 0.1715 0.05495 0.17092 0.04817
0 0.31623 0.10946 0.20006 0.04953
0 0.46846 0.17043 0.18884 0.07159
0 0.61436 0.23141 0.19087 0.07501
0 0.82267 0.29239 0.12131 0.05086
0 0.24037 0.35337 0.1314 0.07554
0 0.38538 0.41435 0.15242 0.05955
0 0.54801 0.47533 0.13248 0.07845
0 0.71244 0.53630 0.19708 0.07062
0 0.83703 0.59728 0.15616 0.07056
0 0.16735 0.65826 0.17883 0.06493
0 0.31939 0.71924 0.12665 0.04835
0 0.45558 0.78022 0.1866 0.06545
0 0.6198 0.84120 0.17027 0.07635
0 0.79424 0.90218 0.15509 0.06298
0 0.24199 0.93721 0.15451 0.05978
0 0.41392 0.05495 0.16444 0.07228
0 0.55046 0.10946 0.12485 0.06196
0 0.69279 0.17043 0.17154 0.05097
0 0.85349 0.23141 0.12334 0.06417
0 0.17072 0.29239 0.15555 0.0463
0 0.35955 0.35337 0.18102 0.06525
0 0.50914 0.41435 0.13309 0.0517
0 0.66708 0.47533 0.1479 0.06359
0 0.78576 0.53630 0.1154 0.07518
0 0.23916 0.59728 0.1574 0.07485
0 0.38154 0.65826 0.19737 0.04918
0 0.52291 0.71924 0.16899 0.05181
0 0.68415 0.78022 0.13317 0.07081
0 0.83158 0.84120 0.15312 0.06501
0 0.17003 0.90218 0.14055 0.04373
0 0.34937 0.93721 0.13907 0.05907
0 0.50011 0.05495 0.16286 0.05334
0 0.625 0.10946 0.17613 0.04643
0 0.78312 0.17043 0.14073 0.05989
0 0.2406 0.23141 0.12178 0.06084
0 0.38588 0.29239 0.16185 0.05692
0 0.53573 0.35337 0.16144 0.05288
0 0.68153 0.41435 0.17181 0.05896
0 0.85578 0.47533 0.13816 0.07362
0 0.14091 0.53630 0.15612 0.04888
0 0.3391 0.59728 0.12457 0.05836
0 0.48006 0.65826 0.19464 0.04828
0 0.61523 0.71924 0.12368 0.05785
0 0.82617 0.78022 0.14094 0.0668
0 0.23814 0.84120 0.1396 0.05702
0 0.39499 0.90218 0.16 0.06634
0 0.53763 0.93721 0.19142 0.07904
0 0.69777 0.05495 0.1318 0.0716
0 0.85899 0.10946 0.20002 0.07329
0 0.15708 0.17043 0.10816 0.07844
0 0.36434 0.23141 0.1666 0.05772
0 0.50193 0.29239 0.16239 0.05197
0 0.64259 0.35337 0.181 0.07241
0 0.79532 0.41435 0.15604 0.07105
0 0.22549 0.47533 0.15554 0.06897
0 0.40506 0.53630 0.16469 0.07308
0 0.54619 0.59728 0.15309 0.05153
0 0.70029 0.65826 0.11522 0.04455
0 0.86345 0.71924 0.17659 0.07703
0 0.18429 0.78022 0.13668 0.04663
0 0.36414 0.84120 0.17237 0.07124
0 0.51277 0.90218 0.16413 0.07886
0 0.63671 0.93721 0.18053 0.0768
0 0.81836 0.05495 0.13407 0.06898
0 0.23303 0.10946 0.16838 0.07739
0 0.39876 0.17043 0.11284 0.04795
0 0.53941 0.23141 0.13941 0.04837
0 0.67802 0.29239 0.17676 0.07652
0 0.8399 0.35337 0.19017 0.05943
0 0.18406 0.41435 0.14685 0.06002
0 0.35639 0.47533 0.13988 0.04964
0 0.49823 0.53630 0.16769 0.04827
0 0.64445 0.59728 0.10998 0.07764
0 0.81353 0.65826 0.11911 0.06937
0 0.23415 0.71924 0.17202 0.05673
0 0.38511 0.78022 0.14011 0.06839
0 0.53652 0.84120 0.12206 0.06727
0 0.70514 0.90218 0.14934 0.06054
0 0.86711 0.93721 0.16205 0.05861