0 0.16786 0.05516 0.17037 0.04544
0 0.3246 0.10997 0.1979 0.0563
0 0.47765 0.17088 0.13538 0.05327
0 0.61909 0.23178 0.11005 0.05314
0 0.80999 0.29269 0.14616 0.05241
0 0.2426 0.35360 0.1377 0.07751
0 0.39734 0.41451 0.1513 0.06884
0 0.54353 0.47542 0.18612 0.05333
0 0.70402 0.53632 0.12315 0.047
0 0.84861 0.59723 0.1302 0.05194
0 0.16726 0.65814 0.10725 0.06756
0 0.32744 0.71905 0.16718 0.06273
0 0.46487 0.77996 0.17001 0.07189
0 0.61444 0.84087 0.13622 0.05581
0 0.79084 0.90177 0.1936 0.05136
0 0.23545 0.94649 0.14473 0.06644
0 0.40236 0.05516 0.13083 0.05828
0 0.53849 0.10997 0.16144 0.07586
0 0.68087 0.17088 0.12329 0.06152
0 0.83916 0.23178 0.18406 0.0628
0 0.16436 0.29269 0.17 0.04877
0 0.36063 0.35360 0.14263 0.07308
0 0.52695 0.41451 0.14851 0.07659
0 0.66536 0.47542 0.10901 0.07437
0 0.79179 0.53632 0.1486 0.0728
0 0.23438 0.59723 0.18634 0.04714
0 0.38172 0.65814 0.13558 0.05759
0 0.54028 0.71905 0.19169 0.07062
0 0.67467 0.77996 0.14218 0.07181
0 0.85581 0.84087 0.14523 0.04417
0 0.16976 0.90177 0.16925 0.07511
0 0.35234 0.94649 0.13326 0.04785
0 0.47874 0.05516 0.19414 0.05588
0 0.62154 0.10997 0.13837 0.07339
0 0.77982 0.17088 0.10682 0.04869
0 0.23494 0.23178 0.1117 0.07293
0 0.38247 0.29269 0.11847 0.06639
0 0.52571 0.35360 0.16806 0.04765
0 0.69459 0.41451 0.12375 0.06371
0 0.84909 0.47542 0.1969 0.06488
0 0.14119 0.53632 0.11396 0.07904
0 0.33743 0.59723 0.12856 0.05878
0 0.49831 0.65814 0.11672 0.06706
0 0.61658 0.71905 0.1982 0.05085
0 0.80499 0.77996 0.13232 0.06531
0 0.23978 0.84087 0.18875 0.04888
0 0.40254 0.90177 0.17922 0.07851
0 0.55013 0.94649 0.1138 0.07896
0 0.67187 0.05516 0.1546 0.04972
0 0.87104 0.10997 0.16246 0.04759
0 0.15705 0.17088 0.15443 0.06117
0 0.36538 0.23178 0.19278 0.05949
0 0.49839 0.29269 0.10885 0.0442
0 0.63532 0.35360 0.11721 0.05802
0 0.81608 0.41451 0.11992 0.07805
0 0.22813 0.47542 0.16771 0.05491
0 0.40168 0.53632 0.16459 0.06364
0 0.54225 0.59723 0.11533 0.07623
0 0.68544 0.65814 0.15807 0.06136
0 0.85937 0.71905 0.13541 0.05723
0 0.17957 0.77996 0.12943 0.06406
0 0.36003 0.84087 0.18859 0.04694
0 0.49678 0.90177 0.1262 0.04425
0 0.65092 0.94649 0.11259 0.06073
0 0.80073 0.05516 0.1685 0.06576
0 0.24068 0.10997 0.17858 0.07489
0 0.39591 0.17088 0.13837 0.06498
0 0.51958 0.23178 0.13563 0.06231
0 0.67195 0.29269 0.14673 0.07002
0 0.84177 0.35360 0.19611 0.04503
0 0.18455 0.41451 0.19336 0.04326
0 0.3442 0.47542 0.11757 0.04917
0 0.49098 0.53632 0.1378 0.06062
0 0.66389 0.59723 0.14726 0.04656
0 0.79833 0.65814 0.17229 0.06718
0 0.24169 0.71905 0.11218 0.07593
0 0.40055 0.77996 0.10982 0.04954
0 0.5424 0.84087 0.11365 0.04591
0 0.68907 0.90177 0.12304 0.05872
0 0.83319 0.94649 0.18053 0.05069