0 0.16994 0.05467 0.11551 0.04815
0 0.32001 0.11061 0.15963 0.04287
0 0.47986 0.17202 0.11111 0.04376
0 0.62499 0.23343 0.13828 0.05642
0 0.80236 0.29484 0.1232 0.07363
0 0.23855 0.35625 0.19253 0.0511
0 0.38217 0.41766 0.17126 0.04882
0 0.55392 0.47907 0.16979 0.07629
0 0.7117 0.54047 0.15203 0.07742
0 0.85232 0.60188 0.18299 0.04876
0 0.16484 0.66329 0.1436 0.0747
0 0.31964 0.72470 0.17937 0.07525
0 0.46265 0.78611 0.18079 0.0428
0 0.62536 0.84752 0.17418 0.06449
0 0.81643 0.90893 0.15539 0.06166
0 0.2351 0.95420 0.17847 0.0641
0 0.41399 0.05467 0.14853 0.07346
0 0.55573 0.11061 0.16682 0.07451
0 0.69832 0.17202 0.19065 0.06664
0 0.85519 0.23343 0.18279 0.04883
0 0.16482 0.29484 0.12741 0.04677
0 0.35996 0.35625 0.1833 0.06552
0 0.51964 0.41766 0.18779 0.04846
0 0.65537 0.47907 0.1727 0.04719
0 0.80857 0.54047 0.1263 0.08013
0 0.24003 0.60188 0.15708 0.07448
0 0.38551 0.66329 0.19001 0.07157
0 0.52263 0.72470 0.19846 0.0692
0 0.65334 0.78611 0.13778 0.05333
0 0.83881 0.84752 0.19627 0.05271
0 0.16598 0.90893 0.20008 0.05424
0 0.35339 0.95420 0.11956 0.07512
0 0.49057 0.05467 0.13043 0.05031
0 0.61721 0.11061 0.11568 0.06515
0 0.79415 0.17202 0.15241 0.07022
0 0.2423 0.23343 0.12175 0.05455
0 0.38118 0.29484 0.14214 0.05902
0 0.51739 0.35625 0.16202 0.04933
0 0.681 0.41766 0.11591 0.05251
0 0.84697 0.47907 0.13914 0.07834
0 0.14214 0.54047 0.19576 0.07321
0 0.33861 0.60188 0.19749 0.06112
0 0.49813 0.66329 0.19304 0.04953
0 0.63536 0.72470 0.15125 0.06634
0 0.79953 0.78611 0.13454 0.0763
0 0.24146 0.84752 0.11522 0.05023
0 0.41099 0.90893 0.10655 0.08005
0 0.53884 0.95420 0.19313 0.0654
0 0.68635 0.05467 0.11361 0.07619
0 0.84274 0.11061 0.19818 0.06431
0 0.15255 0.17202 0.17675 0.07389
0 0.35773 0.23343 0.16983 0.05094
0 0.49969 0.29484 0.14952 0.04896
0 0.64746 0.35625 0.17894 0.07428
0 0.79601 0.41766 0.19967 0.05559
0 0.22714 0.47907 0.16685 0.05715
0 0.4144 0.54047 0.13864 0.06319
0 0.54813 0.60188 0.10974 0.05086
0 0.68286 0.66329 0.17772 0.04746
0 0.85058 0.72470 0.15459 0.04491
0 0.18442 0.78611 0.17158 0.04494
0 0.36975 0.84752 0.16138 0.06747
0 0.49186 0.90893 0.12926 0.06268
0 0.6361 0.95420 0.1392 0.07248
0 0.81314 0.05467 0.12402 0.06907
0 0.24254 0.11061 0.17561 0.05715
0 0.39085 0.17202 0.18288 0.06593
0 0.53408 0.23343 0.14582 0.07044
0 0.675 0.29484 0.12588 0.05841
0 0.83713 0.35625 0.12721 0.04628
0 0.17805 0.41766 0.19811 0.07701
0 0.34481 0.47907 0.16563 0.06104
0 0.51309 0.54047 0.14709 0.07304
0 0.64184 0.60188 0.13685 0.04288
0 0.79739 0.66329 0.18966 0.07223
0 0.2426 0.72470 0.19623 0.04729
0 0.38839 0.78611 0.12057 0.0606
0 0.53133 0.84752 0.1542 0.07926
0 0.68921 0.90893 0.13347 0.06725
0 0.83211 0.95420 0.17764 0.07147