0 0.17078 0.05600 0.18462 0.04828
0 0.3232 0.11112 0.14602 0.05259
0 0.47156 0.17064 0.18897 0.0568
0 0.62767 0.23015 0.12737 0.07071
0 0.81095 0.28967 0.11063 0.04989
0 0.23781 0.34918 0.1094 0.07898
0 0.39926 0.40870 0.16481 0.04775
0 0.5321 0.46822 0.16269 0.04877
0 0.70695 0.52773 0.17731 0.05115
0 0.85088 0.58725 0.16211 0.07391
0 0.16603 0.64676 0.155 0.07678
0 0.31886 0.70628 0.19385 0.04352
0 0.46576 0.76580 0.12963 0.05288
0 0.62929 0.82531 0.18856 0.05518
0 0.82497 0.88483 0.16412 0.04368
0 0.23868 0.95205 0.18311 0.06123
0 0.40496 0.05600 0.14073 0.05752
0 0.53326 0.11112 0.13487 0.07234
0 0.69391 0.17064 0.18212 0.07459
0 0.85001 0.23015 0.16339 0.05355
0 0.16661 0.28967 0.11993 0.0707
0 0.3662 0.34918 0.11103 0.07877
0 0.51793 0.40870 0.15659 0.04723
0 0.6638 0.46822 0.12431 0.07557
0 0.81199 0.52773 0.137 0.05596
0 0.2375 0.58725 0.17503 0.06624
0 0.39729 0.64676 0.1933 0.05541
0 0.54146 0.70628 0.18012 0.07718
0 0.66864 0.76580 0.18942 0.05548
0 0.83093 0.82531 0.1089 0.05939
0 0.16712 0.88483 0.12217 0.06976
0 0.34382 0.95205 0.18279 0.05852
0 0.48843 0.05600 0.12514 0.06721
0 0.62559 0.11112 0.19468 0.05914
0 0.79268 0.17064 0.13356 0.06358
0 0.23484 0.23015 0.12005 0.06477
0 0.38631 0.28967 0.12209 0.0549
0 0.52164 0.34918 0.12204 0.04251
0 0.6812 0.40870 0.12015 0.06083
0 0.83951 0.46822 0.11375 0.05058
0 0.13795 0.52773 0.18807 0.05215
0 0.3323 0.58725 0.17459 0.07674
0 0.48584 0.64676 0.17903 0.07423
0 0.614 0.70628 0.12214 0.07796
0 0.80271 0.76580 0.19749 0.07784
0 0.2322 0.82531 0.13913 0.06624
0 0.41389 0.88483 0.18801 0.06015
0 0.5325 0.95205 0.14507 0.05717
0 0.68334 0.05600 0.19227 0.05663
0 0.83935 0.11112 0.18494 0.05485
0 0.15027 0.17064 0.1802 0.05043
0 0.36311 0.23015 0.10709 0.06436
0 0.50219 0.28967 0.14362 0.07066
0 0.64041 0.34918 0.10851 0.07538
0 0.82899 0.40870 0.11367 0.06989
0 0.22628 0.46822 0.11284 0.07771
0 0.40796 0.52773 0.18869 0.05932
0 0.54053 0.58725 0.11524 0.06933
0 0.6866 0.64676 0.11658 0.05997
0 0.85083 0.70628 0.18583 0.04339
0 0.17829 0.76580 0.17418 0.07614
0 0.36196 0.82531 0.18246 0.05191
0 0.50804 0.88483 0.10828 0.06658
0 0.62622 0.95205 0.1806 0.04809
0 0.82258 0.05600 0.1271 0.06745
0 0.23394 0.11112 0.12817 0.06609
0 0.39897 0.17064 0.19062 0.05047
0 0.5194 0.23015 0.17446 0.07056
0 0.67985 0.28967 0.1851 0.06934
0 0.84709 0.34918 0.19121 0.043
0 0.17794 0.40870 0.16014 0.04258
0 0.35306 0.46822 0.17493 0.07416
0 0.49354 0.52773 0.17259 0.05929
0 0.64634 0.58725 0.1669 0.06374
0 0.82162 0.64676 0.1803 0.05475
0 0.24069 0.70628 0.16184 0.0578
0 0.38613 0.76580 0.12085 0.07913
0 0.5547 0.82531 0.17772 0.04542
0 0.69052 0.88483 0.16882 0.0716
0 0.85647 0.95205 0.12935 0.07033