0 0.17064 0.05585 0.12761 0.06343
0 0.32823 0.11043 0.10726 0.06998
0 0.47418 0.17093 0.1174 0.0535
0 0.62603 0.23143 0.16574 0.07201
0 0.81441 0.29193 0.1075 0.04529
0 0.23411 0.35243 0.19472 0.06021
0 0.39473 0.41293 0.20031 0.05748
0 0.5574 0.47344 0.14172 0.07679
0 0.68623 0.53394 0.19047 0.05857
0 0.857 0.59444 0.1617 0.07807
0 0.16868 0.65494 0.1848 0.05768
0 0.32322 0.71544 0.15154 0.05157
0 0.47179 0.77594 0.11167 0.07533
0 0.61071 0.83645 0.14947 0.06106
0 0.79999 0.89695 0.13611 0.0584
0 0.23679 0.95707 0.19188 0.06326
0 0.39703 0.05585 0.19072 0.0518
0 0.54053 0.11043 0.16746 0.05212
0 0.69367 0.17093 0.12926 0.05034
0 0.8432 0.23143 0.12813 0.06432
0 0.16942 0.29193 0.15777 0.07392
0 0.36554 0.35243 0.1431 0.07458
0 0.52518 0.41293 0.17723 0.06671
0 0.65671 0.47344 0.14308 0.07957
0 0.79093 0.53394 0.13109 0.07935
0 0.2387 0.59444 0.13877 0.06817
0 0.39287 0.65494 0.19415 0.07205
0 0.53135 0.71544 0.14131 0.05558
0 0.67767 0.77594 0.15156 0.07186
0 0.83235 0.83645 0.12853 0.04418
0 0.16435 0.89695 0.15615 0.05573
0 0.34665 0.95707 0.12588 0.05589
0 0.4961 0.05585 0.1339 0.04732
0 0.62632 0.11043 0.15622 0.07947
0 0.78956 0.17093 0.15392 0.05811
0 0.23158 0.23143 0.15312 0.05776
0 0.38167 0.29193 0.192 0.07194
0 0.53964 0.35243 0.17492 0.05876
0 0.69892 0.41293 0.19089 0.06416
0 0.84845 0.47344 0.18196 0.06696
0 0.14282 0.53394 0.1483 0.04367
0 0.33488 0.59444 0.12822 0.05766
0 0.48988 0.65494 0.11239 0.07859
0 0.63288 0.71544 0.13286 0.06488
0 0.82864 0.77594 0.14677 0.07761
0 0.24206 0.83645 0.14898 0.07776
0 0.39523 0.89695 0.1984 0.07093
0 0.54639 0.95707 0.19346 0.06275
0 0.69176 0.05585 0.16241 0.07351
0 0.8367 0.11043 0.1611 0.04283
0 0.1501 0.17093 0.11673 0.07058
0 0.36355 0.23143 0.1437 0.04631
0 0.491 0.29193 0.19496 0.04425
0 0.64208 0.35243 0.12627 0.04943
0 0.79792 0.41293 0.12214 0.06026
0 0.22307 0.47344 0.13877 0.04279
0 0.40789 0.53394 0.16454 0.07479
0 0.53216 0.59444 0.14715 0.06028
0 0.69615 0.65494 0.14527 0.04808
0 0.83195 0.71544 0.13295 0.05168
0 0.18273 0.77594 0.1914 0.04457
0 0.36303 0.83645 0.17044 0.05017
0 0.50443 0.89695 0.1159 0.05998
0 0.65419 0.95707 0.11394 0.05981
0 0.79687 0.05585 0.10733 0.05567
0 0.23377 0.11043 0.19269 0.05906
0 0.38368 0.17093 0.14072 0.05485
0 0.53892 0.23143 0.14585 0.064
0 0.69197 0.29193 0.16034 0.07985
0 0.86813 0.35243 0.1236 0.0695
0 0.17839 0.41293 0.10816 0.05604
0 0.34761 0.47344 0.1681 0.06403
0 0.50572 0.53394 0.14931 0.05677
0 0.6592 0.59444 0.12492 0.05646
0 0.80136 0.65494 0.12459 0.05843
0 0.24062 0.71544 0.17146 0.07045
0 0.38853 0.77594 0.17653 0.05601
0 0.5575 0.83645 0.15729 0.06605
0 0.68768 0.89695 0.15564 0.07459
0 0.86331 0.95707 0.14441 0.04695