0 0.16411 0.05520 0.12092 0.07687
0 0.3165 0.11075 0.1558 0.06533
0 0.46484 0.17124 0.13522 0.05083
0 0.63702 0.23173 0.16334 0.06851
0 0.81325 0.29223 0.15144 0.06894
0 0.23518 0.35272 0.15941 0.07824
0 0.3933 0.41321 0.11938 0.04402
0 0.5553 0.47371 0.15033 0.04677
0 0.68954 0.53420 0.14445 0.0666
0 0.8469 0.59469 0.14817 0.07175
0 0.16497 0.65519 0.17149 0.04424
0 0.32615 0.71568 0.12924 0.06823
0 0.45047 0.77618 0.12802 0.05846
0 0.61276 0.83667 0.118 0.07137
0 0.79942 0.89716 0.15802 0.05606
0 0.23578 0.94263 0.15771 0.04992
0 0.39791 0.05520 0.11524 0.07653
0 0.54678 0.11075 0.13629 0.04642
0 0.68586 0.17124 0.12216 0.06409
0 0.83637 0.23173 0.18653 0.05157
0 0.1715 0.29223 0.13949 0.06963
0 0.3672 0.35272 0.1561 0.06594
0 0.50636 0.41321 0.13815 0.05959
0 0.64272 0.47371 0.19029 0.07197
0 0.79671 0.53420 0.11701 0.05516
0 0.2352 0.59469 0.18511 0.04817
0 0.39044 0.65519 0.13209 0.06596
0 0.52 0.71568 0.12897 0.05286
0 0.68587 0.77618 0.1389 0.04303
0 0.84865 0.83667 0.12137 0.07912
0 0.17073 0.89716 0.18254 0.04674
0 0.35194 0.94263 0.11253 0.05105
0 0.49636 0.05520 0.17538 0.04663
0 0.60558 0.11075 0.17766 0.07914
0 0.80785 0.17124 0.11199 0.04823
0 0.23443 0.23173 0.1812 0.06863
0 0.39566 0.29223 0.11502 0.04706
0 0.52763 0.35272 0.10889 0.0695
0 0.66732 0.41321 0.19107 0.07667
0 0.82346 0.47371 0.17571 0.07028
0 0.1373 0.53420 0.11514 0.05118
0 0.33443 0.59469 0.16134 0.05059
0 0.4856 0.65519 0.14143 0.06945
0 0.61903 0.71568 0.17915 0.07213
0 0.79498 0.77618 0.18426 0.05777
0 0.23952 0.83667 0.1865 0.07296
0 0.40807 0.89716 0.14994 0.04474
0 0.53696 0.94263 0.14719 0.04931
0 0.67881 0.05520 0.16494 0.0528
0 0.86169 0.11075 0.192 0.0784
0 0.1505 0.17124 0.17875 0.04844
0 0.36861 0.23173 0.18825 0.05597
0 0.49973 0.29223 0.12153 0.05493
0 0.63581 0.35272 0.19002 0.07342
0 0.82381 0.41321 0.14476 0.04826
0 0.22412 0.47371 0.16652 0.06242
0 0.40178 0.53420 0.11717 0.05688
0 0.54493 0.59469 0.18595 0.07791
0 0.6777 0.65519 0.19202 0.07831
0 0.85111 0.71568 0.12083 0.07992
0 0.18095 0.77618 0.1206 0.05665
0 0.36818 0.83667 0.17465 0.0568
0 0.50367 0.89716 0.15718 0.06767
0 0.63935 0.94263 0.11815 0.04717
0 0.7987 0.05520 0.1847 0.05814
0 0.23391 0.11075 0.15609 0.04719
0 0.39678 0.17124 0.18168 0.06161
0 0.54208 0.23173 0.11387 0.07658
0 0.67545 0.29223 0.12725 0.06884
0 0.8659 0.35272 0.18643 0.0625
0 0.17709 0.41321 0.16502 0.06581
0 0.34267 0.47371 0.17289 0.04686
0 0.51116 0.53420 0.11687 0.04752
0 0.64996 0.59469 0.19317 0.05812
0 0.81162 0.65519 0.18037 0.06924
0 0.24088 0.71568 0.16854 0.06922
0 0.38147 0.77618 0.11426 0.06541
0 0.53937 0.83667 0.18334 0.07107
0 0.69578 0.89716 0.19992 0.06447
0 0.8305 0.94263 0.12142 0.0572