0 0.16753 0.05513 0.15535 0.06512
0 0.32312 0.11071 0.12668 0.07859
0 0.48592 0.17061 0.14082 0.05919
0 0.63684 0.23050 0.16737 0.05213
0 0.79242 0.29040 0.13234 0.05787
0 0.23983 0.35029 0.17847 0.07373
0 0.38157 0.41019 0.11965 0.06177
0 0.53715 0.47008 0.16046 0.07738
0 0.70559 0.52998 0.19465 0.06715
0 0.86716 0.58987 0.11316 0.04884
0 0.16535 0.64977 0.15798 0.05828
0 0.31517 0.70966 0.18749 0.04663
0 0.46767 0.76956 0.13012 0.04526
0 0.61958 0.82945 0.13256 0.05979
0 0.82029 0.88935 0.16998 0.04489
0 0.23503 0.95184 0.12157 0.06588
0 0.40538 0.05513 0.13751 0.04247
0 0.54636 0.11071 0.12822 0.05378
0 0.69413 0.17061 0.1792 0.04396
0 0.86656 0.23050 0.1468 0.05564
0 0.16923 0.29040 0.14195 0.04943
0 0.355 0.35029 0.16671 0.0529
0 0.51087 0.41019 0.17344 0.04781
0 0.65077 0.47008 0.19257 0.0523
0 0.78419 0.52998 0.13518 0.05614
0 0.2404 0.58987 0.1414 0.06199
0 0.39524 0.64977 0.19085 0.05698
0 0.52887 0.70966 0.17328 0.0586
0 0.6574 0.76956 0.19513 0.05618
0 0.84584 0.82945 0.13961 0.05799
0 0.17145 0.88935 0.16252 0.07293
0 0.34588 0.95184 0.15105 0.04808
0 0.49564 0.05513 0.10814 0.06889
0 0.60157 0.11071 0.12495 0.07157
0 0.80161 0.17061 0.13303 0.07754
0 0.24213 0.23050 0.12446 0.07715
0 0.38253 0.29040 0.15715 0.06732
0 0.52792 0.35029 0.15025 0.06836
0 0.69571 0.41019 0.13877 0.05027
0 0.83635 0.47008 0.12544 0.05806
0 0.14254 0.52998 0.14155 0.04636
0 0.33819 0.58987 0.11135 0.07209
0 0.48118 0.64977 0.10617 0.06066
0 0.62942 0.70966 0.1257 0.05883
0 0.79726 0.76956 0.16971 0.06446
0 0.23451 0.82945 0.14678 0.06483
0 0.41411 0.88935 0.19868 0.04597
0 0.53773 0.95184 0.19987 0.07969
0 0.66904 0.05513 0.11318 0.06679
0 0.84414 0.11071 0.15268 0.05609
0 0.15519 0.17061 0.1986 0.07079
0 0.35478 0.23050 0.15987 0.04299
0 0.5035 0.29040 0.13922 0.04434
0 0.64483 0.35029 0.13951 0.0523
0 0.79399 0.41019 0.14701 0.07983
0 0.22831 0.47008 0.14348 0.06974
0 0.40891 0.52998 0.17691 0.04251
0 0.5429 0.58987 0.13233 0.05948
0 0.68928 0.64977 0.18535 0.05619
0 0.84667 0.70966 0.17945 0.06288
0 0.17844 0.76956 0.15954 0.0441
0 0.36389 0.82945 0.1888 0.07834
0 0.51207 0.88935 0.11723 0.06679
0 0.63842 0.95184 0.18686 0.0575
0 0.82019 0.05513 0.19228 0.06101
0 0.23412 0.11071 0.12803 0.06447
0 0.39769 0.17061 0.19609 0.06955
0 0.52979 0.23050 0.11178 0.06832
0 0.6889 0.29040 0.15968 0.07252
0 0.84067 0.35029 0.14668 0.05368
0 0.18332 0.41019 0.16696 0.07205
0 0.35103 0.47008 0.1812 0.05364
0 0.51351 0.52998 0.18429 0.07783
0 0.64528 0.58987 0.18154 0.04698
0 0.81631 0.64977 0.11075 0.07479
0 0.23802 0.70966 0.1265 0.06935
0 0.39245 0.76956 0.12183 0.07166
0 0.53304 0.82945 0.13743 0.04569
0 0.68975 0.88935 0.17172 0.05691
0 0.85599 0.95184 0.14628 0.0606