0 0.17014 0.05543 0.13795 0.05021
0 0.31553 0.11002 0.18275 0.06765
0 0.46981 0.16958 0.17679 0.06249
0 0.62405 0.22913 0.13422 0.04863
0 0.80893 0.28869 0.16595 0.06865
0 0.2391 0.34825 0.15845 0.07621
0 0.38294 0.40780 0.15435 0.05007
0 0.54582 0.46736 0.1694 0.04797
0 0.68729 0.52692 0.19899 0.05965
0 0.85174 0.58647 0.12676 0.04578
0 0.16622 0.64603 0.12579 0.04911
0 0.31645 0.70559 0.14513 0.0545
0 0.45446 0.76514 0.17511 0.05712
0 0.60536 0.82470 0.14729 0.06233
0 0.79387 0.88425 0.11383 0.07572
0 0.23495 0.94070 0.11691 0.05171
0 0.39544 0.05543 0.15406 0.06449
0 0.55177 0.11002 0.13903 0.05974
0 0.68868 0.16958 0.11999 0.04642
0 0.85687 0.22913 0.16525 0.04817
0 0.16428 0.28869 0.17607 0.04945
0 0.35868 0.34825 0.15508 0.06793
0 0.50684 0.40780 0.1129 0.07559
0 0.66696 0.46736 0.13492 0.06906
0 0.79281 0.52692 0.1247 0.04729
0 0.24211 0.58647 0.18239 0.07467
0 0.3893 0.64603 0.13746 0.05701
0 0.54348 0.70559 0.16533 0.06573
0 0.66454 0.76514 0.18758 0.04816
0 0.83114 0.82470 0.13143 0.0507
0 0.16753 0.88425 0.14014 0.05327
0 0.34359 0.94070 0.10659 0.0639
0 0.49202 0.05543 0.1371 0.0753
0 0.6022 0.11002 0.17535 0.07252
0 0.80376 0.16958 0.13942 0.07508
0 0.23716 0.22913 0.19035 0.04925
0 0.3913 0.28869 0.15536 0.0786
0 0.53614 0.34825 0.11648 0.07659
0 0.68495 0.40780 0.16417 0.05798
0 0.82115 0.46736 0.11687 0.04285
0 0.13909 0.52692 0.18258 0.07002
0 0.33809 0.58647 0.16616 0.04346
0 0.49367 0.64603 0.19389 0.0608
0 0.62868 0.70559 0.12336 0.06231
0 0.80686 0.76514 0.18562 0.07181
0 0.23554 0.82470 0.15847 0.06865
0 0.41429 0.88425 0.1461 0.06528
0 0.54761 0.94070 0.11172 0.05223
0 0.69279 0.05543 0.11235 0.06671
0 0.85155 0.11002 0.13181 0.05101
0 0.1546 0.16958 0.18515 0.07931
0 0.37188 0.22913 0.19254 0.07278
0 0.50399 0.28869 0.15871 0.04768
0 0.62627 0.34825 0.14163 0.07064
0 0.80445 0.40780 0.16349 0.06812
0 0.22028 0.46736 0.15896 0.04925
0 0.40267 0.52692 0.15689 0.05079
0 0.55212 0.58647 0.17529 0.06979
0 0.7 0.64603 0.18207 0.07456
0 0.84381 0.70559 0.18884 0.05796
0 0.17825 0.76514 0.18079 0.05403
0 0.37025 0.82470 0.14878 0.0715
0 0.49712 0.88425 0.13688 0.07349
0 0.64375 0.94070 0.14636 0.07119
0 0.82499 0.05543 0.11146 0.06947
0 0.23705 0.11002 0.1749 0.06658
0 0.39507 0.16958 0.16484 0.06359
0 0.54298 0.22913 0.13542 0.06177
0 0.6965 0.28869 0.14095 0.07127
0 0.83362 0.34825 0.11887 0.07946
0 0.18503 0.40780 0.19466 0.0754
0 0.34427 0.46736 0.18829 0.07035
0 0.50919 0.52692 0.16092 0.04482
0 0.64222 0.58647 0.15052 0.06355
0 0.81375 0.64603 0.16609 0.07997
0 0.23174 0.70559 0.17498 0.05412
0 0.39471 0.76514 0.11742 0.06528
0 0.54461 0.82470 0.17594 0.05136
0 0.69405 0.88425 0.13916 0.07528
0 0.85853 0.94070 0.14277 0.07107