0 0.17124 0.05533 0.11771 0.06316
0 0.32879 0.11154 0.1812 0.06731
0 0.47156 0.17227 0.16308 0.05477
0 0.63916 0.23300 0.10678 0.06353
0 0.82884 0.29373 0.13934 0.04939
0 0.24099 0.35446 0.14678 0.06871
0 0.38332 0.41519 0.19477 0.0502
0 0.53726 0.47592 0.1341 0.05357
0 0.69298 0.53664 0.12383 0.06758
0 0.86044 0.59737 0.17659 0.05056
0 0.16754 0.65810 0.11725 0.07994
0 0.32894 0.71883 0.13392 0.07345
0 0.45635 0.77956 0.14409 0.07776
0 0.62112 0.84029 0.13405 0.05122
0 0.8219 0.90102 0.19373 0.06514
0 0.24252 0.94058 0.18451 0.07554
0 0.40246 0.05533 0.15356 0.05136
0 0.55227 0.11154 0.13636 0.04782
0 0.67791 0.17227 0.13174 0.06876
0 0.86386 0.23300 0.13285 0.07415
0 0.16797 0.29373 0.19929 0.05605
0 0.35998 0.35446 0.16721 0.04432
0 0.51865 0.41519 0.1786 0.05652
0 0.67112 0.47592 0.19119 0.04548
0 0.79087 0.53664 0.15245 0.05631
0 0.23226 0.59737 0.12254 0.06719
0 0.39282 0.65810 0.1385 0.05444
0 0.52098 0.71883 0.13388 0.06676
0 0.66424 0.77956 0.17602 0.06884
0 0.85213 0.84029 0.1632 0.07698
0 0.16533 0.90102 0.1331 0.06303
0 0.34898 0.94058 0.15828 0.05785
0 0.49542 0.05533 0.18488 0.05234
0 0.6241 0.11154 0.15782 0.04794
0 0.78258 0.17227 0.19705 0.08009
0 0.24048 0.23300 0.17926 0.0493
0 0.39876 0.29373 0.12438 0.07895
0 0.53688 0.35446 0.16555 0.07604
0 0.68762 0.41519 0.16717 0.06268
0 0.84228 0.47592 0.13199 0.07707
0 0.13959 0.53664 0.17046 0.06292
0 0.3267 0.59737 0.13871 0.07929
0 0.49502 0.65810 0.18901 0.06757
0 0.62584 0.71883 0.19977 0.06764
0 0.80656 0.77956 0.11278 0.05648
0 0.23433 0.84029 0.19954 0.07642
0 0.39619 0.90102 0.13464 0.05385
0 0.54212 0.94058 0.12194 0.05508
0 0.6919 0.05533 0.11361 0.06698
0 0.85168 0.11154 0.12573 0.05675
0 0.15217 0.17227 0.16205 0.05097
0 0.35528 0.23300 0.19479 0.07511
0 0.50387 0.29373 0.11067 0.06557
0 0.65089 0.35446 0.12153 0.04846
0 0.8078 0.41519 0.14011 0.06975
0 0.22608 0.47592 0.13148 0.06563
0 0.40596 0.53664 0.16645 0.06769
0 0.55576 0.59737 0.11338 0.06853
0 0.66976 0.65810 0.16785 0.07278
0 0.86987 0.71883 0.16317 0.07423
0 0.17923 0.77956 0.14548 0.07606
0 0.37162 0.84029 0.15156 0.04578
0 0.50284 0.90102 0.13722 0.07934
0 0.63625 0.94058 0.1618 0.04365
0 0.81329 0.05533 0.19893 0.07299
0 0.24011 0.11154 0.15208 0.05558
0 0.38478 0.17227 0.11963 0.05429
0 0.52741 0.23300 0.1329 0.06203
0 0.68767 0.29373 0.18379 0.06534
0 0.83267 0.35446 0.18695 0.06136
0 0.17744 0.41519 0.13273 0.05783
0 0.35363 0.47592 0.14795 0.04371
0 0.51125 0.53664 0.14691 0.06503
0 0.65624 0.59737 0.12574 0.06459
0 0.79258 0.65810 0.19292 0.07235
0 0.2414 0.71883 0.1183 0.06364
0 0.39321 0.77956 0.15642 0.06195
0 0.54563 0.84029 0.1627 0.06101
0 0.69312 0.90102 0.13685 0.06205
0 0.83248 0.94058 0.17774 0.06731