0 0.16752 0.05558 0.1764 0.06939
0 0.32482 0.11148 0.18836 0.05488
0 0.46543 0.17269 0.14692 0.05619
0 0.64014 0.23391 0.15524 0.06477
0 0.81077 0.29512 0.1676 0.07656
0 0.23145 0.35634 0.15028 0.0524
0 0.38428 0.41755 0.12335 0.07825
0 0.53794 0.47876 0.12737 0.07029
0 0.68191 0.53998 0.14491 0.04259
0 0.85917 0.60119 0.10751 0.07451
0 0.16357 0.66241 0.17684 0.06866
0 0.32104 0.72362 0.11192 0.06364
0 0.46018 0.78483 0.14677 0.05516
0 0.6074 0.84605 0.15724 0.05498
0 0.81323 0.90726 0.16359 0.04534
0 0.23478 0.94577 0.14719 0.05971
0 0.41325 0.05558 0.11371 0.06721
0 0.531 0.11148 0.13284 0.064
0 0.68615 0.17269 0.11297 0.05759
0 0.8459 0.23391 0.17489 0.07768
0 0.16643 0.29512 0.13872 0.05602
0 0.35427 0.35634 0.16756 0.07817
0 0.52127 0.41755 0.15149 0.04356
0 0.65782 0.47876 0.14214 0.05906
0 0.80613 0.53998 0.13689 0.06885
0 0.24073 0.60119 0.11578 0.06894
0 0.38591 0.66241 0.14099 0.06167
0 0.52249 0.72362 0.14165 0.06552
0 0.66556 0.78483 0.15149 0.07057
0 0.84665 0.84605 0.18108 0.07265
0 0.16438 0.90726 0.17125 0.05513
0 0.34774 0.94577 0.18618 0.0637
0 0.47679 0.05558 0.15436 0.07468
0 0.60106 0.11148 0.18668 0.06464
0 0.80395 0.17269 0.14995 0.06159
0 0.24087 0.23391 0.13104 0.07461
0 0.39881 0.29512 0.16541 0.06821
0 0.54129 0.35634 0.15912 0.04644
0 0.68837 0.41755 0.15709 0.06136
0 0.82215 0.47876 0.14315 0.04315
0 0.13654 0.53998 0.14571 0.05912
0 0.33963 0.60119 0.11899 0.07664
0 0.49443 0.66241 0.13361 0.04411
0 0.63206 0.72362 0.10676 0.07807
0 0.81881 0.78483 0.194 0.04923
0 0.23379 0.84605 0.16351 0.05638
0 0.41073 0.90726 0.19015 0.05017
0 0.55723 0.94577 0.14574 0.04603
0 0.68124 0.05558 0.1438 0.05875
0 0.84069 0.11148 0.15829 0.05289
0 0.15339 0.17269 0.16228 0.04623
0 0.36597 0.23391 0.1538 0.06124
0 0.51131 0.29512 0.16143 0.05144
0 0.65631 0.35634 0.11859 0.05561
0 0.79463 0.41755 0.17787 0.06348
0 0.22552 0.47876 0.16746 0.0631
0 0.39634 0.53998 0.13917 0.05831
0 0.53364 0.60119 0.13554 0.05696
0 0.67141 0.66241 0.13192 0.05678
0 0.8521 0.72362 0.12016 0.05301
0 0.18129 0.78483 0.13759 0.04921
0 0.36194 0.84605 0.18461 0.04723
0 0.50995 0.90726 0.12809 0.04302
0 0.64301 0.94577 0.11259 0.07083
0 0.81638 0.05558 0.15271 0.06147
0 0.23709 0.11148 0.11758 0.06966
0 0.38758 0.17269 0.14403 0.07113
0 0.52405 0.23391 0.11467 0.05257
0 0.70008 0.29512 0.174 0.04973
0 0.84148 0.35634 0.13834 0.04485
0 0.18408 0.41755 0.15946 0.05847
0 0.34891 0.47876 0.16777 0.06891
0 0.49802 0.53998 0.16758 0.07928
0 0.65984 0.60119 0.17214 0.06323
0 0.78972 0.66241 0.13445 0.04408
0 0.23213 0.72362 0.11412 0.06438
0 0.399 0.78483 0.16579 0.05292
0 0.55538 0.84605 0.13119 0.06287
0 0.70943 0.90726 0.19038 0.05915
0 0.86898 0.94577 0.13438 0.04685