0 0.16344 0.05523 0.1373 0.07628
0 0.31908 0.11008 0.1488 0.06118
0 0.46674 0.17004 0.17559 0.07151
0 0.62938 0.23001 0.15414 0.0447
0 0.79354 0.28998 0.14213 0.05232
0 0.23185 0.34994 0.19144 0.06698
0 0.39926 0.40991 0.19707 0.04746
0 0.55715 0.46988 0.1653 0.06651
0 0.69309 0.52984 0.11851 0.05694
0 0.85757 0.58981 0.16436 0.0713
0 0.1639 0.64977 0.14218 0.06705
0 0.31638 0.70974 0.19952 0.05681
0 0.45007 0.76971 0.13311 0.05374
0 0.61323 0.82967 0.17265 0.05525
0 0.79549 0.88964 0.15653 0.07708
0 0.24309 0.94290 0.12428 0.05963
0 0.40332 0.05523 0.17107 0.05911
0 0.55671 0.11008 0.11082 0.05955
0 0.69159 0.17004 0.12345 0.07808
0 0.85488 0.23001 0.11037 0.05069
0 0.16784 0.28998 0.18951 0.0757
0 0.36663 0.34994 0.18524 0.04318
0 0.50374 0.40991 0.11721 0.05532
0 0.66526 0.46988 0.14476 0.07132
0 0.81252 0.52984 0.1174 0.05535
0 0.23149 0.58981 0.16 0.06576
0 0.39715 0.64977 0.19558 0.05951
0 0.53747 0.70974 0.13024 0.04281
0 0.68657 0.76971 0.19939 0.06502
0 0.82615 0.82967 0.13905 0.06511
0 0.171 0.88964 0.12573 0.06692
0 0.35142 0.94290 0.16884 0.05535
0 0.47895 0.05523 0.19783 0.06103
0 0.60708 0.11008 0.16477 0.06889
0 0.80607 0.17004 0.11206 0.07591
0 0.2409 0.23001 0.14128 0.0445
0 0.38314 0.28998 0.12174 0.04614
0 0.52962 0.34994 0.12787 0.06693
0 0.6744 0.40991 0.11099 0.07124
0 0.85511 0.46988 0.19108 0.07968
0 0.13834 0.52984 0.18086 0.04715
0 0.34096 0.58981 0.14123 0.05617
0 0.4827 0.64977 0.18451 0.06793
0 0.63994 0.70974 0.17714 0.0566
0 0.79703 0.76971 0.1647 0.07499
0 0.24035 0.82967 0.14322 0.05344
0 0.39536 0.88964 0.13994 0.04746
0 0.54823 0.94290 0.11444 0.06779
0 0.68623 0.05523 0.13828 0.05007
0 0.84622 0.11008 0.1578 0.07518
0 0.15135 0.17004 0.14949 0.07075
0 0.36819 0.23001 0.16692 0.05824
0 0.49364 0.28998 0.15448 0.04244
0 0.64174 0.34994 0.18285 0.04806
0 0.78996 0.40991 0.11523 0.05275
0 0.21985 0.46988 0.14979 0.07533
0 0.40449 0.52984 0.16167 0.0651
0 0.55354 0.58981 0.12371 0.05454
0 0.67174 0.64977 0.1637 0.05315
0 0.8613 0.70974 0.11096 0.05884
0 0.18318 0.76971 0.16035 0.07651
0 0.35451 0.82967 0.18548 0.07731
0 0.50222 0.88964 0.15318 0.06148
0 0.65714 0.94290 0.14746 0.06609
0 0.79397 0.05523 0.12012 0.06955
0 0.24016 0.11008 0.10873 0.04333
0 0.39353 0.17004 0.17741 0.06411
0 0.5329 0.23001 0.18112 0.04418
0 0.68391 0.28998 0.13374 0.05836
0 0.85433 0.34994 0.11693 0.06007
0 0.18079 0.40991 0.14143 0.04328
0 0.3416 0.46988 0.18421 0.04488
0 0.49726 0.52984 0.18543 0.07727
0 0.65804 0.58981 0.16879 0.06257
0 0.81495 0.64977 0.19659 0.05626
0 0.24238 0.70974 0.19498 0.05615
0 0.40012 0.76971 0.11669 0.04814
0 0.53337 0.82967 0.16719 0.04807
0 0.70353 0.88964 0.1514 0.05566
0 0.85581 0.94290 0.11234 0.0551