0 0.16905 0.05607 0.11611 0.07491
0 0.31899 0.11198 0.1405 0.04472
0 0.46347 0.17161 0.16757 0.04848
0 0.63871 0.23123 0.15396 0.07224
0 0.81455 0.29086 0.17638 0.06236
0 0.23528 0.35048 0.18023 0.06323
0 0.38366 0.41011 0.18288 0.06373
0 0.53916 0.46973 0.19731 0.06084
0 0.69663 0.52936 0.10816 0.07441
0 0.84714 0.58898 0.16995 0.04306
0 0.16859 0.64861 0.15611 0.05746
0 0.32462 0.70824 0.17472 0.04438
0 0.4545 0.76786 0.11519 0.05985
0 0.6015 0.82749 0.15301 0.07842
0 0.82335 0.88711 0.14482 0.06373
0 0.24263 0.94456 0.13119 0.05601
0 0.40584 0.05607 0.18406 0.04684
0 0.55516 0.11198 0.14561 0.04565
0 0.67658 0.17161 0.18744 0.04928
0 0.85559 0.23123 0.10881 0.07259
0 0.16487 0.29086 0.1625 0.05578
0 0.36787 0.35048 0.13256 0.04837
0 0.50505 0.41011 0.12109 0.06896
0 0.65027 0.46973 0.19387 0.04617
0 0.78263 0.52936 0.11324 0.07042
0 0.23452 0.58898 0.18999 0.05555
0 0.38885 0.64861 0.14697 0.0478
0 0.53594 0.70824 0.12898 0.06105
0 0.68288 0.76786 0.17047 0.07075
0 0.84342 0.82749 0.16519 0.07558
0 0.16977 0.88711 0.13405 0.07192
0 0.35536 0.94456 0.17214 0.05816
0 0.49688 0.05607 0.1648 0.04405
0 0.62349 0.11198 0.18589 0.06175
0 0.78533 0.17161 0.17151 0.05888
0 0.23995 0.23123 0.19419 0.05886
0 0.38321 0.29086 0.17828 0.05164
0 0.52736 0.35048 0.17724 0.07508
0 0.68936 0.41011 0.1213 0.04686
0 0.8294 0.46973 0.12461 0.07233
0 0.13831 0.52936 0.13867 0.05174
0 0.34223 0.58898 0.18564 0.07261
0 0.49181 0.64861 0.16642 0.07336
0 0.61307 0.70824 0.16848 0.07428
0 0.79443 0.76786 0.11422 0.06576
0 0.23942 0.82749 0.19152 0.05709
0 0.39623 0.88711 0.11069 0.04348
0 0.55112 0.94456 0.13435 0.06646
0 0.68552 0.05607 0.1631 0.0458
0 0.86575 0.11198 0.12597 0.06406
0 0.15225 0.17161 0.18009 0.06629
0 0.37082 0.23123 0.15431 0.07047
0 0.50157 0.29086 0.17074 0.07312
0 0.63532 0.35048 0.12136 0.07115
0 0.82419 0.41011 0.13285 0.04275
0 0.22146 0.46973 0.14561 0.07232
0 0.39615 0.52936 0.16638 0.07711
0 0.55058 0.58898 0.12906 0.07186
0 0.66727 0.64861 0.16519 0.07681
0 0.8496 0.70824 0.16127 0.07936
0 0.17753 0.76786 0.18119 0.06809
0 0.35668 0.82749 0.19013 0.06661
0 0.49353 0.88711 0.17679 0.07478
0 0.64994 0.94456 0.17977 0.05759
0 0.8169 0.05607 0.17301 0.04719
0 0.23149 0.11198 0.12978 0.05815
0 0.39702 0.17161 0.1404 0.04517
0 0.52082 0.23123 0.1931 0.04517
0 0.67841 0.29086 0.17691 0.04765
0 0.85888 0.35048 0.12961 0.0619
0 0.18562 0.41011 0.16661 0.05488
0 0.34832 0.46973 0.1523 0.07243
0 0.49503 0.52936 0.1635 0.05972
0 0.66631 0.58898 0.13569 0.06447
0 0.80518 0.64861 0.17472 0.05115
0 0.23644 0.70824 0.13438 0.05637
0 0.39477 0.76786 0.14462 0.06652
0 0.54014 0.82749 0.1582 0.07547
0 0.70487 0.88711 0.11745 0.06217
0 0.84957 0.94456 0.11975 0.07649