0 0.1645 0.05528 0.17195 0.05056
0 0.31595 0.11099 0.13637 0.04589
0 0.46423 0.17040 0.16208 0.06097
0 0.63071 0.22980 0.18025 0.04374
0 0.79207 0.28921 0.1858 0.0589
0 0.23597 0.34861 0.13559 0.06005
0 0.39458 0.40802 0.19353 0.0796
0 0.55713 0.46742 0.16186 0.07924
0 0.69342 0.52683 0.15602 0.0518
0 0.86994 0.58623 0.12679 0.06525
0 0.17085 0.64564 0.13009 0.07262
0 0.31726 0.70504 0.15843 0.0517
0 0.46294 0.76445 0.153 0.05942
0 0.61667 0.82385 0.11489 0.056
0 0.82437 0.88326 0.14485 0.07458
0 0.23661 0.94398 0.16896 0.0762
0 0.41306 0.05528 0.12849 0.06658
0 0.53637 0.11099 0.12542 0.07607
0 0.68388 0.17040 0.16916 0.05322
0 0.83242 0.22980 0.18375 0.06224
0 0.16939 0.28921 0.11571 0.04575
0 0.36805 0.34861 0.10659 0.07456
0 0.50807 0.40802 0.11502 0.07119
0 0.66377 0.46742 0.13089 0.07428
0 0.78778 0.52683 0.14099 0.06053
0 0.23515 0.58623 0.19121 0.07074
0 0.39781 0.64564 0.10867 0.05385
0 0.52248 0.70504 0.20034 0.05244
0 0.68588 0.76445 0.14057 0.05176
0 0.85522 0.82385 0.17828 0.04759
0 0.16467 0.88326 0.14417 0.05871
0 0.35237 0.94398 0.18923 0.07645
0 0.48348 0.05528 0.17607 0.05741
0 0.62904 0.11099 0.13199 0.07503
0 0.78357 0.17040 0.19317 0.07389
0 0.23589 0.22980 0.17754 0.06405
0 0.39689 0.28921 0.18194 0.06401
0 0.52604 0.34861 0.13749 0.05587
0 0.67969 0.40802 0.11303 0.07556
0 0.83674 0.46742 0.13643 0.05488
0 0.13618 0.52683 0.10634 0.05727
0 0.33696 0.58623 0.18979 0.06568
0 0.4971 0.64564 0.13997 0.07212
0 0.62512 0.70504 0.12008 0.0574
0 0.80746 0.76445 0.1436 0.04917
0 0.23313 0.82385 0.12002 0.07957
0 0.4086 0.88326 0.11188 0.07162
0 0.5567 0.94398 0.10622 0.06267
0 0.69482 0.05528 0.1621 0.05578
0 0.87112 0.11099 0.11739 0.06285
0 0.15365 0.17040 0.1082 0.04688
0 0.35916 0.22980 0.16116 0.0714
0 0.50799 0.28921 0.14833 0.05498
0 0.65573 0.34861 0.19271 0.06034
0 0.80959 0.40802 0.13823 0.06637
0 0.22479 0.46742 0.10804 0.05709
0 0.40575 0.52683 0.13386 0.04627
0 0.5501 0.58623 0.14016 0.06925
0 0.69026 0.64564 0.18028 0.05128
0 0.83618 0.70504 0.11682 0.07794
0 0.18347 0.76445 0.13929 0.0525
0 0.36491 0.82385 0.12259 0.07768
0 0.50699 0.88326 0.18346 0.06418
0 0.64298 0.94398 0.18757 0.07337
0 0.79092 0.05528 0.19191 0.06678
0 0.24139 0.11099 0.1742 0.04973
0 0.39028 0.17040 0.15822 0.05155
0 0.52315 0.22980 0.14308 0.04885
0 0.66788 0.28921 0.16164 0.07328
0 0.83463 0.34861 0.13852 0.07359
0 0.1777 0.40802 0.14809 0.06402
0 0.35212 0.46742 0.137 0.05767
0 0.50371 0.52683 0.19597 0.04528
0 0.65709 0.58623 0.19802 0.0739
0 0.79805 0.64564 0.14031 0.04909
0 0.23814 0.70504 0.12615 0.06052
0 0.40031 0.76445 0.16281 0.0674
0 0.53872 0.82385 0.19135 0.0453
0 0.71021 0.88326 0.18684 0.05386
0 0.83803 0.94398 0.11377 0.04897