0 0.16791 0.05565 0.17933 0.06856
0 0.32361 0.10916 0.12775 0.05996
0 0.46676 0.16919 0.16677 0.05119
0 0.62583 0.22921 0.18929 0.04916
0 0.79835 0.28923 0.178 0.05454
0 0.23899 0.34926 0.18827 0.05246
0 0.38312 0.40928 0.14553 0.06523
0 0.55088 0.46931 0.13108 0.07576
0 0.68449 0.52933 0.10866 0.04773
0 0.83468 0.58936 0.18969 0.06262
0 0.1709 0.64938 0.19067 0.07899
0 0.32137 0.70941 0.18491 0.04319
0 0.46211 0.76943 0.14926 0.06859
0 0.61345 0.82946 0.19431 0.06414
0 0.81926 0.88948 0.10768 0.04737
0 0.23671 0.94358 0.11173 0.07777
0 0.41199 0.05565 0.15329 0.04939
0 0.54072 0.10916 0.19056 0.07111
0 0.66879 0.16919 0.12074 0.07242
0 0.86985 0.22921 0.12761 0.04636
0 0.16755 0.28923 0.19656 0.07126
0 0.37078 0.34926 0.13167 0.05966
0 0.51257 0.40928 0.16607 0.04666
0 0.66172 0.46931 0.16621 0.04772
0 0.77627 0.52933 0.15167 0.05746
0 0.23939 0.58936 0.16362 0.04291
0 0.39871 0.64938 0.19495 0.04492
0 0.52381 0.70941 0.16795 0.08012
0 0.66585 0.76943 0.1139 0.05394
0 0.83066 0.82946 0.15027 0.05747
0 0.16383 0.88948 0.13197 0.05373
0 0.34283 0.94358 0.16013 0.04747
0 0.4832 0.05565 0.14303 0.05953
0 0.60296 0.10916 0.16356 0.07975
0 0.81169 0.16919 0.12718 0.06416
0 0.23286 0.22921 0.19884 0.0733
0 0.39577 0.28923 0.13231 0.05306
0 0.51899 0.34926 0.19143 0.04737
0 0.66956 0.40928 0.19734 0.06299
0 0.82867 0.46931 0.15861 0.04458
0 0.13767 0.52933 0.19321 0.04367
0 0.3332 0.58936 0.11876 0.05308
0 0.48946 0.64938 0.12269 0.0659
0 0.62785 0.70941 0.17965 0.06806
0 0.80014 0.76943 0.10961 0.06619
0 0.24248 0.82946 0.10915 0.07543
0 0.4033 0.88948 0.11243 0.05171
0 0.54125 0.94358 0.162 0.05007
0 0.69201 0.05565 0.17539 0.05985
0 0.84547 0.10916 0.15816 0.07054
0 0.15254 0.16919 0.15002 0.04868
0 0.36394 0.22921 0.13846 0.06865
0 0.51365 0.28923 0.15307 0.06323
0 0.64717 0.34926 0.13282 0.05181
0 0.81506 0.40928 0.16034 0.05344
0 0.22526 0.46931 0.12065 0.07347
0 0.4042 0.52933 0.18256 0.05728
0 0.54442 0.58936 0.19213 0.05417
0 0.67761 0.64938 0.11407 0.06192
0 0.83564 0.70941 0.1505 0.06469
0 0.18035 0.76943 0.17373 0.0497
0 0.36224 0.82946 0.19462 0.06894
0 0.51354 0.88948 0.12142 0.07787
0 0.63011 0.94358 0.11904 0.07547
0 0.79571 0.05565 0.14521 0.07468
0 0.23265 0.10916 0.10751 0.04958
0 0.39693 0.16919 0.1368 0.0506
0 0.53159 0.22921 0.1379 0.04591
0 0.68095 0.28923 0.19074 0.0574
0 0.84484 0.34926 0.13205 0.07115
0 0.1837 0.40928 0.13652 0.07361
0 0.34442 0.46931 0.16134 0.07769
0 0.49084 0.52933 0.14946 0.06091
0 0.64385 0.58936 0.15451 0.0459
0 0.82241 0.64938 0.14003 0.05311
0 0.23298 0.70941 0.10849 0.04339
0 0.39495 0.76943 0.19159 0.04444
0 0.54859 0.82946 0.11639 0.05627
0 0.69235 0.88948 0.1258 0.04289
0 0.86295 0.94358 0.1411 0.04677