0 0.16674 0.05571 0.11346 0.04265
0 0.3278 0.10931 0.11047 0.07721
0 0.46864 0.17025 0.12785 0.07664
0 0.61401 0.23119 0.17889 0.05413
0 0.82864 0.29213 0.18044 0.06061
0 0.24176 0.35306 0.16721 0.06444
0 0.3965 0.41400 0.1766 0.05173
0 0.54855 0.47494 0.17244 0.05874
0 0.68499 0.53588 0.13849 0.06537
0 0.84901 0.59682 0.18243 0.06037
0 0.16336 0.65776 0.12879 0.06038
0 0.32318 0.71870 0.1575 0.07367
0 0.46408 0.77964 0.14408 0.05635
0 0.60408 0.84058 0.15588 0.07154
0 0.82662 0.90152 0.19724 0.05169
0 0.23325 0.94743 0.15201 0.07257
0 0.40648 0.05571 0.116 0.0722
0 0.5493 0.10931 0.1469 0.06003
0 0.69771 0.17025 0.1934 0.07618
0 0.85872 0.23119 0.19506 0.05712
0 0.16799 0.29213 0.11318 0.07834
0 0.35435 0.35306 0.18085 0.05035
0 0.52314 0.41400 0.16784 0.0485
0 0.65256 0.47494 0.19192 0.06864
0 0.7936 0.53588 0.18916 0.05026
0 0.23408 0.59682 0.12188 0.07904
0 0.39668 0.65776 0.17526 0.06641
0 0.54136 0.71870 0.1242 0.05094
0 0.67709 0.77964 0.15547 0.05219
0 0.85799 0.84058 0.14913 0.04474
0 0.1647 0.90152 0.19711 0.04449
0 0.3531 0.94743 0.16095 0.04278
0 0.48066 0.05571 0.19676 0.04853
0 0.60701 0.10931 0.1702 0.0645
0 0.78624 0.17025 0.14415 0.04569
0 0.23178 0.23119 0.11789 0.04487
0 0.3886 0.29213 0.15012 0.06276
0 0.51764 0.35306 0.19577 0.07357
0 0.67879 0.41400 0.19007 0.0558
0 0.83772 0.47494 0.13221 0.06206
0 0.13981 0.53588 0.13459 0.06247
0 0.33338 0.59682 0.12446 0.07463
0 0.4799 0.65776 0.14313 0.07307
0 0.63915 0.71870 0.19714 0.04492
0 0.82431 0.77964 0.16046 0.05105
0 0.232 0.84058 0.10733 0.05921
0 0.41399 0.90152 0.19284 0.04781
0 0.54077 0.94743 0.13009 0.05895
0 0.70095 0.05571 0.14867 0.07807
0 0.85332 0.10931 0.13824 0.05371
0 0.15587 0.17025 0.14303 0.04615
0 0.36807 0.23119 0.13431 0.04393
0 0.50666 0.29213 0.10902 0.06377
0 0.62927 0.35306 0.15694 0.07896
0 0.7946 0.41400 0.19241 0.06906
0 0.22264 0.47494 0.13292 0.07725
0 0.41049 0.53588 0.19205 0.05772
0 0.53808 0.59682 0.16277 0.04578
0 0.67818 0.65776 0.11846 0.05092
0 0.86925 0.71870 0.10764 0.07452
0 0.18129 0.77964 0.17578 0.06518
0 0.35766 0.84058 0.11021 0.04429
0 0.51199 0.90152 0.12769 0.07026
0 0.64609 0.94743 0.12247 0.06421
0 0.80605 0.05571 0.15181 0.05716
0 0.24261 0.10931 0.17437 0.07492
0 0.39908 0.17025 0.15832 0.07946
0 0.54254 0.23119 0.1281 0.07971
0 0.67772 0.29213 0.13255 0.07273
0 0.85189 0.35306 0.1143 0.061
0 0.17747 0.41400 0.1918 0.05324
0 0.35106 0.47494 0.14296 0.06043
0 0.49649 0.53588 0.19073 0.05962
0 0.64993 0.59682 0.17599 0.07736
0 0.79311 0.65776 0.19641 0.0432
0 0.23307 0.71870 0.18345 0.04316
0 0.38403 0.77964 0.13615 0.04974
0 0.53931 0.84058 0.11832 0.06092
0 0.71042 0.90152 0.17934 0.04472
0 0.8578 0.94743 0.19452 0.05083