0 0.16479 0.05606 0.18636 0.04492
0 0.32824 0.10999 0.17275 0.07591
0 0.48586 0.17074 0.14647 0.07666
0 0.62038 0.23149 0.16454 0.07194
0 0.80091 0.29225 0.16652 0.06022
0 0.24129 0.35300 0.18976 0.07245
0 0.39671 0.41376 0.19974 0.07545
0 0.54085 0.47451 0.17474 0.06778
0 0.69315 0.53527 0.15376 0.04508
0 0.84179 0.59602 0.11068 0.04712
0 0.1655 0.65677 0.11627 0.05847
0 0.32894 0.71753 0.18699 0.07194
0 0.45023 0.77828 0.19242 0.06464
0 0.61955 0.83904 0.16939 0.06023
0 0.80965 0.89979 0.14966 0.0437
0 0.23273 0.94926 0.19671 0.04922
0 0.40401 0.05606 0.1136 0.07757
0 0.5503 0.10999 0.14245 0.06471
0 0.69963 0.17074 0.10762 0.06152
0 0.85268 0.23149 0.16187 0.05066
0 0.17113 0.29225 0.15964 0.07833
0 0.37176 0.35300 0.10722 0.05609
0 0.51558 0.41376 0.16167 0.05972
0 0.6516 0.47451 0.14003 0.07376
0 0.77941 0.53527 0.10846 0.07224
0 0.24136 0.59602 0.19833 0.05906
0 0.38916 0.65677 0.11853 0.06596
0 0.53721 0.71753 0.15797 0.07846
0 0.6718 0.77828 0.18747 0.06745
0 0.83651 0.83904 0.17042 0.05248
0 0.16555 0.89979 0.10936 0.0697
0 0.34263 0.94926 0.14757 0.06359
0 0.47828 0.05606 0.14753 0.07912
0 0.62476 0.10999 0.1783 0.05377
0 0.78917 0.17074 0.20033 0.06117
0 0.23935 0.23149 0.13034 0.05313
0 0.38314 0.29225 0.18958 0.04522
0 0.53272 0.35300 0.11075 0.04663
0 0.67085 0.41376 0.13733 0.04527
0 0.82706 0.47451 0.17485 0.08
0 0.13899 0.53527 0.15308 0.06504
0 0.33859 0.59602 0.15761 0.07218
0 0.49753 0.65677 0.12725 0.07491
0 0.63798 0.71753 0.11766 0.07362
0 0.79881 0.77828 0.15181 0.07776
0 0.23548 0.83904 0.18847 0.04378
0 0.41407 0.89979 0.16654 0.0477
0 0.53899 0.94926 0.14833 0.06978
0 0.67219 0.05606 0.119 0.07532
0 0.86181 0.10999 0.11937 0.05653
0 0.15188 0.17074 0.19871 0.05058
0 0.35983 0.23149 0.1977 0.06415
0 0.49003 0.29225 0.1465 0.04339
0 0.64413 0.35300 0.17735 0.04407
0 0.80733 0.41376 0.15873 0.07763
0 0.21957 0.47451 0.1774 0.05757
0 0.40889 0.53527 0.19808 0.07203
0 0.54557 0.59602 0.11001 0.05158
0 0.67561 0.65677 0.13916 0.06538
0 0.84693 0.71753 0.151 0.07611
0 0.17915 0.77828 0.12256 0.06616
0 0.36441 0.83904 0.13962 0.07728
0 0.49132 0.89979 0.18983 0.07998
0 0.64535 0.94926 0.11259 0.04809
0 0.79105 0.05606 0.11481 0.04336
0 0.24157 0.10999 0.12547 0.07679
0 0.38778 0.17074 0.16407 0.04801
0 0.52018 0.23149 0.13185 0.04582
0 0.68714 0.29225 0.17657 0.06942
0 0.85697 0.35300 0.13489 0.04903
0 0.184 0.41376 0.17823 0.04845
0 0.35306 0.47451 0.12991 0.06049
0 0.50979 0.53527 0.16933 0.07821
0 0.6609 0.59602 0.1185 0.07037
0 0.82617 0.65677 0.19492 0.06778
0 0.23854 0.71753 0.14798 0.04508
0 0.39543 0.77828 0.13982 0.05397
0 0.55015 0.83904 0.12208 0.07776
0 0.70451 0.89979 0.15312 0.07474
0 0.86924 0.94926 0.1487 0.07602