0 0.17149 0.05515 0.14819 0.04304
0 0.31776 0.10914 0.16625 0.04997
0 0.48521 0.17018 0.13502 0.0748
0 0.61792 0.23121 0.14787 0.04497
0 0.78948 0.29224 0.16879 0.05415
0 0.24176 0.35328 0.18359 0.0736
0 0.39765 0.41431 0.13614 0.0655
0 0.53994 0.47534 0.16801 0.07692
0 0.68397 0.53638 0.15372 0.07577
0 0.85689 0.59741 0.12091 0.05168
0 0.16667 0.65844 0.13483 0.07856
0 0.32788 0.71948 0.11598 0.05948
0 0.46935 0.78051 0.18815 0.07594
0 0.61781 0.84154 0.17008 0.05996
0 0.82545 0.90258 0.18402 0.0645
0 0.23386 0.95150 0.19526 0.04287
0 0.39992 0.05515 0.16552 0.0699
0 0.53095 0.10914 0.15447 0.05809
0 0.67002 0.17018 0.15849 0.0469
0 0.85552 0.23121 0.19916 0.06491
0 0.16583 0.29224 0.16517 0.0426
0 0.36789 0.35328 0.18639 0.07786
0 0.52012 0.41431 0.15229 0.0685
0 0.64558 0.47534 0.10795 0.05268
0 0.78705 0.53638 0.12905 0.07085
0 0.23299 0.59741 0.15793 0.06725
0 0.39207 0.65844 0.11564 0.05313
0 0.52103 0.71948 0.15078 0.06263
0 0.68187 0.78051 0.12252 0.0447
0 0.81793 0.84154 0.13674 0.06797
0 0.17042 0.90258 0.11647 0.07723
0 0.34432 0.95150 0.14644 0.06002
0 0.49474 0.05515 0.17385 0.05634
0 0.60061 0.10914 0.17844 0.07702
0 0.80384 0.17018 0.19348 0.04286
0 0.23356 0.23121 0.17743 0.07747
0 0.40045 0.29224 0.13741 0.06858
0 0.53086 0.35328 0.18909 0.0734
0 0.68526 0.41431 0.15562 0.07477
0 0.82798 0.47534 0.13127 0.0466
0 0.13874 0.53638 0.12193 0.06901
0 0.3352 0.59741 0.11031 0.06323
0 0.48892 0.65844 0.12217 0.06206
0 0.62715 0.71948 0.19335 0.05426
0 0.79565 0.78051 0.11631 0.04851
0 0.23393 0.84154 0.18471 0.05448
0 0.40772 0.90258 0.12038 0.06773
0 0.54725 0.95150 0.18676 0.06219
0 0.67315 0.05515 0.1625 0.06535
0 0.86703 0.10914 0.12471 0.0711
0 0.15375 0.17018 0.18126 0.04861
0 0.37148 0.23121 0.1803 0.06107
0 0.49714 0.29224 0.11508 0.07126
0 0.65643 0.35328 0.12223 0.05377
0 0.81392 0.41431 0.1629 0.07406
0 0.22641 0.47534 0.13672 0.06806
0 0.396 0.53638 0.13127 0.05481
0 0.54684 0.59741 0.18048 0.06273
0 0.69756 0.65844 0.1642 0.07402
0 0.85187 0.71948 0.17079 0.05159
0 0.18175 0.78051 0.17182 0.04316
0 0.36831 0.84154 0.19394 0.06534
0 0.50638 0.90258 0.1174 0.06275
0 0.6409 0.95150 0.16328 0.05096
0 0.81189 0.05515 0.15225 0.07712
0 0.24016 0.10914 0.15601 0.07772
0 0.39111 0.17018 0.12698 0.06085
0 0.52041 0.23121 0.17661 0.06874
0 0.67607 0.29224 0.13041 0.06191
0 0.86946 0.35328 0.12484 0.05318
0 0.18227 0.41431 0.18823 0.04278
0 0.34964 0.47534 0.10863 0.05347
0 0.51343 0.53638 0.10949 0.06756
0 0.64807 0.59741 0.14736 0.04828
0 0.82617 0.65844 0.11226 0.05093
0 0.23797 0.71948 0.1984 0.07552
0 0.39547 0.78051 0.16536 0.06527
0 0.54937 0.84154 0.16795 0.06682
0 0.68541 0.90258 0.13698 0.04504
0 0.87152 0.95150 0.1509 0.05067