0 0.16582 0.05562 0.17726 0.04604
0 0.32405 0.10942 0.15487 0.05141
0 0.47748 0.17048 0.19944 0.04331
0 0.61574 0.23154 0.12284 0.04824
0 0.80097 0.29260 0.14727 0.07563
0 0.23849 0.35367 0.16552 0.04691
0 0.398 0.41473 0.16958 0.07486
0 0.55292 0.47579 0.19257 0.07507
0 0.69357 0.53686 0.19164 0.0762
0 0.85074 0.59792 0.11208 0.04287
0 0.16982 0.65898 0.16614 0.07245
0 0.31655 0.72004 0.15142 0.0493
0 0.45272 0.78111 0.13317 0.04364
0 0.60643 0.84217 0.17409 0.04858
0 0.8288 0.90323 0.15367 0.0631
0 0.23777 0.95539 0.16992 0.0714
0 0.40811 0.05562 0.18172 0.07182
0 0.54906 0.10942 0.17049 0.05559
0 0.68782 0.17048 0.11695 0.06914
0 0.8331 0.23154 0.19635 0.0549
0 0.16717 0.29260 0.1377 0.06566
0 0.36023 0.35367 0.13607 0.05973
0 0.51916 0.41473 0.16908 0.05069
0 0.6597 0.47579 0.11991 0.05872
0 0.78788 0.53686 0.13228 0.06654
0 0.24129 0.59792 0.16824 0.07377
0 0.38447 0.65898 0.15719 0.06915
0 0.51737 0.72004 0.13285 0.04921
0 0.66057 0.78111 0.1981 0.0643
0 0.83895 0.84217 0.16024 0.07176
0 0.16619 0.90323 0.17463 0.07105
0 0.34316 0.95539 0.18897 0.05188
0 0.49126 0.05562 0.16849 0.05539
0 0.60759 0.10942 0.15526 0.06998
0 0.7878 0.17048 0.13009 0.05326
0 0.2373 0.23154 0.16958 0.05917
0 0.39139 0.29260 0.18706 0.0741
0 0.5176 0.35367 0.15062 0.07952
0 0.67096 0.41473 0.1921 0.0656
0 0.82246 0.47579 0.11196 0.04908
0 0.1414 0.53686 0.15203 0.04484
0 0.33012 0.59792 0.19234 0.06829
0 0.48863 0.65898 0.15225 0.0511
0 0.6198 0.72004 0.15173 0.06749
0 0.81611 0.78111 0.13191 0.07426
0 0.23897 0.84217 0.11465 0.07015
0 0.41183 0.90323 0.16885 0.07635
0 0.5545 0.95539 0.1179 0.05164
0 0.69916 0.05562 0.11632 0.07575
0 0.86453 0.10942 0.14782 0.04415
0 0.15031 0.17048 0.15821 0.06101
0 0.35931 0.23154 0.19681 0.06432
0 0.49263 0.29260 0.15995 0.07821
0 0.64857 0.35367 0.11322 0.06625
0 0.80768 0.41473 0.14024 0.06025
0 0.22166 0.47579 0.1079 0.04701
0 0.41094 0.53686 0.1498 0.05297
0 0.53238 0.59792 0.19619 0.07144
0 0.67335 0.65898 0.19823 0.07074
0 0.84212 0.72004 0.11955 0.04311
0 0.18374 0.78111 0.13178 0.07442
0 0.36123 0.84217 0.1976 0.07646
0 0.49796 0.90323 0.17884 0.06792
0 0.64012 0.95539 0.16319 0.04396
0 0.80356 0.05562 0.18549 0.06111
0 0.23683 0.10942 0.17004 0.06832
0 0.38913 0.17048 0.19314 0.04382
0 0.54222 0.23154 0.19796 0.05188
0 0.6992 0.29260 0.11154 0.05436
0 0.84978 0.35367 0.10855 0.04872
0 0.18029 0.41473 0.17298 0.05976
0 0.34612 0.47579 0.1664 0.07704
0 0.50221 0.53686 0.15018 0.04427
0 0.66752 0.59792 0.1586 0.05306
0 0.79219 0.65898 0.11496 0.07317
0 0.2376 0.72004 0.18337 0.07611
0 0.3875 0.78111 0.1414 0.07223
0 0.5401 0.84217 0.19207 0.04328
0 0.70594 0.90323 0.1852 0.04541
0 0.86557 0.95539 0.16197 0.07715