0 0.16441 0.05574 0.14722 0.06953
0 0.31996 0.11145 0.16999 0.06924
0 0.48528 0.17098 0.16847 0.07219
0 0.62672 0.23051 0.11859 0.06095
0 0.79285 0.29004 0.12733 0.05628
0 0.23875 0.34957 0.1187 0.07206
0 0.39708 0.40909 0.15666 0.04573
0 0.54841 0.46862 0.111 0.05824
0 0.68562 0.52815 0.13018 0.08012
0 0.84539 0.58768 0.14809 0.06432
0 0.16732 0.64721 0.12513 0.07116
0 0.32203 0.70673 0.18966 0.05651
0 0.45334 0.76626 0.16007 0.06323
0 0.62255 0.82579 0.16337 0.07662
0 0.81239 0.88532 0.15556 0.07668
0 0.24313 0.95020 0.16669 0.05949
0 0.41469 0.05574 0.13352 0.04426
0 0.55627 0.11145 0.13671 0.07066
0 0.67082 0.17098 0.18143 0.06223
0 0.84829 0.23051 0.17979 0.05101
0 0.1651 0.29004 0.16546 0.07258
0 0.36997 0.34957 0.1484 0.05465
0 0.5174 0.40909 0.10718 0.07298
0 0.64311 0.46862 0.1176 0.08008
0 0.78584 0.52815 0.17742 0.0753
0 0.2419 0.58768 0.14769 0.05481
0 0.38614 0.64721 0.17314 0.06705
0 0.53964 0.70673 0.19641 0.05197
0 0.66106 0.76626 0.13016 0.07746
0 0.84672 0.82579 0.11652 0.05902
0 0.16461 0.88532 0.14283 0.0619
0 0.34154 0.95020 0.12958 0.04637
0 0.49041 0.05574 0.12807 0.06882
0 0.60943 0.11145 0.15521 0.0653
0 0.81285 0.17098 0.14202 0.0622
0 0.23187 0.23051 0.13256 0.06705
0 0.3984 0.29004 0.15632 0.07974
0 0.52598 0.34957 0.16618 0.07243
0 0.70051 0.40909 0.12507 0.06673
0 0.82713 0.46862 0.14968 0.07576
0 0.13636 0.52815 0.11601 0.05054
0 0.34115 0.58768 0.13943 0.05844
0 0.49109 0.64721 0.16906 0.07901
0 0.62751 0.70673 0.15041 0.06725
0 0.8053 0.76626 0.12372 0.06497
0 0.24273 0.82579 0.10886 0.05415
0 0.39537 0.88532 0.1555 0.04274
0 0.54107 0.95020 0.14227 0.07957
0 0.69079 0.05574 0.15816 0.05066
0 0.83917 0.11145 0.195 0.07005
0 0.1538 0.17098 0.15875 0.07265
0 0.36039 0.23051 0.11571 0.06507
0 0.50783 0.29004 0.12712 0.04804
0 0.62633 0.34957 0.17791 0.04866
0 0.81521 0.40909 0.11126 0.05564
0 0.21918 0.46862 0.16717 0.06894
0 0.41032 0.52815 0.12195 0.04258
0 0.54539 0.58768 0.15468 0.04818
0 0.68713 0.64721 0.13265 0.07836
0 0.83533 0.70673 0.16731 0.07986
0 0.18247 0.76626 0.14257 0.05605
0 0.36272 0.82579 0.14482 0.05483
0 0.49947 0.88532 0.11234 0.06574
0 0.62648 0.95020 0.14185 0.06162
0 0.82407 0.05574 0.15585 0.06385
0 0.24191 0.11145 0.14881 0.07662
0 0.39578 0.17098 0.16172 0.06735
0 0.53833 0.23051 0.19725 0.07208
0 0.67149 0.29004 0.11491 0.05265
0 0.84191 0.34957 0.11155 0.0493
0 0.1854 0.40909 0.18786 0.074
0 0.35756 0.46862 0.17166 0.04428
0 0.51379 0.52815 0.18585 0.04736
0 0.65603 0.58768 0.16261 0.05367
0 0.81483 0.64721 0.18038 0.06379
0 0.2316 0.70673 0.14005 0.05918
0 0.38835 0.76626 0.1907 0.07735
0 0.53108 0.82579 0.11809 0.08011
0 0.69954 0.88532 0.16032 0.06511
0 0.84817 0.95020 0.17404 0.07301