0 0.16776 0.05558 0.15046 0.07313
0 0.32196 0.11151 0.16593 0.08008
0 0.48356 0.17265 0.1882 0.05025
0 0.62931 0.23379 0.19952 0.04659
0 0.79583 0.29493 0.12555 0.05562
0 0.23523 0.35606 0.19517 0.06926
0 0.39852 0.41720 0.1749 0.05398
0 0.54997 0.47834 0.14824 0.07629
0 0.69585 0.53948 0.16524 0.06966
0 0.83042 0.60061 0.14327 0.067
0 0.16811 0.66175 0.1727 0.06274
0 0.32177 0.72289 0.16973 0.06809
0 0.45839 0.78402 0.17628 0.06629
0 0.62296 0.84516 0.1621 0.05898
0 0.81921 0.90630 0.11051 0.06771
0 0.24132 0.94356 0.16347 0.05209
0 0.40102 0.05558 0.18267 0.06065
0 0.53696 0.11151 0.16995 0.0662
0 0.66815 0.17265 0.16644 0.07145
0 0.84467 0.23379 0.11098 0.04594
0 0.1675 0.29493 0.15164 0.05338
0 0.36825 0.35606 0.12865 0.07006
0 0.51213 0.41720 0.16092 0.05505
0 0.65575 0.47834 0.12404 0.06096
0 0.78008 0.53948 0.11051 0.05243
0 0.2383 0.60061 0.17054 0.07699
0 0.3958 0.66175 0.10836 0.0485
0 0.53141 0.72289 0.17335 0.07121
0 0.66031 0.78402 0.1504 0.05388
0 0.85652 0.84516 0.1606 0.04913
0 0.16442 0.90630 0.13962 0.05514
0 0.35129 0.94356 0.15631 0.05285
0 0.4886 0.05558 0.18943 0.0773
0 0.61503 0.11151 0.17886 0.05533
0 0.81424 0.17265 0.11113 0.06474
0 0.23318 0.23379 0.18343 0.05129
0 0.39903 0.29493 0.16462 0.04843
0 0.53986 0.35606 0.17272 0.04772
0 0.68946 0.41720 0.16205 0.0465
0 0.84125 0.47834 0.14426 0.07984
0 0.13827 0.53948 0.18283 0.07639
0 0.34239 0.60061 0.18179 0.05487
0 0.48181 0.66175 0.1483 0.06708
0 0.61378 0.72289 0.12461 0.06024
0 0.82833 0.78402 0.15515 0.0642
0 0.235 0.84516 0.17843 0.04277
0 0.39975 0.90630 0.14217 0.04885
0 0.53112 0.94356 0.15785 0.05944
0 0.69915 0.05558 0.13603 0.06992
0 0.84674 0.11151 0.18142 0.04445
0 0.1553 0.17265 0.19732 0.04605
0 0.35552 0.23379 0.19556 0.06114
0 0.49572 0.29493 0.1183 0.07074
0 0.65068 0.35606 0.1695 0.05386
0 0.81873 0.41720 0.18496 0.07135
0 0.2238 0.47834 0.15346 0.05618
0 0.40515 0.53948 0.12458 0.06613
0 0.54237 0.60061 0.15226 0.04866
0 0.67489 0.66175 0.19318 0.0565
0 0.83442 0.72289 0.15361 0.05033
0 0.18548 0.78402 0.16917 0.04262
0 0.3584 0.84516 0.19469 0.06656
0 0.49302 0.90630 0.14371 0.07714
0 0.64757 0.94356 0.15419 0.04485
0 0.82351 0.05558 0.12063 0.05022
0 0.23875 0.11151 0.13441 0.0733
0 0.38342 0.17265 0.17878 0.04632
0 0.52395 0.23379 0.14331 0.06229
0 0.68916 0.29493 0.11772 0.05086
0 0.83935 0.35606 0.12454 0.07384
0 0.18545 0.41720 0.17 0.04279
0 0.35258 0.47834 0.11321 0.04582
0 0.50017 0.53948 0.19835 0.04636
0 0.66588 0.60061 0.14926 0.04838
0 0.80176 0.66175 0.11407 0.07428
0 0.24249 0.72289 0.18968 0.06888
0 0.3937 0.78402 0.18939 0.04563
0 0.54351 0.84516 0.14392 0.058
0 0.70443 0.90630 0.1833 0.04543
0 0.84542 0.94356 0.19199 0.04771