0 0.16558 0.05450 0.12556 0.04825
0 0.31313 0.10941 0.19486 0.07974
0 0.47016 0.16987 0.16795 0.06877
0 0.63316 0.23033 0.12901 0.06823
0 0.80986 0.29079 0.13242 0.05738
0 0.24176 0.35125 0.11497 0.0798
0 0.38259 0.41171 0.17021 0.07674
0 0.55695 0.47217 0.19385 0.04794
0 0.68517 0.53263 0.16007 0.0588
0 0.85557 0.59309 0.19193 0.05779
0 0.16649 0.65355 0.16621 0.07786
0 0.31941 0.71400 0.19772 0.05728
0 0.46723 0.77446 0.16616 0.07255
0 0.61534 0.83492 0.18157 0.04253
0 0.80771 0.89538 0.18897 0.06208
0 0.23156 0.95921 0.19627 0.06925
0 0.40113 0.05450 0.13535 0.05081
0 0.53823 0.10941 0.16305 0.05332
0 0.68062 0.16987 0.13192 0.07273
0 0.84002 0.23033 0.11295 0.07616
0 0.16903 0.29079 0.11976 0.07303
0 0.36047 0.35125 0.13676 0.06726
0 0.50856 0.41171 0.15812 0.07966
0 0.64366 0.47217 0.12282 0.06782
0 0.80163 0.53263 0.15848 0.05005
0 0.23507 0.59309 0.16873 0.04788
0 0.38248 0.65355 0.15733 0.05002
0 0.53437 0.71400 0.18885 0.04616
0 0.68163 0.77446 0.11371 0.06593
0 0.82089 0.83492 0.10863 0.06806
0 0.16619 0.89538 0.16803 0.05449
0 0.34395 0.95921 0.12215 0.0493
0 0.47861 0.05450 0.15193 0.07687
0 0.60661 0.10941 0.16143 0.04682
0 0.78403 0.16987 0.13567 0.07919
0 0.23866 0.23033 0.13984 0.05022
0 0.39845 0.29079 0.19779 0.07699
0 0.53613 0.35125 0.11696 0.06766
0 0.69639 0.41171 0.19048 0.05089
0 0.85159 0.47217 0.18569 0.04813
0 0.13625 0.53263 0.11753 0.06948
0 0.33219 0.59309 0.12041 0.04613
0 0.47776 0.65355 0.177 0.06356
0 0.63352 0.71400 0.12273 0.06227
0 0.79903 0.77446 0.16229 0.05069
0 0.237 0.83492 0.14937 0.06758
0 0.39583 0.89538 0.17964 0.05948
0 0.5536 0.95921 0.17846 0.06092
0 0.68736 0.05450 0.15886 0.06007
0 0.84212 0.10941 0.18807 0.07161
0 0.15709 0.16987 0.12692 0.0561
0 0.35547 0.23033 0.18239 0.06941
0 0.49117 0.29079 0.11966 0.04836
0 0.64584 0.35125 0.16026 0.06123
0 0.82845 0.41171 0.14225 0.04984
0 0.21918 0.47217 0.16741 0.04933
0 0.4022 0.53263 0.15765 0.06796
0 0.53825 0.59309 0.14217 0.07626
0 0.67134 0.65355 0.12047 0.06514
0 0.84663 0.71400 0.12745 0.05223
0 0.17977 0.77446 0.13574 0.06439
0 0.36932 0.83492 0.11633 0.06041
0 0.50983 0.89538 0.13902 0.07517
0 0.64604 0.95921 0.14127 0.06791
0 0.81168 0.05450 0.13321 0.06533
0 0.23418 0.10941 0.19442 0.07562
0 0.38572 0.16987 0.19875 0.07281
0 0.52529 0.23033 0.19232 0.06502
0 0.67455 0.29079 0.13113 0.04941
0 0.8371 0.35125 0.11265 0.07756
0 0.18498 0.41171 0.13778 0.06731
0 0.35375 0.47217 0.18945 0.0686
0 0.51199 0.53263 0.10683 0.07275
0 0.66585 0.59309 0.11996 0.05674
0 0.7928 0.65355 0.13326 0.05185
0 0.23331 0.71400 0.11857 0.05481
0 0.38162 0.77446 0.10993 0.07932
0 0.53957 0.83492 0.19112 0.05168
0 0.68766 0.89538 0.19705 0.05724
0 0.85262 0.95921 0.14607 0.04342