0 0.16764 0.05478 0.1639 0.07956
0 0.32416 0.10922 0.18869 0.0527
0 0.48492 0.17069 0.1943 0.04282
0 0.61487 0.23216 0.1499 0.0503
0 0.82052 0.29363 0.18138 0.07331
0 0.23202 0.35511 0.12268 0.05357
0 0.38779 0.41658 0.11491 0.04676
0 0.53215 0.47805 0.13347 0.06378
0 0.70219 0.53952 0.11617 0.05551
0 0.85204 0.60099 0.17185 0.06381
0 0.16701 0.66247 0.18407 0.05357
0 0.31762 0.72394 0.17385 0.05775
0 0.4648 0.78541 0.19051 0.05597
0 0.6284 0.84688 0.19961 0.05534
0 0.79147 0.90836 0.18895 0.07228
0 0.24042 0.96195 0.16161 0.04432
0 0.40194 0.05478 0.18801 0.04576
0 0.53157 0.10922 0.16701 0.05231
0 0.66918 0.17069 0.1568 0.07642
0 0.83519 0.23216 0.10853 0.05743
0 0.16715 0.29363 0.14929 0.05579
0 0.36781 0.35511 0.18162 0.07108
0 0.51979 0.41658 0.16716 0.06058
0 0.6439 0.47805 0.1392 0.04287
0 0.81084 0.53952 0.14276 0.04346
0 0.23986 0.60099 0.14068 0.06692
0 0.38421 0.66247 0.12223 0.07365
0 0.52743 0.72394 0.14297 0.05647
0 0.68156 0.78541 0.16015 0.04341
0 0.84597 0.84688 0.13945 0.04773
0 0.16367 0.90836 0.1657 0.04459
0 0.34954 0.96195 0.12267 0.04413
0 0.48096 0.05478 0.15607 0.047
0 0.61754 0.10922 0.14577 0.06435
0 0.7841 0.17069 0.14031 0.06963
0 0.23689 0.23216 0.13766 0.07272
0 0.39991 0.29363 0.12386 0.04883
0 0.52572 0.35511 0.11311 0.07064
0 0.69616 0.41658 0.14982 0.04271
0 0.84086 0.47805 0.18397 0.06536
0 0.14004 0.53952 0.14113 0.06142
0 0.33522 0.60099 0.15049 0.04911
0 0.49346 0.66247 0.11084 0.07694
0 0.63354 0.72394 0.11387 0.05599
0 0.81299 0.78541 0.14556 0.0776
0 0.23179 0.84688 0.1536 0.06602
0 0.40214 0.90836 0.11991 0.08013
0 0.53723 0.96195 0.14837 0.0439
0 0.68679 0.05478 0.14935 0.07952
0 0.85214 0.10922 0.15716 0.06604
0 0.15166 0.17069 0.14521 0.07972
0 0.37006 0.23216 0.10837 0.06644
0 0.50991 0.29363 0.12359 0.07549
0 0.63057 0.35511 0.11108 0.0565
0 0.79328 0.41658 0.1414 0.06641
0 0.21844 0.47805 0.11686 0.04405
0 0.40512 0.53952 0.15172 0.05543
0 0.55345 0.60099 0.19161 0.05984
0 0.6691 0.66247 0.14318 0.04884
0 0.84678 0.72394 0.11118 0.07133
0 0.1785 0.78541 0.1758 0.05734
0 0.36298 0.84688 0.18159 0.04371
0 0.50523 0.90836 0.11371 0.05224
0 0.64285 0.96195 0.12582 0.07892
0 0.8113 0.05478 0.15932 0.04706
0 0.24071 0.10922 0.13229 0.07027
0 0.38408 0.17069 0.19534 0.0758
0 0.53934 0.23216 0.16953 0.07192
0 0.68015 0.29363 0.11479 0.04911
0 0.86869 0.35511 0.13154 0.06564
0 0.18556 0.41658 0.12996 0.07098
0 0.35561 0.47805 0.12834 0.04792
0 0.49615 0.53952 0.16132 0.0497
0 0.66765 0.60099 0.18479 0.06376
0 0.82189 0.66247 0.15267 0.06625
0 0.23148 0.72394 0.15983 0.05828
0 0.39987 0.78541 0.16431 0.0511
0 0.55783 0.84688 0.18061 0.05355
0 0.68194 0.90836 0.18776 0.05781
0 0.86125 0.96195 0.13306 0.06563