0 0.16987 0.05531 0.13861 0.06774
0 0.31948 0.11125 0.1252 0.07399
0 0.47802 0.17088 0.11281 0.06635
0 0.63158 0.23051 0.18842 0.05041
0 0.79003 0.29014 0.12038 0.07662
0 0.2383 0.34977 0.18095 0.05771
0 0.38931 0.40939 0.19529 0.07594
0 0.53179 0.46902 0.1392 0.06411
0 0.70345 0.52865 0.11162 0.04306
0 0.86326 0.58828 0.19294 0.06281
0 0.1648 0.64791 0.17934 0.07458
0 0.32775 0.70754 0.12956 0.05082
0 0.45665 0.76717 0.1562 0.06645
0 0.60751 0.82680 0.113 0.0693
0 0.81772 0.88643 0.18636 0.05501
0 0.24247 0.94422 0.1769 0.04434
0 0.41144 0.05531 0.1227 0.05975
0 0.54316 0.11125 0.18396 0.07507
0 0.68075 0.17088 0.10924 0.07169
0 0.87216 0.23051 0.10776 0.05532
0 0.16566 0.29014 0.17347 0.07064
0 0.3593 0.34977 0.19322 0.06599
0 0.51476 0.40939 0.15838 0.06988
0 0.65408 0.46902 0.18421 0.0677
0 0.7948 0.52865 0.13971 0.06072
0 0.23363 0.58828 0.13499 0.06407
0 0.39078 0.64791 0.1696 0.07261
0 0.54037 0.70754 0.11136 0.05938
0 0.65964 0.76717 0.13688 0.05284
0 0.81693 0.82680 0.18934 0.0698
0 0.16514 0.88643 0.14482 0.0574
0 0.3497 0.94422 0.15341 0.05709
0 0.48925 0.05531 0.13975 0.06528
0 0.62193 0.11125 0.1993 0.04313
0 0.80135 0.17088 0.1499 0.06848
0 0.23945 0.23051 0.19533 0.05992
0 0.39495 0.29014 0.11552 0.07143
0 0.52989 0.34977 0.13619 0.05506
0 0.67661 0.40939 0.14324 0.04854
0 0.82159 0.46902 0.18513 0.06448
0 0.13983 0.52865 0.12118 0.05173
0 0.33579 0.58828 0.12805 0.04614
0 0.49638 0.64791 0.12151 0.05788
0 0.63412 0.70754 0.15967 0.07347
0 0.81796 0.76717 0.12048 0.04861
0 0.23356 0.82680 0.16929 0.05018
0 0.4012 0.88643 0.1906 0.04611
0 0.53521 0.94422 0.16969 0.07147
0 0.69219 0.05531 0.1681 0.07956
0 0.85428 0.11125 0.1451 0.05907
0 0.15541 0.17088 0.16787 0.04735
0 0.35908 0.23051 0.14359 0.05167
0 0.49235 0.29014 0.16127 0.0751
0 0.6447 0.34977 0.1826 0.0449
0 0.79288 0.40939 0.17035 0.0447
0 0.22639 0.46902 0.19737 0.05223
0 0.40905 0.52865 0.13341 0.05928
0 0.5314 0.58828 0.10755 0.06789
0 0.67408 0.64791 0.14473 0.05229
0 0.85897 0.70754 0.18689 0.06868
0 0.18104 0.76717 0.19873 0.06338
0 0.36279 0.82680 0.18302 0.04405
0 0.49882 0.88643 0.12393 0.04871
0 0.64566 0.94422 0.10981 0.06455
0 0.80785 0.05531 0.16319 0.06164
0 0.23487 0.11125 0.17494 0.08011
0 0.3974 0.17088 0.11061 0.07933
0 0.5264 0.23051 0.18076 0.07127
0 0.69996 0.29014 0.14333 0.05126
0 0.84733 0.34977 0.1117 0.07022
0 0.18168 0.40939 0.16459 0.06757
0 0.34914 0.46902 0.12164 0.06589
0 0.50431 0.52865 0.13712 0.07469
0 0.66888 0.58828 0.13152 0.0631
0 0.80454 0.64791 0.15708 0.07656
0 0.24282 0.70754 0.18656 0.0431
0 0.38798 0.76717 0.14682 0.06452
0 0.53582 0.82680 0.16056 0.05303
0 0.70018 0.88643 0.11893 0.07048
0 0.85965 0.94422 0.16089 0.05057