0 0.16725 0.05451 0.18519 0.04956
0 0.32824 0.11022 0.15583 0.05367
0 0.47466 0.17046 0.19688 0.06564
0 0.63435 0.23070 0.19786 0.05109
0 0.82118 0.29094 0.11638 0.06125
0 0.23302 0.35118 0.16617 0.06519
0 0.38727 0.41142 0.18544 0.0432
0 0.55609 0.47166 0.18267 0.05258
0 0.70583 0.53190 0.15074 0.06881
0 0.86722 0.59214 0.1287 0.06062
0 0.16409 0.65238 0.11671 0.06231
0 0.31826 0.71262 0.12612 0.07816
0 0.45367 0.77286 0.17825 0.06599
0 0.61296 0.83310 0.13838 0.07617
0 0.79779 0.89334 0.1215 0.07597
0 0.23311 0.94587 0.14861 0.06199
0 0.4109 0.05451 0.13173 0.04417
0 0.54345 0.11022 0.15396 0.05239
0 0.69954 0.17046 0.19126 0.07652
0 0.8687 0.23070 0.14787 0.05574
0 0.1661 0.29094 0.18394 0.05455
0 0.36232 0.35118 0.10805 0.07469
0 0.52695 0.41142 0.11044 0.06238
0 0.6463 0.47166 0.16768 0.04532
0 0.80327 0.53190 0.18601 0.08004
0 0.23511 0.59214 0.13721 0.04838
0 0.39512 0.65238 0.18088 0.05523
0 0.5271 0.71262 0.12978 0.04935
0 0.6779 0.77286 0.13958 0.07855
0 0.81936 0.83310 0.19561 0.07708
0 0.16884 0.89334 0.15159 0.0777
0 0.34812 0.94587 0.12203 0.05772
0 0.48913 0.05451 0.19744 0.05196
0 0.62414 0.11022 0.18268 0.07568
0 0.8147 0.17046 0.16551 0.0508
0 0.23722 0.23070 0.11513 0.05919
0 0.39308 0.29094 0.18112 0.05641
0 0.52755 0.35118 0.17874 0.05693
0 0.68168 0.41142 0.14385 0.04966
0 0.8301 0.47166 0.12087 0.0522
0 0.14071 0.53190 0.12866 0.07841
0 0.3377 0.59214 0.14133 0.05629
0 0.48897 0.65238 0.13834 0.04252
0 0.62666 0.71262 0.12935 0.07935
0 0.80803 0.77286 0.1315 0.04681
0 0.2371 0.83310 0.12739 0.05375
0 0.41399 0.89334 0.1086 0.04413
0 0.55778 0.94587 0.1147 0.06411
0 0.67588 0.05451 0.11419 0.05598
0 0.86323 0.11022 0.19458 0.06601
0 0.15683 0.17046 0.16264 0.06887
0 0.35753 0.23070 0.16887 0.07587
0 0.51485 0.29094 0.17842 0.04872
0 0.65126 0.35118 0.16956 0.04305
0 0.81074 0.41142 0.16057 0.0797
0 0.22518 0.47166 0.15257 0.07791
0 0.39725 0.53190 0.13176 0.05616
0 0.53482 0.59214 0.16739 0.07077
0 0.69459 0.65238 0.1421 0.04324
0 0.85326 0.71262 0.12605 0.07527
0 0.18475 0.77286 0.10718 0.07018
0 0.35643 0.83310 0.19705 0.06835
0 0.49193 0.89334 0.16415 0.06485
0 0.63188 0.94587 0.17944 0.06747
0 0.79782 0.05451 0.1489 0.06299
0 0.23823 0.11022 0.14718 0.06409
0 0.39736 0.17046 0.19029 0.07656
0 0.51829 0.23070 0.16901 0.04405
0 0.67391 0.29094 0.11105 0.05406
0 0.8528 0.35118 0.17012 0.06995
0 0.18184 0.41142 0.20026 0.05867
0 0.35748 0.47166 0.12066 0.07045
0 0.51489 0.53190 0.16735 0.04749
0 0.64833 0.59214 0.14604 0.08002
0 0.80172 0.65238 0.13841 0.06317
0 0.23509 0.71262 0.20011 0.07006
0 0.39345 0.77286 0.15309 0.06154
0 0.53759 0.83310 0.18043 0.0641
0 0.69757 0.89334 0.1408 0.04481
0 0.84581 0.94587 0.17958 0.0771