0 0.16762 0.05598 0.13757 0.04967
0 0.32359 0.10993 0.10971 0.06948
0 0.46838 0.17073 0.10875 0.05403
0 0.62329 0.23153 0.13691 0.04644
0 0.82119 0.29232 0.16893 0.07371
0 0.24283 0.35312 0.12536 0.05725
0 0.39811 0.41392 0.14688 0.07773
0 0.53921 0.47471 0.1902 0.06586
0 0.71323 0.53551 0.12481 0.04372
0 0.84682 0.59631 0.17215 0.06561
0 0.16621 0.65710 0.14263 0.0755
0 0.32114 0.71790 0.14095 0.06623
0 0.46825 0.77870 0.16938 0.04954
0 0.61576 0.83949 0.14512 0.07912
0 0.8295 0.90029 0.12084 0.05929
0 0.23571 0.95671 0.1625 0.04765
0 0.40616 0.05598 0.15283 0.0689
0 0.5361 0.10993 0.15287 0.04747
0 0.6698 0.17073 0.18724 0.0676
0 0.8531 0.23153 0.1584 0.05138
0 0.1691 0.29232 0.14841 0.07962
0 0.3551 0.35312 0.11319 0.05083
0 0.50474 0.41392 0.19889 0.05741
0 0.64451 0.47471 0.1554 0.0716
0 0.80873 0.53551 0.16458 0.0744
0 0.23571 0.59631 0.17165 0.05291
0 0.38798 0.65710 0.20009 0.07543
0 0.53002 0.71790 0.17417 0.05909
0 0.65817 0.77870 0.18162 0.06331
0 0.8402 0.83949 0.17524 0.04895
0 0.1704 0.90029 0.18774 0.05705
0 0.34454 0.95671 0.18944 0.04714
0 0.47672 0.05598 0.16441 0.0696
0 0.60672 0.10993 0.13538 0.0799
0 0.80173 0.17073 0.19064 0.05624
0 0.23202 0.23153 0.19984 0.04846
0 0.38573 0.29232 0.11898 0.06653
0 0.53837 0.35312 0.14564 0.07202
0 0.68327 0.41392 0.11059 0.06271
0 0.84801 0.47471 0.10681 0.04442
0 0.13765 0.53551 0.11889 0.04579
0 0.33382 0.59631 0.19811 0.07435
0 0.49061 0.65710 0.1113 0.04978
0 0.61377 0.71790 0.16928 0.04289
0 0.82303 0.77870 0.1907 0.05656
0 0.23816 0.83949 0.13441 0.07979
0 0.40154 0.90029 0.13574 0.05428
0 0.55559 0.95671 0.16571 0.05039
0 0.6916 0.05598 0.18611 0.06598
0 0.84933 0.10993 0.15035 0.08008
0 0.15549 0.17073 0.13371 0.04888
0 0.35677 0.23153 0.11995 0.0458
0 0.51495 0.29232 0.13998 0.04803
0 0.6494 0.35312 0.17745 0.05755
0 0.82394 0.41392 0.1648 0.06569
0 0.22308 0.47471 0.17615 0.07685
0 0.41302 0.53551 0.19567 0.07127
0 0.54507 0.59631 0.14011 0.04852
0 0.66767 0.65710 0.1081 0.07341
0 0.84644 0.71790 0.1296 0.06379
0 0.18354 0.77870 0.18787 0.06419
0 0.36979 0.83949 0.17656 0.04438
0 0.5115 0.90029 0.10837 0.06558
0 0.63186 0.95671 0.15172 0.06744
0 0.82184 0.05598 0.14602 0.07421
0 0.23915 0.10993 0.15339 0.05731
0 0.39402 0.17073 0.14274 0.05141
0 0.52163 0.23153 0.16094 0.05874
0 0.67335 0.29232 0.15774 0.07598
0 0.85399 0.35312 0.15088 0.05036
0 0.18203 0.41392 0.19723 0.0762
0 0.35696 0.47471 0.19984 0.07749
0 0.50741 0.53551 0.18083 0.04596
0 0.65797 0.59631 0.14173 0.06605
0 0.79971 0.65710 0.16727 0.07006
0 0.23921 0.71790 0.16259 0.06724
0 0.38845 0.77870 0.10826 0.04464
0 0.5557 0.83949 0.14977 0.05741
0 0.68203 0.90029 0.11766 0.0458
0 0.84883 0.95671 0.1464 0.0781