0 0.16907 0.05447 0.13651 0.0717
0 0.31887 0.11066 0.15001 0.06244
0 0.47804 0.17016 0.17326 0.05595
0 0.63077 0.22965 0.14876 0.07655
0 0.78974 0.28914 0.13556 0.04483
0 0.23262 0.34864 0.10811 0.07154
0 0.39753 0.40813 0.10659 0.05175
0 0.53492 0.46762 0.11238 0.07487
0 0.6845 0.52712 0.11038 0.05511
0 0.85229 0.58661 0.15332 0.07707
0 0.1668 0.64611 0.12907 0.0564
0 0.32405 0.70560 0.14024 0.07714
0 0.46548 0.76509 0.18718 0.05638
0 0.62832 0.82459 0.19323 0.05033
0 0.80584 0.88408 0.19499 0.06512
0 0.23764 0.96060 0.10715 0.05092
0 0.40897 0.05447 0.19371 0.05423
0 0.55488 0.11066 0.13211 0.05151
0 0.7009 0.17016 0.11493 0.04792
0 0.84836 0.22965 0.18307 0.05659
0 0.16614 0.28914 0.16616 0.0661
0 0.35712 0.34864 0.15992 0.07156
0 0.51332 0.40813 0.10614 0.06056
0 0.66304 0.46762 0.13422 0.04439
0 0.80043 0.52712 0.18899 0.07569
0 0.23493 0.58661 0.14749 0.0565
0 0.39441 0.64611 0.12768 0.05862
0 0.52408 0.70560 0.17504 0.05022
0 0.65479 0.76509 0.12155 0.06919
0 0.82586 0.82459 0.1594 0.0626
0 0.16845 0.88408 0.16786 0.07172
0 0.34477 0.96060 0.10993 0.04788
0 0.4846 0.05447 0.1217 0.05244
0 0.61301 0.11066 0.11997 0.06193
0 0.78849 0.17016 0.17332 0.05722
0 0.23573 0.22965 0.18734 0.04736
0 0.38918 0.28914 0.15119 0.04654
0 0.54262 0.34864 0.15208 0.04688
0 0.68714 0.40813 0.15479 0.07814
0 0.83534 0.46762 0.13954 0.05477
0 0.13801 0.52712 0.12462 0.04384
0 0.33927 0.58661 0.13627 0.05744
0 0.48612 0.64611 0.18005 0.07955
0 0.62384 0.70560 0.11184 0.05172
0 0.80615 0.76509 0.16271 0.04261
0 0.23779 0.82459 0.17724 0.0677
0 0.40951 0.88408 0.1787 0.05252
0 0.55735 0.96060 0.12848 0.06377
0 0.69215 0.05447 0.17158 0.07105
0 0.87166 0.11066 0.13696 0.04879
0 0.15081 0.17016 0.19347 0.07804
0 0.35778 0.22965 0.1539 0.05883
0 0.50922 0.28914 0.12925 0.0444
0 0.65609 0.34864 0.11568 0.05761
0 0.82291 0.40813 0.17929 0.07497
0 0.2204 0.46762 0.19065 0.04432
0 0.40581 0.52712 0.15522 0.04428
0 0.54765 0.58661 0.14789 0.05406
0 0.69967 0.64611 0.17192 0.0591
0 0.87077 0.70560 0.19639 0.05821
0 0.17877 0.76509 0.16442 0.05959
0 0.35917 0.82459 0.10991 0.04963
0 0.50434 0.88408 0.17954 0.04398
0 0.64223 0.96060 0.16239 0.06613
0 0.79108 0.05447 0.15027 0.07246
0 0.234 0.11066 0.1284 0.06354
0 0.38676 0.17016 0.15112 0.06905
0 0.51825 0.22965 0.17703 0.05104
0 0.68871 0.28914 0.13866 0.04522
0 0.84532 0.34864 0.19141 0.05745
0 0.182 0.40813 0.16768 0.05433
0 0.34395 0.46762 0.15567 0.05194
0 0.51404 0.52712 0.16099 0.04739
0 0.65816 0.58661 0.16209 0.06321
0 0.81521 0.64611 0.16647 0.05436
0 0.23147 0.70560 0.11825 0.05389
0 0.39077 0.76509 0.13262 0.06727
0 0.53946 0.82459 0.18627 0.05783
0 0.70387 0.88408 0.12383 0.06091
0 0.83553 0.96060 0.13593 0.04628