0 0.16833 0.05491 0.1903 0.07168
0 0.32821 0.11088 0.16468 0.06501
0 0.47232 0.17046 0.14361 0.06344
0 0.61378 0.23005 0.13964 0.05373
0 0.80128 0.28964 0.16703 0.06308
0 0.23177 0.34922 0.17518 0.07983
0 0.39792 0.40881 0.17505 0.06066
0 0.54255 0.46840 0.1964 0.06825
0 0.68378 0.52799 0.1104 0.06053
0 0.83611 0.58757 0.14608 0.07058
0 0.16535 0.64716 0.10692 0.0504
0 0.31662 0.70675 0.17242 0.0518
0 0.46905 0.76633 0.17969 0.04612
0 0.62224 0.82592 0.15932 0.06915
0 0.80333 0.88551 0.10826 0.0747
0 0.23593 0.94268 0.10678 0.07218
0 0.4067 0.05491 0.19931 0.07044
0 0.54533 0.11088 0.12508 0.04637
0 0.67829 0.17046 0.18369 0.06207
0 0.86648 0.23005 0.1401 0.07435
0 0.16555 0.28964 0.14955 0.07424
0 0.37075 0.34922 0.11644 0.05667
0 0.51363 0.40881 0.17972 0.05269
0 0.66202 0.46840 0.14882 0.04715
0 0.78672 0.52799 0.13408 0.0685
0 0.23172 0.58757 0.13986 0.06336
0 0.3994 0.64716 0.15155 0.04275
0 0.53131 0.70675 0.14672 0.05812
0 0.67571 0.76633 0.17195 0.05899
0 0.84198 0.82592 0.16971 0.07201
0 0.16959 0.88551 0.10671 0.07373
0 0.35731 0.94268 0.11351 0.06466
0 0.49408 0.05491 0.14949 0.04778
0 0.62508 0.11088 0.17937 0.0648
0 0.81509 0.17046 0.18307 0.06981
0 0.24035 0.23005 0.16559 0.05858
0 0.38395 0.28964 0.14047 0.05038
0 0.52583 0.34922 0.18974 0.05243
0 0.66792 0.40881 0.12972 0.07988
0 0.84561 0.46840 0.1123 0.06056
0 0.14277 0.52799 0.17462 0.07364
0 0.33882 0.58757 0.17836 0.06518
0 0.4943 0.64716 0.19076 0.07327
0 0.61796 0.70675 0.17836 0.07846
0 0.80376 0.76633 0.19534 0.06695
0 0.23817 0.82592 0.15658 0.0661
0 0.40399 0.88551 0.19656 0.06681
0 0.55341 0.94268 0.19829 0.04477
0 0.69469 0.05491 0.15529 0.07781
0 0.844 0.11088 0.18577 0.07632
0 0.15325 0.17046 0.19073 0.06863
0 0.36606 0.23005 0.19386 0.05413
0 0.50488 0.28964 0.14921 0.05538
0 0.6304 0.34922 0.17764 0.0453
0 0.79023 0.40881 0.19458 0.06203
0 0.21917 0.46840 0.1825 0.06538
0 0.39922 0.52799 0.19378 0.06985
0 0.543 0.58757 0.14821 0.04243
0 0.68513 0.64716 0.18469 0.04883
0 0.87223 0.70675 0.19919 0.0599
0 0.18342 0.76633 0.14092 0.05607
0 0.37158 0.82592 0.12217 0.07833
0 0.49134 0.88551 0.18367 0.07758
0 0.64646 0.94268 0.16141 0.07856
0 0.82813 0.05491 0.19673 0.05022
0 0.23458 0.11088 0.15218 0.04845
0 0.39957 0.17046 0.12997 0.06399
0 0.54103 0.23005 0.17001 0.06479
0 0.67357 0.28964 0.19229 0.06877
0 0.86137 0.34922 0.16424 0.05396
0 0.17852 0.40881 0.13647 0.05728
0 0.3421 0.46840 0.15231 0.05513
0 0.49785 0.52799 0.14448 0.04729
0 0.65111 0.58757 0.11398 0.0457
0 0.80551 0.64716 0.16188 0.06313
0 0.23474 0.70675 0.18894 0.05441
0 0.38721 0.76633 0.15823 0.07987
0 0.55029 0.82592 0.1343 0.06971
0 0.71336 0.88551 0.19064 0.064
0 0.834 0.94268 0.18095 0.06947