0 0.16838 0.05539 0.1516 0.06827
0 0.3254 0.11089 0.1291 0.06778
0 0.47188 0.17226 0.19789 0.07384
0 0.61887 0.23364 0.17352 0.05888
0 0.80502 0.29502 0.17191 0.0664
0 0.23216 0.35639 0.12255 0.06751
0 0.38952 0.41777 0.15041 0.05584
0 0.54951 0.47915 0.18197 0.05444
0 0.69814 0.54052 0.11641 0.06844
0 0.86065 0.60190 0.18102 0.04342
0 0.16584 0.66327 0.1879 0.07787
0 0.32433 0.72465 0.11524 0.06605
0 0.47014 0.78603 0.11227 0.04752
0 0.62045 0.84740 0.11175 0.07782
0 0.79481 0.90878 0.14897 0.06007
0 0.23925 0.95397 0.18898 0.07762
0 0.40229 0.05539 0.13886 0.07913
0 0.54444 0.11089 0.14724 0.05315
0 0.68052 0.17226 0.11844 0.06275
0 0.87096 0.23364 0.16767 0.0429
0 0.1643 0.29502 0.15674 0.04835
0 0.36402 0.35639 0.17481 0.05569
0 0.51562 0.41777 0.11852 0.07158
0 0.64491 0.47915 0.19037 0.0545
0 0.79662 0.54052 0.14924 0.0633
0 0.23516 0.60190 0.11555 0.05676
0 0.3963 0.66327 0.14388 0.07072
0 0.51888 0.72465 0.18793 0.07958
0 0.67408 0.78603 0.19633 0.05929
0 0.84321 0.84740 0.10808 0.04524
0 0.16401 0.90878 0.19516 0.04621
0 0.35497 0.95397 0.19298 0.05511
0 0.49734 0.05539 0.16367 0.05345
0 0.62207 0.11089 0.15228 0.07701
0 0.81295 0.17226 0.148 0.06146
0 0.23903 0.23364 0.14348 0.06427
0 0.40048 0.29502 0.12039 0.04438
0 0.53665 0.35639 0.18811 0.05249
0 0.6689 0.41777 0.15186 0.07195
0 0.81706 0.47915 0.18714 0.06272
0 0.14188 0.54052 0.17472 0.07787
0 0.33225 0.60190 0.15722 0.0627
0 0.48293 0.66327 0.16553 0.058
0 0.61588 0.72465 0.13143 0.07878
0 0.79676 0.78603 0.16186 0.06502
0 0.23592 0.84740 0.18774 0.07792
0 0.41158 0.90878 0.19333 0.07113
0 0.55146 0.95397 0.19574 0.04661
0 0.70054 0.05539 0.11235 0.05318
0 0.8604 0.11089 0.19527 0.05044
0 0.15236 0.17226 0.15289 0.05807
0 0.3636 0.23364 0.11248 0.06135
0 0.5086 0.29502 0.12055 0.07415
0 0.6558 0.35639 0.13398 0.07183
0 0.79462 0.41777 0.12198 0.06444
0 0.22023 0.47915 0.17538 0.062
0 0.40133 0.54052 0.189 0.05371
0 0.53999 0.60190 0.18634 0.06845
0 0.69646 0.66327 0.16943 0.06611
0 0.8589 0.72465 0.18135 0.07171
0 0.1771 0.78603 0.11554 0.07516
0 0.36323 0.84740 0.15534 0.04342
0 0.50281 0.90878 0.1116 0.06564
0 0.63876 0.95397 0.18278 0.0499
0 0.82653 0.05539 0.13866 0.07504
0 0.2431 0.11089 0.18422 0.07743
0 0.3919 0.17226 0.17442 0.07438
0 0.53229 0.23364 0.13787 0.04389
0 0.67484 0.29502 0.126 0.06231
0 0.86409 0.35639 0.13811 0.05615
0 0.17909 0.41777 0.14937 0.04507
0 0.35023 0.47915 0.15592 0.05179
0 0.50549 0.54052 0.14389 0.04465
0 0.65453 0.60190 0.17696 0.05115
0 0.81983 0.66327 0.10861 0.0777
0 0.23807 0.72465 0.14139 0.07285
0 0.39624 0.78603 0.12367 0.04386
0 0.55072 0.84740 0.14114 0.07894
0 0.71408 0.90878 0.13726 0.0775
0 0.8626 0.95397 0.10781 0.04416