0 0.16412 0.05607 0.12223 0.05048
0 0.31693 0.11198 0.13433 0.07938
0 0.47947 0.17165 0.18894 0.07004
0 0.63776 0.23131 0.18013 0.06022
0 0.81873 0.29098 0.1524 0.06706
0 0.23189 0.35065 0.11289 0.05085
0 0.38318 0.41032 0.15081 0.0786
0 0.55791 0.46998 0.16376 0.05211
0 0.70943 0.52965 0.15257 0.07992
0 0.86662 0.58932 0.18397 0.07423
0 0.1653 0.64899 0.11071 0.06448
0 0.32891 0.70865 0.13461 0.07169
0 0.45801 0.76832 0.10684 0.05297
0 0.61888 0.82799 0.18409 0.05177
0 0.82413 0.88766 0.19279 0.04529
0 0.23625 0.95737 0.19535 0.06627
0 0.40607 0.05607 0.13576 0.06715
0 0.54469 0.11198 0.18013 0.05307
0 0.67588 0.17165 0.16664 0.05735
0 0.86529 0.23131 0.16732 0.0653
0 0.16708 0.29098 0.11885 0.04576
0 0.3609 0.35065 0.19111 0.05646
0 0.52386 0.41032 0.18339 0.05586
0 0.65142 0.46998 0.12851 0.05758
0 0.77842 0.52965 0.11987 0.06009
0 0.23424 0.58932 0.18128 0.04772
0 0.39199 0.64899 0.19139 0.05604
0 0.51983 0.70865 0.16961 0.04699
0 0.67211 0.76832 0.13892 0.05851
0 0.82223 0.82799 0.18815 0.04871
0 0.16957 0.88766 0.15982 0.05453
0 0.35096 0.95737 0.12638 0.05205
0 0.49444 0.05607 0.12939 0.05217
0 0.60394 0.11198 0.10974 0.06224
0 0.78316 0.17165 0.14061 0.07014
0 0.24241 0.23131 0.16809 0.04633
0 0.3863 0.29098 0.17515 0.07054
0 0.5402 0.35065 0.11369 0.06478
0 0.68806 0.41032 0.12182 0.05209
0 0.81962 0.46998 0.18708 0.04512
0 0.14196 0.52965 0.19087 0.06572
0 0.33886 0.58932 0.19022 0.04518
0 0.49038 0.64899 0.13161 0.0473
0 0.61288 0.70865 0.16387 0.07264
0 0.82174 0.76832 0.18298 0.06068
0 0.2427 0.82799 0.17687 0.0445
0 0.41037 0.88766 0.12651 0.06757
0 0.53991 0.95737 0.15144 0.04446
0 0.69208 0.05607 0.19407 0.07252
0 0.8723 0.11198 0.16336 0.06587
0 0.15121 0.17165 0.13955 0.05832
0 0.35725 0.23131 0.19755 0.04783
0 0.50127 0.29098 0.1345 0.06579
0 0.62704 0.35065 0.12742 0.0738
0 0.80245 0.41032 0.15016 0.04657
0 0.22141 0.46998 0.17199 0.07073
0 0.40623 0.52965 0.11454 0.05052
0 0.54188 0.58932 0.10902 0.06849
0 0.68964 0.64899 0.155 0.0668
0 0.84844 0.70865 0.18923 0.04997
0 0.18547 0.76832 0.11601 0.0628
0 0.36268 0.82799 0.17775 0.0599
0 0.50859 0.88766 0.18582 0.06556
0 0.63125 0.95737 0.11453 0.04957
0 0.80152 0.05607 0.13632 0.07179
0 0.24001 0.11198 0.12183 0.05422
0 0.39566 0.17165 0.18596 0.04529
0 0.54264 0.23131 0.15176 0.06547
0 0.66905 0.29098 0.17207 0.05217
0 0.86548 0.35065 0.15377 0.06927
0 0.18245 0.41032 0.13376 0.07782
0 0.34678 0.46998 0.16531 0.06976
0 0.5107 0.52965 0.16598 0.06287
0 0.64899 0.58932 0.17852 0.07633
0 0.79318 0.64899 0.16638 0.07038
0 0.23833 0.70865 0.17161 0.06078
0 0.39571 0.76832 0.12145 0.06423
0 0.53759 0.82799 0.19693 0.07625
0 0.69419 0.88766 0.16846 0.04411
0 0.85431 0.95737 0.12827 0.04724