0 0.16884 0.05525 0.1202 0.0442
0 0.31645 0.10969 0.1678 0.07643
0 0.47862 0.17068 0.15775 0.04514
0 0.63717 0.23166 0.11022 0.05653
0 0.79287 0.29265 0.13152 0.0467
0 0.23755 0.35363 0.15719 0.06854
0 0.39307 0.41461 0.13049 0.07733
0 0.55074 0.47560 0.1497 0.05305
0 0.70053 0.53658 0.15242 0.06403
0 0.83544 0.59757 0.16757 0.05727
0 0.16616 0.65855 0.14067 0.05958
0 0.32173 0.71954 0.14719 0.07585
0 0.45779 0.78052 0.14586 0.07535
0 0.62003 0.84151 0.17832 0.07742
0 0.82783 0.90249 0.19655 0.05586
0 0.24311 0.95709 0.1727 0.07475
0 0.41001 0.05525 0.17782 0.04457
0 0.54585 0.10969 0.18011 0.0452
0 0.67011 0.17068 0.11713 0.07525
0 0.87044 0.23166 0.18673 0.07508
0 0.16886 0.29265 0.17144 0.06667
0 0.36906 0.35363 0.1996 0.06677
0 0.52862 0.41461 0.18906 0.05568
0 0.64538 0.47560 0.18851 0.04494
0 0.81225 0.53658 0.19633 0.05459
0 0.24125 0.59757 0.13878 0.07863
0 0.38667 0.65855 0.13853 0.07317
0 0.5306 0.71954 0.18947 0.06037
0 0.67588 0.78052 0.15353 0.07915
0 0.82696 0.84151 0.18315 0.05079
0 0.16921 0.90249 0.18562 0.05015
0 0.34251 0.95709 0.16315 0.04768
0 0.47822 0.05525 0.18979 0.06482
0 0.61534 0.10969 0.11665 0.05295
0 0.80267 0.17068 0.18726 0.06353
0 0.2396 0.23166 0.12515 0.06611
0 0.38287 0.29265 0.14732 0.06212
0 0.52613 0.35363 0.19937 0.07512
0 0.69472 0.41461 0.16852 0.06323
0 0.84205 0.47560 0.12389 0.0796
0 0.13751 0.53658 0.19847 0.0712
0 0.34218 0.59757 0.15796 0.0698
0 0.48031 0.65855 0.14813 0.07723
0 0.62287 0.71954 0.17057 0.07536
0 0.78946 0.78052 0.1546 0.05061
0 0.24262 0.84151 0.17758 0.06767
0 0.40465 0.90249 0.17389 0.04505
0 0.55732 0.95709 0.16705 0.0459
0 0.6855 0.05525 0.11437 0.07769
0 0.85793 0.10969 0.16151 0.06561
0 0.15189 0.17068 0.13295 0.06897
0 0.36939 0.23166 0.13337 0.07872
0 0.49282 0.29265 0.14933 0.07302
0 0.64831 0.35363 0.1109 0.06815
0 0.80603 0.41461 0.11221 0.05563
0 0.22113 0.47560 0.19807 0.07211
0 0.39832 0.53658 0.18921 0.06295
0 0.55126 0.59757 0.18532 0.05141
0 0.68085 0.65855 0.19127 0.04472
0 0.8619 0.71954 0.14128 0.06847
0 0.18491 0.78052 0.17388 0.07729
0 0.36473 0.84151 0.19878 0.048
0 0.50274 0.90249 0.10688 0.06984
0 0.64654 0.95709 0.14871 0.05978
0 0.79931 0.05525 0.13379 0.05256
0 0.23248 0.10969 0.16388 0.07183
0 0.39901 0.17068 0.14789 0.06322
0 0.52034 0.23166 0.18912 0.068
0 0.6727 0.29265 0.14154 0.07006
0 0.86622 0.35363 0.17358 0.05513
0 0.18313 0.41461 0.15067 0.04738
0 0.35632 0.47560 0.1318 0.0456
0 0.50589 0.53658 0.1705 0.07207
0 0.65746 0.59757 0.13697 0.06198
0 0.82435 0.65855 0.18796 0.0721
0 0.23559 0.71954 0.1753 0.07695
0 0.39454 0.78052 0.1616 0.07282
0 0.54884 0.84151 0.17059 0.04683
0 0.68627 0.90249 0.18728 0.07874
0 0.87133 0.95709 0.11084 0.04306