0 0.16616 0.05572 0.14392 0.04922
0 0.32498 0.11101 0.12039 0.05601
0 0.48014 0.17055 0.17876 0.06469
0 0.62738 0.23009 0.18626 0.0773
0 0.8269 0.28964 0.13189 0.04253
0 0.23607 0.34918 0.1123 0.07731
0 0.38118 0.40872 0.18511 0.04905
0 0.5438 0.46826 0.16426 0.04363
0 0.70377 0.52780 0.15592 0.0597
0 0.8653 0.58734 0.12909 0.07755
0 0.16537 0.64689 0.13115 0.04898
0 0.31762 0.70643 0.18757 0.05532
0 0.46246 0.76597 0.12995 0.05997
0 0.60069 0.82551 0.19443 0.0738
0 0.82546 0.88505 0.18827 0.04855
0 0.23891 0.95509 0.12677 0.07825
0 0.40408 0.05572 0.11049 0.05399
0 0.54459 0.11101 0.19164 0.06594
0 0.68201 0.17055 0.1869 0.05119
0 0.83577 0.23009 0.15889 0.04519
0 0.16984 0.28964 0.14356 0.07765
0 0.35737 0.34918 0.15124 0.05277
0 0.52444 0.40872 0.16367 0.04684
0 0.66968 0.46826 0.16867 0.05319
0 0.78593 0.52780 0.14335 0.0432
0 0.2424 0.58734 0.16024 0.06245
0 0.38872 0.64689 0.16598 0.05179
0 0.52626 0.70643 0.14647 0.07944
0 0.66551 0.76597 0.12333 0.05046
0 0.83221 0.82551 0.18012 0.05178
0 0.16766 0.88505 0.15563 0.05284
0 0.35246 0.95509 0.19721 0.07196
0 0.48341 0.05572 0.13721 0.05791
0 0.62535 0.11101 0.1452 0.06173
0 0.80848 0.17055 0.10645 0.06153
0 0.23565 0.23009 0.12001 0.04492
0 0.39378 0.28964 0.14922 0.07096
0 0.5272 0.34918 0.11418 0.0631
0 0.68241 0.40872 0.11178 0.0777
0 0.84305 0.46826 0.13326 0.06913
0 0.14033 0.52780 0.11834 0.0445
0 0.32824 0.58734 0.15256 0.07021
0 0.48713 0.64689 0.10737 0.04359
0 0.6373 0.70643 0.13705 0.05251
0 0.82155 0.76597 0.16808 0.06957
0 0.23444 0.82551 0.15369 0.0477
0 0.41107 0.88505 0.18461 0.07926
0 0.55673 0.95509 0.13865 0.06995
0 0.69712 0.05572 0.13038 0.07041
0 0.83817 0.11101 0.14217 0.06272
0 0.15061 0.17055 0.1429 0.0722
0 0.35868 0.23009 0.12831 0.07669
0 0.51381 0.28964 0.19877 0.07925
0 0.62908 0.34918 0.17277 0.06596
0 0.81602 0.40872 0.13479 0.06813
0 0.21853 0.46826 0.12385 0.05461
0 0.41291 0.52780 0.1434 0.05958
0 0.55682 0.58734 0.1801 0.07251
0 0.69947 0.64689 0.12751 0.07198
0 0.86698 0.70643 0.16953 0.06462
0 0.17802 0.76597 0.14351 0.07271
0 0.36386 0.82551 0.16719 0.0756
0 0.50884 0.88505 0.11206 0.073
0 0.63053 0.95509 0.14372 0.07986
0 0.81758 0.05572 0.19012 0.06406
0 0.24063 0.11101 0.18817 0.06123
0 0.39665 0.17055 0.14386 0.04371
0 0.52148 0.23009 0.1396 0.07261
0 0.69472 0.28964 0.17849 0.07579
0 0.8616 0.34918 0.17902 0.06355
0 0.18221 0.40872 0.15655 0.05003
0 0.3507 0.46826 0.11293 0.06278
0 0.49066 0.52780 0.12974 0.06258
0 0.66285 0.58734 0.16844 0.04829
0 0.79506 0.64689 0.15069 0.05558
0 0.24231 0.70643 0.1892 0.04401
0 0.39908 0.76597 0.17384 0.06655
0 0.5389 0.82551 0.19581 0.0792
0 0.69944 0.88505 0.19866 0.06133
0 0.83919 0.95509 0.12385 0.07166