0 0.16354 0.05564 0.14457 0.05347
0 0.32774 0.11187 0.17256 0.04601
0 0.46739 0.17245 0.14817 0.04286
0 0.63324 0.23304 0.12979 0.06477
0 0.79541 0.29362 0.11028 0.04476
0 0.23402 0.35420 0.19644 0.0793
0 0.38506 0.41479 0.17473 0.06914
0 0.55189 0.47537 0.18176 0.05335
0 0.69293 0.53595 0.15052 0.0615
0 0.85802 0.59654 0.18081 0.07231
0 0.16372 0.65712 0.11512 0.07464
0 0.31376 0.71771 0.14538 0.05287
0 0.45004 0.77829 0.11399 0.07601
0 0.61683 0.83887 0.17871 0.062
0 0.81625 0.89946 0.13047 0.07077
0 0.24284 0.94095 0.16497 0.06314
0 0.39876 0.05564 0.11975 0.04664
0 0.53987 0.11187 0.12979 0.07655
0 0.68571 0.17245 0.1604 0.0451
0 0.85935 0.23304 0.10686 0.06982
0 0.17057 0.29362 0.11042 0.072
0 0.35613 0.35420 0.1932 0.07028
0 0.50731 0.41479 0.17279 0.06927
0 0.64241 0.47537 0.14492 0.0801
0 0.79744 0.53595 0.18174 0.06886
0 0.23384 0.59654 0.18134 0.07027
0 0.38563 0.65712 0.1865 0.04638
0 0.53208 0.71771 0.17669 0.06704
0 0.67919 0.77829 0.18751 0.07716
0 0.82182 0.83887 0.13693 0.0684
0 0.16515 0.89946 0.14362 0.04876
0 0.35475 0.94095 0.12913 0.07239
0 0.48467 0.05564 0.15065 0.07148
0 0.60716 0.11187 0.18122 0.0556
0 0.8111 0.17245 0.11856 0.05607
0 0.24196 0.23304 0.18061 0.05714
0 0.39795 0.29362 0.18918 0.07357
0 0.53114 0.35420 0.11451 0.06467
0 0.68265 0.41479 0.11311 0.04791
0 0.83946 0.47537 0.14887 0.04552
0 0.14171 0.53595 0.15452 0.0465
0 0.33128 0.59654 0.18819 0.07871
0 0.47959 0.65712 0.13289 0.05464
0 0.63618 0.71771 0.17626 0.06336
0 0.79416 0.77829 0.19743 0.07523
0 0.24047 0.83887 0.18684 0.05849
0 0.41313 0.89946 0.17206 0.06462
0 0.55723 0.94095 0.12754 0.06801
0 0.68607 0.05564 0.1103 0.04373
0 0.84172 0.11187 0.13766 0.04601
0 0.15444 0.17245 0.19172 0.07117
0 0.3623 0.23304 0.17338 0.06697
0 0.49329 0.29362 0.19742 0.04853
0 0.63944 0.35420 0.10777 0.07839
0 0.81739 0.41479 0.13722 0.05545
0 0.2277 0.47537 0.15397 0.07903
0 0.39551 0.53595 0.15221 0.04463
0 0.55772 0.59654 0.15973 0.04869
0 0.69983 0.65712 0.19627 0.04337
0 0.86005 0.71771 0.19471 0.06828
0 0.18289 0.77829 0.10729 0.06197
0 0.36451 0.83887 0.15747 0.07292
0 0.51468 0.89946 0.12409 0.07959
0 0.65244 0.94095 0.15189 0.07165
0 0.80092 0.05564 0.10804 0.06997
0 0.23473 0.11187 0.16914 0.04416
0 0.39793 0.17245 0.11041 0.07885
0 0.53035 0.23304 0.12309 0.06475
0 0.68043 0.29362 0.13943 0.0792
0 0.85543 0.35420 0.18876 0.04968
0 0.18273 0.41479 0.12892 0.07749
0 0.34824 0.47537 0.19067 0.06269
0 0.50141 0.53595 0.18895 0.07617
0 0.66949 0.59654 0.17258 0.07118
0 0.81169 0.65712 0.12054 0.04623
0 0.23806 0.71771 0.19937 0.05752
0 0.38682 0.77829 0.113 0.04563
0 0.53476 0.83887 0.12798 0.04746
0 0.6917 0.89946 0.19933 0.0443
0 0.8561 0.94095 0.16309 0.06387