0 0.16707 0.05593 0.1808 0.07006
0 0.32527 0.11165 0.16908 0.04549
0 0.46776 0.17197 0.12093 0.06551
0 0.63821 0.23230 0.17722 0.05435
0 0.79797 0.29262 0.19141 0.06043
0 0.23886 0.35294 0.15338 0.05916
0 0.40037 0.41326 0.11917 0.06363
0 0.55751 0.47358 0.13447 0.04874
0 0.70255 0.53390 0.15846 0.06567
0 0.84086 0.59422 0.13688 0.07864
0 0.16948 0.65455 0.16532 0.05081
0 0.31306 0.71487 0.11901 0.05807
0 0.46053 0.77519 0.1809 0.06927
0 0.60642 0.83551 0.13241 0.07791
0 0.79131 0.89583 0.13122 0.05356
0 0.2391 0.95660 0.14264 0.06552
0 0.39709 0.05593 0.17469 0.06841
0 0.55579 0.11165 0.13794 0.06354
0 0.67445 0.17197 0.19053 0.05352
0 0.84115 0.23230 0.13228 0.06324
0 0.16629 0.29262 0.15352 0.05312
0 0.35718 0.35294 0.19514 0.07323
0 0.51538 0.41326 0.15039 0.07696
0 0.64911 0.47358 0.19607 0.04437
0 0.77787 0.53390 0.14623 0.07451
0 0.23352 0.59422 0.1844 0.04528
0 0.39287 0.65455 0.1767 0.06963
0 0.53289 0.71487 0.11836 0.07383
0 0.68153 0.77519 0.13465 0.06856
0 0.8343 0.83551 0.1816 0.05791
0 0.17087 0.89583 0.12284 0.04348
0 0.34837 0.95660 0.1102 0.07018
0 0.4781 0.05593 0.11249 0.04571
0 0.60715 0.11165 0.13299 0.04303
0 0.77649 0.17197 0.19831 0.05377
0 0.23672 0.23230 0.14971 0.04823
0 0.39844 0.29262 0.19008 0.05536
0 0.54071 0.35294 0.13778 0.07318
0 0.69547 0.41326 0.12599 0.07544
0 0.8281 0.47358 0.14868 0.07242
0 0.13733 0.53390 0.19536 0.05206
0 0.33292 0.59422 0.18639 0.07987
0 0.48031 0.65455 0.14369 0.04728
0 0.63309 0.71487 0.1491 0.05619
0 0.79283 0.77519 0.16211 0.04803
0 0.23786 0.83551 0.19983 0.05314
0 0.39828 0.89583 0.18505 0.05548
0 0.5568 0.95660 0.14519 0.05849
0 0.69311 0.05593 0.1716 0.07454
0 0.85257 0.11165 0.12762 0.07023
0 0.1569 0.17197 0.11747 0.0453
0 0.37025 0.23230 0.19784 0.05309
0 0.50882 0.29262 0.13959 0.06916
0 0.62884 0.35294 0.14028 0.05233
0 0.82922 0.41326 0.15386 0.07342
0 0.22579 0.47358 0.18464 0.06667
0 0.40723 0.53390 0.16007 0.06058
0 0.54189 0.59422 0.15489 0.06027
0 0.67617 0.65455 0.1827 0.07516
0 0.83852 0.71487 0.12668 0.06183
0 0.18079 0.77519 0.11105 0.04762
0 0.35798 0.83551 0.17804 0.04482
0 0.50574 0.89583 0.14446 0.05386
0 0.63001 0.95660 0.16049 0.06531
0 0.8038 0.05593 0.11721 0.05169
0 0.23645 0.11165 0.17603 0.07335
0 0.40043 0.17197 0.17162 0.04586
0 0.54059 0.23230 0.15981 0.04623
0 0.67069 0.29262 0.12912 0.05067
0 0.84756 0.35294 0.18943 0.0801
0 0.17817 0.41326 0.11169 0.0561
0 0.35065 0.47358 0.13599 0.05515
0 0.49365 0.53390 0.19917 0.069
0 0.65708 0.59422 0.14937 0.04319
0 0.81835 0.65455 0.13496 0.07984
0 0.23171 0.71487 0.15262 0.06915
0 0.38704 0.77519 0.14813 0.06975
0 0.53988 0.83551 0.16438 0.05613
0 0.69541 0.89583 0.18381 0.07863
0 0.84413 0.95660 0.13017 0.06237