0 0.16596 0.05569 0.16178 0.04897
0 0.32893 0.10995 0.11653 0.06792
0 0.48601 0.17135 0.12491 0.07545
0 0.64264 0.23275 0.12143 0.07098
0 0.81628 0.29416 0.10954 0.05109
0 0.23996 0.35556 0.13178 0.05596
0 0.38761 0.41696 0.12776 0.05612
0 0.54499 0.47836 0.13987 0.05251
0 0.69005 0.53976 0.11873 0.05515
0 0.86071 0.60117 0.20021 0.04571
0 0.16982 0.66257 0.15448 0.05946
0 0.31435 0.72397 0.14263 0.05957
0 0.45424 0.78537 0.12962 0.04352
0 0.60512 0.84677 0.14046 0.06645
0 0.81458 0.90818 0.14369 0.04467
0 0.23995 0.94912 0.1934 0.04881
0 0.41153 0.05569 0.15278 0.06825
0 0.53135 0.10995 0.1635 0.06334
0 0.67382 0.17135 0.10652 0.04265
0 0.85015 0.23275 0.16148 0.05329
0 0.16649 0.29416 0.17937 0.05663
0 0.36003 0.35556 0.16803 0.04795
0 0.50525 0.41696 0.15588 0.04524
0 0.66457 0.47836 0.18392 0.0598
0 0.79177 0.53976 0.19681 0.05639
0 0.23935 0.60117 0.13565 0.07352
0 0.39183 0.66257 0.18122 0.0627
0 0.51858 0.72397 0.13295 0.07326
0 0.66358 0.78537 0.10747 0.05979
0 0.85689 0.84677 0.11494 0.04296
0 0.1711 0.90818 0.13706 0.04261
0 0.34684 0.94912 0.13488 0.0487
0 0.4914 0.05569 0.10777 0.05623
0 0.61608 0.10995 0.12136 0.06951
0 0.80871 0.17135 0.14793 0.04844
0 0.2427 0.23275 0.17836 0.05294
0 0.38258 0.29416 0.1703 0.06675
0 0.54066 0.35556 0.17343 0.05326
0 0.68608 0.41696 0.14941 0.05457
0 0.82476 0.47836 0.19274 0.04829
0 0.13765 0.53976 0.1993 0.05705
0 0.33843 0.60117 0.19399 0.07621
0 0.49089 0.66257 0.14958 0.07591
0 0.63082 0.72397 0.19138 0.05727
0 0.82845 0.78537 0.1425 0.0679
0 0.23826 0.84677 0.16292 0.05194
0 0.39673 0.90818 0.15889 0.07825
0 0.53535 0.94912 0.18581 0.06598
0 0.67042 0.05569 0.13292 0.05023
0 0.83647 0.10995 0.1686 0.04656
0 0.15485 0.17135 0.16285 0.06377
0 0.36544 0.23275 0.16796 0.05277
0 0.49931 0.29416 0.13529 0.04511
0 0.63131 0.35556 0.13733 0.0484
0 0.80513 0.41696 0.12381 0.04429
0 0.22667 0.47836 0.11556 0.0681
0 0.40277 0.53976 0.13308 0.07191
0 0.55128 0.60117 0.13952 0.07287
0 0.67699 0.66257 0.15658 0.05242
0 0.85739 0.72397 0.19948 0.07621
0 0.18494 0.78537 0.10872 0.06535
0 0.35767 0.84677 0.17296 0.04297
0 0.50201 0.90818 0.19141 0.0554
0 0.62972 0.94912 0.1877 0.06255
0 0.79478 0.05569 0.1173 0.0661
0 0.23214 0.10995 0.19613 0.05927
0 0.38265 0.17135 0.14763 0.07302
0 0.53377 0.23275 0.18863 0.04789
0 0.68094 0.29416 0.18761 0.07919
0 0.85733 0.35556 0.13955 0.07387
0 0.18468 0.41696 0.16557 0.05525
0 0.35353 0.47836 0.18758 0.06567
0 0.5144 0.53976 0.10805 0.05388
0 0.66523 0.60117 0.11331 0.04579
0 0.82713 0.66257 0.14158 0.06209
0 0.24011 0.72397 0.12013 0.07355
0 0.38604 0.78537 0.10928 0.07124
0 0.55031 0.84677 0.17982 0.07816
0 0.70464 0.90818 0.13692 0.05501
0 0.86304 0.94912 0.18314 0.05712