0 0.17013 0.05517 0.15646 0.04812
0 0.31404 0.10904 0.11039 0.06758
0 0.46764 0.16894 0.10996 0.04779
0 0.62342 0.22883 0.17803 0.06781
0 0.79794 0.28872 0.15021 0.0675
0 0.23391 0.34862 0.17017 0.04325
0 0.38751 0.40851 0.16231 0.0539
0 0.53827 0.46841 0.15592 0.04709
0 0.70599 0.52830 0.19624 0.0646
0 0.86024 0.58819 0.14417 0.06556
0 0.16572 0.64809 0.18212 0.07225
0 0.31316 0.70798 0.20016 0.06926
0 0.45622 0.76787 0.16507 0.07793
0 0.60928 0.82777 0.12967 0.0606
0 0.80733 0.88766 0.18837 0.06296
0 0.23374 0.95086 0.11139 0.06013
0 0.40216 0.05517 0.12484 0.06836
0 0.55107 0.10904 0.19361 0.04874
0 0.6778 0.16894 0.14866 0.05337
0 0.87172 0.22883 0.17985 0.06377
0 0.17133 0.28872 0.1308 0.05753
0 0.36919 0.34862 0.19929 0.04662
0 0.51874 0.40851 0.16268 0.07445
0 0.64329 0.46841 0.14566 0.06044
0 0.78349 0.52830 0.19422 0.05689
0 0.23722 0.58819 0.14059 0.05064
0 0.38284 0.64809 0.1613 0.06412
0 0.54176 0.70798 0.12292 0.06017
0 0.68226 0.76787 0.16253 0.0615
0 0.84539 0.82777 0.15869 0.06157
0 0.166 0.88766 0.16094 0.05463
0 0.34538 0.95086 0.13898 0.04666
0 0.491 0.05517 0.1243 0.05428
0 0.60692 0.10904 0.15769 0.04491
0 0.78802 0.16894 0.18134 0.04765
0 0.23481 0.22883 0.14084 0.05201
0 0.39857 0.28872 0.15125 0.04793
0 0.54144 0.34862 0.18995 0.07578
0 0.68454 0.40851 0.18415 0.04673
0 0.83728 0.46841 0.18812 0.07758
0 0.14223 0.52830 0.19539 0.07413
0 0.33694 0.58819 0.13251 0.05986
0 0.47991 0.64809 0.11061 0.04967
0 0.61597 0.70798 0.12105 0.05194
0 0.79538 0.76787 0.11769 0.07337
0 0.24277 0.82777 0.17111 0.05828
0 0.4046 0.88766 0.10755 0.05352
0 0.5479 0.95086 0.18169 0.07571
0 0.68038 0.05517 0.12949 0.0752
0 0.8638 0.10904 0.19186 0.07327
0 0.15499 0.16894 0.13129 0.04404
0 0.36671 0.22883 0.19587 0.06821
0 0.4929 0.28872 0.13925 0.07391
0 0.65601 0.34862 0.18086 0.0523
0 0.80243 0.40851 0.11495 0.0451
0 0.22863 0.46841 0.16901 0.06508
0 0.40509 0.52830 0.13148 0.0437
0 0.54471 0.58819 0.18205 0.06268
0 0.67096 0.64809 0.18958 0.05084
0 0.85749 0.70798 0.10821 0.06789
0 0.17995 0.76787 0.16894 0.04314
0 0.37166 0.82777 0.17376 0.07434
0 0.51442 0.88766 0.14672 0.05058
0 0.65637 0.95086 0.12332 0.07119
0 0.7905 0.05517 0.17814 0.05137
0 0.23568 0.10904 0.12112 0.04514
0 0.38233 0.16894 0.14339 0.05865
0 0.52129 0.22883 0.18906 0.06473
0 0.69861 0.28872 0.19057 0.07904
0 0.84449 0.34862 0.15241 0.06817
0 0.17994 0.40851 0.13904 0.05751
0 0.34862 0.46841 0.13819 0.04448
0 0.50743 0.52830 0.17965 0.06649
0 0.65113 0.58819 0.19206 0.04595
0 0.79942 0.64809 0.19151 0.05441
0 0.24147 0.70798 0.14169 0.0653
0 0.39827 0.76787 0.1771 0.05755
0 0.55436 0.82777 0.14806 0.07768
0 0.6866 0.88766 0.17154 0.07874
0 0.83968 0.95086 0.17645 0.06072