0 0.16724 0.05594 0.16236 0.0429
0 0.31595 0.11211 0.17702 0.04787
0 0.46509 0.17214 0.11188 0.05586
0 0.63493 0.23217 0.1509 0.05392
0 0.81845 0.29220 0.18127 0.06779
0 0.23262 0.35224 0.14394 0.07558
0 0.38446 0.41227 0.15151 0.06048
0 0.53762 0.47230 0.20018 0.04712
0 0.70682 0.53233 0.12994 0.06234
0 0.83601 0.59237 0.18745 0.04861
0 0.16426 0.65240 0.16805 0.06979
0 0.32143 0.71243 0.19362 0.07436
0 0.46757 0.77246 0.14203 0.06281
0 0.61701 0.83250 0.15923 0.05947
0 0.7989 0.89253 0.1915 0.06201
0 0.23753 0.95727 0.12086 0.04904
0 0.40534 0.05594 0.13276 0.07856
0 0.53786 0.11211 0.15712 0.04293
0 0.69365 0.17214 0.15415 0.05874
0 0.85992 0.23217 0.1676 0.05097
0 0.16708 0.29220 0.15745 0.0541
0 0.36412 0.35224 0.18663 0.07279
0 0.50782 0.41227 0.11156 0.06006
0 0.65331 0.47230 0.20002 0.06928
0 0.7939 0.53233 0.16581 0.07115
0 0.24313 0.59237 0.14512 0.04724
0 0.39619 0.65240 0.16393 0.06541
0 0.52495 0.71243 0.2001 0.05076
0 0.65912 0.77246 0.16555 0.06253
0 0.82384 0.83250 0.15238 0.0619
0 0.16833 0.89253 0.1121 0.05478
0 0.3548 0.95727 0.18459 0.0572
0 0.49573 0.05594 0.14275 0.05607
0 0.62513 0.11211 0.17473 0.04923
0 0.80986 0.17214 0.1211 0.05832
0 0.24116 0.23217 0.14929 0.07419
0 0.39343 0.29220 0.16833 0.04492
0 0.53825 0.35224 0.17955 0.07981
0 0.69046 0.41227 0.12487 0.06233
0 0.85569 0.47230 0.14936 0.06151
0 0.1362 0.53233 0.19474 0.05106
0 0.32919 0.59237 0.18796 0.06959
0 0.4893 0.65240 0.19472 0.07114
0 0.6421 0.71243 0.16005 0.05041
0 0.79968 0.77246 0.18988 0.06629
0 0.23867 0.83250 0.17503 0.06106
0 0.40418 0.89253 0.17473 0.06043
0 0.55172 0.95727 0.14278 0.07177
0 0.6935 0.05594 0.18457 0.07723
0 0.85247 0.11211 0.14461 0.05384
0 0.15068 0.17214 0.11812 0.06684
0 0.35913 0.23217 0.19307 0.04595
0 0.50086 0.29220 0.15206 0.04817
0 0.62643 0.35224 0.14484 0.0742
0 0.80267 0.41227 0.11565 0.04768
0 0.22229 0.47230 0.13067 0.07809
0 0.40003 0.53233 0.13642 0.05604
0 0.53263 0.59237 0.19766 0.0689
0 0.66912 0.65240 0.19705 0.05914
0 0.8392 0.71243 0.10751 0.06656
0 0.18534 0.77246 0.10742 0.06852
0 0.35581 0.83250 0.1546 0.05019
0 0.50138 0.89253 0.13332 0.04798
0 0.63428 0.95727 0.13192 0.05728
0 0.81295 0.05594 0.11265 0.04331
0 0.23425 0.11211 0.11312 0.05087
0 0.38392 0.17214 0.18754 0.04428
0 0.53191 0.23217 0.18048 0.05669
0 0.66863 0.29220 0.1396 0.06941
0 0.83574 0.35224 0.11067 0.06924
0 0.18124 0.41227 0.13849 0.06897
0 0.35676 0.47230 0.12412 0.06369
0 0.50395 0.53233 0.17029 0.04962
0 0.65584 0.59237 0.17469 0.07155
0 0.80454 0.65240 0.19294 0.05894
0 0.24165 0.71243 0.17497 0.05243
0 0.39445 0.77246 0.15359 0.05584
0 0.53979 0.83250 0.11931 0.07531
0 0.68771 0.89253 0.17658 0.04977
0 0.86344 0.95727 0.11421 0.07471