0 0.16695 0.05507 0.14146 0.07869
0 0.3158 0.11015 0.17983 0.07775
0 0.47616 0.17053 0.12841 0.07011
0 0.6423 0.23090 0.17894 0.07276
0 0.80379 0.29128 0.11327 0.04981
0 0.23725 0.35166 0.13122 0.06127
0 0.39987 0.41204 0.11786 0.07177
0 0.55737 0.47241 0.1422 0.0707
0 0.6882 0.53279 0.18347 0.04457
0 0.86749 0.59317 0.1307 0.06919
0 0.1652 0.65355 0.11428 0.0441
0 0.32065 0.71393 0.10959 0.04975
0 0.46905 0.77430 0.14226 0.0613
0 0.62658 0.83468 0.17237 0.04671
0 0.8159 0.89506 0.18618 0.0623
0 0.2418 0.94138 0.18265 0.05238
0 0.40919 0.05507 0.10874 0.06539
0 0.53732 0.11015 0.16624 0.06041
0 0.70022 0.17053 0.19429 0.06859
0 0.8415 0.23090 0.15432 0.05847
0 0.16388 0.29128 0.12214 0.04998
0 0.3605 0.35166 0.1659 0.0759
0 0.512 0.41204 0.17131 0.0699
0 0.65015 0.47241 0.19818 0.0697
0 0.78586 0.53279 0.1812 0.066
0 0.23201 0.59317 0.14504 0.04552
0 0.38168 0.65355 0.17834 0.05804
0 0.52347 0.71393 0.14098 0.0468
0 0.67766 0.77430 0.19687 0.04785
0 0.84703 0.83468 0.15682 0.04735
0 0.17014 0.89506 0.13932 0.07588
0 0.3519 0.94138 0.17777 0.04943
0 0.49915 0.05507 0.19868 0.05328
0 0.61691 0.11015 0.14202 0.06
0 0.80831 0.17053 0.19836 0.07313
0 0.23896 0.23090 0.11372 0.05466
0 0.39845 0.29128 0.14382 0.0719
0 0.5373 0.35166 0.12255 0.06282
0 0.69378 0.41204 0.15159 0.07471
0 0.83283 0.47241 0.11366 0.07761
0 0.14113 0.53279 0.10854 0.0555
0 0.33218 0.59317 0.15907 0.06286
0 0.49443 0.65355 0.14551 0.07494
0 0.61822 0.71393 0.12808 0.04587
0 0.79982 0.77430 0.11206 0.04503
0 0.23284 0.83468 0.10735 0.07989
0 0.40293 0.89506 0.17971 0.06649
0 0.54709 0.94138 0.16896 0.07185
0 0.69623 0.05507 0.13234 0.05534
0 0.83302 0.11015 0.1445 0.06116
0 0.15539 0.17053 0.13682 0.05736
0 0.36383 0.23090 0.19082 0.07378
0 0.50177 0.29128 0.14463 0.057
0 0.6415 0.35166 0.1671 0.07733
0 0.79787 0.41204 0.17247 0.0572
0 0.22518 0.47241 0.11494 0.06509
0 0.40704 0.53279 0.13909 0.05415
0 0.55739 0.59317 0.17257 0.05234
0 0.66967 0.65355 0.14937 0.07588
0 0.85623 0.71393 0.16328 0.06204
0 0.18392 0.77430 0.12588 0.06515
0 0.35895 0.83468 0.15658 0.06535
0 0.49028 0.89506 0.14396 0.07479
0 0.6299 0.94138 0.13565 0.06151
0 0.79166 0.05507 0.14127 0.06983
0 0.24023 0.11015 0.11031 0.07678
0 0.39926 0.17053 0.11718 0.07634
0 0.51823 0.23090 0.10753 0.07658
0 0.67159 0.29128 0.14005 0.06914
0 0.83794 0.35166 0.1719 0.07929
0 0.18474 0.41204 0.17451 0.06817
0 0.34663 0.47241 0.13045 0.06209
0 0.50391 0.53279 0.18474 0.07147
0 0.6668 0.59317 0.15332 0.07186
0 0.81341 0.65355 0.1503 0.05533
0 0.23201 0.71393 0.12242 0.04709
0 0.39584 0.77430 0.12041 0.06369
0 0.55069 0.83468 0.15024 0.05073
0 0.70192 0.89506 0.13428 0.05541
0 0.83189 0.94138 0.16021 0.04289