0 0.1646 0.05596 0.15457 0.07431
0 0.31981 0.10929 0.11727 0.06565
0 0.47043 0.17026 0.16666 0.06556
0 0.62989 0.23123 0.1214 0.04279
0 0.79687 0.29221 0.11188 0.06366
0 0.23393 0.35318 0.15872 0.07464
0 0.3921 0.41415 0.11968 0.05947
0 0.55544 0.47512 0.14079 0.05518
0 0.70486 0.53609 0.12503 0.04564
0 0.86779 0.59706 0.10608 0.07617
0 0.16953 0.65803 0.18243 0.0592
0 0.32016 0.71900 0.19121 0.07613
0 0.45188 0.77998 0.14761 0.06231
0 0.62759 0.84095 0.14056 0.05951
0 0.81347 0.90192 0.14046 0.04296
0 0.2353 0.93804 0.13321 0.05253
0 0.40062 0.05596 0.1848 0.07255
0 0.54449 0.10929 0.19807 0.05017
0 0.69569 0.17026 0.12627 0.06667
0 0.87034 0.23123 0.16886 0.06859
0 0.1704 0.29221 0.14762 0.04609
0 0.36371 0.35318 0.14498 0.07031
0 0.51699 0.41415 0.18588 0.07924
0 0.6569 0.47512 0.15343 0.07099
0 0.80058 0.53609 0.12766 0.05022
0 0.23468 0.59706 0.1732 0.04903
0 0.39126 0.65803 0.14681 0.07678
0 0.52594 0.71900 0.14528 0.05259
0 0.6625 0.77998 0.19387 0.04957
0 0.8322 0.84095 0.11994 0.05885
0 0.17155 0.90192 0.10794 0.07684
0 0.35336 0.93804 0.14604 0.0496
0 0.48723 0.05596 0.19533 0.06917
0 0.62473 0.10929 0.17496 0.07123
0 0.79568 0.17026 0.13547 0.05269
0 0.2379 0.23123 0.12069 0.05355
0 0.39555 0.29221 0.19932 0.07868
0 0.52441 0.35318 0.18648 0.05047
0 0.68009 0.41415 0.16957 0.05678
0 0.84807 0.47512 0.13148 0.06761
0 0.13954 0.53609 0.19116 0.05654
0 0.33775 0.59706 0.13112 0.06819
0 0.49831 0.65803 0.18655 0.07921
0 0.62295 0.71900 0.14558 0.06765
0 0.80135 0.77998 0.11414 0.06873
0 0.23869 0.84095 0.19426 0.05176
0 0.3984 0.90192 0.18371 0.07533
0 0.53658 0.93804 0.19398 0.07171
0 0.69438 0.05596 0.16613 0.04771
0 0.83488 0.10929 0.19908 0.05196
0 0.1549 0.17026 0.16539 0.06344
0 0.35741 0.23123 0.14652 0.06165
0 0.49929 0.29221 0.13218 0.07923
0 0.64335 0.35318 0.18426 0.07184
0 0.79956 0.41415 0.1937 0.05159
0 0.22577 0.47512 0.19606 0.04577
0 0.40119 0.53609 0.1218 0.07273
0 0.53185 0.59706 0.12307 0.06895
0 0.69457 0.65803 0.19542 0.07733
0 0.8322 0.71900 0.16566 0.05761
0 0.17963 0.77998 0.15758 0.05205
0 0.35938 0.84095 0.16703 0.07033
0 0.50341 0.90192 0.19943 0.05772
0 0.62995 0.93804 0.18273 0.06276
0 0.82148 0.05596 0.19218 0.04841
0 0.23732 0.10929 0.15878 0.07899
0 0.38554 0.17026 0.13556 0.06376
0 0.53916 0.23123 0.14792 0.04733
0 0.6708 0.29221 0.13114 0.06245
0 0.87261 0.35318 0.11952 0.05138
0 0.18379 0.41415 0.17838 0.07486
0 0.34928 0.47512 0.16348 0.07712
0 0.50192 0.53609 0.1266 0.06449
0 0.64862 0.59706 0.15032 0.05529
0 0.82824 0.65803 0.18099 0.07992
0 0.23516 0.71900 0.16132 0.06811
0 0.38992 0.77998 0.1922 0.04917
0 0.54527 0.84095 0.17697 0.05132
0 0.70776 0.90192 0.18237 0.0702
0 0.84774 0.93804 0.17461 0.06337