0 0.17025 0.05591 0.17301 0.05148
0 0.31476 0.10921 0.17793 0.07783
0 0.468 0.16897 0.17097 0.05884
0 0.61876 0.22874 0.15179 0.06396
0 0.82338 0.28850 0.14799 0.06017
0 0.24054 0.34827 0.17662 0.07542
0 0.39871 0.40804 0.18127 0.07462
0 0.53368 0.46780 0.19896 0.05297
0 0.71116 0.52757 0.14523 0.05903
0 0.85842 0.58733 0.15462 0.05564
0 0.16823 0.64710 0.16867 0.04571
0 0.32345 0.70687 0.1869 0.07622
0 0.46879 0.76663 0.10962 0.06299
0 0.60093 0.82640 0.11677 0.07907
0 0.81166 0.88616 0.17179 0.06987
0 0.24253 0.95757 0.17705 0.04609
0 0.40874 0.05591 0.12586 0.07103
0 0.53254 0.10921 0.14585 0.07639
0 0.678 0.16897 0.14432 0.06286
0 0.86613 0.22874 0.12317 0.04805
0 0.16709 0.28850 0.14656 0.07433
0 0.3555 0.34827 0.16428 0.07669
0 0.51877 0.40804 0.19475 0.06621
0 0.65488 0.46780 0.16943 0.05589
0 0.79482 0.52757 0.12152 0.04477
0 0.23737 0.58733 0.12734 0.06011
0 0.38498 0.64710 0.16883 0.05911
0 0.52945 0.70687 0.1886 0.04636
0 0.67476 0.76663 0.18827 0.05374
0 0.85144 0.82640 0.19215 0.06217
0 0.16762 0.88616 0.1684 0.05141
0 0.35054 0.95757 0.12192 0.04492
0 0.49084 0.05591 0.15854 0.0787
0 0.62208 0.10921 0.1829 0.06853
0 0.80491 0.16897 0.19485 0.0676
0 0.23856 0.22874 0.10832 0.04312
0 0.39185 0.28850 0.18061 0.06473
0 0.52436 0.34827 0.16683 0.05742
0 0.67844 0.40804 0.14309 0.07548
0 0.85032 0.46780 0.10981 0.06027
0 0.13808 0.52757 0.14579 0.0561
0 0.33745 0.58733 0.13964 0.0703
0 0.48851 0.64710 0.19906 0.07974
0 0.6145 0.70687 0.13403 0.06098
0 0.81152 0.76663 0.13622 0.047
0 0.24086 0.82640 0.15778 0.0616
0 0.41419 0.88616 0.13566 0.04895
0 0.53825 0.95757 0.1742 0.04578
0 0.67082 0.05591 0.13347 0.07645
0 0.85578 0.10921 0.11417 0.05258
0 0.15361 0.16897 0.18313 0.05301
0 0.37108 0.22874 0.17493 0.06247
0 0.51369 0.28850 0.13467 0.04548
0 0.62761 0.34827 0.19434 0.06393
0 0.80509 0.40804 0.16358 0.05718
0 0.22815 0.46780 0.1685 0.05456
0 0.41484 0.52757 0.18311 0.05386
0 0.55234 0.58733 0.11598 0.0559
0 0.6794 0.64710 0.11953 0.05465
0 0.85535 0.70687 0.1141 0.07825
0 0.18057 0.76663 0.17269 0.04462
0 0.36299 0.82640 0.18578 0.05898
0 0.49742 0.88616 0.13491 0.04619
0 0.63154 0.95757 0.1355 0.06604
0 0.80709 0.05591 0.12799 0.04785
0 0.23546 0.10921 0.14981 0.05066
0 0.39578 0.16897 0.14201 0.07646
0 0.5318 0.22874 0.12483 0.0747
0 0.69558 0.28850 0.17372 0.04884
0 0.83434 0.34827 0.18093 0.06994
0 0.17752 0.40804 0.15599 0.07745
0 0.35305 0.46780 0.10825 0.05309
0 0.49818 0.52757 0.12948 0.07122
0 0.66134 0.58733 0.18181 0.06669
0 0.79869 0.64710 0.17899 0.07613
0 0.23499 0.70687 0.19045 0.07413
0 0.38422 0.76663 0.1355 0.07322
0 0.54276 0.82640 0.11143 0.05846
0 0.70389 0.88616 0.14184 0.05889
0 0.83059 0.95757 0.16868 0.07454