0 0.17075 0.05561 0.15208 0.07833
0 0.31481 0.11079 0.153 0.07923
0 0.47311 0.17160 0.19431 0.04359
0 0.62126 0.23241 0.14277 0.06105
0 0.82913 0.29322 0.11711 0.07496
0 0.23858 0.35403 0.12873 0.05159
0 0.38605 0.41484 0.17064 0.07389
0 0.53442 0.47565 0.18519 0.07311
0 0.69948 0.53646 0.19753 0.06615
0 0.86534 0.59726 0.12635 0.04251
0 0.17031 0.65807 0.17775 0.05675
0 0.32637 0.71888 0.16114 0.07653
0 0.45384 0.77969 0.14406 0.06808
0 0.61552 0.84050 0.15415 0.05671
0 0.82469 0.90131 0.1528 0.06626
0 0.23282 0.95092 0.16748 0.0516
0 0.41197 0.05561 0.17618 0.06398
0 0.5552 0.11079 0.13453 0.07945
0 0.67436 0.17160 0.11451 0.07447
0 0.83354 0.23241 0.18394 0.05312
0 0.16729 0.29322 0.1428 0.06816
0 0.36897 0.35403 0.17916 0.05593
0 0.51567 0.41484 0.12298 0.07965
0 0.65323 0.47565 0.11638 0.04559
0 0.79573 0.53646 0.19141 0.05187
0 0.23287 0.59726 0.18869 0.07302
0 0.38368 0.65807 0.20033 0.04561
0 0.54019 0.71888 0.18755 0.06246
0 0.67343 0.77969 0.10954 0.07262
0 0.82772 0.84050 0.15742 0.07029
0 0.17054 0.90131 0.20012 0.04777
0 0.34129 0.95092 0.15424 0.05894
0 0.48751 0.05561 0.18842 0.05564
0 0.62096 0.11079 0.11269 0.06047
0 0.78925 0.17160 0.19917 0.06458
0 0.23613 0.23241 0.19306 0.04793
0 0.39136 0.29322 0.15927 0.07657
0 0.54082 0.35403 0.14674 0.06657
0 0.69343 0.41484 0.13792 0.04857
0 0.81956 0.47565 0.17402 0.06377
0 0.13805 0.53646 0.10735 0.07756
0 0.33299 0.59726 0.14133 0.07196
0 0.49741 0.65807 0.19306 0.06829
0 0.62562 0.71888 0.15759 0.06001
0 0.79911 0.77969 0.15074 0.05224
0 0.23844 0.84050 0.15288 0.06389
0 0.40438 0.90131 0.1352 0.05181
0 0.55517 0.95092 0.19571 0.05447
0 0.69875 0.05561 0.19865 0.07677
0 0.86492 0.11079 0.15449 0.07581
0 0.15514 0.17160 0.19965 0.07239
0 0.36731 0.23241 0.14904 0.07734
0 0.51249 0.29322 0.14623 0.04917
0 0.6282 0.35403 0.12617 0.06194
0 0.80297 0.41484 0.12429 0.06607
0 0.21783 0.47565 0.18458 0.07686
0 0.4114 0.53646 0.17457 0.06747
0 0.54458 0.59726 0.15601 0.0571
0 0.6794 0.65807 0.18423 0.07033
0 0.83988 0.71888 0.15433 0.07326
0 0.18177 0.77969 0.15811 0.06507
0 0.35912 0.84050 0.12617 0.04563
0 0.49171 0.90131 0.16149 0.07721
0 0.62883 0.95092 0.11953 0.04445
0 0.7922 0.05561 0.11099 0.0623
0 0.23623 0.11079 0.17049 0.04691
0 0.38351 0.17160 0.16344 0.05676
0 0.52891 0.23241 0.12678 0.07308
0 0.69753 0.29322 0.14437 0.05163
0 0.84526 0.35403 0.16545 0.07578
0 0.17803 0.41484 0.15842 0.0693
0 0.35016 0.47565 0.11809 0.05669
0 0.51188 0.53646 0.12202 0.05181
0 0.6511 0.59726 0.10616 0.05196
0 0.79113 0.65807 0.14549 0.07136
0 0.23307 0.71888 0.15212 0.04431
0 0.3826 0.77969 0.12114 0.06827
0 0.55089 0.84050 0.16894 0.06582
0 0.69641 0.90131 0.10776 0.07059
0 0.85859 0.95092 0.11735 0.07928