0 0.16402 0.05608 0.15243 0.07661
0 0.32408 0.10935 0.17351 0.07627
0 0.48446 0.16999 0.19076 0.05246
0 0.62154 0.23064 0.17204 0.05493
0 0.79576 0.29128 0.16959 0.06197
0 0.23156 0.35193 0.16542 0.06675
0 0.38569 0.41257 0.16565 0.07881
0 0.53744 0.47322 0.18319 0.05168
0 0.70064 0.53386 0.19565 0.04254
0 0.86301 0.59451 0.12704 0.07451
0 0.16851 0.65515 0.11455 0.05756
0 0.32696 0.71580 0.13161 0.06934
0 0.45196 0.77645 0.16837 0.0795
0 0.62495 0.83709 0.17238 0.04852
0 0.80872 0.89774 0.11931 0.04435
0 0.23588 0.94008 0.1974 0.06143
0 0.40741 0.05608 0.18204 0.05157
0 0.54902 0.10935 0.18763 0.04862
0 0.69864 0.16999 0.14835 0.07777
0 0.84906 0.23064 0.1382 0.06308
0 0.16339 0.29128 0.18045 0.07147
0 0.36265 0.35193 0.11892 0.05435
0 0.50985 0.41257 0.16612 0.07719
0 0.66207 0.47322 0.13301 0.07518
0 0.77682 0.53386 0.17677 0.07581
0 0.23929 0.59451 0.19323 0.06718
0 0.39542 0.65515 0.15927 0.07391
0 0.52856 0.71580 0.1753 0.06656
0 0.66988 0.77645 0.14907 0.05476
0 0.84528 0.83709 0.11124 0.0528
0 0.16447 0.89774 0.15268 0.05059
0 0.34856 0.94008 0.18909 0.05296
0 0.48374 0.05608 0.12283 0.05196
0 0.61049 0.10935 0.13249 0.06924
0 0.78792 0.16999 0.11948 0.04552
0 0.23918 0.23064 0.1585 0.05373
0 0.39883 0.29128 0.17635 0.04662
0 0.51785 0.35193 0.10961 0.05122
0 0.68065 0.41257 0.18862 0.07877
0 0.82904 0.47322 0.16815 0.0706
0 0.13874 0.53386 0.142 0.06585
0 0.34278 0.59451 0.13133 0.06192
0 0.48252 0.65515 0.14058 0.07302
0 0.61965 0.71580 0.17301 0.05278
0 0.81188 0.77645 0.13211 0.07891
0 0.23763 0.83709 0.12394 0.07429
0 0.40316 0.89774 0.17415 0.05323
0 0.53774 0.94008 0.16837 0.076
0 0.67514 0.05608 0.15792 0.05143
0 0.86835 0.10935 0.16077 0.06125
0 0.15231 0.16999 0.18789 0.04366
0 0.3658 0.23064 0.11926 0.06718
0 0.49809 0.29128 0.15165 0.06637
0 0.64852 0.35193 0.14463 0.07021
0 0.81909 0.41257 0.16758 0.05476
0 0.2273 0.47322 0.19342 0.0621
0 0.41278 0.53386 0.17785 0.04535
0 0.53554 0.59451 0.13812 0.05329
0 0.69633 0.65515 0.17149 0.04438
0 0.83705 0.71580 0.12317 0.05909
0 0.17756 0.77645 0.14373 0.06567
0 0.3668 0.83709 0.1723 0.06023
0 0.51365 0.89774 0.19282 0.04286
0 0.63565 0.94008 0.18019 0.05393
0 0.79012 0.05608 0.12391 0.06676
0 0.23974 0.10935 0.19989 0.06239
0 0.39427 0.16999 0.18108 0.05206
0 0.52924 0.23064 0.15418 0.05442
0 0.68223 0.29128 0.17117 0.0467
0 0.83194 0.35193 0.14977 0.0452
0 0.17945 0.41257 0.14682 0.06462
0 0.35098 0.47322 0.18872 0.07889
0 0.49286 0.53386 0.17387 0.06934
0 0.65035 0.59451 0.13563 0.05159
0 0.79406 0.65515 0.11226 0.07147
0 0.23948 0.71580 0.14587 0.06889
0 0.38127 0.77645 0.11924 0.05524
0 0.55401 0.83709 0.11409 0.04494
0 0.70374 0.89774 0.17117 0.06557
0 0.85053 0.94008 0.15798 0.05925