0 0.16441 0.05505 0.14574 0.05127
0 0.3167 0.11110 0.17242 0.06909
0 0.46705 0.17180 0.15144 0.0686
0 0.6335 0.23250 0.18343 0.05242
0 0.80257 0.29320 0.1473 0.05474
0 0.24072 0.35390 0.18715 0.04594
0 0.39173 0.41459 0.1069 0.044
0 0.53708 0.47529 0.19997 0.07106
0 0.7044 0.53599 0.13201 0.05468
0 0.83236 0.59669 0.10923 0.06211
0 0.1681 0.65739 0.12041 0.07832
0 0.32893 0.71808 0.15128 0.06766
0 0.45748 0.77878 0.18987 0.06027
0 0.61596 0.83948 0.13279 0.06692
0 0.82679 0.90018 0.17999 0.06753
0 0.23446 0.96055 0.12213 0.05111
0 0.41149 0.05505 0.17501 0.07278
0 0.53558 0.11110 0.12932 0.06139
0 0.69688 0.17180 0.11378 0.05879
0 0.84212 0.23250 0.18648 0.06917
0 0.17041 0.29320 0.17079 0.06337
0 0.36845 0.35390 0.1964 0.05204
0 0.50847 0.41459 0.19894 0.04526
0 0.67166 0.47529 0.15648 0.06464
0 0.78588 0.53599 0.19148 0.06785
0 0.24058 0.59669 0.151 0.0646
0 0.39688 0.65739 0.18995 0.06255
0 0.53036 0.71808 0.10831 0.06025
0 0.68386 0.77878 0.1182 0.05464
0 0.82087 0.83948 0.17589 0.05868
0 0.16447 0.90018 0.14293 0.07127
0 0.35518 0.96055 0.14318 0.08001
0 0.47684 0.05505 0.16281 0.05242
0 0.62114 0.11110 0.10832 0.0723
0 0.80816 0.17180 0.14262 0.0475
0 0.23276 0.23250 0.11142 0.04377
0 0.39061 0.29320 0.17108 0.05955
0 0.52639 0.35390 0.15513 0.06366
0 0.69328 0.41459 0.11324 0.05113
0 0.82855 0.47529 0.14437 0.04789
0 0.14184 0.53599 0.14663 0.06796
0 0.32955 0.59669 0.16823 0.05578
0 0.49738 0.65739 0.12666 0.06168
0 0.64144 0.71808 0.11371 0.06863
0 0.79714 0.77878 0.15016 0.06488
0 0.23198 0.83948 0.17477 0.06151
0 0.40577 0.90018 0.16395 0.07171
0 0.53109 0.96055 0.19098 0.06827
0 0.69513 0.05505 0.1299 0.05448
0 0.86876 0.11110 0.12682 0.07381
0 0.15511 0.17180 0.1283 0.06735
0 0.35828 0.23250 0.18245 0.06457
0 0.50473 0.29320 0.17229 0.04315
0 0.6561 0.35390 0.18889 0.07399
0 0.82551 0.41459 0.1731 0.04673
0 0.22451 0.47529 0.16839 0.07412
0 0.41068 0.53599 0.14751 0.05515
0 0.55348 0.59669 0.15913 0.05862
0 0.686 0.65739 0.19943 0.07236
0 0.83031 0.71808 0.19632 0.04777
0 0.17921 0.77878 0.13782 0.06536
0 0.36169 0.83948 0.12072 0.07752
0 0.50077 0.90018 0.14539 0.06643
0 0.65407 0.96055 0.15834 0.04423
0 0.79217 0.05505 0.10887 0.06876
0 0.2354 0.11110 0.18778 0.05212
0 0.38455 0.17180 0.19039 0.06848
0 0.52371 0.23250 0.15294 0.05612
0 0.69171 0.29320 0.1258 0.06286
0 0.84249 0.35390 0.1741 0.0508
0 0.17909 0.41459 0.17204 0.07657
0 0.3427 0.47529 0.14951 0.05651
0 0.49552 0.53599 0.12215 0.0454
0 0.66641 0.59669 0.18096 0.04359
0 0.80468 0.65739 0.18983 0.06607
0 0.23925 0.71808 0.1195 0.07776
0 0.39931 0.77878 0.19466 0.05449
0 0.54238 0.83948 0.10609 0.07053
0 0.70157 0.90018 0.14744 0.05332
0 0.87135 0.96055 0.10712 0.04712