0 0.1678 0.05580 0.15618 0.08012
0 0.32325 0.11048 0.12505 0.05819
0 0.46372 0.17127 0.12088 0.04529
0 0.64179 0.23206 0.17743 0.07038
0 0.82045 0.29284 0.19231 0.08013
0 0.23604 0.35363 0.12678 0.06313
0 0.39351 0.41442 0.12197 0.0648
0 0.54612 0.47521 0.18141 0.04825
0 0.69277 0.53599 0.16371 0.06644
0 0.83938 0.59678 0.17899 0.06302
0 0.17163 0.65757 0.15829 0.05315
0 0.32431 0.71835 0.13375 0.06723
0 0.4612 0.77914 0.16175 0.07992
0 0.61154 0.83993 0.1215 0.06166
0 0.79789 0.90071 0.14108 0.05017
0 0.2409 0.94123 0.19111 0.06628
0 0.40285 0.05580 0.14476 0.06819
0 0.53362 0.11048 0.18433 0.05959
0 0.69666 0.17127 0.19784 0.04561
0 0.85637 0.23206 0.15896 0.07978
0 0.16853 0.29284 0.17054 0.04391
0 0.35925 0.35363 0.15752 0.07038
0 0.52119 0.41442 0.17669 0.06456
0 0.65359 0.47521 0.16672 0.0785
0 0.80476 0.53599 0.11982 0.05751
0 0.23886 0.59678 0.18507 0.0618
0 0.3989 0.65757 0.11833 0.07235
0 0.52424 0.71835 0.1708 0.05734
0 0.65361 0.77914 0.19472 0.04849
0 0.84699 0.83993 0.149 0.0639
0 0.17008 0.90071 0.11657 0.06495
0 0.34682 0.94123 0.11187 0.07338
0 0.48416 0.05580 0.17925 0.07989
0 0.62618 0.11048 0.10632 0.05535
0 0.79434 0.17127 0.16327 0.04245
0 0.24227 0.23206 0.13971 0.0448
0 0.39418 0.29284 0.14327 0.06
0 0.52051 0.35363 0.14346 0.07966
0 0.68245 0.41442 0.1456 0.04392
0 0.83072 0.47521 0.18404 0.05625
0 0.1417 0.53599 0.17452 0.04884
0 0.33544 0.59678 0.19141 0.07511
0 0.47876 0.65757 0.17985 0.06649
0 0.6267 0.71835 0.13689 0.07588
0 0.82819 0.77914 0.12508 0.07127
0 0.23667 0.83993 0.16782 0.06073
0 0.39792 0.90071 0.11633 0.04501
0 0.54663 0.94123 0.1896 0.06196
0 0.69943 0.05580 0.16144 0.05774
0 0.86617 0.11048 0.17973 0.06436
0 0.15038 0.17127 0.16232 0.07887
0 0.36937 0.23206 0.12252 0.07873
0 0.51357 0.29284 0.11365 0.08008
0 0.65778 0.35363 0.1842 0.06179
0 0.82209 0.41442 0.12054 0.06965
0 0.22053 0.47521 0.11186 0.04793
0 0.40009 0.53599 0.16168 0.04947
0 0.53369 0.59678 0.14996 0.05139
0 0.6768 0.65757 0.14966 0.07711
0 0.83711 0.71835 0.1918 0.04551
0 0.18358 0.77914 0.1211 0.06867
0 0.36188 0.83993 0.18092 0.04954
0 0.50854 0.90071 0.16949 0.07324
0 0.65803 0.94123 0.19271 0.05466
0 0.82266 0.05580 0.15903 0.07261
0 0.2382 0.11048 0.12505 0.0732
0 0.39069 0.17127 0.13012 0.05438
0 0.52339 0.23206 0.16473 0.05009
0 0.67218 0.29284 0.14152 0.04852
0 0.8607 0.35363 0.13991 0.0768
0 0.18237 0.41442 0.10877 0.0691
0 0.3492 0.47521 0.17841 0.04698
0 0.51104 0.53599 0.12845 0.06658
0 0.64898 0.59678 0.16885 0.04804
0 0.80962 0.65757 0.17663 0.0455
0 0.23265 0.71835 0.17474 0.07051
0 0.38749 0.77914 0.18284 0.0497
0 0.54862 0.83993 0.17584 0.04245
0 0.711 0.90071 0.16683 0.04324
0 0.86256 0.94123 0.1154 0.05759