0 0.16424 0.05470 0.18914 0.0476
0 0.32759 0.11200 0.13588 0.06344
0 0.47689 0.17250 0.11319 0.05452
0 0.63889 0.23300 0.13054 0.07507
0 0.80953 0.29349 0.11769 0.06947
0 0.23867 0.35399 0.19886 0.04304
0 0.38998 0.41449 0.16834 0.06624
0 0.55315 0.47499 0.1757 0.05752
0 0.70456 0.53549 0.12691 0.05235
0 0.85497 0.59599 0.15609 0.05105
0 0.16548 0.65648 0.13217 0.06057
0 0.3265 0.71698 0.1835 0.05546
0 0.45711 0.77748 0.11454 0.05312
0 0.60866 0.83798 0.13112 0.05767
0 0.79931 0.89848 0.12063 0.07729
0 0.23551 0.95900 0.1993 0.04845
0 0.39824 0.05470 0.16463 0.04752
0 0.55206 0.11200 0.14824 0.05226
0 0.66964 0.17250 0.11724 0.07692
0 0.84625 0.23300 0.14894 0.06427
0 0.1703 0.29349 0.16815 0.0441
0 0.3699 0.35399 0.19277 0.05162
0 0.51585 0.41449 0.11293 0.07009
0 0.65594 0.47499 0.17514 0.06134
0 0.80006 0.53549 0.17378 0.07009
0 0.23575 0.59599 0.16022 0.04403
0 0.39551 0.65648 0.11108 0.05757
0 0.54206 0.71698 0.17666 0.05551
0 0.68275 0.77748 0.15551 0.0539
0 0.83073 0.83798 0.1114 0.07077
0 0.16673 0.89848 0.16994 0.07556
0 0.34349 0.95900 0.11077 0.05773
0 0.4868 0.05470 0.16432 0.05543
0 0.60891 0.11200 0.11148 0.05365
0 0.79863 0.17250 0.15777 0.06935
0 0.23988 0.23300 0.1598 0.05189
0 0.39867 0.29349 0.11044 0.05908
0 0.52352 0.35399 0.16377 0.06713
0 0.684 0.41449 0.16137 0.05957
0 0.83495 0.47499 0.11733 0.04954
0 0.14293 0.53549 0.17355 0.06587
0 0.33756 0.59599 0.12809 0.06004
0 0.48775 0.65648 0.17652 0.05558
0 0.63946 0.71698 0.14592 0.069
0 0.8088 0.77748 0.16552 0.04632
0 0.24314 0.83798 0.14105 0.04959
0 0.40915 0.89848 0.16859 0.0489
0 0.53978 0.95900 0.15466 0.07586
0 0.6896 0.05470 0.16847 0.04664
0 0.8376 0.11200 0.18341 0.06211
0 0.15357 0.17250 0.17619 0.06118
0 0.35573 0.23300 0.17521 0.07403
0 0.50321 0.29349 0.1697 0.0625
0 0.62974 0.35399 0.10827 0.05089
0 0.80022 0.41449 0.18953 0.04338
0 0.22773 0.47499 0.15546 0.06254
0 0.40988 0.53549 0.13533 0.06643
0 0.53534 0.59599 0.12113 0.06054
0 0.67255 0.65648 0.11805 0.0657
0 0.84549 0.71698 0.14336 0.06706
0 0.1851 0.77748 0.11197 0.06316
0 0.35557 0.83798 0.13987 0.06553
0 0.51467 0.89848 0.14566 0.06443
0 0.65352 0.95900 0.12447 0.07369
0 0.79896 0.05470 0.13423 0.06207
0 0.24263 0.11200 0.16982 0.0674
0 0.39665 0.17250 0.16812 0.0698
0 0.52784 0.23300 0.17517 0.04608
0 0.67337 0.29349 0.16052 0.04348
0 0.86091 0.35399 0.16085 0.06133
0 0.17714 0.41449 0.16424 0.0574
0 0.34044 0.47499 0.13128 0.06079
0 0.49881 0.53549 0.16528 0.06006
0 0.66964 0.59599 0.16768 0.05837
0 0.81098 0.65648 0.18623 0.07536
0 0.24227 0.71698 0.10671 0.07035
0 0.38494 0.77748 0.16842 0.0759
0 0.5362 0.83798 0.19725 0.0634
0 0.68647 0.89848 0.1491 0.06387
0 0.84586 0.95900 0.12945 0.05579