0 0.16794 0.05449 0.14195 0.07421
0 0.32876 0.11147 0.14552 0.07754
0 0.47539 0.17132 0.11228 0.07106
0 0.63254 0.23116 0.19536 0.04689
0 0.803 0.29101 0.18057 0.04718
0 0.24299 0.35085 0.16755 0.05374
0 0.39834 0.41070 0.19802 0.05663
0 0.53372 0.47055 0.11839 0.06717
0 0.70209 0.53039 0.1547 0.07436
0 0.86718 0.59024 0.15621 0.07179
0 0.16824 0.65008 0.1185 0.06878
0 0.32528 0.70993 0.1668 0.06048
0 0.4663 0.76977 0.14447 0.05722
0 0.60275 0.82962 0.17128 0.06314
0 0.81509 0.88946 0.17162 0.06487
0 0.24206 0.94537 0.13452 0.04467
0 0.40144 0.05449 0.18452 0.07709
0 0.54413 0.11147 0.17871 0.06063
0 0.67461 0.17132 0.19911 0.0452
0 0.86264 0.23116 0.16378 0.05535
0 0.16671 0.29101 0.14054 0.06282
0 0.37122 0.35085 0.12028 0.06525
0 0.51935 0.41070 0.19806 0.07172
0 0.65126 0.47055 0.17265 0.06737
0 0.78408 0.53039 0.17834 0.06715
0 0.23229 0.59024 0.12279 0.06422
0 0.39249 0.65008 0.12874 0.05327
0 0.52418 0.70993 0.19134 0.07174
0 0.67279 0.76977 0.17525 0.0621
0 0.8182 0.82962 0.18853 0.06017
0 0.1708 0.88946 0.13131 0.04709
0 0.34332 0.94537 0.18638 0.07417
0 0.49391 0.05449 0.18416 0.04829
0 0.60251 0.11147 0.18899 0.07134
0 0.79471 0.17132 0.11113 0.04424
0 0.24016 0.23116 0.12973 0.07122
0 0.39149 0.29101 0.18656 0.05564
0 0.53398 0.35085 0.19591 0.05977
0 0.69952 0.41070 0.11847 0.04426
0 0.82679 0.47055 0.13443 0.05349
0 0.14048 0.53039 0.11096 0.07054
0 0.3391 0.59024 0.15759 0.07735
0 0.49711 0.65008 0.14724 0.07081
0 0.63346 0.70993 0.12462 0.0479
0 0.82846 0.76977 0.12536 0.05551
0 0.23142 0.82962 0.11457 0.07613
0 0.39633 0.88946 0.10649 0.04777
0 0.54621 0.94537 0.12371 0.07453
0 0.67843 0.05449 0.16748 0.06044
0 0.85599 0.11147 0.16223 0.07735
0 0.15067 0.17132 0.19491 0.06284
0 0.36439 0.23116 0.16642 0.06234
0 0.5117 0.29101 0.14841 0.07418
0 0.63029 0.35085 0.14159 0.0492
0 0.80409 0.41070 0.10689 0.05284
0 0.21877 0.47055 0.1265 0.04832
0 0.3984 0.53039 0.14785 0.072
0 0.54743 0.59024 0.13806 0.06557
0 0.69847 0.65008 0.11928 0.06622
0 0.86155 0.70993 0.1144 0.07001
0 0.17699 0.76977 0.10642 0.04689
0 0.36208 0.82962 0.18127 0.07916
0 0.50382 0.88946 0.13375 0.04712
0 0.63763 0.94537 0.17313 0.07643
0 0.79045 0.05449 0.14788 0.04541
0 0.23932 0.11147 0.13398 0.07539
0 0.39428 0.17132 0.13077 0.06524
0 0.52721 0.23116 0.13202 0.07439
0 0.68173 0.29101 0.11301 0.0694
0 0.85285 0.35085 0.18075 0.07863
0 0.17741 0.41070 0.13439 0.04973
0 0.3443 0.47055 0.11081 0.04526
0 0.50065 0.53039 0.13775 0.0456
0 0.64438 0.59024 0.18737 0.07867
0 0.82924 0.65008 0.12038 0.07883
0 0.2414 0.70993 0.13525 0.07758
0 0.39916 0.76977 0.15612 0.06833
0 0.55446 0.82962 0.15691 0.04764
0 0.69426 0.88946 0.18097 0.06685
0 0.84625 0.94537 0.1118 0.05779