0 0.16879 0.05547 0.15898 0.05144
0 0.32527 0.11174 0.14487 0.04664
0 0.46967 0.17196 0.11176 0.05113
0 0.63808 0.23217 0.15324 0.07325
0 0.79257 0.29238 0.15468 0.04986
0 0.24212 0.35259 0.15486 0.07555
0 0.40051 0.41281 0.1538 0.0711
0 0.54218 0.47302 0.14588 0.07544
0 0.68979 0.53323 0.16782 0.04344
0 0.84129 0.59344 0.17403 0.05138
0 0.16617 0.65366 0.16886 0.05789
0 0.32565 0.71387 0.15261 0.05795
0 0.46375 0.77408 0.11513 0.05139
0 0.62172 0.83429 0.18243 0.07546
0 0.82582 0.89451 0.14335 0.04579
0 0.24319 0.95766 0.14115 0.06754
0 0.4144 0.05547 0.13575 0.05176
0 0.54372 0.11174 0.14471 0.04666
0 0.6832 0.17196 0.15466 0.06516
0 0.83318 0.23217 0.13272 0.07897
0 0.16587 0.29238 0.15084 0.07055
0 0.37056 0.35259 0.10876 0.04666
0 0.52124 0.41281 0.11915 0.04905
0 0.64907 0.47302 0.11727 0.05463
0 0.79301 0.53323 0.15424 0.0457
0 0.23573 0.59344 0.19459 0.07128
0 0.39084 0.65366 0.13969 0.06186
0 0.52138 0.71387 0.1949 0.04873
0 0.66825 0.77408 0.13479 0.06432
0 0.85478 0.83429 0.12727 0.05048
0 0.16407 0.89451 0.11632 0.0483
0 0.34674 0.95766 0.16304 0.06503
0 0.47767 0.05547 0.15844 0.05342
0 0.62402 0.11174 0.16308 0.06071
0 0.8077 0.17196 0.1808 0.05
0 0.24134 0.23217 0.10804 0.04616
0 0.39398 0.29238 0.19928 0.05398
0 0.54258 0.35259 0.11426 0.05007
0 0.68729 0.41281 0.19096 0.07437
0 0.85327 0.47302 0.12851 0.06875
0 0.13648 0.53323 0.18236 0.05552
0 0.32705 0.59344 0.16406 0.06734
0 0.48138 0.65366 0.13239 0.05692
0 0.63055 0.71387 0.16743 0.06297
0 0.82051 0.77408 0.18968 0.04772
0 0.24168 0.83429 0.14197 0.06744
0 0.39635 0.89451 0.18796 0.06015
0 0.55386 0.95766 0.19214 0.05896
0 0.6986 0.05547 0.19197 0.07182
0 0.85305 0.11174 0.18908 0.04655
0 0.15012 0.17196 0.12643 0.06863
0 0.3699 0.23217 0.10741 0.04471
0 0.494 0.29238 0.11474 0.06436
0 0.65153 0.35259 0.17389 0.05654
0 0.80182 0.41281 0.13514 0.05597
0 0.22503 0.47302 0.12615 0.06948
0 0.41233 0.53323 0.11711 0.06875
0 0.53477 0.59344 0.14032 0.07241
0 0.69653 0.65366 0.13744 0.06449
0 0.86681 0.71387 0.16346 0.05959
0 0.18369 0.77408 0.10709 0.04955
0 0.36594 0.83429 0.11441 0.04867
0 0.51329 0.89451 0.15839 0.07552
0 0.63867 0.95766 0.19734 0.05857
0 0.80733 0.05547 0.17814 0.05797
0 0.23396 0.11174 0.13893 0.0613
0 0.39661 0.17196 0.19262 0.06335
0 0.54018 0.23217 0.19535 0.0585
0 0.69166 0.29238 0.1374 0.07236
0 0.83574 0.35259 0.12988 0.0582
0 0.1778 0.41281 0.14837 0.0507
0 0.3419 0.47302 0.17585 0.06698
0 0.49488 0.53323 0.11523 0.07753
0 0.65416 0.59344 0.17979 0.04997
0 0.80227 0.65366 0.13159 0.07237
0 0.23899 0.71387 0.11819 0.05717
0 0.39552 0.77408 0.19555 0.06135
0 0.53985 0.83429 0.18325 0.07687
0 0.70893 0.89451 0.11799 0.05772
0 0.84099 0.95766 0.175 0.06655