0 0.16408 0.05479 0.12044 0.05949
0 0.32749 0.10916 0.18984 0.07357
0 0.47793 0.17054 0.14357 0.05837
0 0.62245 0.23191 0.13303 0.06023
0 0.81574 0.29329 0.1414 0.04982
0 0.23887 0.35466 0.13504 0.05297
0 0.38444 0.41604 0.18019 0.05124
0 0.55024 0.47741 0.1757 0.05747
0 0.70425 0.53878 0.14939 0.04397
0 0.83791 0.60016 0.18167 0.04941
0 0.16414 0.66153 0.15479 0.04835
0 0.31602 0.72291 0.11191 0.04544
0 0.4694 0.78428 0.18891 0.05282
0 0.6071 0.84565 0.13072 0.04541
0 0.827 0.90703 0.12909 0.06946
0 0.23491 0.95120 0.1062 0.04872
0 0.41064 0.05479 0.1718 0.06452
0 0.53701 0.10916 0.14515 0.07434
0 0.69512 0.17054 0.18333 0.05159
0 0.87148 0.23191 0.12012 0.05765
0 0.16529 0.29329 0.11207 0.06915
0 0.37113 0.35466 0.15951 0.07242
0 0.50833 0.41604 0.1391 0.05219
0 0.66386 0.47741 0.17648 0.0661
0 0.78407 0.53878 0.19143 0.06505
0 0.23925 0.60016 0.11409 0.07528
0 0.39124 0.66153 0.14935 0.07003
0 0.53827 0.72291 0.17681 0.05878
0 0.66673 0.78428 0.11869 0.07458
0 0.85668 0.84565 0.11465 0.05788
0 0.16708 0.90703 0.18223 0.07299
0 0.35238 0.95120 0.18093 0.04678
0 0.47772 0.05479 0.16115 0.05483
0 0.61443 0.10916 0.17821 0.06702
0 0.80095 0.17054 0.1561 0.07183
0 0.2349 0.23191 0.17097 0.06783
0 0.39077 0.29329 0.1563 0.05354
0 0.53999 0.35466 0.11315 0.06107
0 0.68088 0.41604 0.17596 0.06652
0 0.83676 0.47741 0.17423 0.0593
0 0.14166 0.53878 0.17864 0.06592
0 0.32752 0.60016 0.18345 0.05315
0 0.4889 0.66153 0.19006 0.05912
0 0.63184 0.72291 0.11129 0.05701
0 0.81467 0.78428 0.10874 0.07647
0 0.23769 0.84565 0.1141 0.07593
0 0.41277 0.90703 0.17581 0.04663
0 0.54112 0.95120 0.1835 0.0434
0 0.67945 0.05479 0.12313 0.06761
0 0.83511 0.10916 0.18461 0.04729
0 0.15697 0.17054 0.10966 0.05759
0 0.37053 0.23191 0.14883 0.06811
0 0.50129 0.29329 0.14105 0.06178
0 0.63385 0.35466 0.14623 0.06272
0 0.80986 0.41604 0.11496 0.07101
0 0.22754 0.47741 0.1525 0.07435
0 0.40308 0.53878 0.14845 0.07673
0 0.55021 0.60016 0.17371 0.06096
0 0.68178 0.66153 0.146 0.07514
0 0.8577 0.72291 0.17091 0.04772
0 0.18017 0.78428 0.15596 0.05222
0 0.35633 0.84565 0.11088 0.06857
0 0.50293 0.90703 0.15006 0.0798
0 0.63842 0.95120 0.19659 0.04379
0 0.81809 0.05479 0.16943 0.04582
0 0.24131 0.10916 0.18609 0.0434
0 0.39109 0.17054 0.1829 0.06838
0 0.52115 0.23191 0.17651 0.06515
0 0.66855 0.29329 0.18335 0.0427
0 0.86739 0.35466 0.17072 0.04641
0 0.18262 0.41604 0.1134 0.07601
0 0.35154 0.47741 0.1255 0.05303
0 0.50668 0.53878 0.17992 0.07877
0 0.64198 0.60016 0.14003 0.06932
0 0.80716 0.66153 0.17313 0.0715
0 0.23554 0.72291 0.18073 0.06085
0 0.38616 0.78428 0.14527 0.07928
0 0.53209 0.84565 0.10645 0.05042
0 0.7111 0.90703 0.18724 0.07987
0 0.84468 0.95120 0.19869 0.0711