0 0.16726 0.05569 0.18228 0.04274
0 0.32215 0.11157 0.19861 0.05783
0 0.47701 0.17087 0.15278 0.04925
0 0.61994 0.23017 0.14656 0.07536
0 0.81266 0.28947 0.17169 0.06313
0 0.23574 0.34877 0.12667 0.07491
0 0.38639 0.40807 0.11326 0.04443
0 0.55752 0.46737 0.1495 0.0617
0 0.70305 0.52666 0.14229 0.04792
0 0.84684 0.58596 0.12879 0.05897
0 0.1643 0.64526 0.17776 0.0596
0 0.31798 0.70456 0.19705 0.05442
0 0.45012 0.76386 0.11502 0.07733
0 0.61051 0.82316 0.17959 0.06964
0 0.81859 0.88246 0.12385 0.06643
0 0.24056 0.93924 0.10696 0.07809
0 0.39675 0.05569 0.14473 0.06997
0 0.55575 0.11157 0.11939 0.06211
0 0.69033 0.17087 0.1563 0.06684
0 0.83513 0.23017 0.15865 0.07018
0 0.16966 0.28947 0.17144 0.07527
0 0.36737 0.34877 0.18869 0.07513
0 0.52462 0.40807 0.10792 0.05106
0 0.6593 0.46737 0.1708 0.05378
0 0.79831 0.52666 0.19907 0.05788
0 0.24112 0.58596 0.199 0.04968
0 0.39989 0.64526 0.14907 0.04976
0 0.51849 0.70456 0.13888 0.04807
0 0.65873 0.76386 0.19874 0.07468
0 0.85128 0.82316 0.15187 0.07752
0 0.16342 0.88246 0.13577 0.07183
0 0.35169 0.93924 0.14202 0.0484
0 0.49712 0.05569 0.10776 0.06992
0 0.61018 0.11157 0.15355 0.04972
0 0.8044 0.17087 0.11804 0.05971
0 0.23596 0.23017 0.13484 0.07469
0 0.39921 0.28947 0.13021 0.0474
0 0.52968 0.34877 0.10628 0.06558
0 0.68479 0.40807 0.17892 0.0665
0 0.81814 0.46737 0.16846 0.07079
0 0.13765 0.52666 0.14359 0.05211
0 0.34014 0.58596 0.15331 0.06312
0 0.47908 0.64526 0.16382 0.0778
0 0.62627 0.70456 0.11861 0.07826
0 0.81669 0.76386 0.13278 0.06526
0 0.23682 0.82316 0.18502 0.07299
0 0.39513 0.88246 0.18771 0.05431
0 0.54953 0.93924 0.11123 0.05269
0 0.67468 0.05569 0.15256 0.0586
0 0.8395 0.11157 0.18433 0.07061
0 0.15033 0.17087 0.19266 0.05996
0 0.36365 0.23017 0.18161 0.07953
0 0.50485 0.28947 0.19835 0.07443
0 0.62849 0.34877 0.15995 0.05456
0 0.79678 0.40807 0.11208 0.04916
0 0.22236 0.46737 0.11422 0.07468
0 0.3981 0.52666 0.19816 0.07487
0 0.55473 0.58596 0.14837 0.04639
0 0.69793 0.64526 0.19037 0.07111
0 0.84852 0.70456 0.19197 0.04767
0 0.17812 0.76386 0.19671 0.06532
0 0.36304 0.82316 0.17942 0.07232
0 0.5099 0.88246 0.19545 0.05041
0 0.64526 0.93924 0.17009 0.04364
0 0.81685 0.05569 0.1734 0.07273
0 0.2369 0.11157 0.11904 0.04391
0 0.39496 0.17087 0.11387 0.07037
0 0.52485 0.23017 0.11665 0.05522
0 0.66792 0.28947 0.14088 0.05812
0 0.85141 0.34877 0.19709 0.04973
0 0.17871 0.40807 0.14023 0.07814
0 0.35701 0.46737 0.19378 0.04754
0 0.50908 0.52666 0.11512 0.06013
0 0.65972 0.58596 0.11756 0.07453
0 0.805 0.64526 0.15213 0.05173
0 0.24215 0.70456 0.19304 0.0587
0 0.39153 0.76386 0.11878 0.07992
0 0.55113 0.82316 0.11968 0.07741
0 0.69472 0.88246 0.13749 0.04405
0 0.84473 0.93924 0.14896 0.06308