0 0.16653 0.05465 0.17171 0.07271
0 0.31708 0.11009 0.11567 0.04525
0 0.47402 0.17078 0.1524 0.04376
0 0.62278 0.23146 0.14475 0.0673
0 0.8018 0.29214 0.191 0.0539
0 0.23358 0.35282 0.15475 0.06691
0 0.39055 0.41350 0.16943 0.05907
0 0.54431 0.47419 0.12574 0.06407
0 0.69079 0.53487 0.15617 0.0552
0 0.86456 0.59555 0.1549 0.05241
0 0.16937 0.65623 0.15822 0.07617
0 0.31578 0.71692 0.11922 0.06538
0 0.45625 0.77760 0.18929 0.05813
0 0.61992 0.83828 0.11769 0.07866
0 0.80367 0.89896 0.1217 0.05329
0 0.233 0.93996 0.14534 0.07609
0 0.39797 0.05465 0.15306 0.05678
0 0.54983 0.11009 0.18542 0.07726
0 0.69972 0.17078 0.1953 0.06453
0 0.86624 0.23146 0.17777 0.05566
0 0.1663 0.29214 0.15925 0.0536
0 0.36479 0.35282 0.15944 0.05525
0 0.52579 0.41350 0.15199 0.06637
0 0.6665 0.47419 0.14166 0.04782
0 0.80975 0.53487 0.11374 0.07183
0 0.23705 0.59555 0.16221 0.05302
0 0.39459 0.65623 0.16012 0.05359
0 0.52208 0.71692 0.12494 0.05732
0 0.65867 0.77760 0.16475 0.05439
0 0.85812 0.83828 0.13749 0.05125
0 0.16388 0.89896 0.13778 0.05134
0 0.35751 0.93996 0.14317 0.05666
0 0.48168 0.05465 0.16523 0.0453
0 0.62595 0.11009 0.14769 0.07262
0 0.78918 0.17078 0.12471 0.05101
0 0.23512 0.23146 0.12992 0.0497
0 0.38715 0.29214 0.1806 0.05223
0 0.53604 0.35282 0.11457 0.04541
0 0.68953 0.41350 0.11138 0.07079
0 0.84658 0.47419 0.13927 0.05078
0 0.13684 0.53487 0.11428 0.06587
0 0.33834 0.59555 0.15425 0.04558
0 0.47835 0.65623 0.18366 0.07221
0 0.64035 0.71692 0.12713 0.04314
0 0.81739 0.77760 0.16247 0.04781
0 0.23654 0.83828 0.11412 0.06356
0 0.40795 0.89896 0.10987 0.04997
0 0.55651 0.93996 0.19506 0.06786
0 0.69318 0.05465 0.14901 0.05187
0 0.8677 0.11009 0.196 0.05799
0 0.15234 0.17078 0.18246 0.06536
0 0.35953 0.23146 0.15017 0.05109
0 0.50269 0.29214 0.18427 0.06281
0 0.64248 0.35282 0.12682 0.04879
0 0.81288 0.41350 0.19474 0.05973
0 0.22114 0.47419 0.13398 0.05232
0 0.39957 0.53487 0.19282 0.05268
0 0.55024 0.59555 0.13508 0.06509
0 0.69314 0.65623 0.17717 0.07048
0 0.8638 0.71692 0.13871 0.05656
0 0.18353 0.77760 0.12657 0.07762
0 0.35476 0.83828 0.1063 0.07077
0 0.49716 0.89896 0.20032 0.05516
0 0.64683 0.93996 0.14528 0.07197
0 0.81168 0.05465 0.16745 0.05037
0 0.23971 0.11009 0.17511 0.07176
0 0.39957 0.17078 0.17593 0.07094
0 0.52787 0.23146 0.13195 0.05462
0 0.69671 0.29214 0.11999 0.06273
0 0.83313 0.35282 0.12974 0.06038
0 0.1842 0.41350 0.1578 0.06082
0 0.34614 0.47419 0.19574 0.04625
0 0.50939 0.53487 0.14445 0.05356
0 0.64175 0.59555 0.11445 0.0481
0 0.81262 0.65623 0.13225 0.0616
0 0.23789 0.71692 0.13768 0.06553
0 0.39666 0.77760 0.15922 0.05875
0 0.54108 0.83828 0.16423 0.07379
0 0.69911 0.89896 0.19028 0.05143
0 0.87052 0.93996 0.1224 0.04988