0 0.16916 0.05521 0.17864 0.0641
0 0.32838 0.10977 0.11696 0.06073
0 0.47935 0.17047 0.19517 0.04325
0 0.61723 0.23118 0.11423 0.05992
0 0.80734 0.29188 0.12254 0.06234
0 0.23831 0.35258 0.14288 0.06183
0 0.3865 0.41328 0.16811 0.07631
0 0.53452 0.47399 0.15902 0.04815
0 0.70494 0.53469 0.14559 0.07454
0 0.83538 0.59539 0.11367 0.04995
0 0.16564 0.65609 0.17369 0.05575
0 0.32888 0.71679 0.19031 0.04403
0 0.45173 0.77750 0.17881 0.04809
0 0.60932 0.83820 0.16146 0.05111
0 0.81628 0.89890 0.12771 0.07287
0 0.23919 0.94879 0.16577 0.06047
0 0.41256 0.05521 0.11367 0.06128
0 0.53791 0.10977 0.12985 0.06902
0 0.69325 0.17047 0.16599 0.04679
0 0.8672 0.23118 0.13113 0.06266
0 0.16712 0.29188 0.19669 0.06205
0 0.36877 0.35258 0.17335 0.07852
0 0.50872 0.41328 0.13942 0.04919
0 0.66642 0.47399 0.13246 0.06258
0 0.77595 0.53469 0.10708 0.07405
0 0.2394 0.59539 0.18034 0.06772
0 0.39717 0.65609 0.19855 0.06272
0 0.53603 0.71679 0.11315 0.04954
0 0.66631 0.77750 0.15011 0.0474
0 0.81715 0.83820 0.10969 0.04695
0 0.16506 0.89890 0.15357 0.06647
0 0.34285 0.94879 0.17188 0.04867
0 0.49112 0.05521 0.18052 0.06686
0 0.62693 0.10977 0.17466 0.0451
0 0.80168 0.17047 0.1677 0.07815
0 0.23445 0.23118 0.19813 0.05794
0 0.39821 0.29188 0.12977 0.0659
0 0.53495 0.35258 0.14907 0.04916
0 0.68079 0.41328 0.11284 0.06508
0 0.84147 0.47399 0.1928 0.06436
0 0.1383 0.53469 0.20002 0.04359
0 0.33582 0.59539 0.14337 0.07939
0 0.49946 0.65609 0.10838 0.0644
0 0.6261 0.71679 0.18834 0.06609
0 0.8127 0.77750 0.13588 0.05263
0 0.23902 0.83820 0.18688 0.05462
0 0.40267 0.89890 0.18633 0.06037
0 0.55435 0.94879 0.17104 0.07145
0 0.6916 0.05521 0.19139 0.07435
0 0.83078 0.10977 0.18839 0.07741
0 0.15326 0.17047 0.18528 0.07063
0 0.36493 0.23118 0.18167 0.0747
0 0.49301 0.29188 0.15855 0.06183
0 0.62669 0.35258 0.17701 0.0673
0 0.79285 0.41328 0.19238 0.05038
0 0.22422 0.47399 0.14421 0.05131
0 0.41106 0.53469 0.11457 0.06647
0 0.55446 0.59539 0.19432 0.06489
0 0.69561 0.65609 0.16119 0.07654
0 0.85443 0.71679 0.12809 0.077
0 0.18534 0.77750 0.1385 0.0597
0 0.36261 0.83820 0.15405 0.06004
0 0.51178 0.89890 0.17944 0.04888
0 0.64859 0.94879 0.12018 0.04905
0 0.79003 0.05521 0.15732 0.07376
0 0.23447 0.10977 0.14234 0.0478
0 0.39984 0.17047 0.12127 0.07338
0 0.52131 0.23118 0.19285 0.06797
0 0.69676 0.29188 0.12122 0.05326
0 0.84599 0.35258 0.14341 0.07121
0 0.17941 0.41328 0.12011 0.06736
0 0.35205 0.47399 0.17475 0.04478
0 0.51239 0.53469 0.19927 0.07817
0 0.6401 0.59539 0.10766 0.07896
0 0.80755 0.65609 0.19126 0.05143
0 0.23346 0.71679 0.13839 0.05241
0 0.38671 0.77750 0.18724 0.06596
0 0.54059 0.83820 0.19656 0.05131
0 0.70693 0.89890 0.15886 0.07142
0 0.8503 0.94879 0.11863 0.04776