0 0.16437 0.05611 0.18947 0.079
0 0.32019 0.10944 0.13749 0.04433
0 0.47579 0.16934 0.1494 0.06398
0 0.62735 0.22923 0.18636 0.05092
0 0.80121 0.28913 0.18948 0.05041
0 0.23824 0.34902 0.15815 0.0647
0 0.39229 0.40891 0.18261 0.06257
0 0.55609 0.46881 0.17273 0.06815
0 0.70808 0.52870 0.14602 0.07171
0 0.83427 0.58860 0.11279 0.06968
0 0.16972 0.64849 0.11702 0.06357
0 0.32361 0.70839 0.14412 0.0678
0 0.47028 0.76828 0.10805 0.05512
0 0.60698 0.82818 0.13312 0.07921
0 0.80765 0.88807 0.16977 0.07524
0 0.24314 0.95525 0.15839 0.07368
0 0.39923 0.05611 0.13989 0.07818
0 0.5438 0.10944 0.10727 0.05225
0 0.67666 0.16934 0.17272 0.0666
0 0.85782 0.22923 0.18333 0.04506
0 0.17095 0.28913 0.11075 0.05977
0 0.36883 0.34902 0.14072 0.04715
0 0.52925 0.40891 0.10657 0.04428
0 0.66302 0.46881 0.19035 0.07579
0 0.7847 0.52870 0.18513 0.06431
0 0.23409 0.58860 0.10973 0.05101
0 0.3964 0.64849 0.17923 0.06948
0 0.53174 0.70839 0.19422 0.07767
0 0.68194 0.76828 0.11907 0.0584
0 0.83143 0.82818 0.11037 0.05865
0 0.16708 0.88807 0.139 0.06576
0 0.35318 0.95525 0.10834 0.06775
0 0.48748 0.05611 0.13866 0.05352
0 0.61298 0.10944 0.15882 0.05321
0 0.77935 0.16934 0.19871 0.04372
0 0.23147 0.22923 0.18153 0.05673
0 0.3943 0.28913 0.1671 0.06883
0 0.52206 0.34902 0.18337 0.04727
0 0.68199 0.40891 0.14233 0.04523
0 0.85022 0.46881 0.15782 0.04581
0 0.14124 0.52870 0.16786 0.06596
0 0.33764 0.58860 0.18043 0.06571
0 0.4994 0.64849 0.1337 0.05516
0 0.61702 0.70839 0.11696 0.06757
0 0.81745 0.76828 0.12531 0.05629
0 0.24052 0.82818 0.20004 0.07941
0 0.39674 0.88807 0.16449 0.06172
0 0.53479 0.95525 0.17541 0.05573
0 0.67922 0.05611 0.18811 0.06842
0 0.85026 0.10944 0.16818 0.0661
0 0.15623 0.16934 0.10787 0.08001
0 0.36726 0.22923 0.17844 0.07921
0 0.49729 0.28913 0.17453 0.07122
0 0.64907 0.34902 0.15896 0.07556
0 0.81171 0.40891 0.18557 0.07967
0 0.22402 0.46881 0.17294 0.0741
0 0.41396 0.52870 0.19827 0.07825
0 0.54067 0.58860 0.16405 0.05566
0 0.67056 0.64849 0.18247 0.06258
0 0.84352 0.70839 0.17119 0.0566
0 0.18144 0.76828 0.19826 0.06625
0 0.36913 0.82818 0.1142 0.08007
0 0.50303 0.88807 0.19959 0.06366
0 0.64132 0.95525 0.12406 0.04401
0 0.7981 0.05611 0.15741 0.07176
0 0.23339 0.10944 0.18286 0.04782
0 0.39951 0.16934 0.19262 0.05027
0 0.53809 0.22923 0.1499 0.05577
0 0.68208 0.28913 0.16637 0.05483
0 0.83757 0.34902 0.13337 0.06441
0 0.18125 0.40891 0.10903 0.05653
0 0.35611 0.46881 0.193 0.07878
0 0.4998 0.52870 0.13819 0.07887
0 0.6516 0.58860 0.15763 0.05832
0 0.79612 0.64849 0.16035 0.05677
0 0.23816 0.70839 0.15398 0.06603
0 0.38783 0.76828 0.13352 0.04992
0 0.53244 0.82818 0.13013 0.07298
0 0.68128 0.88807 0.14833 0.07048
0 0.85608 0.95525 0.18888 0.05215