0 0.16511 0.05496 0.13996 0.07507
0 0.32286 0.10924 0.15991 0.0735
0 0.47077 0.16955 0.19533 0.04492
0 0.64362 0.22986 0.16014 0.06395
0 0.8091 0.29017 0.11263 0.05787
0 0.24133 0.35048 0.1207 0.06543
0 0.39654 0.41079 0.17811 0.07227
0 0.53817 0.47110 0.11028 0.04985
0 0.70966 0.53141 0.17651 0.05388
0 0.84914 0.59172 0.11054 0.05128
0 0.1667 0.65203 0.12394 0.07469
0 0.31947 0.71234 0.19257 0.07693
0 0.46928 0.77265 0.10781 0.05354
0 0.61309 0.83296 0.17663 0.05896
0 0.82228 0.89327 0.19811 0.06121
0 0.23779 0.95937 0.11378 0.06318
0 0.41037 0.05496 0.18524 0.07056
0 0.53489 0.10924 0.19686 0.05776
0 0.68644 0.16955 0.12706 0.05131
0 0.87236 0.22986 0.11165 0.06795
0 0.1688 0.29017 0.15389 0.07017
0 0.36671 0.35048 0.19706 0.04526
0 0.51824 0.41079 0.13763 0.07311
0 0.67045 0.47110 0.13697 0.0626
0 0.783 0.53141 0.1338 0.04985
0 0.23771 0.59172 0.19187 0.04848
0 0.39694 0.65203 0.1148 0.05581
0 0.53823 0.71234 0.13431 0.07735
0 0.67888 0.77265 0.14237 0.06043
0 0.82071 0.83296 0.14901 0.07958
0 0.17034 0.89327 0.11619 0.05885
0 0.35011 0.95937 0.16603 0.04292
0 0.48231 0.05496 0.13511 0.05501
0 0.62798 0.10924 0.18878 0.05269
0 0.80006 0.16955 0.18174 0.05859
0 0.2399 0.22986 0.18166 0.06861
0 0.39763 0.29017 0.16018 0.06921
0 0.5178 0.35048 0.15685 0.04412
0 0.66966 0.41079 0.18029 0.04774
0 0.85072 0.47110 0.15402 0.06994
0 0.14068 0.53141 0.1982 0.04574
0 0.33708 0.59172 0.16712 0.07301
0 0.48326 0.65203 0.16599 0.06838
0 0.64056 0.71234 0.18748 0.04371
0 0.81198 0.77265 0.1128 0.05818
0 0.24298 0.83296 0.12656 0.07226
0 0.40404 0.89327 0.19485 0.0544
0 0.55227 0.95937 0.17025 0.0455
0 0.67849 0.05496 0.13727 0.05068
0 0.83931 0.10924 0.14628 0.04793
0 0.1541 0.16955 0.16029 0.07024
0 0.35452 0.22986 0.14929 0.06858
0 0.49878 0.29017 0.10898 0.07155
0 0.64834 0.35048 0.11866 0.07489
0 0.79079 0.41079 0.15378 0.05315
0 0.22594 0.47110 0.15303 0.06441
0 0.40111 0.53141 0.14281 0.05314
0 0.53854 0.59172 0.1977 0.06084
0 0.6698 0.65203 0.11893 0.04416
0 0.83879 0.71234 0.15186 0.06593
0 0.18043 0.77265 0.15954 0.0767
0 0.36127 0.83296 0.16188 0.06993
0 0.49033 0.89327 0.14316 0.07073
0 0.65537 0.95937 0.1864 0.07689
0 0.82783 0.05496 0.10645 0.05431
0 0.23535 0.10924 0.16595 0.07207
0 0.39085 0.16955 0.17164 0.05643
0 0.5188 0.22986 0.19059 0.06263
0 0.66939 0.29017 0.16627 0.0612
0 0.83425 0.35048 0.17146 0.05671
0 0.18483 0.41079 0.18598 0.07446
0 0.35287 0.47110 0.15782 0.05224
0 0.50136 0.53141 0.15989 0.04818
0 0.65844 0.59172 0.16323 0.06147
0 0.79188 0.65203 0.16948 0.0727
0 0.23233 0.71234 0.13796 0.04347
0 0.38922 0.77265 0.12615 0.05872
0 0.54968 0.83296 0.13858 0.05128
0 0.69325 0.89327 0.11374 0.0726
0 0.84859 0.95937 0.11786 0.07084