0 0.16913 0.05544 0.19991 0.07191
0 0.32103 0.10989 0.13738 0.04622
0 0.47543 0.17023 0.1341 0.05352
0 0.62641 0.23057 0.11192 0.05138
0 0.79444 0.29091 0.13418 0.06245
0 0.23718 0.35125 0.11044 0.04588
0 0.3977 0.41159 0.15372 0.05771
0 0.5545 0.47193 0.17785 0.04638
0 0.68994 0.53227 0.16556 0.04666
0 0.83911 0.59261 0.11454 0.07201
0 0.16804 0.65295 0.11369 0.05342
0 0.32328 0.71329 0.17934 0.06519
0 0.45872 0.77363 0.1914 0.0788
0 0.60518 0.83397 0.15639 0.05874
0 0.82763 0.89431 0.11636 0.06863
0 0.23236 0.93936 0.18392 0.07102
0 0.39685 0.05544 0.13794 0.05874
0 0.53468 0.10989 0.13378 0.06715
0 0.67261 0.17023 0.17643 0.04657
0 0.85658 0.23057 0.10704 0.07764
0 0.16811 0.29091 0.11063 0.0495
0 0.35483 0.35125 0.16904 0.05246
0 0.52754 0.41159 0.16296 0.07251
0 0.6635 0.47193 0.15567 0.06082
0 0.80504 0.53227 0.17486 0.07143
0 0.23214 0.59261 0.17275 0.05736
0 0.39784 0.65295 0.17973 0.05272
0 0.54188 0.71329 0.13322 0.04383
0 0.68615 0.77363 0.17136 0.06782
0 0.85246 0.83397 0.15855 0.05863
0 0.16988 0.89431 0.14345 0.05946
0 0.34919 0.93936 0.11187 0.06543
0 0.48071 0.05544 0.17962 0.04467
0 0.61107 0.10989 0.13789 0.05434
0 0.78113 0.17023 0.16338 0.07157
0 0.23175 0.23057 0.17595 0.06869
0 0.39937 0.29091 0.11595 0.04715
0 0.52517 0.35125 0.11812 0.04733
0 0.677 0.41159 0.15788 0.04591
0 0.83054 0.47193 0.15181 0.04272
0 0.13935 0.53227 0.19002 0.05838
0 0.33747 0.59261 0.18139 0.06715
0 0.477 0.65295 0.1753 0.06969
0 0.63882 0.71329 0.11091 0.06246
0 0.81196 0.77363 0.11294 0.04653
0 0.24147 0.83397 0.11441 0.06625
0 0.40173 0.89431 0.18134 0.0472
0 0.54291 0.93936 0.19497 0.04749
0 0.66879 0.05544 0.17053 0.04614
0 0.83778 0.10989 0.11852 0.04778
0 0.15479 0.17023 0.17421 0.04877
0 0.35986 0.23057 0.11647 0.04983
0 0.51246 0.29091 0.11714 0.0544
0 0.62989 0.35125 0.16647 0.05436
0 0.82926 0.41159 0.13707 0.05063
0 0.22378 0.47193 0.16771 0.05189
0 0.40896 0.53227 0.17669 0.0761
0 0.5579 0.59261 0.16105 0.06895
0 0.67674 0.65295 0.17584 0.06338
0 0.84784 0.71329 0.12821 0.04938
0 0.18114 0.77363 0.17536 0.05042
0 0.36768 0.83397 0.19757 0.04534
0 0.51046 0.89431 0.1878 0.07689
0 0.62931 0.93936 0.1142 0.06908
0 0.79662 0.05544 0.14061 0.06346
0 0.23563 0.10989 0.14087 0.05425
0 0.38221 0.17023 0.17065 0.04869
0 0.53099 0.23057 0.16244 0.0659
0 0.67837 0.29091 0.18049 0.07968
0 0.83772 0.35125 0.14073 0.04885
0 0.17883 0.41159 0.12549 0.05215
0 0.35599 0.47193 0.11424 0.05739
0 0.50688 0.53227 0.17884 0.04522
0 0.65501 0.59261 0.12546 0.06823
0 0.82618 0.65295 0.14267 0.0576
0 0.23262 0.71329 0.15809 0.07949
0 0.39561 0.77363 0.12765 0.05759
0 0.55077 0.83397 0.16659 0.06583
0 0.70006 0.89431 0.15174 0.04825
0 0.83808 0.93936 0.12038 0.05681