0 0.16461 0.05505 0.11788 0.0477
0 0.31393 0.11003 0.1825 0.06404
0 0.47223 0.16994 0.19646 0.06473
0 0.62723 0.22986 0.15266 0.05317
0 0.79767 0.28977 0.10771 0.05663
0 0.23355 0.34969 0.1899 0.05744
0 0.39615 0.40960 0.1971 0.07051
0 0.54726 0.46951 0.1651 0.05868
0 0.71219 0.52943 0.149 0.07619
0 0.85613 0.58934 0.15679 0.06129
0 0.16689 0.64925 0.14126 0.07667
0 0.31912 0.70917 0.18966 0.04261
0 0.4708 0.76908 0.19621 0.05162
0 0.62936 0.82899 0.18622 0.07103
0 0.79743 0.88891 0.18316 0.0579
0 0.24309 0.94750 0.16153 0.04563
0 0.41382 0.05505 0.12725 0.05333
0 0.53805 0.11003 0.1267 0.05449
0 0.67052 0.16994 0.13589 0.04314
0 0.84686 0.22986 0.17561 0.05856
0 0.16892 0.28977 0.14999 0.05747
0 0.36077 0.34969 0.13094 0.07229
0 0.52314 0.40960 0.13978 0.0556
0 0.65396 0.46951 0.13085 0.05731
0 0.79862 0.52943 0.13043 0.04551
0 0.23509 0.58934 0.11118 0.07255
0 0.39153 0.64925 0.16649 0.06046
0 0.53895 0.70917 0.18987 0.04407
0 0.65772 0.76908 0.17799 0.06894
0 0.84408 0.82899 0.18944 0.07742
0 0.16965 0.88891 0.19529 0.06001
0 0.34942 0.94750 0.13401 0.06742
0 0.48088 0.05505 0.12055 0.07583
0 0.60049 0.11003 0.11445 0.04904
0 0.79261 0.16994 0.15375 0.07259
0 0.23473 0.22986 0.18961 0.06335
0 0.38694 0.28977 0.10918 0.0721
0 0.52909 0.34969 0.1619 0.07908
0 0.67679 0.40960 0.14582 0.04707
0 0.84571 0.46951 0.19178 0.04578
0 0.14276 0.52943 0.14209 0.06427
0 0.33873 0.58934 0.10684 0.07564
0 0.47957 0.64925 0.14963 0.05885
0 0.62729 0.70917 0.17157 0.06468
0 0.81294 0.76908 0.10966 0.07698
0 0.23781 0.82899 0.11306 0.04869
0 0.39621 0.88891 0.13299 0.07732
0 0.5469 0.94750 0.17803 0.06377
0 0.68643 0.05505 0.11728 0.06479
0 0.86218 0.11003 0.10651 0.06956
0 0.15035 0.16994 0.195 0.07661
0 0.36025 0.22986 0.18347 0.07596
0 0.49195 0.28977 0.14956 0.04755
0 0.65429 0.34969 0.20006 0.0517
0 0.79531 0.40960 0.13815 0.05622
0 0.22706 0.46951 0.1336 0.05539
0 0.40104 0.52943 0.12223 0.07468
0 0.54295 0.58934 0.12393 0.06898
0 0.6902 0.64925 0.16505 0.06753
0 0.86712 0.70917 0.16814 0.06219
0 0.17951 0.76908 0.18799 0.07435
0 0.35804 0.82899 0.18393 0.04779
0 0.50348 0.88891 0.10894 0.05874
0 0.63825 0.94750 0.1292 0.04748
0 0.7935 0.05505 0.18036 0.04648
0 0.24163 0.11003 0.1436 0.05764
0 0.38937 0.16994 0.11545 0.0564
0 0.52093 0.22986 0.13918 0.0557
0 0.6811 0.28977 0.1791 0.07016
0 0.84874 0.34969 0.16776 0.054
0 0.17876 0.40960 0.10778 0.05429
0 0.34146 0.46951 0.12039 0.04415
0 0.51443 0.52943 0.1744 0.04962
0 0.66403 0.58934 0.13758 0.07315
0 0.81154 0.64925 0.14385 0.07937
0 0.24214 0.70917 0.17505 0.05696
0 0.38461 0.76908 0.14426 0.07007
0 0.54171 0.82899 0.18154 0.07568
0 0.68817 0.88891 0.13021 0.04293
0 0.86447 0.94750 0.13143 0.06987