0 0.17055 0.05459 0.19598 0.07884
0 0.31523 0.10947 0.18487 0.0696
0 0.48016 0.16982 0.13331 0.05447
0 0.63046 0.23016 0.18377 0.07919
0 0.81104 0.29051 0.19979 0.06306
0 0.23842 0.35085 0.17535 0.06272
0 0.3955 0.41120 0.12541 0.07341
0 0.54914 0.47154 0.17359 0.05859
0 0.71058 0.53189 0.12218 0.07993
0 0.8359 0.59223 0.13291 0.04841
0 0.16747 0.65258 0.12451 0.06479
0 0.32783 0.71292 0.11407 0.06383
0 0.45392 0.77327 0.12939 0.05316
0 0.62384 0.83361 0.125 0.07609
0 0.80823 0.89396 0.13255 0.06201
0 0.23406 0.95979 0.19606 0.0556
0 0.39666 0.05459 0.14077 0.05253
0 0.54618 0.10947 0.12713 0.04727
0 0.68337 0.16982 0.18021 0.06376
0 0.85984 0.23016 0.14412 0.07924
0 0.1635 0.29051 0.13321 0.04475
0 0.36682 0.35085 0.14584 0.07088
0 0.51839 0.41120 0.16699 0.05384
0 0.65818 0.47154 0.12213 0.04456
0 0.81518 0.53189 0.18839 0.06075
0 0.23362 0.59223 0.17339 0.07945
0 0.38852 0.65258 0.12115 0.06514
0 0.53402 0.71292 0.1143 0.07333
0 0.65754 0.77327 0.11731 0.05823
0 0.84766 0.83361 0.2 0.07445
0 0.16987 0.89396 0.16393 0.04775
0 0.34047 0.95979 0.13127 0.06342
0 0.49604 0.05459 0.12969 0.07867
0 0.6279 0.10947 0.17672 0.07542
0 0.79416 0.16982 0.13854 0.05328
0 0.24003 0.23016 0.1741 0.05619
0 0.387 0.29051 0.17858 0.06044
0 0.51865 0.35085 0.19977 0.05561
0 0.6969 0.41120 0.13608 0.05675
0 0.84227 0.47154 0.15075 0.05399
0 0.13613 0.53189 0.12556 0.04502
0 0.34272 0.59223 0.18004 0.05902
0 0.49206 0.65258 0.1421 0.06354
0 0.62778 0.71292 0.12824 0.07281
0 0.79664 0.77327 0.14774 0.0618
0 0.23598 0.83361 0.1091 0.04973
0 0.40701 0.89396 0.1843 0.05822
0 0.54849 0.95979 0.18881 0.06034
0 0.69598 0.05459 0.19525 0.05537
0 0.85062 0.10947 0.14358 0.05952
0 0.15391 0.16982 0.13987 0.04535
0 0.35412 0.23016 0.18887 0.07251
0 0.51469 0.29051 0.20028 0.05045
0 0.62731 0.35085 0.12196 0.04835
0 0.79726 0.41120 0.19216 0.05616
0 0.22267 0.47154 0.19902 0.06349
0 0.39963 0.53189 0.18063 0.05405
0 0.54878 0.59223 0.18333 0.06006
0 0.68463 0.65258 0.15912 0.0621
0 0.8608 0.71292 0.16905 0.04442
0 0.17789 0.77327 0.16354 0.04669
0 0.35751 0.83361 0.18452 0.04945
0 0.51367 0.89396 0.19139 0.06551
0 0.65644 0.95979 0.18277 0.0796
0 0.81553 0.05459 0.18826 0.07489
0 0.23184 0.10947 0.19651 0.05389
0 0.38351 0.16982 0.14252 0.04949
0 0.52498 0.23016 0.16358 0.07685
0 0.69012 0.29051 0.12566 0.05229
0 0.85757 0.35085 0.16088 0.06772
0 0.17864 0.41120 0.12337 0.05289
0 0.34751 0.47154 0.17177 0.04749
0 0.50956 0.53189 0.17471 0.04549
0 0.64339 0.59223 0.15922 0.05883
0 0.80611 0.65258 0.11242 0.0545
0 0.24055 0.71292 0.11115 0.05154
0 0.38965 0.77327 0.1506 0.07717
0 0.54135 0.83361 0.13261 0.04932
0 0.68229 0.89396 0.18589 0.06139
0 0.83404 0.95979 0.16804 0.06502