0 0.1698 0.05580 0.18089 0.04699
0 0.32015 0.11077 0.11362 0.04785
0 0.46554 0.17148 0.11322 0.07007
0 0.64366 0.23220 0.15315 0.05982
0 0.81679 0.29291 0.12256 0.06255
0 0.23661 0.35362 0.1144 0.05333
0 0.38408 0.41433 0.12608 0.07412
0 0.53926 0.47505 0.15815 0.0484
0 0.69909 0.53576 0.11443 0.04329
0 0.84856 0.59647 0.11324 0.06503
0 0.17076 0.65718 0.19468 0.06688
0 0.31549 0.71790 0.15397 0.06087
0 0.46081 0.77861 0.19878 0.07988
0 0.62105 0.83932 0.17387 0.06178
0 0.81874 0.90003 0.1733 0.05687
0 0.24091 0.95315 0.13378 0.06302
0 0.40866 0.05580 0.19517 0.04522
0 0.54551 0.11077 0.14432 0.07384
0 0.67142 0.17148 0.11544 0.052
0 0.84915 0.23220 0.10986 0.04885
0 0.16743 0.29291 0.14332 0.0602
0 0.36651 0.35362 0.16243 0.05116
0 0.51716 0.41433 0.1071 0.05392
0 0.64709 0.47505 0.13439 0.0612
0 0.79468 0.53576 0.13883 0.07424
0 0.2319 0.59647 0.17095 0.07349
0 0.39693 0.65718 0.13782 0.04458
0 0.5225 0.71790 0.11802 0.04784
0 0.67077 0.77861 0.15632 0.05211
0 0.84702 0.83932 0.19132 0.07597
0 0.16382 0.90003 0.13272 0.0518
0 0.34759 0.95315 0.15581 0.05649
0 0.47832 0.05580 0.181 0.05406
0 0.61458 0.11077 0.13478 0.05848
0 0.79824 0.17148 0.10744 0.04722
0 0.23486 0.23220 0.1763 0.07173
0 0.398 0.29291 0.13292 0.05028
0 0.53665 0.35362 0.19356 0.07226
0 0.68952 0.41433 0.10661 0.07459
0 0.85675 0.47505 0.15055 0.04262
0 0.14228 0.53576 0.11905 0.07347
0 0.34214 0.59647 0.133 0.05312
0 0.49371 0.65718 0.1568 0.04657
0 0.6151 0.71790 0.13789 0.05822
0 0.79969 0.77861 0.18278 0.04848
0 0.2355 0.83932 0.1554 0.04452
0 0.41278 0.90003 0.12361 0.07129
0 0.5503 0.95315 0.18908 0.07489
0 0.67582 0.05580 0.11131 0.0723
0 0.83571 0.11077 0.15674 0.05363
0 0.15552 0.17148 0.1656 0.075
0 0.36842 0.23220 0.18908 0.07004
0 0.4966 0.29291 0.17717 0.04472
0 0.65167 0.35362 0.14133 0.06759
0 0.80675 0.41433 0.18591 0.04516
0 0.22765 0.47505 0.1526 0.04608
0 0.4104 0.53576 0.1185 0.0619
0 0.53801 0.59647 0.14953 0.07003
0 0.67406 0.65718 0.11694 0.05314
0 0.8462 0.71790 0.13319 0.07957
0 0.18416 0.77861 0.14426 0.06428
0 0.35827 0.83932 0.11267 0.07778
0 0.50947 0.90003 0.1429 0.05143
0 0.63502 0.95315 0.17819 0.07429
0 0.8103 0.05580 0.1942 0.05947
0 0.23451 0.11077 0.19457 0.04478
0 0.39314 0.17148 0.1353 0.04528
0 0.5282 0.23220 0.16713 0.07212
0 0.67778 0.29291 0.19273 0.04647
0 0.84301 0.35362 0.16698 0.07974
0 0.18113 0.41433 0.12336 0.06126
0 0.35455 0.47505 0.18621 0.07037
0 0.50123 0.53576 0.19831 0.05573
0 0.67098 0.59647 0.1367 0.04518
0 0.80751 0.65718 0.13005 0.07349
0 0.23221 0.71790 0.15968 0.05155
0 0.38483 0.77861 0.17517 0.04456
0 0.54592 0.83932 0.1654 0.04463
0 0.71344 0.90003 0.10866 0.06917
0 0.85633 0.95315 0.13395 0.05854