0 0.16823 0.05483 0.16812 0.06568
0 0.31934 0.11038 0.16335 0.05176
0 0.47064 0.16980 0.16821 0.07947
0 0.63367 0.22922 0.14846 0.07678
0 0.81668 0.28863 0.12466 0.05986
0 0.23577 0.34805 0.12561 0.04608
0 0.38993 0.40747 0.13891 0.07294
0 0.5496 0.46689 0.17246 0.06183
0 0.69262 0.52631 0.11557 0.07285
0 0.83641 0.58573 0.16021 0.04341
0 0.16637 0.64514 0.18481 0.06714
0 0.32564 0.70456 0.1115 0.05561
0 0.47086 0.76398 0.11246 0.07624
0 0.60138 0.82340 0.11691 0.07453
0 0.82568 0.88282 0.11002 0.04795
0 0.24086 0.94095 0.13304 0.05192
0 0.40964 0.05483 0.12795 0.07205
0 0.53851 0.11038 0.19256 0.05955
0 0.69048 0.16980 0.14139 0.07188
0 0.83438 0.22922 0.16494 0.07252
0 0.17151 0.28863 0.15232 0.05292
0 0.37013 0.34805 0.17322 0.07501
0 0.52534 0.40747 0.19587 0.08012
0 0.66091 0.46689 0.12408 0.07274
0 0.8029 0.52631 0.16161 0.04804
0 0.23684 0.58573 0.17633 0.0634
0 0.39727 0.64514 0.13621 0.05334
0 0.53359 0.70456 0.17493 0.07553
0 0.68275 0.76398 0.16554 0.07119
0 0.81929 0.82340 0.19097 0.07084
0 0.16881 0.88282 0.14522 0.07823
0 0.35704 0.94095 0.13307 0.06393
0 0.47844 0.05483 0.19497 0.0463
0 0.60385 0.11038 0.13691 0.0649
0 0.80161 0.16980 0.20008 0.07769
0 0.23423 0.22922 0.19774 0.07876
0 0.39577 0.28863 0.17745 0.06714
0 0.52468 0.34805 0.12079 0.07459
0 0.68088 0.40747 0.18266 0.06236
0 0.83656 0.46689 0.19829 0.04776
0 0.13623 0.52631 0.14385 0.07109
0 0.33819 0.58573 0.11648 0.06883
0 0.49026 0.64514 0.15799 0.05302
0 0.64158 0.70456 0.16617 0.05938
0 0.80181 0.76398 0.18065 0.07428
0 0.23176 0.82340 0.11157 0.05571
0 0.40575 0.88282 0.14079 0.0787
0 0.54494 0.94095 0.18946 0.04893
0 0.69372 0.05483 0.17122 0.05711
0 0.85849 0.11038 0.15972 0.07289
0 0.15726 0.16980 0.19464 0.05404
0 0.36638 0.22922 0.13493 0.04541
0 0.50375 0.28863 0.18141 0.07401
0 0.64621 0.34805 0.14303 0.06705
0 0.82853 0.40747 0.19517 0.0782
0 0.21917 0.46689 0.13038 0.05061
0 0.40115 0.52631 0.15968 0.0649
0 0.54066 0.58573 0.18845 0.04541
0 0.69135 0.64514 0.17029 0.07378
0 0.86408 0.70456 0.12958 0.07027
0 0.17917 0.76398 0.16157 0.05604
0 0.35848 0.82340 0.14139 0.04857
0 0.51433 0.88282 0.19953 0.07482
0 0.65712 0.94095 0.17327 0.04361
0 0.79408 0.05483 0.11159 0.0609
0 0.24288 0.11038 0.1483 0.05061
0 0.397 0.16980 0.17674 0.05235
0 0.53329 0.22922 0.11508 0.04446
0 0.67655 0.28863 0.13324 0.04301
0 0.86126 0.34805 0.14875 0.07089
0 0.17723 0.40747 0.18867 0.06592
0 0.35326 0.46689 0.1854 0.06254
0 0.51354 0.52631 0.16037 0.0735
0 0.65684 0.58573 0.17968 0.05214
0 0.81622 0.64514 0.16481 0.07251
0 0.23811 0.70456 0.13837 0.06875
0 0.39802 0.76398 0.11134 0.04282
0 0.53887 0.82340 0.17857 0.07828
0 0.68093 0.88282 0.14172 0.05749
0 0.84836 0.94095 0.11565 0.04393