0 0.17033 0.05553 0.14265 0.07266
0 0.3213 0.11056 0.15356 0.07202
0 0.46954 0.17065 0.1806 0.07932
0 0.63945 0.23074 0.14342 0.07244
0 0.79816 0.29083 0.19792 0.06181
0 0.24206 0.35092 0.13899 0.04959
0 0.38291 0.41101 0.13902 0.05048
0 0.5554 0.47110 0.18088 0.05091
0 0.70098 0.53120 0.11332 0.07998
0 0.84336 0.59129 0.12865 0.07636
0 0.16755 0.65138 0.13397 0.07442
0 0.32809 0.71147 0.19933 0.062
0 0.47038 0.77156 0.14902 0.04312
0 0.61862 0.83165 0.16689 0.04461
0 0.79293 0.89174 0.19623 0.04251
0 0.24251 0.94391 0.16834 0.06025
0 0.40089 0.05553 0.17077 0.04876
0 0.54014 0.11056 0.14959 0.07151
0 0.681 0.17065 0.16601 0.04244
0 0.84727 0.23074 0.11158 0.05494
0 0.17068 0.29083 0.18931 0.07431
0 0.35985 0.35092 0.14343 0.05073
0 0.51718 0.41101 0.19765 0.05022
0 0.64435 0.47110 0.16708 0.07865
0 0.81253 0.53120 0.13878 0.07083
0 0.24004 0.59129 0.13414 0.05999
0 0.3979 0.65138 0.19004 0.05404
0 0.54313 0.71147 0.16088 0.07365
0 0.65797 0.77156 0.12056 0.06049
0 0.85331 0.83165 0.10723 0.07678
0 0.17091 0.89174 0.19695 0.07697
0 0.3453 0.94391 0.15452 0.07845
0 0.49007 0.05553 0.18898 0.07585
0 0.61306 0.11056 0.19819 0.04821
0 0.81296 0.17065 0.11916 0.05668
0 0.23169 0.23074 0.12271 0.07929
0 0.39752 0.29083 0.11964 0.07979
0 0.51778 0.35092 0.12987 0.05118
0 0.6841 0.41101 0.12272 0.0506
0 0.82331 0.47110 0.1254 0.06605
0 0.13835 0.53120 0.1301 0.0483
0 0.33362 0.59129 0.15028 0.05626
0 0.49657 0.65138 0.17252 0.06387
0 0.63838 0.71147 0.12989 0.04972
0 0.79719 0.77156 0.13552 0.0728
0 0.23172 0.83165 0.1391 0.05204
0 0.39554 0.89174 0.16519 0.07694
0 0.53947 0.94391 0.11179 0.07599
0 0.67975 0.05553 0.17717 0.07441
0 0.86431 0.11056 0.15603 0.05396
0 0.15703 0.17065 0.17527 0.05244
0 0.36797 0.23074 0.15 0.04331
0 0.50508 0.29083 0.2002 0.0626
0 0.65151 0.35092 0.1942 0.04777
0 0.80928 0.41101 0.15408 0.07739
0 0.22349 0.47110 0.15395 0.05481
0 0.40044 0.53120 0.17959 0.0448
0 0.54305 0.59129 0.12984 0.07787
0 0.69678 0.65138 0.19236 0.06581
0 0.84026 0.71147 0.11447 0.04711
0 0.18148 0.77156 0.15874 0.05219
0 0.36437 0.83165 0.13227 0.06423
0 0.49759 0.89174 0.1678 0.07968
0 0.63035 0.94391 0.14197 0.07594
0 0.80468 0.05553 0.14749 0.07101
0 0.23384 0.11056 0.11048 0.04539
0 0.3925 0.17065 0.1563 0.05075
0 0.52419 0.23074 0.17466 0.0536
0 0.67291 0.29083 0.15761 0.0637
0 0.85057 0.35092 0.11748 0.07573
0 0.17885 0.41101 0.19548 0.05292
0 0.34965 0.47110 0.17696 0.04623
0 0.49248 0.53120 0.13425 0.05247
0 0.65448 0.59129 0.13157 0.05679
0 0.82838 0.65138 0.12153 0.04842
0 0.23992 0.71147 0.18777 0.05017
0 0.39092 0.77156 0.11363 0.04692
0 0.53488 0.83165 0.19221 0.04265
0 0.69354 0.89174 0.15938 0.04476
0 0.83289 0.94391 0.18335 0.0521