0 0.16588 0.05463 0.13599 0.06499
0 0.31875 0.11093 0.14972 0.05986
0 0.47447 0.17223 0.12795 0.06615
0 0.63082 0.23353 0.13873 0.06094
0 0.81451 0.29484 0.12576 0.05824
0 0.23218 0.35614 0.19091 0.04257
0 0.39831 0.41744 0.13748 0.05178
0 0.5385 0.47874 0.13647 0.07971
0 0.68112 0.54005 0.18261 0.07247
0 0.86228 0.60135 0.11257 0.04557
0 0.16574 0.66265 0.14435 0.0748
0 0.32284 0.72395 0.15898 0.06463
0 0.45336 0.78525 0.1384 0.04692
0 0.60517 0.84656 0.17413 0.06835
0 0.80475 0.90786 0.12375 0.07346
0 0.23372 0.95724 0.144 0.07834
0 0.40358 0.05463 0.11333 0.05139
0 0.55192 0.11093 0.14938 0.04717
0 0.69885 0.17223 0.19411 0.07573
0 0.85144 0.23353 0.1378 0.07066
0 0.16858 0.29484 0.1962 0.05195
0 0.36223 0.35614 0.15051 0.07524
0 0.50792 0.41744 0.12286 0.05568
0 0.65482 0.47874 0.15742 0.05658
0 0.80527 0.54005 0.16489 0.0499
0 0.23141 0.60135 0.15407 0.07311
0 0.39609 0.66265 0.15182 0.07986
0 0.5388 0.72395 0.14917 0.0772
0 0.67361 0.78525 0.19006 0.05992
0 0.82101 0.84656 0.15649 0.07183
0 0.16454 0.90786 0.15234 0.04677
0 0.34863 0.95724 0.19955 0.07917
0 0.48676 0.05463 0.12285 0.07897
0 0.60611 0.11093 0.12687 0.05876
0 0.77695 0.17223 0.17327 0.04475
0 0.23471 0.23353 0.15432 0.04743
0 0.39558 0.29484 0.16285 0.04547
0 0.53685 0.35614 0.16693 0.04313
0 0.69718 0.41744 0.14698 0.06046
0 0.8251 0.47874 0.15122 0.04916
0 0.13932 0.54005 0.20031 0.06599
0 0.32791 0.60135 0.15714 0.0665
0 0.48687 0.66265 0.10961 0.05844
0 0.61816 0.72395 0.11435 0.06368
0 0.8184 0.78525 0.16341 0.06844
0 0.23589 0.84656 0.18877 0.06695
0 0.4013 0.90786 0.11797 0.08
0 0.55679 0.95724 0.12141 0.07132
0 0.67194 0.05463 0.19533 0.07864
0 0.84935 0.11093 0.15319 0.06218
0 0.1515 0.17223 0.14454 0.05603
0 0.36368 0.23353 0.15493 0.04781
0 0.49995 0.29484 0.18922 0.05097
0 0.65674 0.35614 0.14666 0.06647
0 0.80414 0.41744 0.12615 0.07704
0 0.22419 0.47874 0.19495 0.07169
0 0.40911 0.54005 0.12883 0.05026
0 0.54198 0.60135 0.13405 0.07195
0 0.69352 0.66265 0.14546 0.05483
0 0.8465 0.72395 0.17488 0.07346
0 0.17757 0.78525 0.13151 0.05765
0 0.36372 0.84656 0.15298 0.07435
0 0.50074 0.90786 0.15511 0.07282
0 0.63941 0.95724 0.16486 0.05418
0 0.82927 0.05463 0.11839 0.07544
0 0.24226 0.11093 0.1365 0.07367
0 0.39195 0.17223 0.12728 0.0733
0 0.53971 0.23353 0.15943 0.05462
0 0.67792 0.29484 0.19571 0.07398
0 0.85419 0.35614 0.17994 0.07742
0 0.18133 0.41744 0.19496 0.07966
0 0.35391 0.47874 0.15452 0.07824
0 0.50556 0.54005 0.15702 0.05329
0 0.65796 0.60135 0.14698 0.05241
0 0.79704 0.66265 0.14216 0.07708
0 0.23568 0.72395 0.1563 0.05518
0 0.38336 0.78525 0.15995 0.06387
0 0.55676 0.84656 0.1315 0.05506
0 0.69314 0.90786 0.16108 0.0642
0 0.83903 0.95724 0.18165 0.06645