0 0.16826 0.05501 0.11468 0.0433
0 0.31381 0.11141 0.16165 0.07158
0 0.46285 0.17086 0.18529 0.04563
0 0.63051 0.23031 0.10989 0.06263
0 0.80356 0.28975 0.14235 0.07253
0 0.2333 0.34920 0.15603 0.06307
0 0.39323 0.40864 0.16719 0.0727
0 0.54576 0.46809 0.11637 0.05433
0 0.71005 0.52753 0.17751 0.05738
0 0.84728 0.58698 0.14322 0.06018
0 0.16378 0.64643 0.1094 0.05238
0 0.329 0.70587 0.11197 0.07174
0 0.45016 0.76532 0.10701 0.06106
0 0.60274 0.82476 0.16036 0.06607
0 0.8079 0.88421 0.17784 0.06174
0 0.24086 0.94972 0.11427 0.07427
0 0.40285 0.05501 0.112 0.07263
0 0.55128 0.11141 0.16642 0.06112
0 0.67851 0.17086 0.19138 0.07513
0 0.84485 0.23031 0.14472 0.06117
0 0.16843 0.28975 0.17976 0.0787
0 0.37087 0.34920 0.15377 0.04517
0 0.50816 0.40864 0.13081 0.05666
0 0.64356 0.46809 0.14182 0.06471
0 0.79399 0.52753 0.15062 0.05057
0 0.24292 0.58698 0.17393 0.06794
0 0.39654 0.64643 0.1607 0.06758
0 0.52137 0.70587 0.15015 0.0709
0 0.67967 0.76532 0.13046 0.07189
0 0.84655 0.82476 0.16672 0.06565
0 0.16588 0.88421 0.10968 0.07297
0 0.34277 0.94972 0.11178 0.05337
0 0.50052 0.05501 0.1758 0.05224
0 0.62251 0.11141 0.10812 0.0447
0 0.79615 0.17086 0.16726 0.06965
0 0.23585 0.23031 0.18979 0.05925
0 0.38629 0.28975 0.1909 0.0471
0 0.53297 0.34920 0.13379 0.06915
0 0.67062 0.40864 0.1827 0.07946
0 0.84514 0.46809 0.15957 0.05899
0 0.13754 0.52753 0.19403 0.0489
0 0.34147 0.58698 0.18135 0.04273
0 0.49142 0.64643 0.13215 0.05288
0 0.61361 0.70587 0.2002 0.05929
0 0.82366 0.76532 0.17459 0.04395
0 0.23304 0.82476 0.13309 0.04458
0 0.39937 0.88421 0.16184 0.04408
0 0.54101 0.94972 0.17669 0.06714
0 0.67386 0.05501 0.14851 0.04361
0 0.85855 0.11141 0.10994 0.07491
0 0.15068 0.17086 0.19617 0.04982
0 0.36901 0.23031 0.15161 0.05114
0 0.50757 0.28975 0.11391 0.04596
0 0.63551 0.34920 0.11108 0.07695
0 0.81977 0.40864 0.16555 0.04857
0 0.22706 0.46809 0.13481 0.05576
0 0.40019 0.52753 0.17586 0.0455
0 0.54505 0.58698 0.15914 0.06492
0 0.66728 0.64643 0.17324 0.05699
0 0.86172 0.70587 0.16694 0.06019
0 0.18568 0.76532 0.135 0.07964
0 0.37151 0.82476 0.15732 0.0486
0 0.50659 0.88421 0.18126 0.07806
0 0.63952 0.94972 0.17 0.05985
0 0.78979 0.05501 0.19789 0.07796
0 0.23567 0.11141 0.16831 0.05489
0 0.39452 0.17086 0.12931 0.07595
0 0.5279 0.23031 0.14857 0.04363
0 0.675 0.28975 0.12982 0.06928
0 0.87081 0.34920 0.17777 0.07471
0 0.17917 0.40864 0.1553 0.05333
0 0.34094 0.46809 0.11631 0.06583
0 0.49658 0.52753 0.17077 0.0794
0 0.66606 0.58698 0.16853 0.06157
0 0.82153 0.64643 0.19146 0.07303
0 0.23289 0.70587 0.15225 0.06841
0 0.38361 0.76532 0.14975 0.04381
0 0.5326 0.82476 0.16861 0.04668
0 0.70937 0.88421 0.19446 0.07965
0 0.85513 0.94972 0.13688 0.05222