0 0.17065 0.05500 0.12487 0.05082
0 0.32116 0.11029 0.13935 0.0563
0 0.46321 0.17044 0.12659 0.06932
0 0.63682 0.23059 0.10638 0.04353
0 0.80392 0.29074 0.12413 0.06492
0 0.24141 0.35088 0.14851 0.05554
0 0.38953 0.41103 0.17035 0.05921
0 0.54724 0.47118 0.1502 0.04794
0 0.69367 0.53133 0.11817 0.04909
0 0.86084 0.59148 0.18184 0.06441
0 0.16597 0.65163 0.11323 0.05823
0 0.32822 0.71177 0.11767 0.05384
0 0.46864 0.77192 0.18819 0.05958
0 0.62259 0.83207 0.17069 0.05766
0 0.80151 0.89222 0.15433 0.07608
0 0.24169 0.95850 0.16419 0.05829
0 0.40228 0.05500 0.18456 0.07037
0 0.55246 0.11029 0.10706 0.05251
0 0.69474 0.17044 0.15528 0.05164
0 0.8726 0.23059 0.14226 0.04866
0 0.16371 0.29074 0.11161 0.06532
0 0.35816 0.35088 0.17341 0.06562
0 0.51468 0.41103 0.17943 0.0774
0 0.66738 0.47118 0.17363 0.07856
0 0.79113 0.53133 0.11737 0.07266
0 0.23284 0.59148 0.13658 0.06553
0 0.39891 0.65163 0.18773 0.07593
0 0.52203 0.71177 0.16972 0.06199
0 0.67303 0.77192 0.12863 0.0599
0 0.85051 0.83207 0.10875 0.05171
0 0.16551 0.89222 0.13094 0.07101
0 0.35739 0.95850 0.17664 0.06486
0 0.48711 0.05500 0.14668 0.04261
0 0.60577 0.11029 0.19565 0.06706
0 0.78315 0.17044 0.11403 0.07845
0 0.23963 0.23059 0.10761 0.06123
0 0.39813 0.29074 0.16401 0.06523
0 0.53751 0.35088 0.1262 0.06933
0 0.67584 0.41103 0.17712 0.0448
0 0.85774 0.47118 0.1732 0.04931
0 0.13642 0.53133 0.14439 0.07554
0 0.3324 0.59148 0.12897 0.07205
0 0.49275 0.65163 0.15597 0.07783
0 0.61427 0.71177 0.18077 0.05375
0 0.79164 0.77192 0.17881 0.07475
0 0.23806 0.83207 0.14123 0.07326
0 0.40783 0.89222 0.14717 0.07374
0 0.53725 0.95850 0.19909 0.05885
0 0.68828 0.05500 0.19056 0.06281
0 0.85273 0.11029 0.17541 0.07688
0 0.15365 0.17044 0.12687 0.06497
0 0.36656 0.23059 0.11258 0.04269
0 0.49934 0.29074 0.11442 0.0527
0 0.64573 0.35088 0.13081 0.04761
0 0.80182 0.41103 0.12035 0.06915
0 0.21881 0.47118 0.1404 0.04399
0 0.40807 0.53133 0.17028 0.0589
0 0.53161 0.59148 0.11569 0.06808
0 0.68003 0.65163 0.1897 0.06323
0 0.83333 0.71177 0.15012 0.04914
0 0.17958 0.77192 0.15649 0.04565
0 0.35774 0.83207 0.11371 0.04947
0 0.50805 0.89222 0.11913 0.05633
0 0.64863 0.95850 0.10909 0.07754
0 0.81825 0.05500 0.13184 0.0687
0 0.23565 0.11029 0.17778 0.0487
0 0.39174 0.17044 0.19457 0.0716
0 0.52667 0.23059 0.10751 0.05801
0 0.69896 0.29074 0.11213 0.06915
0 0.84912 0.35088 0.16898 0.05495
0 0.17794 0.41103 0.15913 0.06321
0 0.3553 0.47118 0.12836 0.08001
0 0.49089 0.53133 0.19023 0.06759
0 0.64701 0.59148 0.14959 0.07595
0 0.795 0.65163 0.16312 0.05594
0 0.23496 0.71177 0.13572 0.05879
0 0.38605 0.77192 0.11878 0.07007
0 0.55064 0.83207 0.19357 0.07993
0 0.7027 0.89222 0.19638 0.0604
0 0.87159 0.95850 0.19934 0.05493