0 0.1642 0.05477 0.15868 0.07309
0 0.32382 0.10890 0.16504 0.07328
0 0.47051 0.16934 0.19049 0.06192
0 0.63942 0.22977 0.11479 0.05146
0 0.81177 0.29021 0.17577 0.06544
0 0.24146 0.35065 0.18977 0.05254
0 0.39856 0.41108 0.10713 0.05109
0 0.53562 0.47152 0.18023 0.0527
0 0.69542 0.53196 0.13142 0.06971
0 0.86349 0.59239 0.19875 0.05084
0 0.16591 0.65283 0.18011 0.0571
0 0.32898 0.71327 0.16997 0.06057
0 0.4518 0.77370 0.19182 0.05887
0 0.61582 0.83414 0.1324 0.04354
0 0.80844 0.89457 0.17837 0.07839
0 0.24098 0.95167 0.11362 0.07698
0 0.407 0.05477 0.13641 0.05617
0 0.53922 0.10890 0.1566 0.05806
0 0.68373 0.16934 0.19426 0.06183
0 0.84687 0.22977 0.15158 0.06142
0 0.16471 0.29021 0.12408 0.06745
0 0.36619 0.35065 0.1664 0.05204
0 0.52606 0.41108 0.15566 0.06053
0 0.67222 0.47152 0.15214 0.06216
0 0.78977 0.53196 0.13686 0.06673
0 0.23801 0.59239 0.1223 0.06381
0 0.38209 0.65283 0.1066 0.06192
0 0.52899 0.71327 0.17137 0.06228
0 0.68608 0.77370 0.14638 0.05558
0 0.82559 0.83414 0.19565 0.07587
0 0.16697 0.89457 0.18619 0.07075
0 0.34987 0.95167 0.11572 0.07023
0 0.48184 0.05477 0.16129 0.05869
0 0.60227 0.10890 0.18477 0.07479
0 0.80231 0.16934 0.14916 0.04404
0 0.23962 0.22977 0.19756 0.06223
0 0.39054 0.29021 0.18744 0.05962
0 0.52629 0.35065 0.19383 0.07426
0 0.69953 0.41108 0.13225 0.07586
0 0.84837 0.47152 0.19461 0.07655
0 0.14118 0.53196 0.14774 0.06002
0 0.33722 0.59239 0.1202 0.07046
0 0.48728 0.65283 0.14557 0.04955
0 0.62754 0.71327 0.19288 0.04805
0 0.79279 0.77370 0.1453 0.06995
0 0.23726 0.83414 0.15865 0.0737
0 0.39905 0.89457 0.11941 0.07933
0 0.54604 0.95167 0.17917 0.05248
0 0.67505 0.05477 0.19512 0.05798
0 0.84669 0.10890 0.18081 0.07974
0 0.15581 0.16934 0.15103 0.04813
0 0.35394 0.22977 0.15963 0.07287
0 0.49946 0.29021 0.18942 0.06731
0 0.63009 0.35065 0.16442 0.04995
0 0.82751 0.41108 0.17864 0.06751
0 0.226 0.47152 0.11695 0.07215
0 0.3958 0.53196 0.1237 0.06481
0 0.54683 0.59239 0.13412 0.06928
0 0.69416 0.65283 0.1827 0.07451
0 0.83533 0.71327 0.14404 0.05285
0 0.17828 0.77370 0.15443 0.06614
0 0.35873 0.83414 0.19608 0.062
0 0.509 0.89457 0.10612 0.07662
0 0.65008 0.95167 0.10709 0.04409
0 0.81735 0.05477 0.12437 0.07772
0 0.23788 0.10890 0.15664 0.05378
0 0.39181 0.16934 0.186 0.06009
0 0.52332 0.22977 0.1063 0.0467
0 0.68597 0.29021 0.18752 0.06183
0 0.83197 0.35065 0.12212 0.0794
0 0.18177 0.41108 0.11255 0.06967
0 0.34428 0.47152 0.18446 0.04444
0 0.49533 0.53196 0.13421 0.07091
0 0.66858 0.59239 0.12911 0.06497
0 0.82792 0.65283 0.14493 0.07043
0 0.2356 0.71327 0.16089 0.04902
0 0.38292 0.77370 0.19249 0.0784
0 0.55098 0.83414 0.18271 0.04652
0 0.68191 0.89457 0.15692 0.04943
0 0.84565 0.95167 0.11428 0.07483