0 0.16626 0.05496 0.15927 0.04524
0 0.32372 0.10905 0.13194 0.05083
0 0.48523 0.17034 0.15522 0.07319
0 0.62289 0.23163 0.12027 0.07797
0 0.8273 0.29292 0.13313 0.04751
0 0.24147 0.35421 0.11088 0.06595
0 0.38732 0.41550 0.16707 0.04647
0 0.5352 0.47679 0.15157 0.06438
0 0.70378 0.53808 0.19523 0.07773
0 0.83113 0.59937 0.14589 0.05866
0 0.17035 0.66066 0.11054 0.07529
0 0.32436 0.72195 0.11992 0.07157
0 0.47121 0.78325 0.19217 0.04337
0 0.62243 0.84454 0.18958 0.06219
0 0.81421 0.90583 0.17259 0.05978
0 0.23301 0.96413 0.16925 0.06262
0 0.41037 0.05496 0.14902 0.05495
0 0.54804 0.10905 0.12875 0.08003
0 0.67915 0.17034 0.19961 0.07019
0 0.86363 0.23163 0.13546 0.06366
0 0.16583 0.29292 0.14602 0.04614
0 0.35802 0.35421 0.1209 0.04635
0 0.50816 0.41550 0.18048 0.05326
0 0.6482 0.47679 0.13959 0.07112
0 0.78816 0.53808 0.10806 0.04778
0 0.23486 0.59937 0.15019 0.04278
0 0.40053 0.66066 0.17936 0.06874
0 0.52877 0.72195 0.17652 0.07046
0 0.67486 0.78325 0.18563 0.07512
0 0.84059 0.84454 0.18212 0.07437
0 0.17094 0.90583 0.13901 0.04322
0 0.35747 0.96413 0.15013 0.05544
0 0.49016 0.05496 0.19531 0.06029
0 0.61029 0.10905 0.14228 0.05296
0 0.80406 0.17034 0.15518 0.0552
0 0.23163 0.23163 0.14781 0.06117
0 0.39616 0.29292 0.1359 0.07881
0 0.52601 0.35421 0.19069 0.04651
0 0.68326 0.41550 0.17792 0.05194
0 0.81994 0.47679 0.15431 0.06988
0 0.13657 0.53808 0.12628 0.06635
0 0.32883 0.59937 0.10992 0.07574
0 0.48443 0.66066 0.12758 0.0527
0 0.62202 0.72195 0.10957 0.05133
0 0.81406 0.78325 0.14693 0.05581
0 0.2353 0.84454 0.15364 0.06956
0 0.411 0.90583 0.14658 0.05818
0 0.55565 0.96413 0.12188 0.07557
0 0.66894 0.05496 0.13295 0.05607
0 0.84328 0.10905 0.18349 0.05705
0 0.15636 0.17034 0.18012 0.06471
0 0.3616 0.23163 0.12124 0.06821
0 0.49863 0.29292 0.16439 0.0442
0 0.6432 0.35421 0.19694 0.05956
0 0.79292 0.41550 0.19297 0.05557
0 0.22646 0.47679 0.17931 0.05164
0 0.40985 0.53808 0.12424 0.05774
0 0.54692 0.59937 0.19204 0.0604
0 0.67114 0.66066 0.1802 0.06185
0 0.83815 0.72195 0.13024 0.05154
0 0.1791 0.78325 0.14656 0.06281
0 0.36975 0.84454 0.15722 0.05489
0 0.50541 0.90583 0.12575 0.04277
0 0.65664 0.96413 0.1673 0.07495
0 0.82775 0.05496 0.19911 0.05431
0 0.23775 0.10905 0.15518 0.06466
0 0.38448 0.17034 0.16461 0.05663
0 0.52581 0.23163 0.13516 0.04542
0 0.69708 0.29292 0.14214 0.07553
0 0.84849 0.35421 0.19861 0.04849
0 0.18338 0.41550 0.13929 0.0725
0 0.34724 0.47679 0.15796 0.05789
0 0.4932 0.53808 0.15256 0.06838
0 0.6664 0.59937 0.12171 0.06655
0 0.81899 0.66066 0.12533 0.0508
0 0.23748 0.72195 0.19274 0.04644
0 0.39881 0.78325 0.12757 0.06259
0 0.55268 0.84454 0.15734 0.05584
0 0.69759 0.90583 0.19123 0.05236
0 0.8423 0.96413 0.15884 0.06856