0 0.16603 0.05577 0.1636 0.06166
0 0.32766 0.11179 0.14189 0.07291
0 0.46318 0.17279 0.15338 0.07467
0 0.64371 0.23379 0.14519 0.06043
0 0.82469 0.29479 0.11361 0.06202
0 0.24162 0.35579 0.1505 0.06935
0 0.38407 0.41679 0.15505 0.05854
0 0.55251 0.47779 0.19898 0.05217
0 0.69927 0.53879 0.19315 0.06203
0 0.8598 0.59979 0.12862 0.04729
0 0.16727 0.66079 0.12425 0.05698
0 0.31367 0.72179 0.18526 0.05696
0 0.45905 0.78279 0.1961 0.06138
0 0.62879 0.84379 0.15479 0.05778
0 0.81265 0.90479 0.15696 0.0566
0 0.23515 0.95598 0.14567 0.06545
0 0.41365 0.05577 0.19903 0.05199
0 0.53389 0.11179 0.1181 0.07587
0 0.69655 0.17279 0.11197 0.07428
0 0.8451 0.23379 0.19116 0.05291
0 0.16912 0.29479 0.15629 0.04569
0 0.36928 0.35579 0.17076 0.07338
0 0.50869 0.41679 0.12744 0.07853
0 0.64721 0.47779 0.16165 0.06233
0 0.77636 0.53879 0.1312 0.04381
0 0.23974 0.59979 0.12658 0.04485
0 0.38685 0.66079 0.13236 0.05325
0 0.51839 0.72179 0.15534 0.06187
0 0.67073 0.78279 0.14648 0.04561
0 0.84115 0.84379 0.12742 0.04807
0 0.16761 0.90479 0.12035 0.07652
0 0.35607 0.95598 0.1971 0.07674
0 0.48118 0.05577 0.19136 0.0703
0 0.61216 0.11179 0.1908 0.0573
0 0.79554 0.17279 0.17164 0.05862
0 0.23988 0.23379 0.17334 0.05339
0 0.39547 0.29479 0.16089 0.06668
0 0.54128 0.35579 0.12735 0.04299
0 0.69363 0.41679 0.10788 0.06314
0 0.83335 0.47779 0.17554 0.07644
0 0.13958 0.53879 0.16052 0.06242
0 0.33796 0.59979 0.14675 0.06697
0 0.49822 0.66079 0.13132 0.04804
0 0.61723 0.72179 0.12504 0.07381
0 0.79581 0.78279 0.19672 0.07443
0 0.23364 0.84379 0.15021 0.07686
0 0.41468 0.90479 0.18481 0.07089
0 0.55125 0.95598 0.18255 0.07647
0 0.67126 0.05577 0.1162 0.08007
0 0.83472 0.11179 0.17022 0.06073
0 0.15051 0.17279 0.18585 0.04755
0 0.35956 0.23379 0.14946 0.07161
0 0.49754 0.29479 0.17087 0.04908
0 0.65289 0.35579 0.18781 0.04569
0 0.82452 0.41679 0.15809 0.05646
0 0.22146 0.47779 0.15465 0.06151
0 0.40185 0.53879 0.1983 0.05009
0 0.54577 0.59979 0.19395 0.05307
0 0.6913 0.66079 0.13757 0.04997
0 0.8368 0.72179 0.11402 0.07296
0 0.18305 0.78279 0.12796 0.0442
0 0.35742 0.84379 0.11492 0.05055
0 0.51028 0.90479 0.17665 0.06602
0 0.64759 0.95598 0.10758 0.0436
0 0.79757 0.05577 0.16536 0.06751
0 0.23243 0.11179 0.18852 0.0594
0 0.38174 0.17279 0.16705 0.04375
0 0.51895 0.23379 0.14289 0.0571
0 0.69655 0.29479 0.18654 0.07804
0 0.86706 0.35579 0.12929 0.06927
0 0.17934 0.41679 0.14628 0.04924
0 0.34859 0.47779 0.17358 0.06955
0 0.5148 0.53879 0.15188 0.06961
0 0.65265 0.59979 0.14298 0.07659
0 0.80036 0.66079 0.18164 0.07285
0 0.2352 0.72179 0.14893 0.06428
0 0.38949 0.78279 0.14268 0.06554
0 0.55506 0.84379 0.17176 0.05895
0 0.68471 0.90479 0.14973 0.06618
0 0.83496 0.95598 0.17733 0.044