0 0.16686 0.05552 0.18544 0.07142
0 0.31456 0.11115 0.18459 0.04873
0 0.47691 0.17182 0.13024 0.07493
0 0.62722 0.23249 0.1639 0.07976
0 0.81748 0.29317 0.16096 0.06183
0 0.23965 0.35384 0.15705 0.07577
0 0.39353 0.41451 0.18808 0.0646
0 0.53174 0.47518 0.13103 0.04826
0 0.68294 0.53585 0.13605 0.04996
0 0.84382 0.59652 0.11731 0.05777
0 0.16776 0.65719 0.19467 0.07066
0 0.32351 0.71786 0.16693 0.07356
0 0.45851 0.77853 0.15127 0.07222
0 0.62394 0.83920 0.16634 0.05444
0 0.81838 0.89987 0.15742 0.06257
0 0.24282 0.94837 0.1671 0.04582
0 0.40542 0.05552 0.15734 0.04664
0 0.53964 0.11115 0.17405 0.04757
0 0.67054 0.17182 0.15533 0.06802
0 0.85616 0.23249 0.19975 0.0611
0 0.16982 0.29317 0.12668 0.04958
0 0.36153 0.35384 0.11604 0.06109
0 0.50594 0.41451 0.11641 0.04799
0 0.64842 0.47518 0.11206 0.0445
0 0.78192 0.53585 0.14421 0.07451
0 0.23471 0.59652 0.14834 0.06357
0 0.38967 0.65719 0.14056 0.07748
0 0.53113 0.71786 0.17805 0.0687
0 0.66858 0.77853 0.16526 0.0644
0 0.85314 0.83920 0.17885 0.07318
0 0.16765 0.89987 0.19402 0.07558
0 0.35666 0.94837 0.19778 0.07972
0 0.49189 0.05552 0.12417 0.04245
0 0.62815 0.11115 0.11916 0.07506
0 0.78536 0.17182 0.17171 0.06553
0 0.23937 0.23249 0.11491 0.07976
0 0.38673 0.29317 0.1556 0.06233
0 0.53495 0.35384 0.15607 0.06051
0 0.6906 0.41451 0.18726 0.07265
0 0.8195 0.47518 0.15178 0.05102
0 0.13788 0.53585 0.14316 0.06121
0 0.3304 0.59652 0.16937 0.0764
0 0.49262 0.65719 0.17595 0.0641
0 0.63889 0.71786 0.1551 0.0743
0 0.80332 0.77853 0.13885 0.07028
0 0.2406 0.83920 0.12021 0.06453
0 0.40832 0.89987 0.16132 0.05173
0 0.53102 0.94837 0.13078 0.06756
0 0.68743 0.05552 0.11026 0.04557
0 0.84666 0.11115 0.17724 0.06603
0 0.15672 0.17182 0.12896 0.06735
0 0.35391 0.23249 0.14778 0.06995
0 0.50156 0.29317 0.17091 0.07602
0 0.63967 0.35384 0.13993 0.07947
0 0.80801 0.41451 0.17549 0.07143
0 0.22634 0.47518 0.14328 0.06435
0 0.40122 0.53585 0.1705 0.07744
0 0.55209 0.59652 0.17244 0.0643
0 0.68298 0.65719 0.14777 0.04307
0 0.83179 0.71786 0.10791 0.04698
0 0.17853 0.77853 0.13726 0.07496
0 0.36692 0.83920 0.14607 0.06069
0 0.50184 0.89987 0.13155 0.07429
0 0.63099 0.94837 0.12464 0.05032
0 0.80318 0.05552 0.18354 0.06325
0 0.23856 0.11115 0.1466 0.06618
0 0.38484 0.17182 0.18977 0.04363
0 0.53671 0.23249 0.14295 0.06561
0 0.67521 0.29317 0.17858 0.05609
0 0.86914 0.35384 0.14348 0.04429
0 0.17937 0.41451 0.18229 0.06089
0 0.35357 0.47518 0.17726 0.04969
0 0.49472 0.53585 0.14165 0.04707
0 0.64911 0.59652 0.12643 0.05018
0 0.79311 0.65719 0.18059 0.04795
0 0.23819 0.71786 0.19557 0.04956
0 0.3944 0.77853 0.13695 0.04403
0 0.54564 0.83920 0.16935 0.06638
0 0.69534 0.89987 0.14742 0.05306
0 0.85758 0.94837 0.18465 0.06274