0 0.16557 0.05567 0.1613 0.07615
0 0.31679 0.11202 0.16954 0.04318
0 0.46784 0.17319 0.18256 0.04831
0 0.64224 0.23436 0.11014 0.0709
0 0.82117 0.29552 0.19021 0.0639
0 0.23327 0.35669 0.11509 0.06375
0 0.39071 0.41786 0.1928 0.07534
0 0.53468 0.47902 0.19397 0.07432
0 0.69863 0.54019 0.13052 0.06865
0 0.84645 0.60136 0.14715 0.05398
0 0.16592 0.66252 0.15908 0.04638
0 0.32081 0.72369 0.15243 0.07316
0 0.47174 0.78486 0.16912 0.04525
0 0.601 0.84602 0.17208 0.05346
0 0.79693 0.90719 0.19183 0.07286
0 0.24169 0.95316 0.15391 0.05567
0 0.41463 0.05567 0.13373 0.05187
0 0.54398 0.11202 0.15713 0.06204
0 0.69222 0.17319 0.18624 0.0628
0 0.86243 0.23436 0.19761 0.06858
0 0.1687 0.29552 0.12188 0.05861
0 0.36362 0.35669 0.11096 0.04784
0 0.51344 0.41786 0.12267 0.07723
0 0.65993 0.47902 0.19003 0.04256
0 0.80835 0.54019 0.16634 0.07277
0 0.24091 0.60136 0.12318 0.06162
0 0.39396 0.66252 0.16751 0.04605
0 0.52239 0.72369 0.12935 0.06688
0 0.66897 0.78486 0.16299 0.06696
0 0.82389 0.84602 0.14689 0.05554
0 0.16745 0.90719 0.16591 0.06203
0 0.34369 0.95316 0.12396 0.05244
0 0.48976 0.05567 0.15986 0.07894
0 0.60868 0.11202 0.16209 0.04623
0 0.78918 0.17319 0.13457 0.04704
0 0.23701 0.23436 0.17626 0.0684
0 0.38184 0.29552 0.1208 0.05551
0 0.52866 0.35669 0.13269 0.043
0 0.66738 0.41786 0.18268 0.05124
0 0.83016 0.47902 0.20026 0.06666
0 0.14009 0.54019 0.12705 0.07028
0 0.33508 0.60136 0.15184 0.04492
0 0.47691 0.66252 0.18558 0.0554
0 0.64272 0.72369 0.11554 0.07584
0 0.80673 0.78486 0.14819 0.06199
0 0.23301 0.84602 0.16148 0.05462
0 0.39649 0.90719 0.19142 0.06197
0 0.54919 0.95316 0.17376 0.04929
0 0.68982 0.05567 0.19711 0.06774
0 0.83852 0.11202 0.17853 0.04436
0 0.15491 0.17319 0.11297 0.05322
0 0.36145 0.23436 0.15639 0.07322
0 0.51354 0.29552 0.18642 0.06333
0 0.65178 0.35669 0.15737 0.05624
0 0.82184 0.41786 0.11244 0.04994
0 0.22487 0.47902 0.10713 0.06858
0 0.40619 0.54019 0.16044 0.05378
0 0.54381 0.60136 0.15867 0.05787
0 0.69878 0.66252 0.15461 0.05038
0 0.86307 0.72369 0.14117 0.05305
0 0.18364 0.78486 0.16331 0.07393
0 0.35838 0.84602 0.11079 0.07358
0 0.49785 0.90719 0.15398 0.05901
0 0.63726 0.95316 0.13908 0.04709
0 0.82324 0.05567 0.12022 0.07855
0 0.24034 0.11202 0.16408 0.07899
0 0.38993 0.17319 0.19896 0.05272
0 0.52259 0.23436 0.12664 0.06783
0 0.66728 0.29552 0.15511 0.05267
0 0.85432 0.35669 0.17968 0.06304
0 0.18193 0.41786 0.11889 0.04775
0 0.35371 0.47902 0.19682 0.06865
0 0.50601 0.54019 0.18383 0.07807
0 0.66341 0.60136 0.19373 0.06694
0 0.81192 0.66252 0.15787 0.04975
0 0.23382 0.72369 0.15024 0.05471
0 0.39895 0.78486 0.11495 0.05534
0 0.55749 0.84602 0.15259 0.07298
0 0.69089 0.90719 0.12136 0.07407
0 0.83324 0.95316 0.15167 0.07592