0 0.17151 0.05580 0.1166 0.06416
0 0.32068 0.11102 0.13186 0.04482
0 0.47325 0.17125 0.10664 0.05104
0 0.62012 0.23149 0.12984 0.0649
0 0.82013 0.29172 0.11481 0.06962
0 0.23958 0.35195 0.17991 0.07691
0 0.39106 0.41218 0.19625 0.05983
0 0.54222 0.47242 0.17115 0.04868
0 0.68288 0.53265 0.11647 0.05543
0 0.86929 0.59288 0.19025 0.07303
0 0.16594 0.65311 0.19679 0.04781
0 0.32896 0.71335 0.14344 0.07073
0 0.46364 0.77358 0.18654 0.07162
0 0.60878 0.83381 0.15905 0.05898
0 0.79592 0.89405 0.1171 0.04594
0 0.24092 0.94187 0.15679 0.05707
0 0.41249 0.05580 0.18506 0.04377
0 0.54681 0.11102 0.15783 0.07766
0 0.6734 0.17125 0.14798 0.07073
0 0.84035 0.23149 0.19331 0.06449
0 0.16784 0.29172 0.19921 0.06661
0 0.36997 0.35195 0.14869 0.0494
0 0.51925 0.41218 0.14556 0.04966
0 0.64532 0.47242 0.16217 0.06188
0 0.7934 0.53265 0.13807 0.06412
0 0.24121 0.59288 0.14734 0.06811
0 0.39735 0.65311 0.11275 0.05525
0 0.53532 0.71335 0.123 0.0544
0 0.68192 0.77358 0.19764 0.07727
0 0.84274 0.83381 0.15823 0.056
0 0.16639 0.89405 0.14975 0.05207
0 0.34521 0.94187 0.14246 0.06919
0 0.49833 0.05580 0.1634 0.06586
0 0.621 0.11102 0.1507 0.05321
0 0.78397 0.17125 0.1717 0.07027
0 0.23378 0.23149 0.16997 0.06951
0 0.38389 0.29172 0.169 0.0443
0 0.52781 0.35195 0.17558 0.05883
0 0.66975 0.41218 0.12348 0.07475
0 0.84652 0.47242 0.13415 0.06933
0 0.14059 0.53265 0.13599 0.04977
0 0.33924 0.59288 0.1865 0.07976
0 0.48115 0.65311 0.1875 0.06612
0 0.62076 0.71335 0.14667 0.07516
0 0.79203 0.77358 0.19804 0.04804
0 0.23777 0.83381 0.17834 0.06864
0 0.40543 0.89405 0.13907 0.06464
0 0.53868 0.94187 0.13839 0.04824
0 0.68454 0.05580 0.15525 0.06263
0 0.86545 0.11102 0.17256 0.04973
0 0.15626 0.17125 0.17886 0.07036
0 0.37068 0.23149 0.19754 0.0534
0 0.51148 0.29172 0.10623 0.07856
0 0.63882 0.35195 0.18422 0.07307
0 0.79576 0.41218 0.17466 0.05085
0 0.22826 0.47242 0.19189 0.05011
0 0.41419 0.53265 0.151 0.07785
0 0.53813 0.59288 0.1669 0.04435
0 0.69939 0.65311 0.14115 0.07311
0 0.87074 0.71335 0.14595 0.04287
0 0.18374 0.77358 0.18279 0.04566
0 0.368 0.83381 0.11932 0.06944
0 0.50432 0.89405 0.12901 0.07949
0 0.62661 0.94187 0.19707 0.06432
0 0.80696 0.05580 0.13343 0.04435
0 0.23884 0.11102 0.12294 0.06699
0 0.39714 0.17125 0.10774 0.05492
0 0.52252 0.23149 0.17742 0.04983
0 0.68096 0.29172 0.13066 0.04648
0 0.87095 0.35195 0.15203 0.06259
0 0.17754 0.41218 0.19637 0.04264
0 0.34744 0.47242 0.15655 0.045
0 0.50949 0.53265 0.11633 0.05288
0 0.6577 0.59288 0.1715 0.07955
0 0.81701 0.65311 0.13618 0.05709
0 0.23788 0.71335 0.14152 0.06469
0 0.39782 0.77358 0.12694 0.06455
0 0.53947 0.83381 0.14329 0.05503
0 0.68791 0.89405 0.19078 0.06661
0 0.84727 0.94187 0.19315 0.04829