0 0.1705 0.05561 0.11273 0.07087
0 0.31465 0.11175 0.17184 0.07676
0 0.48525 0.17253 0.13799 0.04959
0 0.62088 0.23330 0.19937 0.04644
0 0.82324 0.29408 0.1125 0.06618
0 0.2343 0.35486 0.18195 0.07854
0 0.38645 0.41564 0.16611 0.06866
0 0.53931 0.47641 0.19566 0.07584
0 0.69602 0.53719 0.12907 0.0456
0 0.85589 0.59797 0.12314 0.07415
0 0.16786 0.65874 0.13309 0.04339
0 0.31518 0.71952 0.18334 0.06974
0 0.45322 0.78030 0.12988 0.05294
0 0.60295 0.84107 0.16086 0.07814
0 0.80857 0.90185 0.18018 0.06592
0 0.24093 0.93688 0.16289 0.06034
0 0.40031 0.05561 0.19979 0.06658
0 0.5477 0.11175 0.14347 0.0762
0 0.68238 0.17253 0.13332 0.05516
0 0.84156 0.23330 0.13419 0.04307
0 0.16642 0.29408 0.15922 0.0426
0 0.3557 0.35486 0.11634 0.05896
0 0.51819 0.41564 0.13036 0.06899
0 0.66096 0.47641 0.13706 0.05093
0 0.80937 0.53719 0.13527 0.07648
0 0.23428 0.59797 0.12936 0.04297
0 0.38163 0.65874 0.11808 0.04962
0 0.53427 0.71952 0.10937 0.06922
0 0.68162 0.78030 0.16449 0.07124
0 0.83324 0.84107 0.17581 0.05007
0 0.17109 0.90185 0.11686 0.07757
0 0.34486 0.93688 0.16876 0.0574
0 0.48325 0.05561 0.11253 0.04819
0 0.61964 0.11175 0.18578 0.06889
0 0.79487 0.17253 0.12118 0.06505
0 0.24097 0.23330 0.17774 0.0504
0 0.3993 0.29408 0.1299 0.0555
0 0.51837 0.35486 0.13798 0.07607
0 0.67357 0.41564 0.18838 0.06669
0 0.82731 0.47641 0.17758 0.07955
0 0.139 0.53719 0.11186 0.06483
0 0.33479 0.59797 0.18305 0.07047
0 0.49293 0.65874 0.16133 0.07743
0 0.6237 0.71952 0.13528 0.08006
0 0.79789 0.78030 0.11729 0.06127
0 0.23569 0.84107 0.17318 0.05854
0 0.41349 0.90185 0.13441 0.07223
0 0.54721 0.93688 0.13899 0.07455
0 0.68 0.05561 0.12806 0.07992
0 0.87003 0.11175 0.17192 0.05314
0 0.15717 0.17253 0.17277 0.04682
0 0.37129 0.23330 0.16183 0.07162
0 0.49645 0.29408 0.19484 0.06991
0 0.63804 0.35486 0.12092 0.06042
0 0.81056 0.41564 0.1761 0.04599
0 0.22094 0.47641 0.11582 0.0572
0 0.40061 0.53719 0.1824 0.04335
0 0.5461 0.59797 0.16288 0.0574
0 0.67303 0.65874 0.16645 0.06349
0 0.86489 0.71952 0.11569 0.05859
0 0.17916 0.78030 0.18614 0.05736
0 0.35818 0.84107 0.1407 0.06617
0 0.49684 0.90185 0.1586 0.06204
0 0.65247 0.93688 0.17865 0.07174
0 0.8218 0.05561 0.14868 0.06767
0 0.24022 0.11175 0.12 0.04282
0 0.39828 0.17253 0.13178 0.05655
0 0.54158 0.23330 0.12053 0.07989
0 0.69685 0.29408 0.1821 0.07667
0 0.84539 0.35486 0.15793 0.06517
0 0.18134 0.41564 0.13749 0.05557
0 0.34579 0.47641 0.11271 0.06179
0 0.49449 0.53719 0.1106 0.05545
0 0.64247 0.59797 0.1482 0.07733
0 0.79954 0.65874 0.1134 0.07562
0 0.2389 0.71952 0.17884 0.06272
0 0.3885 0.78030 0.12927 0.07621
0 0.55346 0.84107 0.12315 0.07915
0 0.71151 0.90185 0.15683 0.05114
0 0.8648 0.93688 0.18947 0.04941