0 0.16448 0.05554 0.13373 0.0698
0 0.326 0.11131 0.13799 0.052
0 0.46648 0.17101 0.12878 0.04511
0 0.63947 0.23070 0.19748 0.05533
0 0.81379 0.29040 0.18578 0.06991
0 0.23534 0.35009 0.14618 0.04834
0 0.39214 0.40978 0.11368 0.06936
0 0.55152 0.46948 0.13785 0.0684
0 0.70158 0.52917 0.1797 0.05068
0 0.83118 0.58887 0.18143 0.07726
0 0.16795 0.64856 0.19816 0.0553
0 0.3254 0.70826 0.19753 0.06246
0 0.46519 0.76795 0.1643 0.04858
0 0.6055 0.82764 0.1152 0.07247
0 0.79233 0.88734 0.19663 0.07809
0 0.24299 0.95345 0.15334 0.06279
0 0.40386 0.05554 0.18722 0.06016
0 0.5484 0.11131 0.18411 0.05362
0 0.67748 0.17101 0.11665 0.06539
0 0.85755 0.23070 0.16359 0.06934
0 0.17006 0.29040 0.16542 0.05555
0 0.36479 0.35009 0.16127 0.05086
0 0.52912 0.40978 0.14282 0.06688
0 0.66569 0.46948 0.18822 0.05038
0 0.78458 0.52917 0.13146 0.07921
0 0.23456 0.58887 0.18686 0.04728
0 0.39766 0.64856 0.13624 0.05886
0 0.52968 0.70826 0.13885 0.07152
0 0.6784 0.76795 0.1513 0.05998
0 0.85262 0.82764 0.11013 0.044
0 0.16965 0.88734 0.17025 0.04552
0 0.34804 0.95345 0.16741 0.06875
0 0.49768 0.05554 0.1875 0.05374
0 0.60417 0.11131 0.19225 0.06451
0 0.79229 0.17101 0.12982 0.05597
0 0.2358 0.23070 0.11257 0.07806
0 0.38853 0.29040 0.12047 0.05742
0 0.5362 0.35009 0.15335 0.07098
0 0.6688 0.40978 0.18356 0.0795
0 0.8266 0.46948 0.15322 0.04668
0 0.14181 0.52917 0.19345 0.07543
0 0.33648 0.58887 0.1801 0.05703
0 0.49797 0.64856 0.1065 0.07947
0 0.64165 0.70826 0.11897 0.07379
0 0.8277 0.76795 0.15845 0.07885
0 0.2411 0.82764 0.12048 0.05112
0 0.40725 0.88734 0.12138 0.04309
0 0.54752 0.95345 0.16457 0.04705
0 0.66881 0.05554 0.14629 0.07467
0 0.85113 0.11131 0.13389 0.07173
0 0.15218 0.17101 0.1358 0.05102
0 0.36288 0.23070 0.12205 0.04608
0 0.5092 0.29040 0.19856 0.079
0 0.64725 0.35009 0.16128 0.0683
0 0.80099 0.40978 0.15755 0.0634
0 0.22223 0.46948 0.18927 0.07211
0 0.40665 0.52917 0.17277 0.05484
0 0.5351 0.58887 0.16958 0.04855
0 0.69981 0.64856 0.19726 0.06419
0 0.83369 0.70826 0.18648 0.05236
0 0.18001 0.76795 0.15534 0.05139
0 0.35956 0.82764 0.14971 0.05552
0 0.49271 0.88734 0.16401 0.06052
0 0.63652 0.95345 0.19195 0.07873
0 0.82854 0.05554 0.19759 0.05788
0 0.24283 0.11131 0.18291 0.04691
0 0.39452 0.17101 0.1969 0.04277
0 0.54024 0.23070 0.17785 0.05867
0 0.69232 0.29040 0.13037 0.07967
0 0.86169 0.35009 0.16659 0.05206
0 0.18549 0.40978 0.18857 0.07555
0 0.34371 0.46948 0.17472 0.06247
0 0.49359 0.52917 0.17142 0.071
0 0.67181 0.58887 0.19574 0.068
0 0.81461 0.64856 0.15968 0.07263
0 0.23293 0.70826 0.15146 0.04796
0 0.38888 0.76795 0.1189 0.04675
0 0.54417 0.82764 0.14261 0.05216
0 0.68458 0.88734 0.12542 0.05064
0 0.84711 0.95345 0.18611 0.04556