0 0.17099 0.05523 0.18302 0.0444
0 0.3161 0.11214 0.19014 0.06754
0 0.48145 0.17190 0.1204 0.0691
0 0.62113 0.23165 0.18833 0.04527
0 0.82453 0.29141 0.13179 0.04548
0 0.23288 0.35117 0.16381 0.05395
0 0.38674 0.41093 0.15422 0.0742
0 0.55014 0.47069 0.16108 0.06324
0 0.70701 0.53045 0.18832 0.06404
0 0.8603 0.59021 0.148 0.05596
0 0.16911 0.64997 0.13948 0.06496
0 0.32743 0.70973 0.132 0.06735
0 0.46536 0.76949 0.12367 0.04554
0 0.62287 0.82925 0.1909 0.07221
0 0.80282 0.88901 0.16816 0.04877
0 0.23364 0.94155 0.1472 0.06152
0 0.40429 0.05523 0.11002 0.06061
0 0.55261 0.11214 0.12177 0.07634
0 0.67761 0.17190 0.16484 0.06895
0 0.84387 0.23165 0.17368 0.0469
0 0.16455 0.29141 0.1073 0.05407
0 0.3659 0.35117 0.17154 0.06827
0 0.51985 0.41093 0.1907 0.06121
0 0.65149 0.47069 0.17333 0.06718
0 0.79219 0.53045 0.13938 0.07667
0 0.23557 0.59021 0.1217 0.05191
0 0.38306 0.64997 0.1881 0.06572
0 0.52539 0.70973 0.12058 0.05327
0 0.65596 0.76949 0.18322 0.05117
0 0.81785 0.82925 0.16723 0.05471
0 0.16543 0.88901 0.16772 0.06256
0 0.34649 0.94155 0.13843 0.06838
0 0.49797 0.05523 0.12308 0.05679
0 0.61918 0.11214 0.14208 0.07082
0 0.80338 0.17190 0.1992 0.07845
0 0.23546 0.23165 0.14826 0.07401
0 0.39603 0.29141 0.17401 0.07308
0 0.52227 0.35117 0.17999 0.07537
0 0.66972 0.41093 0.12369 0.06771
0 0.81851 0.47069 0.14359 0.04587
0 0.13622 0.53045 0.10998 0.0435
0 0.32689 0.59021 0.15367 0.07264
0 0.48545 0.64997 0.17592 0.061
0 0.63672 0.70973 0.15526 0.07873
0 0.8031 0.76949 0.17245 0.05506
0 0.23992 0.82925 0.17486 0.07632
0 0.39977 0.88901 0.19723 0.04365
0 0.54659 0.94155 0.1775 0.06774
0 0.69848 0.05523 0.15867 0.05967
0 0.85355 0.11214 0.16702 0.06553
0 0.15618 0.17190 0.13537 0.06677
0 0.36995 0.23165 0.14895 0.06719
0 0.51245 0.29141 0.12578 0.04659
0 0.64319 0.35117 0.12953 0.0779
0 0.82225 0.41093 0.1967 0.08
0 0.2273 0.47069 0.19245 0.06689
0 0.40516 0.53045 0.11385 0.05873
0 0.54967 0.59021 0.11424 0.04364
0 0.68206 0.64997 0.16654 0.07998
0 0.87054 0.70973 0.18214 0.04928
0 0.18011 0.76949 0.19085 0.04982
0 0.37164 0.82925 0.14724 0.07915
0 0.50426 0.88901 0.17864 0.06587
0 0.63758 0.94155 0.15778 0.04661
0 0.80057 0.05523 0.1741 0.06273
0 0.23511 0.11214 0.14053 0.05728
0 0.3987 0.17190 0.1972 0.06911
0 0.53893 0.23165 0.15172 0.05495
0 0.69565 0.29141 0.12074 0.04796
0 0.84858 0.35117 0.12822 0.07455
0 0.17934 0.41093 0.12793 0.06465
0 0.35367 0.47069 0.1736 0.0729
0 0.50571 0.53045 0.16995 0.05642
0 0.64659 0.59021 0.11758 0.06674
0 0.80802 0.64997 0.13653 0.06125
0 0.2402 0.70973 0.15034 0.07984
0 0.39583 0.76949 0.12486 0.06951
0 0.54586 0.82925 0.17389 0.06682
0 0.70931 0.88901 0.10807 0.07376
0 0.83836 0.94155 0.1285 0.05663