0 0.17155 0.05574 0.1208 0.06194
0 0.31625 0.10978 0.17192 0.07225
0 0.46589 0.17040 0.18397 0.05502
0 0.63067 0.23102 0.11606 0.05322
0 0.79208 0.29164 0.12829 0.05159
0 0.24267 0.35226 0.16799 0.07861
0 0.39144 0.41288 0.17274 0.07629
0 0.54433 0.47350 0.13371 0.07872
0 0.69595 0.53412 0.13157 0.07077
0 0.86889 0.59474 0.13711 0.05999
0 0.16434 0.65536 0.15073 0.04245
0 0.32237 0.71597 0.13125 0.05428
0 0.45593 0.77659 0.16127 0.04811
0 0.62226 0.83721 0.19056 0.07955
0 0.78945 0.89783 0.19009 0.07592
0 0.24296 0.94795 0.13383 0.07453
0 0.40415 0.05574 0.12762 0.07437
0 0.53324 0.10978 0.1902 0.05363
0 0.69264 0.17040 0.15802 0.07673
0 0.85354 0.23102 0.1415 0.05371
0 0.17071 0.29164 0.14111 0.07072
0 0.35871 0.35226 0.1914 0.06409
0 0.52724 0.41288 0.12442 0.06805
0 0.64846 0.47350 0.13264 0.05077
0 0.81463 0.53412 0.16732 0.05705
0 0.23238 0.59474 0.1549 0.07596
0 0.383 0.65536 0.18808 0.04507
0 0.53451 0.71597 0.15275 0.05431
0 0.68242 0.77659 0.16576 0.04553
0 0.82634 0.83721 0.14753 0.06218
0 0.16799 0.89783 0.18405 0.05779
0 0.35756 0.94795 0.13869 0.05218
0 0.48236 0.05574 0.14668 0.04274
0 0.60745 0.10978 0.11443 0.05993
0 0.7871 0.17040 0.16306 0.04794
0 0.23193 0.23102 0.13457 0.05089
0 0.39636 0.29164 0.15051 0.04378
0 0.52003 0.35226 0.13828 0.07797
0 0.69541 0.41288 0.16844 0.05502
0 0.84887 0.47350 0.10963 0.07489
0 0.14061 0.53412 0.18855 0.04244
0 0.33948 0.59474 0.16162 0.05236
0 0.47908 0.65536 0.18495 0.04378
0 0.62042 0.71597 0.17084 0.07214
0 0.80008 0.77659 0.12554 0.06281
0 0.23777 0.83721 0.11067 0.05632
0 0.40234 0.89783 0.14491 0.04418
0 0.53324 0.94795 0.13892 0.06165
0 0.69083 0.05574 0.10636 0.07641
0 0.8461 0.10978 0.12088 0.06404
0 0.15437 0.17040 0.17779 0.04255
0 0.35978 0.23102 0.13207 0.04388
0 0.50355 0.29164 0.17156 0.05357
0 0.65067 0.35226 0.12331 0.07666
0 0.80609 0.41288 0.14556 0.04948
0 0.2208 0.47350 0.19005 0.05705
0 0.39902 0.53412 0.13879 0.05995
0 0.54346 0.59474 0.19918 0.06861
0 0.68796 0.65536 0.15089 0.05174
0 0.8519 0.71597 0.15006 0.07394
0 0.17947 0.77659 0.18513 0.05754
0 0.36051 0.83721 0.17417 0.06422
0 0.51056 0.89783 0.19344 0.04824
0 0.65663 0.94795 0.15659 0.05833
0 0.79346 0.05574 0.1787 0.06395
0 0.23648 0.10978 0.1791 0.0615
0 0.39889 0.17040 0.17737 0.07442
0 0.53983 0.23102 0.16402 0.07153
0 0.69307 0.29164 0.18487 0.07691
0 0.83241 0.35226 0.13212 0.06182
0 0.1852 0.41288 0.15016 0.06121
0 0.34566 0.47350 0.13834 0.05616
0 0.49466 0.53412 0.15419 0.06788
0 0.66111 0.59474 0.19133 0.05317
0 0.82182 0.65536 0.15742 0.05637
0 0.23978 0.71597 0.14236 0.06103
0 0.3979 0.77659 0.19784 0.06614
0 0.53573 0.83721 0.10667 0.0608
0 0.68231 0.89783 0.12889 0.06162
0 0.86102 0.94795 0.12121 0.06932