0 0.16849 0.05504 0.11441 0.07182
0 0.32106 0.11026 0.17406 0.05907
0 0.47581 0.16993 0.18727 0.049
0 0.62859 0.22961 0.15923 0.06374
0 0.81391 0.28928 0.14641 0.07743
0 0.23204 0.34895 0.18136 0.07826
0 0.38696 0.40862 0.1702 0.05318
0 0.55311 0.46830 0.12616 0.05094
0 0.69415 0.52797 0.1404 0.06289
0 0.84318 0.58764 0.1846 0.05341
0 0.16728 0.64731 0.19164 0.0732
0 0.31975 0.70698 0.16956 0.07044
0 0.45744 0.76666 0.1992 0.0793
0 0.60678 0.82633 0.15014 0.06346
0 0.79878 0.88600 0.1678 0.07973
0 0.23244 0.94027 0.18277 0.05855
0 0.39874 0.05504 0.16152 0.04442
0 0.53164 0.11026 0.11134 0.0481
0 0.66871 0.16993 0.11142 0.05802
0 0.86519 0.22961 0.19817 0.04718
0 0.17055 0.28928 0.18188 0.05955
0 0.36214 0.34895 0.16449 0.0587
0 0.50926 0.40862 0.13123 0.05321
0 0.64214 0.46830 0.10665 0.05388
0 0.7929 0.52797 0.11582 0.05412
0 0.24006 0.58764 0.11645 0.05075
0 0.38144 0.64731 0.16346 0.05208
0 0.53149 0.70698 0.12282 0.06238
0 0.65403 0.76666 0.15724 0.05734
0 0.82413 0.82633 0.16016 0.07343
0 0.16344 0.88600 0.12804 0.07938
0 0.34782 0.94027 0.12993 0.05467
0 0.47795 0.05504 0.12144 0.05276
0 0.62052 0.11026 0.12596 0.0658
0 0.7997 0.16993 0.15444 0.04607
0 0.24086 0.22961 0.14947 0.06899
0 0.38735 0.28928 0.10739 0.04429
0 0.54156 0.34895 0.16621 0.06481
0 0.67448 0.40862 0.12026 0.06959
0 0.82354 0.46830 0.11139 0.07632
0 0.13883 0.52797 0.10655 0.05012
0 0.33439 0.58764 0.1072 0.06654
0 0.48882 0.64731 0.13152 0.0441
0 0.64209 0.70698 0.17384 0.07989
0 0.82807 0.76666 0.17867 0.04429
0 0.23688 0.82633 0.10754 0.065
0 0.40489 0.88600 0.14968 0.05361
0 0.55351 0.94027 0.1799 0.04283
0 0.67329 0.05504 0.13782 0.07219
0 0.84129 0.11026 0.17876 0.05721
0 0.15426 0.16993 0.14551 0.0437
0 0.36244 0.22961 0.18836 0.04693
0 0.51077 0.28928 0.18152 0.04475
0 0.62788 0.34895 0.16504 0.07456
0 0.80494 0.40862 0.16452 0.0551
0 0.21896 0.46830 0.15163 0.06985
0 0.41383 0.52797 0.14337 0.05569
0 0.5515 0.58764 0.15301 0.04678
0 0.68482 0.64731 0.19852 0.06097
0 0.86206 0.70698 0.11239 0.06961
0 0.18111 0.76666 0.11802 0.04953
0 0.35404 0.82633 0.17761 0.05321
0 0.5042 0.88600 0.1831 0.07509
0 0.63905 0.94027 0.12513 0.07357
0 0.79333 0.05504 0.19865 0.07619
0 0.23788 0.11026 0.17402 0.04839
0 0.38803 0.16993 0.10607 0.06729
0 0.52495 0.22961 0.10966 0.06055
0 0.67984 0.28928 0.18949 0.06577
0 0.85411 0.34895 0.19894 0.06169
0 0.1837 0.40862 0.13267 0.04299
0 0.35127 0.46830 0.17106 0.07807
0 0.51017 0.52797 0.13881 0.05759
0 0.65358 0.58764 0.15419 0.05693
0 0.80479 0.64731 0.1717 0.06505
0 0.23771 0.70698 0.13777 0.06482
0 0.39819 0.76666 0.14616 0.04321
0 0.53219 0.82633 0.1692 0.0641
0 0.69277 0.88600 0.16007 0.04582
0 0.84717 0.94027 0.11623 0.05447