0 0.16634 0.05581 0.1544 0.06129
0 0.32757 0.11165 0.15237 0.07254
0 0.47777 0.17187 0.1942 0.066
0 0.61932 0.23210 0.10891 0.06691
0 0.81982 0.29233 0.14724 0.07191
0 0.23417 0.35256 0.17367 0.0598
0 0.38801 0.41279 0.19922 0.04639
0 0.53751 0.47302 0.13039 0.04943
0 0.69404 0.53325 0.1503 0.04685
0 0.86781 0.59348 0.15641 0.0488
0 0.17118 0.65370 0.15262 0.048
0 0.31524 0.71393 0.17941 0.05537
0 0.45036 0.77416 0.19531 0.07885
0 0.60018 0.83439 0.18409 0.05088
0 0.79848 0.89462 0.11304 0.05358
0 0.24268 0.94316 0.15298 0.05363
0 0.4035 0.05581 0.20013 0.06519
0 0.55119 0.11165 0.11611 0.05892
0 0.68486 0.17187 0.14062 0.0732
0 0.84282 0.23210 0.13643 0.07109
0 0.16712 0.29233 0.12445 0.04897
0 0.37021 0.35256 0.13961 0.05775
0 0.5151 0.41279 0.11674 0.0636
0 0.64289 0.47302 0.14644 0.05654
0 0.81454 0.53325 0.16504 0.07055
0 0.24166 0.59348 0.16989 0.05202
0 0.39059 0.65370 0.18789 0.07113
0 0.52578 0.71393 0.18093 0.0718
0 0.68507 0.77416 0.1291 0.04293
0 0.83631 0.83439 0.16526 0.04301
0 0.17141 0.89462 0.10878 0.07038
0 0.35317 0.94316 0.15141 0.04352
0 0.47946 0.05581 0.15254 0.05676
0 0.60228 0.11165 0.12942 0.04532
0 0.80215 0.17187 0.11812 0.04496
0 0.23222 0.23210 0.19861 0.05543
0 0.39104 0.29233 0.1518 0.06236
0 0.52521 0.35256 0.11778 0.04993
0 0.69504 0.41279 0.14498 0.07861
0 0.85807 0.47302 0.19939 0.06053
0 0.14049 0.53325 0.19766 0.05784
0 0.32811 0.59348 0.1897 0.06516
0 0.48062 0.65370 0.11422 0.06939
0 0.62367 0.71393 0.12575 0.05104
0 0.81729 0.77416 0.19384 0.07345
0 0.23775 0.83439 0.18217 0.05942
0 0.40985 0.89462 0.1386 0.04538
0 0.53705 0.94316 0.12652 0.06449
0 0.69084 0.05581 0.1898 0.0794
0 0.86831 0.11165 0.16559 0.04345
0 0.15269 0.17187 0.13009 0.07326
0 0.35504 0.23210 0.16742 0.06414
0 0.49747 0.29233 0.11883 0.04681
0 0.64355 0.35256 0.11542 0.04979
0 0.80569 0.41279 0.18921 0.07776
0 0.22646 0.47302 0.1551 0.05847
0 0.40816 0.53325 0.14041 0.06466
0 0.53127 0.59348 0.12296 0.07775
0 0.68828 0.65370 0.11003 0.06135
0 0.83276 0.71393 0.1141 0.06634
0 0.18173 0.77416 0.13152 0.0547
0 0.36694 0.83439 0.11171 0.05741
0 0.50143 0.89462 0.18797 0.06225
0 0.63569 0.94316 0.14444 0.05888
0 0.79953 0.05581 0.15652 0.04846
0 0.23285 0.11165 0.19562 0.07052
0 0.38713 0.17187 0.17229 0.06539
0 0.52081 0.23210 0.1171 0.04646
0 0.68934 0.29233 0.12369 0.05619
0 0.85206 0.35256 0.1779 0.04957
0 0.18572 0.41279 0.198 0.06139
0 0.3408 0.47302 0.17747 0.07796
0 0.49981 0.53325 0.12828 0.04448
0 0.65182 0.59348 0.10858 0.04718
0 0.81408 0.65370 0.16617 0.07221
0 0.23232 0.71393 0.17133 0.07884
0 0.38825 0.77416 0.13938 0.05606
0 0.53619 0.83439 0.15659 0.04633
0 0.70148 0.89462 0.18677 0.05001
0 0.86264 0.94316 0.12813 0.05866