0 0.16687 0.05470 0.13508 0.07917
0 0.31857 0.11074 0.18357 0.04945
0 0.47616 0.17194 0.13337 0.06273
0 0.62202 0.23314 0.13531 0.04964
0 0.803 0.29434 0.17502 0.0436
0 0.23962 0.35554 0.16145 0.07803
0 0.39028 0.41674 0.16522 0.04618
0 0.53919 0.47794 0.1536 0.07164
0 0.68581 0.53914 0.14531 0.07621
0 0.83903 0.60034 0.12941 0.07987
0 0.16443 0.66154 0.1196 0.05511
0 0.32188 0.72274 0.16987 0.05132
0 0.47021 0.78394 0.13374 0.04658
0 0.60592 0.84514 0.11528 0.05552
0 0.82856 0.90634 0.13928 0.06206
0 0.23968 0.94071 0.11884 0.04511
0 0.41293 0.05470 0.12934 0.06902
0 0.54057 0.11074 0.11622 0.05373
0 0.66708 0.17194 0.18484 0.05779
0 0.87112 0.23314 0.10946 0.06943
0 0.16536 0.29434 0.11315 0.07603
0 0.36719 0.35554 0.13551 0.07539
0 0.5132 0.41674 0.15483 0.07266
0 0.6463 0.47794 0.16821 0.0718
0 0.7835 0.53914 0.14791 0.06784
0 0.23713 0.60034 0.16775 0.07079
0 0.39603 0.66154 0.16993 0.0532
0 0.53684 0.72274 0.18024 0.0647
0 0.68138 0.78394 0.11304 0.0436
0 0.82677 0.84514 0.11889 0.05537
0 0.164 0.90634 0.17395 0.05016
0 0.35632 0.94071 0.17053 0.04636
0 0.4927 0.05470 0.14174 0.06885
0 0.60157 0.11074 0.12369 0.05799
0 0.77847 0.17194 0.16265 0.07465
0 0.23488 0.23314 0.15714 0.04415
0 0.39195 0.29434 0.13292 0.04511
0 0.54239 0.35554 0.12253 0.0548
0 0.66801 0.41674 0.12625 0.0645
0 0.83412 0.47794 0.12949 0.06681
0 0.13743 0.53914 0.18747 0.07584
0 0.32974 0.60034 0.15559 0.07454
0 0.47934 0.66154 0.11584 0.04329
0 0.61572 0.72274 0.18473 0.06199
0 0.80718 0.78394 0.13098 0.05302
0 0.23211 0.84514 0.18722 0.06996
0 0.40276 0.90634 0.16159 0.05576
0 0.54995 0.94071 0.17839 0.06927
0 0.68494 0.05470 0.1526 0.06963
0 0.8413 0.11074 0.1119 0.07844
0 0.15269 0.17194 0.11168 0.0797
0 0.36574 0.23314 0.13034 0.06611
0 0.49433 0.29434 0.16272 0.05363
0 0.62913 0.35554 0.10752 0.05206
0 0.79444 0.41674 0.18371 0.04907
0 0.22163 0.47794 0.1753 0.07362
0 0.39819 0.53914 0.18356 0.06484
0 0.55336 0.60034 0.12276 0.07833
0 0.68603 0.66154 0.14892 0.04778
0 0.84705 0.72274 0.19038 0.06192
0 0.17721 0.78394 0.14092 0.07463
0 0.36201 0.84514 0.13175 0.04308
0 0.51426 0.90634 0.19167 0.07374
0 0.65484 0.94071 0.10712 0.05157
0 0.82814 0.05470 0.17563 0.06262
0 0.23493 0.11074 0.13408 0.04513
0 0.40053 0.17194 0.13091 0.05748
0 0.52206 0.23314 0.14928 0.06135
0 0.66796 0.29434 0.15772 0.07031
0 0.86122 0.35554 0.11368 0.06104
0 0.17839 0.41674 0.11049 0.07042
0 0.3463 0.47794 0.18266 0.0655
0 0.50059 0.53914 0.11586 0.04296
0 0.6714 0.60034 0.13419 0.07688
0 0.81743 0.66154 0.1186 0.071
0 0.23878 0.72274 0.1148 0.05247
0 0.38774 0.78394 0.19754 0.05266
0 0.54166 0.84514 0.17159 0.04964
0 0.70004 0.90634 0.19152 0.0573
0 0.86004 0.94071 0.19157 0.06815