0 0.17011 0.05587 0.16446 0.05819
0 0.31627 0.11197 0.19238 0.04651
0 0.47975 0.17179 0.12562 0.05805
0 0.63391 0.23161 0.11087 0.07683
0 0.79605 0.29143 0.17235 0.06369
0 0.24139 0.35125 0.12112 0.07239
0 0.39037 0.41106 0.16933 0.05405
0 0.55004 0.47088 0.11251 0.04604
0 0.69087 0.53070 0.10887 0.04541
0 0.83989 0.59052 0.18541 0.06352
0 0.17085 0.65034 0.17715 0.05597
0 0.32296 0.71016 0.11529 0.0728
0 0.45449 0.76998 0.12572 0.04418
0 0.61722 0.82980 0.11426 0.06611
0 0.79485 0.88962 0.18769 0.05521
0 0.23202 0.95561 0.10838 0.04266
0 0.39887 0.05587 0.12978 0.07715
0 0.53705 0.11197 0.16411 0.04963
0 0.68875 0.17179 0.15023 0.0649
0 0.83958 0.23161 0.17568 0.07273
0 0.16891 0.29143 0.12447 0.05099
0 0.36583 0.35125 0.15776 0.07495
0 0.51141 0.41106 0.14935 0.07616
0 0.65822 0.47088 0.19765 0.05221
0 0.8017 0.53070 0.13663 0.07271
0 0.23925 0.59052 0.12517 0.05541
0 0.3909 0.65034 0.15955 0.04782
0 0.51805 0.71016 0.15162 0.07193
0 0.67878 0.76998 0.13364 0.07565
0 0.84945 0.82980 0.14426 0.07374
0 0.1702 0.88962 0.15347 0.05689
0 0.34692 0.95561 0.18052 0.04986
0 0.48498 0.05587 0.11486 0.06174
0 0.60899 0.11197 0.12506 0.0529
0 0.80364 0.17179 0.1084 0.04632
0 0.23592 0.23161 0.17031 0.04958
0 0.38172 0.29143 0.1754 0.04731
0 0.52927 0.35125 0.12016 0.0515
0 0.67645 0.41106 0.13528 0.06367
0 0.83068 0.47088 0.13735 0.06989
0 0.13647 0.53070 0.12366 0.07096
0 0.33567 0.59052 0.1709 0.04796
0 0.48565 0.65034 0.1593 0.04699
0 0.6437 0.71016 0.15737 0.0487
0 0.81078 0.76998 0.19408 0.05896
0 0.24185 0.82980 0.10903 0.05362
0 0.41115 0.88962 0.16851 0.06289
0 0.53963 0.95561 0.17915 0.07729
0 0.676 0.05587 0.16715 0.05195
0 0.84205 0.11197 0.19891 0.06504
0 0.15549 0.17179 0.19611 0.05153
0 0.37156 0.23161 0.17685 0.05522
0 0.50606 0.29143 0.11519 0.06748
0 0.65334 0.35125 0.15029 0.04457
0 0.82389 0.41106 0.11589 0.07973
0 0.22399 0.47088 0.14115 0.07652
0 0.39982 0.53070 0.11264 0.07237
0 0.54103 0.59052 0.19203 0.04562
0 0.68549 0.65034 0.16263 0.07743
0 0.83218 0.71016 0.19858 0.0634
0 0.17997 0.76998 0.19212 0.05345
0 0.36838 0.82980 0.15324 0.0429
0 0.50234 0.88962 0.11053 0.0582
0 0.63438 0.95561 0.1715 0.08012
0 0.80091 0.05587 0.11305 0.06783
0 0.24103 0.11197 0.15626 0.06316
0 0.39261 0.17179 0.16559 0.07154
0 0.52762 0.23161 0.18589 0.05448
0 0.67072 0.29143 0.16487 0.06842
0 0.87249 0.35125 0.11321 0.05619
0 0.17699 0.41106 0.13433 0.04519
0 0.34464 0.47088 0.18934 0.07704
0 0.50676 0.53070 0.17522 0.0463
0 0.66 0.59052 0.16175 0.07065
0 0.80644 0.65034 0.16526 0.072
0 0.23883 0.71016 0.1777 0.05574
0 0.38188 0.76998 0.12939 0.04322
0 0.54291 0.82980 0.1269 0.04305
0 0.69195 0.88962 0.13261 0.05521
0 0.86406 0.95561 0.17937 0.0696