0 0.16514 0.05529 0.13325 0.06397
0 0.31781 0.11134 0.10995 0.06025
0 0.48588 0.17238 0.19065 0.05593
0 0.62175 0.23342 0.1248 0.05959
0 0.79083 0.29446 0.19339 0.07123
0 0.23522 0.35551 0.19094 0.0766
0 0.38824 0.41655 0.20007 0.06232
0 0.54669 0.47759 0.1866 0.05393
0 0.68647 0.53863 0.17311 0.06173
0 0.83287 0.59967 0.14499 0.07699
0 0.16438 0.66072 0.10737 0.07167
0 0.32409 0.72176 0.15865 0.07106
0 0.45886 0.78280 0.18512 0.07281
0 0.62101 0.84384 0.11509 0.07261
0 0.8153 0.90488 0.11416 0.0628
0 0.23875 0.93860 0.17802 0.05505
0 0.39749 0.05529 0.16341 0.044
0 0.54033 0.11134 0.10812 0.04601
0 0.6978 0.17238 0.14101 0.04836
0 0.83336 0.23342 0.10995 0.07602
0 0.16568 0.29446 0.12391 0.06117
0 0.37134 0.35551 0.1067 0.054
0 0.51721 0.41655 0.1855 0.06787
0 0.6599 0.47759 0.19783 0.0685
0 0.79113 0.53863 0.14351 0.04331
0 0.23281 0.59967 0.16954 0.07987
0 0.39297 0.66072 0.1737 0.04993
0 0.52851 0.72176 0.19097 0.05034
0 0.67858 0.78280 0.13573 0.04809
0 0.81785 0.84384 0.17535 0.07685
0 0.17161 0.90488 0.12683 0.04945
0 0.34544 0.93860 0.14288 0.06379
0 0.47991 0.05529 0.12262 0.06189
0 0.62835 0.11134 0.18592 0.07631
0 0.79569 0.17238 0.14776 0.07649
0 0.24293 0.23342 0.18251 0.07723
0 0.39758 0.29446 0.14017 0.04547
0 0.54353 0.35551 0.19877 0.07272
0 0.68931 0.41655 0.13928 0.04317
0 0.83542 0.47759 0.1123 0.07648
0 0.13771 0.53863 0.15444 0.07469
0 0.33041 0.59967 0.1845 0.04923
0 0.49915 0.66072 0.1733 0.05776
0 0.63069 0.72176 0.12672 0.04465
0 0.81659 0.78280 0.19723 0.04598
0 0.2397 0.84384 0.18378 0.06263
0 0.40801 0.90488 0.13202 0.06939
0 0.55747 0.93860 0.15741 0.05034
0 0.67623 0.05529 0.16326 0.06265
0 0.83433 0.11134 0.12714 0.06836
0 0.15436 0.17238 0.1628 0.07738
0 0.35814 0.23342 0.18535 0.0757
0 0.51216 0.29446 0.14923 0.06673
0 0.63058 0.35551 0.15816 0.07423
0 0.82577 0.41655 0.17033 0.0596
0 0.21805 0.47759 0.13467 0.05389
0 0.40508 0.53863 0.19424 0.05094
0 0.5442 0.59967 0.18791 0.06886
0 0.6966 0.66072 0.16336 0.06829
0 0.84434 0.72176 0.1127 0.04335
0 0.18492 0.78280 0.16492 0.06715
0 0.35691 0.84384 0.1175 0.07549
0 0.49512 0.90488 0.14808 0.07738
0 0.63049 0.93860 0.1729 0.07129
0 0.80871 0.05529 0.12172 0.05153
0 0.2419 0.11134 0.18449 0.08006
0 0.38377 0.17238 0.18158 0.05441
0 0.54327 0.23342 0.16509 0.06276
0 0.69277 0.29446 0.19284 0.07957
0 0.87092 0.35551 0.19069 0.05115
0 0.17724 0.41655 0.18796 0.05497
0 0.34883 0.47759 0.11113 0.04482
0 0.49552 0.53863 0.19662 0.0727
0 0.6486 0.59967 0.15244 0.06275
0 0.8226 0.66072 0.13294 0.05071
0 0.23252 0.72176 0.14716 0.07887
0 0.38191 0.78280 0.17747 0.0493
0 0.53605 0.84384 0.11689 0.07099
0 0.70392 0.90488 0.158 0.07594
0 0.85632 0.93860 0.19472 0.05812