0 0.16573 0.05464 0.18914 0.06096
0 0.32245 0.11144 0.12574 0.07777
0 0.47465 0.17120 0.14485 0.07065
0 0.62427 0.23096 0.18265 0.06429
0 0.82878 0.29072 0.17431 0.04994
0 0.23303 0.35049 0.1642 0.06437
0 0.39085 0.41025 0.18732 0.06277
0 0.54894 0.47001 0.18536 0.0499
0 0.71017 0.52977 0.15154 0.07187
0 0.87033 0.58954 0.15034 0.06771
0 0.1703 0.64930 0.17146 0.04492
0 0.3213 0.70906 0.17752 0.04494
0 0.47107 0.76882 0.10901 0.06367
0 0.61829 0.82859 0.12138 0.06487
0 0.79976 0.88835 0.16962 0.06955
0 0.24066 0.94033 0.13733 0.05993
0 0.39661 0.05464 0.14686 0.07767
0 0.54909 0.11144 0.16582 0.06608
0 0.6873 0.17120 0.10651 0.06339
0 0.83785 0.23096 0.15292 0.06876
0 0.16779 0.29072 0.1425 0.05189
0 0.36737 0.35049 0.15647 0.05591
0 0.50917 0.41025 0.1716 0.05959
0 0.65906 0.47001 0.18007 0.07212
0 0.80097 0.52977 0.11188 0.07646
0 0.23632 0.58954 0.19125 0.0674
0 0.39449 0.64930 0.16277 0.05543
0 0.53285 0.70906 0.1732 0.07935
0 0.65521 0.76882 0.11881 0.06356
0 0.8468 0.82859 0.16382 0.05535
0 0.17014 0.88835 0.18142 0.06574
0 0.34223 0.94033 0.18213 0.04969
0 0.4849 0.05464 0.11036 0.06832
0 0.60098 0.11144 0.13369 0.07054
0 0.78788 0.17120 0.11852 0.08009
0 0.23268 0.23096 0.10624 0.04937
0 0.40016 0.29072 0.12688 0.04353
0 0.52716 0.35049 0.14907 0.05113
0 0.67954 0.41025 0.10876 0.04663
0 0.84735 0.47001 0.18829 0.06459
0 0.13954 0.52977 0.1135 0.05206
0 0.3301 0.58954 0.16474 0.04622
0 0.47789 0.64930 0.1156 0.06497
0 0.62867 0.70906 0.14694 0.06977
0 0.81668 0.76882 0.15578 0.0655
0 0.23795 0.82859 0.18468 0.06867
0 0.40264 0.88835 0.11342 0.06209
0 0.54492 0.94033 0.16021 0.06667
0 0.66751 0.05464 0.13059 0.0666
0 0.85124 0.11144 0.18954 0.04312
0 0.15689 0.17120 0.12397 0.06975
0 0.35903 0.23096 0.11132 0.05551
0 0.50753 0.29072 0.15402 0.07014
0 0.63979 0.35049 0.1363 0.05689
0 0.81029 0.41025 0.18914 0.05812
0 0.22559 0.47001 0.19296 0.05332
0 0.40523 0.52977 0.14304 0.05663
0 0.5463 0.58954 0.13216 0.06755
0 0.68363 0.64930 0.13303 0.07791
0 0.84567 0.70906 0.12147 0.04415
0 0.18569 0.76882 0.15745 0.04677
0 0.36832 0.82859 0.17499 0.05414
0 0.494 0.88835 0.17551 0.0496
0 0.63057 0.94033 0.18271 0.04589
0 0.80519 0.05464 0.12324 0.04445
0 0.24012 0.11144 0.14071 0.05923
0 0.3985 0.17120 0.19105 0.05865
0 0.52663 0.23096 0.19258 0.04276
0 0.67558 0.29072 0.17485 0.07272
0 0.85652 0.35049 0.13211 0.05193
0 0.18503 0.41025 0.16361 0.04505
0 0.34805 0.47001 0.19441 0.07746
0 0.50578 0.52977 0.17838 0.07171
0 0.65641 0.58954 0.1347 0.05964
0 0.80077 0.64930 0.15695 0.06766
0 0.23792 0.70906 0.15777 0.05396
0 0.39249 0.76882 0.16772 0.06515
0 0.55596 0.82859 0.13362 0.06764
0 0.6928 0.88835 0.14173 0.07853
0 0.84495 0.94033 0.18087 0.07566