0 0.16544 0.05499 0.11344 0.04602
0 0.32515 0.10894 0.11441 0.04962
0 0.46858 0.16859 0.10753 0.0712
0 0.64333 0.22823 0.19603 0.05053
0 0.80373 0.28788 0.15774 0.04419
0 0.24224 0.34752 0.1632 0.04916
0 0.39977 0.40717 0.10727 0.05891
0 0.55661 0.46682 0.15784 0.06888
0 0.70152 0.52646 0.15376 0.05889
0 0.84056 0.58611 0.18178 0.05497
0 0.16487 0.64576 0.15407 0.06075
0 0.3156 0.70540 0.17752 0.04284
0 0.46625 0.76505 0.19836 0.04446
0 0.61145 0.82469 0.19218 0.0559
0 0.79843 0.88434 0.1367 0.07143
0 0.23957 0.96480 0.15787 0.06559
0 0.40376 0.05499 0.18628 0.06445
0 0.54828 0.10894 0.1743 0.069
0 0.69476 0.16859 0.17517 0.06167
0 0.86826 0.22823 0.19482 0.06416
0 0.17072 0.28788 0.16954 0.07884
0 0.35974 0.34752 0.15211 0.04799
0 0.50882 0.40717 0.13842 0.07167
0 0.64149 0.46682 0.18793 0.06843
0 0.80969 0.52646 0.13831 0.04689
0 0.24108 0.58611 0.13911 0.07105
0 0.38331 0.64576 0.12717 0.055
0 0.54266 0.70540 0.11247 0.06795
0 0.68007 0.76505 0.19445 0.05743
0 0.81995 0.82469 0.13436 0.04746
0 0.16918 0.88434 0.19298 0.06568
0 0.35417 0.96480 0.12695 0.07246
0 0.484 0.05499 0.1486 0.06462
0 0.61802 0.10894 0.12774 0.06372
0 0.78044 0.16859 0.15092 0.04925
0 0.23236 0.22823 0.13165 0.06172
0 0.38519 0.28788 0.13942 0.07881
0 0.52128 0.34752 0.14035 0.06307
0 0.69683 0.40717 0.16802 0.06333
0 0.8331 0.46682 0.13243 0.04974
0 0.14084 0.52646 0.11172 0.05259
0 0.33759 0.58611 0.14085 0.07748
0 0.48321 0.64576 0.13081 0.04631
0 0.63837 0.70540 0.14572 0.04935
0 0.82465 0.76505 0.12492 0.05159
0 0.2348 0.82469 0.17978 0.07051
0 0.40283 0.88434 0.11861 0.05163
0 0.55287 0.96480 0.13833 0.05794
0 0.66864 0.05499 0.13566 0.05241
0 0.83437 0.10894 0.18893 0.06016
0 0.15213 0.16859 0.15777 0.05692
0 0.3702 0.22823 0.11141 0.0503
0 0.5044 0.28788 0.18269 0.04534
0 0.63157 0.34752 0.1682 0.07791
0 0.79268 0.40717 0.11711 0.06212
0 0.22385 0.46682 0.13241 0.053
0 0.41151 0.52646 0.1561 0.05815
0 0.53469 0.58611 0.17511 0.0524
0 0.69767 0.64576 0.18398 0.06221
0 0.84687 0.70540 0.1277 0.05773
0 0.17794 0.76505 0.19305 0.0633
0 0.35936 0.82469 0.14071 0.05264
0 0.51325 0.88434 0.10965 0.07231
0 0.62934 0.96480 0.16724 0.04363
0 0.81939 0.05499 0.18317 0.06809
0 0.23643 0.10894 0.14576 0.07533
0 0.38675 0.16859 0.18196 0.07983
0 0.52431 0.22823 0.12557 0.07247
0 0.70069 0.28788 0.1354 0.06696
0 0.84362 0.34752 0.18834 0.06261
0 0.17922 0.40717 0.16138 0.05326
0 0.348 0.46682 0.17695 0.04614
0 0.51225 0.52646 0.17725 0.06467
0 0.64223 0.58611 0.10871 0.07691
0 0.80216 0.64576 0.16662 0.05643
0 0.24224 0.70540 0.17139 0.05314
0 0.38649 0.76505 0.12796 0.05083
0 0.54773 0.82469 0.13345 0.04443
0 0.69763 0.88434 0.12545 0.0763
0 0.85173 0.96480 0.18556 0.04995