0 0.16945 0.05487 0.12255 0.06778
0 0.31993 0.10988 0.11914 0.0587
0 0.47916 0.16957 0.16253 0.06861
0 0.64204 0.22926 0.19102 0.05211
0 0.82103 0.28895 0.19463 0.04279
0 0.23972 0.34864 0.12692 0.0625
0 0.38324 0.40833 0.15157 0.05296
0 0.54139 0.46802 0.14152 0.07811
0 0.70107 0.52771 0.15545 0.07661
0 0.84974 0.58740 0.13104 0.05724
0 0.16375 0.64709 0.11251 0.04336
0 0.31671 0.70678 0.1472 0.06775
0 0.46828 0.76647 0.12246 0.074
0 0.59937 0.82616 0.10853 0.07906
0 0.82423 0.88585 0.19607 0.04457
0 0.23231 0.94413 0.14666 0.05941
0 0.4082 0.05487 0.19672 0.06439
0 0.54438 0.10988 0.17795 0.06832
0 0.67436 0.16957 0.10676 0.06956
0 0.85449 0.22926 0.17018 0.06694
0 0.16435 0.28895 0.17262 0.06984
0 0.36601 0.34864 0.16689 0.05653
0 0.51902 0.40833 0.15814 0.06436
0 0.64155 0.46802 0.12663 0.04681
0 0.77806 0.52771 0.17889 0.0446
0 0.23319 0.58740 0.12756 0.07938
0 0.38149 0.64709 0.14103 0.05317
0 0.52871 0.70678 0.19006 0.06486
0 0.68107 0.76647 0.18681 0.07871
0 0.84239 0.82616 0.14401 0.04943
0 0.16767 0.88585 0.13605 0.04971
0 0.35528 0.94413 0.16345 0.05531
0 0.47876 0.05487 0.19188 0.07761
0 0.62663 0.10988 0.19178 0.05716
0 0.78011 0.16957 0.16184 0.05273
0 0.23749 0.22926 0.13742 0.04816
0 0.38389 0.28895 0.18649 0.0574
0 0.53198 0.34864 0.14778 0.05656
0 0.6671 0.40833 0.19133 0.04737
0 0.84861 0.46802 0.10919 0.05883
0 0.142 0.52771 0.15626 0.04588
0 0.34195 0.58740 0.17362 0.06561
0 0.50038 0.64709 0.12297 0.04284
0 0.62829 0.70678 0.13779 0.06405
0 0.80038 0.76647 0.12376 0.07221
0 0.23258 0.82616 0.13642 0.0513
0 0.40495 0.88585 0.14414 0.05932
0 0.54669 0.94413 0.15779 0.0639
0 0.6929 0.05487 0.11066 0.04474
0 0.83379 0.10988 0.15818 0.06114
0 0.15478 0.16957 0.13198 0.06665
0 0.36322 0.22926 0.12884 0.05077
0 0.49428 0.28895 0.12899 0.07399
0 0.65609 0.34864 0.1206 0.07905
0 0.81323 0.40833 0.19624 0.07435
0 0.22267 0.46802 0.19428 0.06151
0 0.41369 0.52771 0.18326 0.05294
0 0.5486 0.58740 0.17473 0.07058
0 0.68232 0.64709 0.12264 0.05136
0 0.86585 0.70678 0.14004 0.07853
0 0.18175 0.76647 0.12387 0.06582
0 0.36389 0.82616 0.10618 0.06506
0 0.507 0.88585 0.1359 0.04894
0 0.63784 0.94413 0.17203 0.04583
0 0.79908 0.05487 0.16502 0.05205
0 0.23822 0.10988 0.15727 0.07481
0 0.39797 0.16957 0.14746 0.07678
0 0.52796 0.22926 0.13316 0.06881
0 0.67078 0.28895 0.15336 0.06977
0 0.84908 0.34864 0.17787 0.0511
0 0.17965 0.40833 0.17795 0.06415
0 0.34725 0.46802 0.16038 0.073
0 0.51083 0.52771 0.17656 0.05766
0 0.6529 0.58740 0.16693 0.0797
0 0.80516 0.64709 0.11768 0.04582
0 0.23564 0.70678 0.15362 0.05453
0 0.38384 0.76647 0.13881 0.06171
0 0.53788 0.82616 0.11475 0.04471
0 0.68357 0.88585 0.12001 0.06979
0 0.84847 0.94413 0.12475 0.06342