0 0.16761 0.05543 0.12044 0.06488
0 0.32781 0.11050 0.15467 0.04491
0 0.46606 0.17071 0.17043 0.05753
0 0.64058 0.23091 0.14036 0.07203
0 0.82577 0.29112 0.18739 0.07464
0 0.23877 0.35132 0.13925 0.05549
0 0.3985 0.41153 0.11997 0.07224
0 0.55017 0.47173 0.19281 0.07616
0 0.71427 0.53194 0.19769 0.07511
0 0.84638 0.59214 0.12093 0.06846
0 0.16996 0.65235 0.1992 0.057
0 0.31879 0.71255 0.11588 0.05121
0 0.46773 0.77276 0.16768 0.07126
0 0.62296 0.83296 0.15626 0.05203
0 0.79046 0.89317 0.10696 0.04246
0 0.23408 0.93987 0.18909 0.05446
0 0.41425 0.05543 0.1181 0.0759
0 0.54881 0.11050 0.13744 0.07738
0 0.67472 0.17071 0.13532 0.05983
0 0.83568 0.23091 0.11856 0.06526
0 0.16945 0.29112 0.19309 0.05472
0 0.36564 0.35132 0.13626 0.06603
0 0.51236 0.41153 0.17847 0.06443
0 0.64628 0.47173 0.11202 0.0429
0 0.79725 0.53194 0.11744 0.04311
0 0.23788 0.59214 0.12334 0.06401
0 0.38737 0.65235 0.19536 0.04977
0 0.5187 0.71255 0.12435 0.05859
0 0.67451 0.77276 0.16224 0.07374
0 0.84548 0.83296 0.18481 0.07416
0 0.16474 0.89317 0.16149 0.06035
0 0.34956 0.93987 0.14139 0.05314
0 0.50017 0.05543 0.19352 0.06008
0 0.60865 0.11050 0.18775 0.04391
0 0.77966 0.17071 0.18074 0.04315
0 0.23424 0.23091 0.1495 0.05791
0 0.38928 0.29112 0.19529 0.07296
0 0.52383 0.35132 0.1532 0.05311
0 0.67496 0.41153 0.10794 0.05943
0 0.8499 0.47173 0.13446 0.05301
0 0.14186 0.53194 0.19358 0.07942
0 0.33665 0.59214 0.12853 0.05384
0 0.48006 0.65235 0.13048 0.07317
0 0.62842 0.71255 0.16278 0.0455
0 0.79666 0.77276 0.13776 0.07618
0 0.23738 0.83296 0.15076 0.05188
0 0.40959 0.89317 0.15607 0.05199
0 0.53956 0.93987 0.11965 0.06825
0 0.69522 0.05543 0.17886 0.06388
0 0.85795 0.11050 0.17101 0.05049
0 0.1549 0.17071 0.18853 0.07713
0 0.37158 0.23091 0.18339 0.04832
0 0.49091 0.29112 0.14668 0.05552
0 0.63664 0.35132 0.11904 0.07408
0 0.79495 0.41153 0.16531 0.05481
0 0.22159 0.47173 0.19085 0.06047
0 0.39553 0.53194 0.1789 0.06605
0 0.53768 0.59214 0.19055 0.05651
0 0.68687 0.65235 0.19783 0.07054
0 0.8563 0.71255 0.12777 0.0766
0 0.18541 0.77276 0.19779 0.07945
0 0.36432 0.83296 0.12032 0.07501
0 0.4972 0.89317 0.19225 0.07656
0 0.62614 0.93987 0.13473 0.04488
0 0.81922 0.05543 0.18974 0.07361
0 0.23305 0.11050 0.11433 0.04996
0 0.39791 0.17071 0.18386 0.07703
0 0.51971 0.23091 0.13564 0.05922
0 0.68606 0.29112 0.16537 0.06409
0 0.83168 0.35132 0.15014 0.04855
0 0.18344 0.41153 0.1908 0.05685
0 0.34551 0.47173 0.18683 0.06802
0 0.51423 0.53194 0.10966 0.07692
0 0.66724 0.59214 0.17903 0.04884
0 0.79272 0.65235 0.15064 0.07671
0 0.23829 0.71255 0.12116 0.06605
0 0.38843 0.77276 0.1752 0.05784
0 0.53651 0.83296 0.1106 0.04821
0 0.69675 0.89317 0.19697 0.07786
0 0.84266 0.93987 0.16203 0.06978