0 0.1637 0.05541 0.16294 0.0702
0 0.32864 0.11209 0.14919 0.07358
0 0.47228 0.17314 0.12512 0.06741
0 0.62524 0.23419 0.19369 0.06922
0 0.81921 0.29524 0.10767 0.0531
0 0.2343 0.35630 0.12339 0.06294
0 0.38584 0.41735 0.19936 0.0694
0 0.54765 0.47840 0.18084 0.07725
0 0.71129 0.53945 0.12578 0.06518
0 0.84038 0.60050 0.18584 0.0582
0 0.16612 0.66155 0.19416 0.04453
0 0.32254 0.72260 0.1162 0.07844
0 0.45085 0.78366 0.12038 0.05628
0 0.62085 0.84471 0.15732 0.04688
0 0.80467 0.90576 0.18637 0.06762
0 0.24225 0.96075 0.14998 0.0499
0 0.40736 0.05541 0.1536 0.05216
0 0.54464 0.11209 0.20002 0.05574
0 0.6901 0.17314 0.1239 0.0568
0 0.83362 0.23419 0.13203 0.06082
0 0.16387 0.29524 0.14157 0.06971
0 0.35663 0.35630 0.11028 0.07504
0 0.51848 0.41735 0.11717 0.06185
0 0.65608 0.47840 0.15246 0.0777
0 0.78223 0.53945 0.13496 0.06909
0 0.23345 0.60050 0.12683 0.06048
0 0.38442 0.66155 0.10915 0.05616
0 0.52716 0.72260 0.10761 0.06629
0 0.66347 0.78366 0.13695 0.06619
0 0.83472 0.84471 0.15289 0.07624
0 0.17072 0.90576 0.17983 0.0696
0 0.34672 0.96075 0.13739 0.05505
0 0.47823 0.05541 0.18155 0.07428
0 0.61958 0.11209 0.18874 0.06182
0 0.81359 0.17314 0.13599 0.07212
0 0.23716 0.23419 0.17172 0.0578
0 0.38367 0.29524 0.19316 0.07495
0 0.53785 0.35630 0.18993 0.06829
0 0.67877 0.41735 0.16256 0.061
0 0.83225 0.47840 0.1171 0.07007
0 0.13734 0.53945 0.11911 0.04579
0 0.32885 0.60050 0.139 0.04765
0 0.48746 0.66155 0.11294 0.06855
0 0.64084 0.72260 0.1527 0.06955
0 0.80492 0.78366 0.11225 0.07507
0 0.24258 0.84471 0.17446 0.05464
0 0.41392 0.90576 0.17612 0.06126
0 0.55756 0.96075 0.14599 0.06753
0 0.68388 0.05541 0.1482 0.04571
0 0.83153 0.11209 0.16239 0.0715
0 0.15625 0.17314 0.13359 0.07292
0 0.35393 0.23419 0.16866 0.06056
0 0.50891 0.29524 0.1164 0.05594
0 0.63451 0.35630 0.11626 0.07783
0 0.82498 0.41735 0.12881 0.05031
0 0.22285 0.47840 0.14094 0.04609
0 0.40178 0.53945 0.11588 0.06365
0 0.54965 0.60050 0.12266 0.04874
0 0.6963 0.66155 0.12981 0.07029
0 0.85836 0.72260 0.1901 0.07844
0 0.18259 0.78366 0.17562 0.05089
0 0.36233 0.84471 0.15143 0.05322
0 0.4922 0.90576 0.16277 0.05164
0 0.64802 0.96075 0.10746 0.06065
0 0.7962 0.05541 0.12654 0.05005
0 0.24124 0.11209 0.14118 0.05473
0 0.39158 0.17314 0.17206 0.04811
0 0.53538 0.23419 0.1577 0.05984
0 0.69217 0.29524 0.19527 0.06716
0 0.85341 0.35630 0.19576 0.04533
0 0.18212 0.41735 0.16969 0.05565
0 0.34728 0.47840 0.1551 0.05045
0 0.49872 0.53945 0.12223 0.07547
0 0.64594 0.60050 0.10897 0.06332
0 0.82096 0.66155 0.10943 0.07577
0 0.23909 0.72260 0.18951 0.05584
0 0.3903 0.78366 0.12797 0.07962
0 0.54781 0.84471 0.11063 0.07341
0 0.68067 0.90576 0.12044 0.07489
0 0.86484 0.96075 0.13988 0.04882