0 0.16943 0.05494 0.19496 0.06819
0 0.32861 0.10990 0.19681 0.06765
0 0.48146 0.17075 0.14272 0.04749
0 0.62688 0.23160 0.16046 0.07611
0 0.82025 0.29244 0.18311 0.04882
0 0.24287 0.35329 0.11328 0.06295
0 0.38609 0.41414 0.18765 0.04373
0 0.55563 0.47499 0.12317 0.07315
0 0.69217 0.53584 0.18476 0.06487
0 0.83796 0.59668 0.18536 0.05773
0 0.16695 0.65753 0.15402 0.06671
0 0.3252 0.71838 0.15509 0.05624
0 0.47017 0.77923 0.14066 0.08014
0 0.61422 0.84008 0.19314 0.06905
0 0.80454 0.90092 0.17208 0.04985
0 0.2405 0.93861 0.19947 0.07371
0 0.39854 0.05494 0.19742 0.05383
0 0.54375 0.10990 0.11481 0.06215
0 0.68672 0.17075 0.14101 0.06599
0 0.8666 0.23160 0.15605 0.04261
0 0.16893 0.29244 0.11366 0.07167
0 0.35738 0.35329 0.17247 0.05044
0 0.5276 0.41414 0.13878 0.05012
0 0.65927 0.47499 0.11665 0.0724
0 0.80172 0.53584 0.19487 0.0526
0 0.23582 0.59668 0.12561 0.07376
0 0.38749 0.65753 0.10699 0.08004
0 0.51807 0.71838 0.18795 0.05734
0 0.66795 0.77923 0.17005 0.07635
0 0.85088 0.84008 0.12225 0.06245
0 0.16877 0.90092 0.12272 0.04553
0 0.35754 0.93861 0.19053 0.05821
0 0.49097 0.05494 0.1137 0.04314
0 0.61474 0.10990 0.11284 0.07642
0 0.77869 0.17075 0.10828 0.05657
0 0.23922 0.23160 0.16004 0.04287
0 0.38909 0.29244 0.13674 0.06133
0 0.52408 0.35329 0.15556 0.05915
0 0.69293 0.41414 0.14396 0.07457
0 0.85336 0.47499 0.16539 0.06132
0 0.13992 0.53584 0.16562 0.04666
0 0.33419 0.59668 0.13837 0.07227
0 0.49912 0.65753 0.19626 0.07768
0 0.61511 0.71838 0.13749 0.0747
0 0.80427 0.77923 0.16933 0.04827
0 0.23178 0.84008 0.10853 0.04549
0 0.39565 0.90092 0.18731 0.06612
0 0.54818 0.93861 0.13767 0.04608
0 0.6843 0.05494 0.19281 0.04369
0 0.85408 0.10990 0.12927 0.05463
0 0.15187 0.17075 0.11339 0.06675
0 0.36614 0.23160 0.13279 0.06446
0 0.50567 0.29244 0.13463 0.06778
0 0.64876 0.35329 0.16472 0.07232
0 0.81423 0.41414 0.16092 0.05676
0 0.22277 0.47499 0.17134 0.04542
0 0.40937 0.53584 0.1196 0.0588
0 0.55751 0.59668 0.13888 0.07205
0 0.68513 0.65753 0.16484 0.05392
0 0.86331 0.71838 0.18705 0.07011
0 0.1859 0.77923 0.15053 0.04621
0 0.36538 0.84008 0.17119 0.04894
0 0.49683 0.90092 0.11491 0.07731
0 0.64538 0.93861 0.1115 0.07216
0 0.81506 0.05494 0.18387 0.0718
0 0.24214 0.10990 0.11463 0.07551
0 0.39308 0.17075 0.12552 0.07673
0 0.54212 0.23160 0.18085 0.07751
0 0.67565 0.29244 0.17034 0.05766
0 0.83867 0.35329 0.15038 0.05333
0 0.18095 0.41414 0.19071 0.07142
0 0.35551 0.47499 0.14458 0.07802
0 0.49871 0.53584 0.16815 0.05296
0 0.64323 0.59668 0.19643 0.05642
0 0.82025 0.65753 0.13452 0.05273
0 0.24197 0.71838 0.17441 0.06028
0 0.38478 0.77923 0.17696 0.07865
0 0.54907 0.84008 0.12357 0.04626
0 0.69847 0.90092 0.15965 0.06282
0 0.86679 0.93861 0.11183 0.05402