0 0.16468 0.05573 0.18256 0.05886
0 0.32827 0.11038 0.16132 0.05741
0 0.47858 0.17180 0.14089 0.07152
0 0.61412 0.23322 0.13131 0.05523
0 0.81381 0.29464 0.13242 0.06729
0 0.23983 0.35607 0.13517 0.05896
0 0.38228 0.41749 0.14269 0.04586
0 0.5429 0.47891 0.13434 0.07996
0 0.70767 0.54033 0.12188 0.04514
0 0.85227 0.60175 0.1969 0.04746
0 0.16474 0.66317 0.16284 0.06015
0 0.31922 0.72460 0.12666 0.06193
0 0.46828 0.78602 0.1817 0.07098
0 0.62772 0.84744 0.16996 0.05559
0 0.81354 0.90886 0.18738 0.06701
0 0.23602 0.94380 0.18212 0.07814
0 0.39833 0.05573 0.10903 0.05697
0 0.55603 0.11038 0.19441 0.07297
0 0.69747 0.17180 0.17252 0.07703
0 0.83073 0.23322 0.14983 0.04391
0 0.16477 0.29464 0.13793 0.04447
0 0.35726 0.35607 0.13728 0.07665
0 0.52361 0.41749 0.17131 0.07989
0 0.64761 0.47891 0.13642 0.06892
0 0.80697 0.54033 0.12423 0.04772
0 0.23883 0.60175 0.17409 0.06181
0 0.39587 0.66317 0.19418 0.06361
0 0.52498 0.72460 0.163 0.05396
0 0.65815 0.78602 0.16524 0.06242
0 0.85086 0.84744 0.18841 0.04822
0 0.17009 0.90886 0.12535 0.04567
0 0.34812 0.94380 0.12964 0.07132
0 0.49585 0.05573 0.1524 0.07697
0 0.62297 0.11038 0.14331 0.04811
0 0.80754 0.17180 0.1881 0.06967
0 0.23255 0.23322 0.11142 0.04253
0 0.38343 0.29464 0.13312 0.05298
0 0.52342 0.35607 0.18434 0.0435
0 0.68633 0.41749 0.17234 0.0656
0 0.8505 0.47891 0.12874 0.05405
0 0.14144 0.54033 0.18934 0.06106
0 0.34233 0.60175 0.16236 0.04991
0 0.47669 0.66317 0.19531 0.07902
0 0.63595 0.72460 0.18198 0.07903
0 0.81306 0.78602 0.14857 0.04252
0 0.23672 0.84744 0.10878 0.04668
0 0.39812 0.90886 0.13871 0.04606
0 0.54312 0.94380 0.17186 0.07382
0 0.68778 0.05573 0.14263 0.05548
0 0.83356 0.11038 0.11705 0.05131
0 0.15716 0.17180 0.17328 0.05206
0 0.37008 0.23322 0.14295 0.0797
0 0.49971 0.29464 0.15003 0.06848
0 0.62964 0.35607 0.14714 0.04928
0 0.79104 0.41749 0.19562 0.07847
0 0.2223 0.47891 0.13064 0.07967
0 0.41227 0.54033 0.14584 0.05536
0 0.54238 0.60175 0.13499 0.0624
0 0.67925 0.66317 0.15373 0.0595
0 0.86303 0.72460 0.12002 0.05528
0 0.17803 0.78602 0.18719 0.07063
0 0.36882 0.84744 0.17094 0.04663
0 0.50528 0.90886 0.16334 0.05309
0 0.63269 0.94380 0.18552 0.06047
0 0.82622 0.05573 0.17561 0.06337
0 0.24266 0.11038 0.18768 0.05768
0 0.38271 0.17180 0.1512 0.05886
0 0.53635 0.23322 0.12448 0.07128
0 0.68982 0.29464 0.13976 0.05214
0 0.85267 0.35607 0.19072 0.07139
0 0.18245 0.41749 0.12756 0.07358
0 0.35703 0.47891 0.18654 0.06872
0 0.49351 0.54033 0.10788 0.07694
0 0.64323 0.60175 0.13822 0.06008
0 0.82062 0.66317 0.15675 0.06824
0 0.24014 0.72460 0.13267 0.06892
0 0.38585 0.78602 0.16333 0.07744
0 0.5535 0.84744 0.10787 0.04899
0 0.71447 0.90886 0.10941 0.07898
0 0.83447 0.94380 0.11576 0.07194