0 0.1706 0.05610 0.14692 0.04906
0 0.31534 0.11074 0.18552 0.05301
0 0.46751 0.17132 0.1651 0.07553
0 0.6319 0.23190 0.13176 0.07538
0 0.82066 0.29248 0.15458 0.06089
0 0.2343 0.35306 0.18983 0.06529
0 0.38829 0.41365 0.1225 0.06949
0 0.54007 0.47423 0.18338 0.04771
0 0.6964 0.53481 0.12315 0.06441
0 0.83751 0.59539 0.11524 0.04978
0 0.16955 0.65597 0.10902 0.04482
0 0.31462 0.71656 0.10703 0.04484
0 0.46957 0.77714 0.19728 0.07787
0 0.6014 0.83772 0.18979 0.06204
0 0.82092 0.89830 0.11075 0.04809
0 0.24141 0.94551 0.16925 0.06681
0 0.4038 0.05610 0.19814 0.06444
0 0.54723 0.11074 0.12683 0.05421
0 0.67901 0.17132 0.11399 0.06777
0 0.86243 0.23190 0.1399 0.0574
0 0.16825 0.29248 0.17519 0.0507
0 0.36493 0.35306 0.16284 0.05151
0 0.52528 0.41365 0.14862 0.057
0 0.65464 0.47423 0.19213 0.04369
0 0.81078 0.53481 0.10637 0.0555
0 0.23722 0.59539 0.15416 0.06325
0 0.39322 0.65597 0.11969 0.06349
0 0.53206 0.71656 0.15364 0.04495
0 0.67739 0.77714 0.15964 0.06437
0 0.83945 0.83772 0.16661 0.06037
0 0.16987 0.89830 0.12558 0.06739
0 0.34803 0.94551 0.13814 0.07207
0 0.49855 0.05610 0.13694 0.04959
0 0.60153 0.11074 0.16405 0.07869
0 0.81537 0.17132 0.1618 0.0626
0 0.23998 0.23190 0.17092 0.07692
0 0.39197 0.29248 0.12176 0.06678
0 0.52099 0.35306 0.16756 0.04821
0 0.69545 0.41365 0.17853 0.04439
0 0.84689 0.47423 0.14338 0.04299
0 0.13901 0.53481 0.14343 0.04983
0 0.33122 0.59539 0.17132 0.06233
0 0.48404 0.65597 0.12847 0.048
0 0.63068 0.71656 0.19553 0.04518
0 0.81721 0.77714 0.11886 0.06335
0 0.24159 0.83772 0.15429 0.07943
0 0.39897 0.89830 0.10997 0.04857
0 0.54456 0.94551 0.13552 0.04833
0 0.68141 0.05610 0.1364 0.0486
0 0.84043 0.11074 0.19547 0.04539
0 0.15551 0.17132 0.12561 0.06952
0 0.36819 0.23190 0.1522 0.05926
0 0.49965 0.29248 0.14799 0.06166
0 0.63627 0.35306 0.18346 0.06525
0 0.80882 0.41365 0.10771 0.07573
0 0.22087 0.47423 0.18041 0.04702
0 0.3979 0.53481 0.15705 0.05337
0 0.54154 0.59539 0.11035 0.04478
0 0.67666 0.65597 0.15451 0.04784
0 0.84057 0.71656 0.14808 0.04499
0 0.18274 0.77714 0.15239 0.04941
0 0.37117 0.83772 0.16828 0.07142
0 0.49466 0.89830 0.15371 0.07628
0 0.65517 0.94551 0.17601 0.06197
0 0.81235 0.05610 0.19505 0.07428
0 0.23367 0.11074 0.18143 0.05105
0 0.3948 0.17132 0.14734 0.05858
0 0.53442 0.23190 0.11458 0.05632
0 0.67824 0.29248 0.19408 0.06868
0 0.85237 0.35306 0.14174 0.07804
0 0.17717 0.41365 0.17762 0.05064
0 0.34066 0.47423 0.18185 0.07082
0 0.50996 0.53481 0.18189 0.06203
0 0.64324 0.59539 0.16224 0.07109
0 0.81719 0.65597 0.13671 0.07565
0 0.24054 0.71656 0.17662 0.05138
0 0.3965 0.77714 0.15099 0.07786
0 0.55005 0.83772 0.15468 0.04345
0 0.71342 0.89830 0.15133 0.0636
0 0.8429 0.94551 0.14604 0.07601