0 0.16532 0.05546 0.11741 0.06688
0 0.31786 0.11088 0.18018 0.08011
0 0.46501 0.17088 0.18502 0.05188
0 0.62934 0.23089 0.12595 0.07989
0 0.80931 0.29089 0.17265 0.07204
0 0.2402 0.35089 0.14761 0.06278
0 0.39698 0.41090 0.13322 0.05675
0 0.53249 0.47090 0.15925 0.07631
0 0.71386 0.53091 0.16139 0.05749
0 0.83266 0.59091 0.15422 0.04412
0 0.16992 0.65091 0.17039 0.04389
0 0.31768 0.71092 0.15095 0.05683
0 0.46005 0.77092 0.18696 0.07921
0 0.60978 0.83093 0.13616 0.05003
0 0.80099 0.89093 0.14973 0.06738
0 0.24147 0.95134 0.13522 0.06929
0 0.40803 0.05546 0.16433 0.04297
0 0.53973 0.11088 0.17838 0.0591
0 0.68475 0.17088 0.18245 0.05365
0 0.86732 0.23089 0.17519 0.06601
0 0.16881 0.29089 0.19028 0.05522
0 0.37103 0.35089 0.10638 0.0736
0 0.51947 0.41090 0.13997 0.0542
0 0.6411 0.47090 0.1937 0.06934
0 0.78672 0.53091 0.15378 0.04501
0 0.23215 0.59091 0.12974 0.04304
0 0.3943 0.65091 0.12092 0.07149
0 0.53428 0.71092 0.12417 0.06783
0 0.68429 0.77092 0.12386 0.04707
0 0.82672 0.83093 0.13835 0.07149
0 0.16629 0.89093 0.13408 0.04616
0 0.34594 0.95134 0.19359 0.05932
0 0.48953 0.05546 0.14289 0.06827
0 0.62208 0.11088 0.16625 0.07227
0 0.80825 0.17088 0.19267 0.05247
0 0.23851 0.23089 0.13544 0.04446
0 0.39108 0.29089 0.16011 0.0724
0 0.54356 0.35089 0.13956 0.05192
0 0.6811 0.41090 0.11787 0.05091
0 0.83161 0.47090 0.1987 0.05723
0 0.13743 0.53091 0.1416 0.04299
0 0.33818 0.59091 0.11016 0.04995
0 0.49488 0.65091 0.12069 0.0566
0 0.62466 0.71092 0.14013 0.065
0 0.79046 0.77092 0.19321 0.07067
0 0.23713 0.83093 0.13373 0.04856
0 0.39581 0.89093 0.16874 0.05695
0 0.54334 0.95134 0.1325 0.04422
0 0.69159 0.05546 0.11696 0.07042
0 0.85722 0.11088 0.18684 0.0656
0 0.15113 0.17088 0.13032 0.07987
0 0.35935 0.23089 0.12183 0.07267
0 0.49895 0.29089 0.1548 0.07485
0 0.63875 0.35089 0.1304 0.06813
0 0.82753 0.41090 0.1692 0.04953
0 0.22247 0.47090 0.12022 0.05901
0 0.41075 0.53091 0.15001 0.05878
0 0.54297 0.59091 0.12269 0.06796
0 0.6788 0.65091 0.1863 0.06891
0 0.87039 0.71092 0.18626 0.06153
0 0.17857 0.77092 0.19943 0.0739
0 0.36659 0.83093 0.18611 0.04913
0 0.50969 0.89093 0.1101 0.05279
0 0.65298 0.95134 0.15689 0.06623
0 0.81314 0.05546 0.16846 0.05759
0 0.23952 0.11088 0.17398 0.06802
0 0.39136 0.17088 0.16381 0.07696
0 0.51944 0.23089 0.18859 0.05928
0 0.69587 0.29089 0.17866 0.07006
0 0.86898 0.35089 0.19846 0.05328
0 0.17856 0.41090 0.12552 0.07074
0 0.35576 0.47090 0.19933 0.05796
0 0.50308 0.53091 0.13444 0.04332
0 0.64661 0.59091 0.2 0.05128
0 0.82422 0.65091 0.15981 0.04466
0 0.23484 0.71092 0.14271 0.05709
0 0.39919 0.77092 0.15252 0.05964
0 0.556 0.83093 0.12358 0.05024
0 0.6938 0.89093 0.12373 0.06279
0 0.83183 0.95134 0.18763 0.05615