0 0.16907 0.05508 0.16232 0.06261
0 0.31785 0.10908 0.12374 0.05028
0 0.4833 0.16968 0.12202 0.07716
0 0.64083 0.23029 0.11956 0.04481
0 0.82883 0.29089 0.12842 0.07743
0 0.23737 0.35150 0.15172 0.05469
0 0.39532 0.41210 0.1559 0.07659
0 0.55412 0.47271 0.16507 0.05339
0 0.68803 0.53331 0.11262 0.04587
0 0.84519 0.59391 0.14536 0.06712
0 0.16442 0.65452 0.19669 0.04687
0 0.31923 0.71512 0.16769 0.07823
0 0.4652 0.77573 0.19733 0.05504
0 0.60151 0.83633 0.14017 0.06283
0 0.82331 0.89694 0.11398 0.05496
0 0.2316 0.95199 0.16459 0.07916
0 0.39894 0.05508 0.14352 0.06943
0 0.55773 0.10908 0.14365 0.06038
0 0.69111 0.16968 0.1824 0.06727
0 0.83557 0.23029 0.14761 0.0782
0 0.1669 0.29089 0.11123 0.07683
0 0.36467 0.35150 0.19823 0.05971
0 0.51307 0.41210 0.15724 0.06771
0 0.64541 0.47271 0.11267 0.04342
0 0.81103 0.53331 0.1596 0.0708
0 0.23514 0.59391 0.14617 0.06087
0 0.39936 0.65452 0.1794 0.07021
0 0.52567 0.71512 0.17073 0.06886
0 0.67528 0.77573 0.11562 0.06697
0 0.85371 0.83633 0.11629 0.0761
0 0.17062 0.89694 0.18943 0.04459
0 0.34265 0.95199 0.11055 0.05969
0 0.48849 0.05508 0.12108 0.06369
0 0.59907 0.10908 0.12689 0.05999
0 0.79618 0.16968 0.15563 0.07734
0 0.2404 0.23029 0.12384 0.06711
0 0.39698 0.29089 0.19699 0.05515
0 0.5226 0.35150 0.14605 0.04731
0 0.69462 0.41210 0.16712 0.07206
0 0.84817 0.47271 0.12986 0.07567
0 0.13776 0.53331 0.15963 0.0454
0 0.33153 0.59391 0.16434 0.06184
0 0.49988 0.65452 0.182 0.0714
0 0.62987 0.71512 0.18473 0.07064
0 0.80987 0.77573 0.13599 0.06339
0 0.23338 0.83633 0.19829 0.04932
0 0.39579 0.89694 0.16204 0.07625
0 0.53256 0.95199 0.13992 0.06919
0 0.68045 0.05508 0.19281 0.06711
0 0.85116 0.10908 0.1716 0.07789
0 0.15116 0.16968 0.17548 0.06518
0 0.36087 0.23029 0.13175 0.05107
0 0.49126 0.29089 0.16811 0.04837
0 0.64049 0.35150 0.1298 0.07548
0 0.80873 0.41210 0.13995 0.05854
0 0.2244 0.47271 0.19279 0.07357
0 0.40737 0.53331 0.1143 0.0794
0 0.54725 0.59391 0.11104 0.04927
0 0.68848 0.65452 0.19464 0.06186
0 0.87026 0.71512 0.16653 0.07398
0 0.17812 0.77573 0.19004 0.05646
0 0.36338 0.83633 0.12618 0.07868
0 0.49754 0.89694 0.11965 0.0547
0 0.64188 0.95199 0.12805 0.06987
0 0.78979 0.05508 0.1891 0.04294
0 0.23186 0.10908 0.16758 0.06255
0 0.39153 0.16968 0.19781 0.04613
0 0.52975 0.23029 0.17699 0.05049
0 0.69383 0.29089 0.17797 0.06238
0 0.87167 0.35150 0.13808 0.05117
0 0.18491 0.41210 0.13283 0.07378
0 0.34824 0.47271 0.15982 0.06687
0 0.49265 0.53331 0.16401 0.07451
0 0.65389 0.59391 0.15167 0.06425
0 0.80303 0.65452 0.16083 0.07062
0 0.2323 0.71512 0.11266 0.07596
0 0.38785 0.77573 0.1253 0.0675
0 0.54272 0.83633 0.11928 0.05247
0 0.68631 0.89694 0.19346 0.05419
0 0.86635 0.95199 0.15863 0.06329