0 0.17162 0.05474 0.18024 0.05053
0 0.31595 0.11159 0.15088 0.04805
0 0.47365 0.17155 0.11961 0.06356
0 0.63002 0.23151 0.15193 0.05482
0 0.81587 0.29147 0.19157 0.06708
0 0.24098 0.35143 0.14751 0.07227
0 0.39621 0.41139 0.16806 0.07301
0 0.53887 0.47135 0.14949 0.06818
0 0.68681 0.53131 0.11699 0.05308
0 0.86594 0.59127 0.13898 0.06206
0 0.16879 0.65123 0.13415 0.06324
0 0.32277 0.71119 0.10654 0.06059
0 0.46011 0.77115 0.12177 0.0478
0 0.61758 0.83111 0.18852 0.05532
0 0.80468 0.89107 0.17537 0.07504
0 0.24162 0.93973 0.11266 0.05173
0 0.40439 0.05474 0.12014 0.04946
0 0.54332 0.11159 0.19465 0.06227
0 0.67721 0.17155 0.18912 0.05686
0 0.85378 0.23151 0.13668 0.07427
0 0.16813 0.29147 0.14974 0.06916
0 0.35649 0.35143 0.17374 0.06826
0 0.52214 0.41139 0.14646 0.05411
0 0.64625 0.47135 0.1566 0.04297
0 0.7869 0.53131 0.19566 0.05463
0 0.23964 0.59127 0.15302 0.07069
0 0.38482 0.65123 0.18314 0.05084
0 0.52836 0.71119 0.17543 0.07846
0 0.66026 0.77115 0.12098 0.04301
0 0.82245 0.83111 0.1807 0.07306
0 0.17011 0.89107 0.10736 0.04986
0 0.34598 0.93973 0.17428 0.052
0 0.48807 0.05474 0.15249 0.05938
0 0.60094 0.11159 0.13788 0.0644
0 0.77908 0.17155 0.17723 0.06482
0 0.23514 0.23151 0.17267 0.07889
0 0.38723 0.29147 0.14779 0.06038
0 0.52614 0.35143 0.18353 0.06588
0 0.6892 0.41139 0.183 0.0657
0 0.83418 0.47135 0.18302 0.06572
0 0.14189 0.53131 0.15331 0.05653
0 0.34124 0.59127 0.1215 0.06862
0 0.48975 0.65123 0.16113 0.05392
0 0.62306 0.71119 0.19178 0.05671
0 0.81127 0.77115 0.13337 0.07096
0 0.23435 0.83111 0.13946 0.06155
0 0.40214 0.89107 0.13716 0.06562
0 0.55385 0.93973 0.17461 0.05759
0 0.69639 0.05474 0.17191 0.04989
0 0.83342 0.11159 0.13235 0.06144
0 0.15694 0.17155 0.18782 0.06016
0 0.35417 0.23151 0.11411 0.04768
0 0.49198 0.29147 0.11251 0.06007
0 0.65019 0.35143 0.19735 0.06053
0 0.80446 0.41139 0.165 0.04402
0 0.2201 0.47135 0.17868 0.04587
0 0.41156 0.53131 0.11977 0.05443
0 0.55407 0.59127 0.13566 0.07996
0 0.69324 0.65123 0.10613 0.06575
0 0.84502 0.71119 0.15881 0.07093
0 0.18568 0.77115 0.193 0.05284
0 0.35976 0.83111 0.14805 0.06256
0 0.5041 0.89107 0.139 0.04328
0 0.63318 0.93973 0.15444 0.07348
0 0.81309 0.05474 0.11448 0.05151
0 0.23513 0.11159 0.17808 0.06702
0 0.39482 0.17155 0.14268 0.06614
0 0.51912 0.23151 0.12 0.04845
0 0.67004 0.29147 0.14237 0.07098
0 0.8381 0.35143 0.13176 0.05494
0 0.17868 0.41139 0.13428 0.05134
0 0.34299 0.47135 0.10715 0.06923
0 0.49681 0.53131 0.12859 0.05477
0 0.64569 0.59127 0.14961 0.06185
0 0.79087 0.65123 0.11934 0.05872
0 0.23223 0.71119 0.1415 0.07255
0 0.38155 0.77115 0.14874 0.0629
0 0.54744 0.83111 0.15574 0.07704
0 0.68996 0.89107 0.15805 0.04768
0 0.85017 0.93973 0.1374 0.07642