0 0.16567 0.05464 0.1122 0.07283
0 0.3172 0.10947 0.1541 0.07353
0 0.4757 0.16989 0.1646 0.04961
0 0.62941 0.23030 0.17523 0.04339
0 0.82119 0.29072 0.12775 0.04457
0 0.24166 0.35114 0.10813 0.04782
0 0.39642 0.41155 0.11917 0.04889
0 0.55709 0.47197 0.17862 0.06603
0 0.68682 0.53239 0.1975 0.04354
0 0.8697 0.59280 0.14253 0.06024
0 0.16371 0.65322 0.19973 0.06801
0 0.3169 0.71364 0.13684 0.04676
0 0.44937 0.77405 0.119 0.05133
0 0.61941 0.83447 0.14234 0.05333
0 0.82589 0.89489 0.15911 0.04894
0 0.23815 0.96195 0.16582 0.05463
0 0.39785 0.05464 0.15713 0.07264
0 0.54444 0.10947 0.13576 0.05373
0 0.68626 0.16989 0.12109 0.07168
0 0.83825 0.23030 0.12045 0.06327
0 0.16603 0.29072 0.11898 0.06335
0 0.36682 0.35114 0.17299 0.06998
0 0.51782 0.41155 0.14989 0.0716
0 0.64437 0.47197 0.11675 0.0764
0 0.79089 0.53239 0.17215 0.04764
0 0.23607 0.59280 0.12304 0.07237
0 0.39233 0.65322 0.18184 0.04957
0 0.51773 0.71364 0.15452 0.04352
0 0.67259 0.77405 0.15777 0.04723
0 0.85551 0.83447 0.12566 0.04747
0 0.16422 0.89489 0.18004 0.04727
0 0.35299 0.96195 0.1557 0.0777
0 0.49998 0.05464 0.1599 0.05273
0 0.61749 0.10947 0.14586 0.07798
0 0.80432 0.16989 0.17406 0.06649
0 0.23496 0.23030 0.11296 0.07533
0 0.39004 0.29072 0.16215 0.05627
0 0.51849 0.35114 0.18733 0.05133
0 0.68006 0.41155 0.14838 0.04949
0 0.83174 0.47197 0.16759 0.063
0 0.13811 0.53239 0.13468 0.05205
0 0.34028 0.59280 0.16334 0.05396
0 0.48734 0.65322 0.13236 0.04301
0 0.63771 0.71364 0.18145 0.06458
0 0.82127 0.77405 0.18113 0.07873
0 0.23473 0.83447 0.19602 0.07448
0 0.3961 0.89489 0.14796 0.04273
0 0.53232 0.96195 0.14914 0.06634
0 0.68864 0.05464 0.16262 0.05598
0 0.84825 0.10947 0.18551 0.04673
0 0.15664 0.16989 0.10901 0.06282
0 0.36142 0.23030 0.12372 0.05813
0 0.49385 0.29072 0.19503 0.06193
0 0.64336 0.35114 0.19544 0.07584
0 0.82719 0.41155 0.14877 0.04806
0 0.22512 0.47197 0.18251 0.05882
0 0.40267 0.53239 0.19364 0.04465
0 0.53785 0.59280 0.16949 0.0568
0 0.6958 0.65322 0.14117 0.06967
0 0.87031 0.71364 0.14432 0.04601
0 0.18035 0.77405 0.14744 0.06759
0 0.3551 0.83447 0.17005 0.0536
0 0.49454 0.89489 0.14991 0.065
0 0.6445 0.96195 0.19594 0.04815
0 0.79693 0.05464 0.13951 0.05888
0 0.23483 0.10947 0.13803 0.0429
0 0.39009 0.16989 0.19053 0.05106
0 0.52638 0.23030 0.15749 0.05237
0 0.67777 0.29072 0.17671 0.06171
0 0.84976 0.35114 0.11784 0.05054
0 0.17907 0.41155 0.1488 0.05548
0 0.34076 0.47197 0.11311 0.07063
0 0.50646 0.53239 0.16861 0.05802
0 0.64491 0.59280 0.17241 0.04453
0 0.82177 0.65322 0.19271 0.05714
0 0.23621 0.71364 0.1683 0.06032
0 0.38748 0.77405 0.17113 0.07355
0 0.55104 0.83447 0.18656 0.05388
0 0.70647 0.89489 0.15018 0.07342
0 0.83765 0.96195 0.14929 0.06376