0 0.16497 0.05509 0.10897 0.0445
0 0.31783 0.11206 0.13288 0.04419
0 0.48582 0.17270 0.11674 0.06439
0 0.61767 0.23334 0.11282 0.07115
0 0.82075 0.29398 0.16084 0.04941
0 0.23542 0.35462 0.1071 0.06264
0 0.39033 0.41525 0.18559 0.06406
0 0.53355 0.47589 0.11229 0.06524
0 0.68265 0.53653 0.15171 0.04396
0 0.86678 0.59717 0.12138 0.05261
0 0.16392 0.65781 0.14585 0.04917
0 0.32716 0.71845 0.18744 0.06233
0 0.45819 0.77909 0.16795 0.07015
0 0.61233 0.83973 0.19681 0.07703
0 0.80357 0.90037 0.14338 0.04358
0 0.23177 0.94465 0.1449 0.07351
0 0.40933 0.05509 0.17954 0.07438
0 0.54041 0.11206 0.19111 0.06014
0 0.68876 0.17270 0.16917 0.05639
0 0.86296 0.23334 0.12222 0.04528
0 0.16898 0.29398 0.13622 0.04884
0 0.36266 0.35462 0.13164 0.06777
0 0.52448 0.41525 0.12783 0.06468
0 0.6422 0.47589 0.1723 0.06761
0 0.77695 0.53653 0.13524 0.05941
0 0.23651 0.59717 0.19788 0.07229
0 0.3839 0.65781 0.18738 0.05962
0 0.53855 0.71845 0.1645 0.07616
0 0.65339 0.77909 0.18898 0.04516
0 0.82068 0.83973 0.13502 0.06639
0 0.16685 0.90037 0.1651 0.07292
0 0.34436 0.94465 0.16584 0.05454
0 0.49963 0.05509 0.13446 0.06264
0 0.61024 0.11206 0.16103 0.07509
0 0.79528 0.17270 0.11622 0.06257
0 0.23455 0.23334 0.18134 0.07236
0 0.39232 0.29398 0.18857 0.06453
0 0.53095 0.35462 0.16713 0.07567
0 0.70025 0.41525 0.11126 0.05914
0 0.8442 0.47589 0.19455 0.04594
0 0.14199 0.53653 0.11153 0.07748
0 0.32812 0.59717 0.12956 0.05821
0 0.48667 0.65781 0.14143 0.06229
0 0.61379 0.71845 0.14505 0.06848
0 0.8137 0.77909 0.12164 0.04449
0 0.24002 0.83973 0.19488 0.05526
0 0.40847 0.90037 0.11814 0.07232
0 0.53249 0.94465 0.17728 0.04267
0 0.68996 0.05509 0.16642 0.04447
0 0.84329 0.11206 0.13497 0.05276
0 0.15238 0.17270 0.11698 0.05591
0 0.36701 0.23334 0.19616 0.07188
0 0.49268 0.29398 0.18377 0.04955
0 0.63418 0.35462 0.12042 0.05776
0 0.80712 0.41525 0.14311 0.0686
0 0.2243 0.47589 0.1497 0.07371
0 0.4009 0.53653 0.17563 0.06302
0 0.54263 0.59717 0.18862 0.07683
0 0.6775 0.65781 0.19788 0.07703
0 0.86908 0.71845 0.17431 0.06575
0 0.18289 0.77909 0.16479 0.07676
0 0.35708 0.83973 0.18546 0.07614
0 0.50613 0.90037 0.14171 0.05545
0 0.62724 0.94465 0.19079 0.08
0 0.82097 0.05509 0.18043 0.076
0 0.23141 0.11206 0.19175 0.05615
0 0.38859 0.17270 0.1458 0.07195
0 0.53497 0.23334 0.11272 0.05481
0 0.66829 0.29398 0.19163 0.04834
0 0.84869 0.35462 0.16384 0.07031
0 0.17852 0.41525 0.17681 0.06625
0 0.3504 0.47589 0.16079 0.06505
0 0.49478 0.53653 0.19983 0.0515
0 0.65224 0.59717 0.1217 0.05307
0 0.82498 0.65781 0.17289 0.07255
0 0.23141 0.71845 0.12178 0.06456
0 0.39434 0.77909 0.11355 0.05381
0 0.53848 0.83973 0.16585 0.05359
0 0.70908 0.90037 0.15806 0.05092
0 0.84274 0.94465 0.17888 0.06149