0 0.16575 0.05557 0.16668 0.06948
0 0.31705 0.11125 0.13893 0.06254
0 0.48364 0.17164 0.13052 0.05431
0 0.61982 0.23203 0.11428 0.07244
0 0.80856 0.29242 0.16512 0.06421
0 0.23484 0.35281 0.16661 0.06124
0 0.39546 0.41320 0.13689 0.06187
0 0.54909 0.47358 0.11108 0.06127
0 0.69128 0.53397 0.17547 0.05081
0 0.84434 0.59436 0.20024 0.05744
0 0.16434 0.65475 0.16072 0.05302
0 0.32605 0.71514 0.16169 0.07246
0 0.45939 0.77553 0.1851 0.05566
0 0.62491 0.83592 0.14796 0.04836
0 0.80708 0.89631 0.16981 0.05268
0 0.23551 0.93648 0.12704 0.04691
0 0.39622 0.05557 0.13482 0.06233
0 0.53539 0.11125 0.10614 0.05526
0 0.68919 0.17164 0.13058 0.06488
0 0.87037 0.23203 0.15855 0.06681
0 0.1712 0.29242 0.17791 0.07862
0 0.36443 0.35281 0.11306 0.07188
0 0.51335 0.41320 0.12203 0.07273
0 0.65651 0.47358 0.11817 0.04538
0 0.80647 0.53397 0.15628 0.0586
0 0.23193 0.59436 0.17992 0.05701
0 0.39413 0.65475 0.10874 0.0705
0 0.5272 0.71514 0.18984 0.07779
0 0.65337 0.77553 0.10802 0.06136
0 0.84671 0.83592 0.15787 0.07575
0 0.16699 0.89631 0.12412 0.05555
0 0.35569 0.93648 0.15669 0.07248
0 0.49018 0.05557 0.14303 0.06527
0 0.62618 0.11125 0.1142 0.05557
0 0.79646 0.17164 0.14479 0.05449
0 0.23898 0.23203 0.13058 0.07968
0 0.38306 0.29242 0.12421 0.06947
0 0.5285 0.35281 0.1394 0.04275
0 0.66795 0.41320 0.12085 0.06646
0 0.84628 0.47358 0.15827 0.04667
0 0.14079 0.53397 0.12518 0.07478
0 0.34068 0.59436 0.13087 0.06659
0 0.49764 0.65475 0.10626 0.04629
0 0.63218 0.71514 0.18296 0.05369
0 0.80372 0.77553 0.11674 0.07129
0 0.23859 0.83592 0.12147 0.05415
0 0.41366 0.89631 0.16036 0.07145
0 0.54515 0.93648 0.15584 0.07731
0 0.6759 0.05557 0.17863 0.07747
0 0.84994 0.11125 0.16612 0.06303
0 0.15594 0.17164 0.13383 0.05225
0 0.36322 0.23203 0.17803 0.07528
0 0.50127 0.29242 0.12648 0.07037
0 0.63204 0.35281 0.18907 0.05085
0 0.7974 0.41320 0.12055 0.07036
0 0.22305 0.47358 0.16934 0.05818
0 0.39611 0.53397 0.13156 0.05381
0 0.53411 0.59436 0.11329 0.04587
0 0.66795 0.65475 0.17577 0.0722
0 0.83495 0.71514 0.11402 0.07542
0 0.18313 0.77553 0.14997 0.04653
0 0.36442 0.83592 0.16154 0.05334
0 0.50277 0.89631 0.14573 0.07038
0 0.65602 0.93648 0.1197 0.05469
0 0.81754 0.05557 0.12843 0.05736
0 0.23155 0.11125 0.15235 0.06252
0 0.39472 0.17164 0.19612 0.06225
0 0.52942 0.23203 0.11648 0.07143
0 0.69388 0.29242 0.15489 0.07805
0 0.84899 0.35281 0.12728 0.04537
0 0.17947 0.41320 0.19572 0.07572
0 0.35381 0.47358 0.12332 0.07123
0 0.49258 0.53397 0.16802 0.07089
0 0.66456 0.59436 0.11668 0.0682
0 0.80447 0.65475 0.16004 0.04618
0 0.23981 0.71514 0.18266 0.0437
0 0.39854 0.77553 0.16306 0.05261
0 0.54073 0.83592 0.18677 0.06372
0 0.70259 0.89631 0.12114 0.07633
0 0.85492 0.93648 0.17559 0.04621