0 0.16342 0.05562 0.13253 0.06293
0 0.31551 0.11166 0.13836 0.07739
0 0.47628 0.17286 0.16313 0.04546
0 0.61593 0.23406 0.14399 0.05592
0 0.81823 0.29526 0.14293 0.05023
0 0.24114 0.35647 0.1487 0.06673
0 0.39389 0.41767 0.17034 0.06486
0 0.53788 0.47887 0.12641 0.07616
0 0.71517 0.54008 0.13832 0.0584
0 0.86989 0.60128 0.17179 0.05336
0 0.16985 0.66248 0.19313 0.06244
0 0.32251 0.72369 0.17079 0.06048
0 0.4559 0.78489 0.16609 0.05166
0 0.61753 0.84609 0.17386 0.07832
0 0.79311 0.90730 0.14091 0.05029
0 0.23448 0.95270 0.16539 0.06241
0 0.4038 0.05562 0.16901 0.06908
0 0.53778 0.11166 0.11547 0.0451
0 0.67465 0.17286 0.12673 0.06214
0 0.83084 0.23406 0.12133 0.04502
0 0.16503 0.29526 0.12502 0.06424
0 0.3638 0.35647 0.1867 0.07113
0 0.52682 0.41767 0.15854 0.07604
0 0.66204 0.47887 0.14732 0.07593
0 0.78991 0.54008 0.14797 0.06755
0 0.2345 0.60128 0.11896 0.05801
0 0.39774 0.66248 0.12046 0.05673
0 0.52069 0.72369 0.17889 0.06462
0 0.66404 0.78489 0.19831 0.05406
0 0.826 0.84609 0.14648 0.06819
0 0.16517 0.90730 0.15339 0.04292
0 0.35507 0.95270 0.20016 0.04778
0 0.47905 0.05562 0.14359 0.05516
0 0.62097 0.11166 0.17342 0.0443
0 0.81483 0.17286 0.16111 0.06745
0 0.23638 0.23406 0.19408 0.06313
0 0.3937 0.29526 0.17043 0.07847
0 0.54234 0.35647 0.19367 0.04721
0 0.67372 0.41767 0.12497 0.04543
0 0.83175 0.47887 0.19526 0.05633
0 0.13865 0.54008 0.14654 0.06371
0 0.32981 0.60128 0.12625 0.04953
0 0.48232 0.66248 0.13428 0.05848
0 0.62831 0.72369 0.11382 0.05027
0 0.81888 0.78489 0.12857 0.05717
0 0.23651 0.84609 0.13438 0.05977
0 0.40271 0.90730 0.15612 0.07961
0 0.53906 0.95270 0.11616 0.04514
0 0.68189 0.05562 0.15033 0.07088
0 0.836 0.11166 0.16554 0.05519
0 0.15113 0.17286 0.18695 0.07404
0 0.36391 0.23406 0.17652 0.05736
0 0.4966 0.29526 0.12148 0.0469
0 0.64157 0.35647 0.1093 0.04307
0 0.79305 0.41767 0.13872 0.05505
0 0.22816 0.47887 0.18267 0.06311
0 0.39889 0.54008 0.19751 0.07121
0 0.53956 0.60128 0.15316 0.07045
0 0.67985 0.66248 0.1431 0.05824
0 0.8553 0.72369 0.15376 0.05927
0 0.18453 0.78489 0.17362 0.06411
0 0.36253 0.84609 0.19329 0.04352
0 0.50357 0.90730 0.11205 0.0427
0 0.65684 0.95270 0.14132 0.06016
0 0.79984 0.05562 0.17397 0.04643
0 0.23454 0.11166 0.14585 0.07884
0 0.39767 0.17286 0.14112 0.07762
0 0.5179 0.23406 0.12114 0.06249
0 0.68503 0.29526 0.1662 0.05094
0 0.83846 0.35647 0.13606 0.07065
0 0.17958 0.41767 0.13704 0.07558
0 0.35748 0.47887 0.11796 0.05083
0 0.50694 0.54008 0.13074 0.05821
0 0.66211 0.60128 0.19275 0.06121
0 0.82451 0.66248 0.13196 0.06682
0 0.23437 0.72369 0.17427 0.07729
0 0.38163 0.78489 0.18486 0.05542
0 0.55508 0.84609 0.12023 0.04582
0 0.69443 0.90730 0.10741 0.05714
0 0.84354 0.95270 0.18371 0.05029