0 0.16811 0.05589 0.16496 0.06744
0 0.31762 0.10971 0.18939 0.06441
0 0.48221 0.17069 0.19599 0.0698
0 0.61342 0.23166 0.17873 0.05377
0 0.80673 0.29263 0.16946 0.07925
0 0.2419 0.35360 0.19695 0.04249
0 0.39025 0.41458 0.11565 0.07891
0 0.53645 0.47555 0.17305 0.04823
0 0.69282 0.53652 0.136 0.06486
0 0.86632 0.59749 0.16623 0.04703
0 0.16444 0.65847 0.12605 0.04267
0 0.32443 0.71944 0.14888 0.05028
0 0.46917 0.78041 0.15348 0.06241
0 0.60256 0.84138 0.17403 0.05859
0 0.82826 0.90235 0.15698 0.07407
0 0.2329 0.95422 0.1206 0.07034
0 0.40062 0.05589 0.11756 0.05945
0 0.55316 0.10971 0.15649 0.05194
0 0.69565 0.17069 0.15288 0.07403
0 0.8635 0.23166 0.13379 0.05371
0 0.16836 0.29263 0.1852 0.06011
0 0.36477 0.35360 0.11649 0.07695
0 0.51123 0.41458 0.12118 0.07812
0 0.66997 0.47555 0.15496 0.05757
0 0.80959 0.53652 0.12057 0.06682
0 0.2404 0.59749 0.12796 0.06685
0 0.38122 0.65847 0.19157 0.07941
0 0.51729 0.71944 0.13877 0.05349
0 0.68227 0.78041 0.15723 0.07463
0 0.82006 0.84138 0.16194 0.05062
0 0.1695 0.90235 0.13535 0.06022
0 0.3524 0.95422 0.12335 0.05333
0 0.48141 0.05589 0.10653 0.04784
0 0.62093 0.10971 0.17546 0.06901
0 0.79221 0.17069 0.19159 0.06066
0 0.23627 0.23166 0.16844 0.05239
0 0.39759 0.29263 0.11859 0.0678
0 0.52347 0.35360 0.17636 0.04504
0 0.67355 0.41458 0.1818 0.06767
0 0.84622 0.47555 0.18148 0.05119
0 0.14175 0.53652 0.17911 0.05062
0 0.33836 0.59749 0.12291 0.07872
0 0.48563 0.65847 0.14785 0.07672
0 0.61767 0.71944 0.18271 0.0795
0 0.7995 0.78041 0.14038 0.07443
0 0.24205 0.84138 0.18193 0.06351
0 0.40373 0.90235 0.18245 0.07931
0 0.54079 0.95422 0.1875 0.07641
0 0.69354 0.05589 0.12373 0.04651
0 0.85339 0.10971 0.15931 0.06186
0 0.15287 0.17069 0.1526 0.06382
0 0.36203 0.23166 0.16476 0.06715
0 0.50868 0.29263 0.18243 0.05544
0 0.62669 0.35360 0.17648 0.07588
0 0.81083 0.41458 0.14563 0.07722
0 0.22223 0.47555 0.14504 0.0434
0 0.39965 0.53652 0.1605 0.04514
0 0.53514 0.59749 0.14975 0.0606
0 0.68267 0.65847 0.16171 0.04552
0 0.86155 0.71944 0.14047 0.07363
0 0.18529 0.78041 0.1566 0.07852
0 0.37035 0.84138 0.11312 0.07823
0 0.4906 0.90235 0.1398 0.06862
0 0.65408 0.95422 0.16539 0.07034
0 0.81386 0.05589 0.15336 0.05384
0 0.23673 0.10971 0.16237 0.06795
0 0.38732 0.17069 0.16488 0.07645
0 0.51945 0.23166 0.17937 0.04358
0 0.69848 0.29263 0.15682 0.063
0 0.84829 0.35360 0.11463 0.07768
0 0.18178 0.41458 0.1296 0.05835
0 0.3445 0.47555 0.17303 0.07909
0 0.50386 0.53652 0.17122 0.07943
0 0.66372 0.59749 0.12717 0.04439
0 0.82695 0.65847 0.12069 0.06098
0 0.24152 0.71944 0.1676 0.0665
0 0.39782 0.78041 0.17569 0.07488
0 0.55122 0.84138 0.15355 0.04415
0 0.71108 0.90235 0.11447 0.04467
0 0.84444 0.95422 0.14238 0.07076