0 0.16611 0.05497 0.16104 0.06829
0 0.32549 0.11059 0.10807 0.06744
0 0.48338 0.17139 0.14237 0.07178
0 0.61574 0.23220 0.16202 0.04486
0 0.81519 0.29301 0.1146 0.06973
0 0.23521 0.35381 0.17292 0.05422
0 0.3815 0.41462 0.17769 0.07843
0 0.54886 0.47542 0.17937 0.07513
0 0.71081 0.53623 0.17051 0.07572
0 0.85041 0.59703 0.12708 0.07625
0 0.1672 0.65784 0.15056 0.04995
0 0.32776 0.71864 0.14329 0.06141
0 0.46124 0.77945 0.15103 0.06229
0 0.61968 0.84025 0.17122 0.06456
0 0.79703 0.90106 0.14988 0.07661
0 0.23299 0.93812 0.17277 0.07175
0 0.40329 0.05497 0.12641 0.06775
0 0.55442 0.11059 0.13009 0.04487
0 0.69452 0.17139 0.10912 0.06139
0 0.87126 0.23220 0.18047 0.04529
0 0.16521 0.29301 0.12537 0.06318
0 0.3635 0.35381 0.136 0.06251
0 0.51354 0.41462 0.14327 0.05215
0 0.64673 0.47542 0.13577 0.04643
0 0.80634 0.53623 0.18415 0.07155
0 0.24319 0.59703 0.14912 0.05842
0 0.38598 0.65784 0.11668 0.07302
0 0.51903 0.71864 0.11497 0.07818
0 0.66674 0.77945 0.15308 0.0473
0 0.84738 0.84025 0.13364 0.04471
0 0.16994 0.90106 0.16113 0.05669
0 0.35208 0.93812 0.10956 0.05965
0 0.49418 0.05497 0.18052 0.07506
0 0.6063 0.11059 0.17502 0.0689
0 0.81256 0.17139 0.16969 0.06381
0 0.2375 0.23220 0.12879 0.04705
0 0.38828 0.29301 0.16918 0.0528
0 0.52565 0.35381 0.18803 0.07095
0 0.68598 0.41462 0.1727 0.04951
0 0.8447 0.47542 0.17379 0.05125
0 0.13834 0.53623 0.19904 0.05426
0 0.3322 0.59703 0.19825 0.0793
0 0.47655 0.65784 0.18955 0.06957
0 0.62919 0.71864 0.13929 0.07823
0 0.80928 0.77945 0.14972 0.06903
0 0.24237 0.84025 0.12582 0.07319
0 0.40279 0.90106 0.1549 0.05761
0 0.54822 0.93812 0.1615 0.05622
0 0.67377 0.05497 0.15264 0.05017
0 0.84296 0.11059 0.1852 0.06132
0 0.15011 0.17139 0.11191 0.07696
0 0.3617 0.23220 0.13147 0.05043
0 0.5137 0.29301 0.17262 0.04911
0 0.64165 0.35381 0.17879 0.04325
0 0.81503 0.41462 0.1174 0.05837
0 0.22338 0.47542 0.15144 0.06608
0 0.40752 0.53623 0.14462 0.07843
0 0.55551 0.59703 0.15336 0.04566
0 0.683 0.65784 0.13632 0.06409
0 0.83122 0.71864 0.16356 0.06591
0 0.18534 0.77945 0.14455 0.04741
0 0.36779 0.84025 0.19013 0.06502
0 0.51187 0.90106 0.17908 0.04943
0 0.65712 0.93812 0.13945 0.07392
0 0.80374 0.05497 0.1999 0.05195
0 0.24081 0.11059 0.1405 0.05455
0 0.39964 0.17139 0.16002 0.05184
0 0.54073 0.23220 0.19874 0.05653
0 0.67722 0.29301 0.11164 0.07242
0 0.83274 0.35381 0.12809 0.06893
0 0.18499 0.41462 0.15428 0.06221
0 0.35467 0.47542 0.12597 0.07195
0 0.49194 0.53623 0.17139 0.04531
0 0.6646 0.59703 0.11642 0.0648
0 0.80766 0.65784 0.14783 0.04832
0 0.24027 0.71864 0.1898 0.06452
0 0.39098 0.77945 0.13551 0.07841
0 0.55145 0.84025 0.17217 0.06678
0 0.70443 0.90106 0.10763 0.07435
0 0.86233 0.93812 0.1417 0.07483