0 0.16404 0.05484 0.17369 0.04828
0 0.31636 0.10980 0.12347 0.07992
0 0.47597 0.16976 0.18467 0.05941
0 0.63318 0.22973 0.12206 0.06299
0 0.82727 0.28970 0.19594 0.05232
0 0.23186 0.34966 0.17419 0.07571
0 0.38429 0.40963 0.11872 0.04631
0 0.5427 0.46959 0.1865 0.07348
0 0.69186 0.52956 0.19391 0.05854
0 0.83409 0.58953 0.15926 0.07713
0 0.17009 0.64949 0.14367 0.06234
0 0.31944 0.70946 0.1477 0.07527
0 0.46418 0.76943 0.17222 0.05573
0 0.61621 0.82939 0.13058 0.05752
0 0.78957 0.88936 0.10876 0.06498
0 0.23908 0.94458 0.19544 0.0768
0 0.40111 0.05484 0.19999 0.04744
0 0.53804 0.10980 0.17956 0.04402
0 0.68261 0.16976 0.19935 0.05755
0 0.85668 0.22973 0.15203 0.06489
0 0.17002 0.28970 0.11813 0.07711
0 0.36402 0.34966 0.14985 0.05351
0 0.50425 0.40963 0.17608 0.06298
0 0.66562 0.46959 0.16955 0.07191
0 0.78664 0.52956 0.18847 0.05477
0 0.2411 0.58953 0.17755 0.04602
0 0.3945 0.64949 0.16425 0.05908
0 0.53316 0.70946 0.13198 0.04352
0 0.66623 0.76943 0.13778 0.0679
0 0.8194 0.82939 0.18486 0.04663
0 0.17165 0.88936 0.14245 0.04996
0 0.35175 0.94458 0.11364 0.06242
0 0.48196 0.05484 0.18767 0.06609
0 0.60171 0.10980 0.14711 0.05652
0 0.78537 0.16976 0.12229 0.0653
0 0.24204 0.22973 0.10647 0.07435
0 0.38534 0.28970 0.16758 0.0689
0 0.52988 0.34966 0.14092 0.05724
0 0.69788 0.40963 0.14152 0.06399
0 0.82474 0.46959 0.14768 0.05185
0 0.13922 0.52956 0.15473 0.06986
0 0.33696 0.58953 0.13436 0.05537
0 0.49083 0.64949 0.15116 0.04539
0 0.63331 0.70946 0.10665 0.05382
0 0.80023 0.76943 0.12223 0.05376
0 0.23639 0.82939 0.13469 0.0433
0 0.41082 0.88936 0.17625 0.04907
0 0.55608 0.94458 0.16083 0.07489
0 0.68293 0.05484 0.17218 0.06716
0 0.84325 0.10980 0.18193 0.07473
0 0.15308 0.16976 0.18639 0.05264
0 0.35943 0.22973 0.11716 0.07621
0 0.49688 0.28970 0.16803 0.0503
0 0.63054 0.34966 0.17705 0.07879
0 0.79615 0.40963 0.17226 0.05805
0 0.22327 0.46959 0.16312 0.05108
0 0.39647 0.52956 0.10967 0.07329
0 0.55594 0.58953 0.12446 0.05602
0 0.672 0.64949 0.13724 0.06134
0 0.83708 0.70946 0.16667 0.07062
0 0.18342 0.76943 0.12656 0.0738
0 0.36607 0.82939 0.11332 0.0573
0 0.49896 0.88936 0.19852 0.04607
0 0.629 0.94458 0.12556 0.05243
0 0.78978 0.05484 0.19877 0.07229
0 0.23579 0.10980 0.16361 0.07776
0 0.39644 0.16976 0.12945 0.06386
0 0.52903 0.22973 0.1549 0.0778
0 0.67033 0.28970 0.17327 0.06495
0 0.86441 0.34966 0.13057 0.07968
0 0.1829 0.40963 0.11688 0.07118
0 0.34813 0.46959 0.15789 0.04943
0 0.50333 0.52956 0.1267 0.06192
0 0.65691 0.58953 0.1355 0.06657
0 0.81481 0.64949 0.19781 0.0752
0 0.23902 0.70946 0.13522 0.06506
0 0.38484 0.76943 0.19528 0.08013
0 0.55255 0.82939 0.14477 0.0473
0 0.68738 0.88936 0.10704 0.05349
0 0.8477 0.94458 0.1353 0.06041