0 0.16797 0.05463 0.13445 0.05786
0 0.32322 0.11113 0.18942 0.07919
0 0.47239 0.17070 0.16364 0.05368
0 0.64291 0.23027 0.19119 0.04265
0 0.8082 0.28983 0.16743 0.05604
0 0.23412 0.34940 0.13457 0.07163
0 0.38342 0.40897 0.14692 0.05924
0 0.54945 0.46854 0.16113 0.06502
0 0.69528 0.52810 0.19083 0.04301
0 0.83036 0.58767 0.11912 0.06975
0 0.1681 0.64724 0.17986 0.05235
0 0.31524 0.70680 0.11035 0.05264
0 0.46428 0.76637 0.13853 0.06605
0 0.60383 0.82594 0.17629 0.06389
0 0.8189 0.88550 0.18778 0.04753
0 0.2383 0.94443 0.19986 0.07602
0 0.39501 0.05463 0.13076 0.06437
0 0.54096 0.11113 0.17578 0.0516
0 0.69382 0.17070 0.12582 0.07422
0 0.84707 0.23027 0.15796 0.04633
0 0.16705 0.28983 0.11681 0.06186
0 0.36023 0.34940 0.19979 0.05915
0 0.52727 0.40897 0.18198 0.06575
0 0.66296 0.46854 0.15254 0.07496
0 0.79959 0.52810 0.16076 0.07249
0 0.24158 0.58767 0.19667 0.05365
0 0.39555 0.64724 0.17718 0.05193
0 0.53034 0.70680 0.13607 0.04294
0 0.66603 0.76637 0.11615 0.05315
0 0.85293 0.82594 0.12465 0.05708
0 0.16963 0.88550 0.15382 0.0756
0 0.34567 0.94443 0.10861 0.07297
0 0.49259 0.05463 0.17639 0.07965
0 0.61653 0.11113 0.10785 0.07676
0 0.81046 0.17070 0.16787 0.056
0 0.24035 0.23027 0.12803 0.07154
0 0.38691 0.28983 0.19841 0.07664
0 0.5292 0.34940 0.18894 0.0536
0 0.67576 0.40897 0.16416 0.07245
0 0.85825 0.46854 0.11358 0.0609
0 0.13686 0.52810 0.18019 0.04577
0 0.33324 0.58767 0.19538 0.05894
0 0.49352 0.64724 0.11302 0.06387
0 0.6198 0.70680 0.11736 0.06394
0 0.81606 0.76637 0.17201 0.07926
0 0.23181 0.82594 0.12123 0.04902
0 0.41313 0.88550 0.19677 0.04924
0 0.55272 0.94443 0.16872 0.04833
0 0.69763 0.05463 0.14672 0.05393
0 0.83123 0.11113 0.17196 0.05458
0 0.15656 0.17070 0.19542 0.07412
0 0.36951 0.23027 0.12749 0.05235
0 0.49933 0.28983 0.11067 0.07769
0 0.64127 0.34940 0.10934 0.07954
0 0.81847 0.40897 0.14333 0.05823
0 0.2194 0.46854 0.15698 0.04511
0 0.40299 0.52810 0.13284 0.07162
0 0.55082 0.58767 0.1881 0.05716
0 0.68289 0.64724 0.14442 0.04443
0 0.85852 0.70680 0.18424 0.06272
0 0.18166 0.76637 0.19857 0.06198
0 0.35604 0.82594 0.11685 0.05011
0 0.51218 0.88550 0.19317 0.04456
0 0.6564 0.94443 0.18582 0.05252
0 0.79271 0.05463 0.11456 0.07709
0 0.23164 0.11113 0.10656 0.07419
0 0.39421 0.17070 0.13248 0.06195
0 0.5431 0.23027 0.14105 0.07098
0 0.69604 0.28983 0.15165 0.08007
0 0.84082 0.34940 0.17489 0.06578
0 0.17997 0.40897 0.15973 0.06054
0 0.34946 0.46854 0.16667 0.05213
0 0.50152 0.52810 0.13966 0.04664
0 0.65991 0.58767 0.17583 0.05409
0 0.81673 0.64724 0.12161 0.04672
0 0.23384 0.70680 0.19088 0.06023
0 0.39116 0.76637 0.12725 0.06889
0 0.55688 0.82594 0.18296 0.07759
0 0.70979 0.88550 0.16384 0.07765
0 0.83973 0.94443 0.14254 0.06115