0 0.16592 0.05488 0.19612 0.05715
0 0.32307 0.10916 0.19509 0.04549
0 0.47849 0.16884 0.12873 0.04851
0 0.6339 0.22852 0.14708 0.07406
0 0.81144 0.28820 0.14019 0.06929
0 0.23214 0.34787 0.16585 0.06583
0 0.39818 0.40755 0.17383 0.05906
0 0.53936 0.46723 0.18655 0.04492
0 0.68599 0.52691 0.17302 0.04531
0 0.85825 0.58658 0.11091 0.0506
0 0.1653 0.64626 0.13799 0.05205
0 0.31933 0.70594 0.15962 0.06311
0 0.45225 0.76562 0.12478 0.04966
0 0.61604 0.82529 0.1983 0.04697
0 0.82893 0.88497 0.15572 0.06733
0 0.24064 0.95662 0.11914 0.05517
0 0.41365 0.05488 0.12297 0.07321
0 0.54642 0.10916 0.16082 0.07238
0 0.69052 0.16884 0.1367 0.04828
0 0.84656 0.22852 0.14125 0.07569
0 0.16619 0.28820 0.13294 0.04863
0 0.36197 0.34787 0.16191 0.07647
0 0.52101 0.40755 0.1447 0.06055
0 0.67028 0.46723 0.19589 0.07898
0 0.80864 0.52691 0.13344 0.07154
0 0.2414 0.58658 0.12133 0.06302
0 0.39308 0.64626 0.12044 0.0433
0 0.52896 0.70594 0.17199 0.05775
0 0.67954 0.76562 0.18379 0.07892
0 0.83548 0.82529 0.12383 0.07609
0 0.16666 0.88497 0.18789 0.05696
0 0.35725 0.95662 0.1441 0.04934
0 0.49726 0.05488 0.17318 0.04582
0 0.61448 0.10916 0.1669 0.07577
0 0.78536 0.16884 0.12369 0.067
0 0.23318 0.22852 0.15034 0.06952
0 0.38562 0.28820 0.14911 0.04993
0 0.5258 0.34787 0.18746 0.05666
0 0.69431 0.40755 0.10677 0.04856
0 0.83099 0.46723 0.19788 0.07018
0 0.13665 0.52691 0.12092 0.0672
0 0.3293 0.58658 0.14764 0.07769
0 0.47761 0.64626 0.16676 0.06435
0 0.63225 0.70594 0.11474 0.06203
0 0.80226 0.76562 0.12906 0.0663
0 0.24205 0.82529 0.13944 0.07768
0 0.39921 0.88497 0.10732 0.06327
0 0.55675 0.95662 0.1753 0.05029
0 0.6751 0.05488 0.1138 0.0597
0 0.83778 0.10916 0.10614 0.05629
0 0.15362 0.16884 0.1307 0.06296
0 0.36901 0.22852 0.13218 0.05908
0 0.51213 0.28820 0.14624 0.05888
0 0.65765 0.34787 0.17339 0.05522
0 0.80339 0.40755 0.15542 0.07929
0 0.2281 0.46723 0.19529 0.06314
0 0.40496 0.52691 0.12839 0.05622
0 0.53647 0.58658 0.10649 0.06482
0 0.68558 0.64626 0.13927 0.05453
0 0.864 0.70594 0.10733 0.07116
0 0.18025 0.76562 0.1427 0.0469
0 0.36856 0.82529 0.19823 0.06879
0 0.49269 0.88497 0.11977 0.07633
0 0.65382 0.95662 0.1513 0.07315
0 0.81815 0.05488 0.10906 0.07156
0 0.23343 0.10916 0.13271 0.05686
0 0.38844 0.16884 0.16006 0.0753
0 0.53629 0.22852 0.1682 0.05001
0 0.67031 0.28820 0.19409 0.05492
0 0.86012 0.34787 0.18849 0.0461
0 0.17778 0.40755 0.1807 0.0612
0 0.34751 0.46723 0.17279 0.06695
0 0.51319 0.52691 0.13097 0.05566
0 0.65066 0.58658 0.11019 0.07935
0 0.81335 0.64626 0.16813 0.07054
0 0.23343 0.70594 0.1099 0.04393
0 0.38761 0.76562 0.16439 0.07761
0 0.53722 0.82529 0.10991 0.04714
0 0.70676 0.88497 0.10928 0.07056
0 0.86513 0.95662 0.11756 0.05923