0 0.16537 0.05480 0.11545 0.05545
0 0.31828 0.11041 0.11298 0.07102
0 0.4632 0.17021 0.13424 0.0496
0 0.6251 0.23001 0.1395 0.0731
0 0.79958 0.28981 0.11682 0.0784
0 0.243 0.34961 0.15593 0.04897
0 0.39818 0.40941 0.15472 0.0479
0 0.53654 0.46921 0.11799 0.05583
0 0.68505 0.52901 0.18231 0.06494
0 0.86786 0.58881 0.17184 0.05806
0 0.16761 0.64861 0.11827 0.06272
0 0.32357 0.70841 0.14499 0.06111
0 0.46249 0.76821 0.17084 0.05856
0 0.62608 0.82801 0.15213 0.05053
0 0.82344 0.88781 0.16515 0.05672
0 0.23432 0.95033 0.18054 0.07459
0 0.40207 0.05480 0.19504 0.04331
0 0.54459 0.11041 0.18167 0.06233
0 0.69713 0.17021 0.1186 0.06221
0 0.83238 0.23001 0.18793 0.05753
0 0.1659 0.28981 0.15509 0.04277
0 0.36315 0.34961 0.11993 0.0757
0 0.52057 0.40941 0.10658 0.07813
0 0.66284 0.46921 0.1379 0.07885
0 0.80097 0.52901 0.19349 0.05305
0 0.23712 0.58881 0.17257 0.053
0 0.38441 0.64861 0.13294 0.045
0 0.52094 0.70841 0.11583 0.04797
0 0.68476 0.76821 0.13773 0.06986
0 0.82143 0.82801 0.16051 0.07124
0 0.17035 0.88781 0.17876 0.0789
0 0.34959 0.95033 0.15616 0.06811
0 0.48851 0.05480 0.15979 0.05666
0 0.6153 0.11041 0.10697 0.05884
0 0.81485 0.17021 0.11912 0.05615
0 0.23529 0.23001 0.15363 0.05567
0 0.38732 0.28981 0.17597 0.04926
0 0.5238 0.34961 0.10715 0.0737
0 0.69876 0.40941 0.19116 0.0737
0 0.81784 0.46921 0.16343 0.05564
0 0.14033 0.52901 0.15862 0.04409
0 0.34177 0.58881 0.1945 0.06237
0 0.49857 0.64861 0.15446 0.07977
0 0.64156 0.70841 0.18302 0.04631
0 0.80114 0.76821 0.16693 0.07377
0 0.2372 0.82801 0.15309 0.07554
0 0.40461 0.88781 0.17885 0.07231
0 0.5395 0.95033 0.16816 0.07241
0 0.69103 0.05480 0.14556 0.05831
0 0.83337 0.11041 0.13614 0.06633
0 0.14995 0.17021 0.19062 0.07862
0 0.36089 0.23001 0.11998 0.06188
0 0.49948 0.28981 0.15949 0.04776
0 0.63003 0.34961 0.14806 0.05241
0 0.81192 0.40941 0.17245 0.04535
0 0.22574 0.46921 0.19434 0.04997
0 0.40279 0.52901 0.19558 0.06184
0 0.55775 0.58881 0.13063 0.06908
0 0.69628 0.64861 0.13043 0.07063
0 0.86161 0.70841 0.13686 0.07577
0 0.17916 0.76821 0.15719 0.06142
0 0.36337 0.82801 0.1374 0.05805
0 0.50793 0.88781 0.18864 0.06972
0 0.65221 0.95033 0.16125 0.07198
0 0.7996 0.05480 0.13502 0.05411
0 0.23407 0.11041 0.13877 0.07573
0 0.38949 0.17021 0.14203 0.0739
0 0.53411 0.23001 0.19863 0.05784
0 0.69674 0.28981 0.13816 0.07161
0 0.83654 0.34961 0.17163 0.05773
0 0.18567 0.40941 0.19675 0.04884
0 0.3463 0.46921 0.13294 0.0604
0 0.50541 0.52901 0.15555 0.07016
0 0.65558 0.58881 0.12932 0.05675
0 0.80444 0.64861 0.13217 0.0484
0 0.2392 0.70841 0.16414 0.05932
0 0.38694 0.76821 0.16267 0.06599
0 0.54619 0.82801 0.11782 0.07004
0 0.70382 0.88781 0.17075 0.04966
0 0.85947 0.95033 0.15385 0.05654