0 0.16955 0.05445 0.16128 0.06924
0 0.32685 0.11159 0.14908 0.05236
0 0.4633 0.17159 0.10969 0.05359
0 0.63905 0.23159 0.14189 0.04944
0 0.82197 0.29159 0.15759 0.06503
0 0.2378 0.35159 0.1125 0.07178
0 0.38955 0.41159 0.12617 0.04604
0 0.54715 0.47159 0.17884 0.05789
0 0.69219 0.53159 0.1655 0.06623
0 0.86324 0.59159 0.18231 0.07129
0 0.16414 0.65159 0.10809 0.06187
0 0.32027 0.71159 0.10717 0.04419
0 0.46663 0.77159 0.14366 0.05904
0 0.61801 0.83159 0.12584 0.07189
0 0.7895 0.89159 0.1615 0.0798
0 0.23159 0.94636 0.18363 0.07445
0 0.40392 0.05445 0.17669 0.04469
0 0.53683 0.11159 0.19367 0.07134
0 0.67958 0.17159 0.15552 0.06976
0 0.84897 0.23159 0.15685 0.07089
0 0.16384 0.29159 0.16898 0.05002
0 0.36046 0.35159 0.18821 0.05464
0 0.51329 0.41159 0.12316 0.06494
0 0.64955 0.47159 0.17198 0.07928
0 0.81219 0.53159 0.12388 0.05945
0 0.23702 0.59159 0.1249 0.06114
0 0.38462 0.65159 0.17875 0.07907
0 0.52506 0.71159 0.15603 0.0712
0 0.68098 0.77159 0.10651 0.07938
0 0.84242 0.83159 0.19614 0.05008
0 0.16886 0.89159 0.18878 0.04362
0 0.35098 0.94636 0.18831 0.04839
0 0.48274 0.05445 0.15264 0.06957
0 0.62555 0.11159 0.15614 0.07174
0 0.77605 0.17159 0.10911 0.06675
0 0.2357 0.23159 0.17679 0.05518
0 0.39262 0.29159 0.17756 0.06711
0 0.54163 0.35159 0.16108 0.04415
0 0.68253 0.41159 0.14096 0.07514
0 0.83434 0.47159 0.15245 0.04631
0 0.14066 0.53159 0.15577 0.07814
0 0.3394 0.59159 0.14837 0.05674
0 0.48562 0.65159 0.11949 0.0475
0 0.62669 0.71159 0.16761 0.05423
0 0.81538 0.77159 0.16967 0.07632
0 0.24007 0.83159 0.17675 0.07187
0 0.40749 0.89159 0.13491 0.04971
0 0.55204 0.94636 0.1819 0.04899
0 0.66812 0.05445 0.13435 0.07612
0 0.83455 0.11159 0.13191 0.07149
0 0.15004 0.17159 0.13157 0.0723
0 0.35679 0.23159 0.17805 0.05048
0 0.51088 0.29159 0.1361 0.04972
0 0.64398 0.35159 0.13972 0.06682
0 0.79637 0.41159 0.16975 0.04662
0 0.22821 0.47159 0.10923 0.06151
0 0.40564 0.53159 0.12021 0.06826
0 0.55332 0.59159 0.14581 0.04835
0 0.67775 0.65159 0.12614 0.05651
0 0.84014 0.71159 0.17773 0.07291
0 0.18328 0.77159 0.16672 0.07672
0 0.36327 0.83159 0.18523 0.04849
0 0.49715 0.89159 0.12566 0.07026
0 0.627 0.94636 0.14739 0.06338
0 0.7956 0.05445 0.17509 0.04951
0 0.24064 0.11159 0.11594 0.06845
0 0.3912 0.17159 0.14798 0.05373
0 0.52822 0.23159 0.15232 0.06627
0 0.67064 0.29159 0.17154 0.05132
0 0.85703 0.35159 0.19382 0.06088
0 0.17809 0.41159 0.12069 0.07102
0 0.35036 0.47159 0.11103 0.06582
0 0.49461 0.53159 0.16345 0.05177
0 0.65588 0.59159 0.12897 0.06706
0 0.80296 0.65159 0.1587 0.0549
0 0.23383 0.71159 0.17004 0.04692
0 0.38316 0.77159 0.15005 0.0672
0 0.53499 0.83159 0.16814 0.07815
0 0.71088 0.89159 0.18228 0.07415
0 0.86096 0.94636 0.18681 0.04795