0 0.1695 0.05534 0.18975 0.05631
0 0.31537 0.10952 0.13529 0.06019
0 0.47486 0.16984 0.17707 0.05494
0 0.63782 0.23015 0.18394 0.06878
0 0.79993 0.29047 0.15414 0.05375
0 0.23347 0.35079 0.1361 0.05185
0 0.38696 0.41111 0.18265 0.07076
0 0.53355 0.47143 0.18801 0.05848
0 0.69262 0.53174 0.13301 0.07009
0 0.85322 0.59206 0.115 0.05997
0 0.16407 0.65238 0.14797 0.04623
0 0.32327 0.71270 0.17421 0.06417
0 0.46095 0.77302 0.14265 0.05945
0 0.59921 0.83334 0.18065 0.06786
0 0.81836 0.89365 0.16653 0.05321
0 0.23958 0.94827 0.1086 0.06987
0 0.40633 0.05534 0.11401 0.07555
0 0.55272 0.10952 0.15976 0.04369
0 0.66823 0.16984 0.19341 0.07052
0 0.84385 0.23015 0.11971 0.06852
0 0.16679 0.29047 0.16432 0.07543
0 0.36942 0.35079 0.14047 0.05152
0 0.52013 0.41111 0.18308 0.07359
0 0.65262 0.47143 0.15966 0.07257
0 0.79087 0.53174 0.19906 0.07267
0 0.23933 0.59206 0.16764 0.04601
0 0.38257 0.65238 0.12485 0.0663
0 0.53359 0.71270 0.1141 0.07578
0 0.6734 0.77302 0.11798 0.05353
0 0.84506 0.83334 0.19912 0.05218
0 0.17147 0.89365 0.19682 0.0635
0 0.34973 0.94827 0.1884 0.07373
0 0.48432 0.05534 0.17845 0.07035
0 0.61855 0.10952 0.15972 0.04936
0 0.80358 0.16984 0.11126 0.07453
0 0.23592 0.23015 0.1816 0.06858
0 0.39862 0.29047 0.15084 0.04505
0 0.51951 0.35079 0.14763 0.07776
0 0.66823 0.41111 0.19316 0.06327
0 0.82748 0.47143 0.13038 0.0625
0 0.13836 0.53174 0.12057 0.05469
0 0.33894 0.59206 0.10862 0.07005
0 0.49817 0.65238 0.12826 0.05382
0 0.6357 0.71270 0.18197 0.05039
0 0.81061 0.77302 0.11142 0.04812
0 0.24273 0.83334 0.18947 0.04618
0 0.39971 0.89365 0.14128 0.04925
0 0.54614 0.94827 0.12489 0.07406
0 0.6873 0.05534 0.13495 0.05518
0 0.85917 0.10952 0.11568 0.07076
0 0.15432 0.16984 0.12638 0.07649
0 0.35936 0.23015 0.1373 0.06188
0 0.49808 0.29047 0.16637 0.0586
0 0.63115 0.35079 0.16353 0.05106
0 0.81349 0.41111 0.13583 0.05665
0 0.22419 0.47143 0.11337 0.07997
0 0.41117 0.53174 0.15378 0.05327
0 0.53671 0.59206 0.15785 0.04739
0 0.67281 0.65238 0.17581 0.06172
0 0.85839 0.71270 0.19429 0.07009
0 0.17976 0.77302 0.10665 0.05436
0 0.36688 0.83334 0.1213 0.04482
0 0.49344 0.89365 0.19251 0.07512
0 0.64204 0.94827 0.11395 0.06727
0 0.80398 0.05534 0.13944 0.04791
0 0.23327 0.10952 0.13206 0.06693
0 0.38781 0.16984 0.12447 0.04973
0 0.51844 0.23015 0.1398 0.07638
0 0.67776 0.29047 0.13302 0.0794
0 0.84023 0.35079 0.11452 0.06277
0 0.18041 0.41111 0.1178 0.05232
0 0.34508 0.47143 0.15042 0.0594
0 0.50191 0.53174 0.15539 0.04261
0 0.67056 0.59206 0.13843 0.05697
0 0.803 0.65238 0.16103 0.06326
0 0.23616 0.71270 0.13826 0.07605
0 0.38857 0.77302 0.18448 0.05229
0 0.54001 0.83334 0.18728 0.06955
0 0.70079 0.89365 0.13069 0.04442
0 0.85138 0.94827 0.10947 0.07162