0 0.16676 0.05553 0.11514 0.07466
0 0.31932 0.11219 0.13367 0.04486
0 0.47143 0.17263 0.14989 0.07493
0 0.63509 0.23307 0.11294 0.07311
0 0.81449 0.29352 0.11411 0.06589
0 0.23754 0.35396 0.16552 0.07476
0 0.38172 0.41441 0.16908 0.06603
0 0.53867 0.47485 0.19114 0.05006
0 0.70612 0.53529 0.13463 0.0694
0 0.86228 0.59574 0.11993 0.04531
0 0.16614 0.65618 0.17119 0.06908
0 0.32182 0.71662 0.13915 0.05976
0 0.46663 0.77707 0.18215 0.06995
0 0.60027 0.83751 0.18047 0.07251
0 0.82411 0.89795 0.18152 0.06713
0 0.24122 0.94459 0.18861 0.05216
0 0.41084 0.05553 0.12579 0.07152
0 0.55725 0.11219 0.16641 0.06053
0 0.69712 0.17263 0.15189 0.07633
0 0.8527 0.23307 0.13443 0.07004
0 0.16892 0.29352 0.1062 0.04926
0 0.37096 0.35396 0.17521 0.05587
0 0.51696 0.41441 0.18727 0.05175
0 0.64302 0.47485 0.13423 0.05416
0 0.77659 0.53529 0.19773 0.04668
0 0.23353 0.59574 0.17986 0.06394
0 0.39336 0.65618 0.1475 0.06711
0 0.53961 0.71662 0.19924 0.0618
0 0.67311 0.77707 0.17677 0.0745
0 0.85062 0.83751 0.19058 0.06901
0 0.16636 0.89795 0.16101 0.05253
0 0.35494 0.94459 0.18666 0.05549
0 0.48693 0.05553 0.18363 0.07699
0 0.62181 0.11219 0.18951 0.06043
0 0.80327 0.17263 0.12408 0.04578
0 0.2405 0.23307 0.17326 0.06498
0 0.39108 0.29352 0.1647 0.07301
0 0.53073 0.35396 0.11118 0.06894
0 0.70092 0.41441 0.197 0.06908
0 0.83716 0.47485 0.1737 0.07024
0 0.13978 0.53529 0.13023 0.0483
0 0.33106 0.59574 0.1315 0.05706
0 0.49009 0.65618 0.12263 0.06188
0 0.62434 0.71662 0.12518 0.07258
0 0.7992 0.77707 0.13199 0.0467
0 0.23264 0.83751 0.14893 0.06162
0 0.40629 0.89795 0.15439 0.0599
0 0.55152 0.94459 0.17267 0.0604
0 0.68735 0.05553 0.17425 0.07544
0 0.83416 0.11219 0.11482 0.06504
0 0.15702 0.17263 0.1832 0.04968
0 0.37099 0.23307 0.19687 0.07858
0 0.50827 0.29352 0.18881 0.07723
0 0.6408 0.35396 0.13008 0.06888
0 0.81807 0.41441 0.15776 0.06815
0 0.22628 0.47485 0.12587 0.07722
0 0.39619 0.53529 0.13851 0.05319
0 0.55636 0.59574 0.17671 0.07671
0 0.6721 0.65618 0.12469 0.05714
0 0.86303 0.71662 0.15127 0.07376
0 0.18015 0.77707 0.16871 0.04579
0 0.36914 0.83751 0.15251 0.06581
0 0.50187 0.89795 0.12373 0.06091
0 0.62728 0.94459 0.20014 0.07183
0 0.79679 0.05553 0.19717 0.04719
0 0.23628 0.11219 0.16336 0.06882
0 0.39478 0.17263 0.14833 0.05466
0 0.52908 0.23307 0.16451 0.07986
0 0.68104 0.29352 0.18644 0.06426
0 0.84074 0.35396 0.1376 0.06665
0 0.18208 0.41441 0.17632 0.07849
0 0.35286 0.47485 0.16299 0.07603
0 0.50126 0.53529 0.12219 0.07452
0 0.65076 0.59574 0.17278 0.0785
0 0.82572 0.65618 0.126 0.07881
0 0.2399 0.71662 0.19594 0.05626
0 0.39409 0.77707 0.12656 0.06613
0 0.53163 0.83751 0.11246 0.07328
0 0.68642 0.89795 0.15492 0.06894
0 0.86196 0.94459 0.14608 0.05739