0 0.16611 0.05563 0.1149 0.07547
0 0.32173 0.11160 0.12158 0.06091
0 0.47023 0.17233 0.13085 0.07637
0 0.62392 0.23305 0.1279 0.04949
0 0.80347 0.29378 0.13401 0.06158
0 0.23316 0.35451 0.19832 0.04507
0 0.39884 0.41524 0.18211 0.0514
0 0.55285 0.47597 0.17148 0.05852
0 0.7139 0.53669 0.15005 0.04955
0 0.84867 0.59742 0.1506 0.0695
0 0.1664 0.65815 0.18441 0.04741
0 0.32429 0.71888 0.1979 0.05239
0 0.46629 0.77960 0.13884 0.05907
0 0.62117 0.84033 0.15538 0.05517
0 0.79971 0.90106 0.17576 0.06097
0 0.23708 0.95155 0.11032 0.06606
0 0.4066 0.05563 0.14649 0.0788
0 0.5329 0.11160 0.13602 0.06148
0 0.68698 0.17233 0.15267 0.05329
0 0.85599 0.23305 0.1394 0.05674
0 0.16689 0.29378 0.17811 0.05711
0 0.36359 0.35451 0.14054 0.07804
0 0.50611 0.41524 0.18433 0.05757
0 0.64016 0.47597 0.19081 0.05621
0 0.77891 0.53669 0.14687 0.06325
0 0.23637 0.59742 0.15149 0.06995
0 0.3933 0.65815 0.16374 0.04487
0 0.52036 0.71888 0.18095 0.06803
0 0.65792 0.77960 0.18489 0.04938
0 0.83653 0.84033 0.19327 0.05414
0 0.1642 0.90106 0.19601 0.07103
0 0.34282 0.95155 0.13863 0.04489
0 0.49462 0.05563 0.15714 0.07474
0 0.62546 0.11160 0.11557 0.05798
0 0.782 0.17233 0.14733 0.07612
0 0.24154 0.23305 0.19108 0.04834
0 0.38974 0.29378 0.15097 0.05184
0 0.52574 0.35451 0.18537 0.07007
0 0.67472 0.41524 0.19415 0.06647
0 0.83097 0.47597 0.16051 0.07697
0 0.14174 0.53669 0.11662 0.05279
0 0.33278 0.59742 0.17741 0.05361
0 0.48933 0.65815 0.1814 0.06379
0 0.62613 0.71888 0.15306 0.05399
0 0.82281 0.77960 0.13041 0.06045
0 0.23609 0.84033 0.13428 0.07712
0 0.40292 0.90106 0.12934 0.04716
0 0.55296 0.95155 0.14674 0.07674
0 0.69189 0.05563 0.1792 0.058
0 0.83563 0.11160 0.16252 0.07659
0 0.15138 0.17233 0.15441 0.04906
0 0.35528 0.23305 0.13774 0.04839
0 0.495 0.29378 0.13021 0.07363
0 0.63435 0.35451 0.11998 0.06036
0 0.80754 0.41524 0.1959 0.06242
0 0.22578 0.47597 0.12315 0.07063
0 0.39725 0.53669 0.12609 0.06203
0 0.5342 0.59742 0.16889 0.07435
0 0.66761 0.65815 0.17868 0.04379
0 0.8563 0.71888 0.13008 0.04683
0 0.17902 0.77960 0.18524 0.06154
0 0.35785 0.84033 0.19996 0.05633
0 0.50637 0.90106 0.14417 0.04879
0 0.64581 0.95155 0.19345 0.07224
0 0.80239 0.05563 0.10859 0.04695
0 0.23189 0.11160 0.19462 0.0606
0 0.38918 0.17233 0.17449 0.04603
0 0.53615 0.23305 0.20017 0.06478
0 0.67772 0.29378 0.14695 0.0561
0 0.85913 0.35451 0.14984 0.0766
0 0.1833 0.41524 0.15305 0.06559
0 0.34222 0.47597 0.1387 0.04293
0 0.49182 0.53669 0.15973 0.0637
0 0.6611 0.59742 0.13743 0.055
0 0.81746 0.65815 0.18375 0.07134
0 0.23969 0.71888 0.15557 0.06483
0 0.39339 0.77960 0.19154 0.06584
0 0.54549 0.84033 0.13958 0.04249
0 0.68841 0.90106 0.11364 0.06841
0 0.8616 0.95155 0.11977 0.04813