0 0.16931 0.05522 0.18906 0.0696
0 0.32476 0.10998 0.11264 0.06954
0 0.47023 0.16998 0.11867 0.04453
0 0.63345 0.22998 0.15839 0.05756
0 0.79404 0.28998 0.19076 0.07604
0 0.24259 0.34997 0.10711 0.06321
0 0.39041 0.40997 0.15263 0.05749
0 0.54696 0.46997 0.14902 0.07961
0 0.70141 0.52997 0.18652 0.07178
0 0.84706 0.58997 0.16696 0.0783
0 0.16404 0.64997 0.13506 0.06528
0 0.31723 0.70996 0.11151 0.05156
0 0.45524 0.76996 0.11776 0.06399
0 0.61429 0.82996 0.19484 0.06942
0 0.79802 0.88996 0.18815 0.06336
0 0.23557 0.95564 0.14578 0.0571
0 0.39865 0.05522 0.10958 0.06903
0 0.54463 0.10998 0.17943 0.0718
0 0.69038 0.16998 0.13637 0.05467
0 0.84945 0.22998 0.16553 0.07826
0 0.17138 0.28998 0.17286 0.04334
0 0.36764 0.34997 0.18992 0.05488
0 0.50395 0.40997 0.14683 0.05371
0 0.66915 0.46997 0.19689 0.06936
0 0.79618 0.52997 0.1576 0.05796
0 0.23879 0.58997 0.17075 0.07686
0 0.39511 0.64997 0.15418 0.06647
0 0.51787 0.70996 0.11178 0.05911
0 0.67566 0.76996 0.13635 0.05957
0 0.8484 0.82996 0.13812 0.07546
0 0.16439 0.88996 0.15977 0.05671
0 0.35216 0.95564 0.12697 0.06908
0 0.49362 0.05522 0.1547 0.04831
0 0.62106 0.10998 0.19049 0.07708
0 0.80879 0.16998 0.12683 0.04798
0 0.23848 0.22998 0.14818 0.05484
0 0.40008 0.28998 0.15197 0.05521
0 0.54112 0.34997 0.18241 0.07702
0 0.66901 0.40997 0.20001 0.05157
0 0.84803 0.46997 0.14535 0.07142
0 0.13962 0.52997 0.11116 0.04707
0 0.32968 0.58997 0.19025 0.06695
0 0.4769 0.64997 0.19146 0.05632
0 0.64289 0.70996 0.1178 0.07872
0 0.79206 0.76996 0.12596 0.05672
0 0.23948 0.82996 0.1569 0.0646
0 0.41315 0.88996 0.15396 0.05846
0 0.55068 0.95564 0.15798 0.04354
0 0.6955 0.05522 0.10783 0.05251
0 0.86421 0.10998 0.17736 0.05562
0 0.15053 0.16998 0.14762 0.07374
0 0.3668 0.22998 0.13908 0.05664
0 0.51442 0.28998 0.1894 0.07753
0 0.62902 0.34997 0.19656 0.06259
0 0.82286 0.40997 0.16076 0.06949
0 0.22089 0.46997 0.15434 0.05802
0 0.39571 0.52997 0.13575 0.06089
0 0.54557 0.58997 0.13664 0.06354
0 0.69399 0.64997 0.11287 0.06249
0 0.85319 0.70996 0.14703 0.0613
0 0.17884 0.76996 0.16205 0.04414
0 0.3593 0.82996 0.13864 0.07418
0 0.50488 0.88996 0.15292 0.07281
0 0.64775 0.95564 0.14476 0.04441
0 0.81348 0.05522 0.13229 0.07608
0 0.23511 0.10998 0.18559 0.07076
0 0.39823 0.16998 0.11086 0.077
0 0.54277 0.22998 0.17515 0.04404
0 0.69827 0.28998 0.19568 0.06173
0 0.8452 0.34997 0.13663 0.06488
0 0.17808 0.40997 0.18768 0.04379
0 0.34446 0.46997 0.13604 0.04594
0 0.50206 0.52997 0.12893 0.07906
0 0.66968 0.58997 0.12836 0.05432
0 0.80063 0.64997 0.1396 0.06422
0 0.23887 0.70996 0.12344 0.04854
0 0.3926 0.76996 0.15927 0.06955
0 0.54261 0.82996 0.18558 0.04333
0 0.70944 0.88996 0.14835 0.05535
0 0.83526 0.95564 0.1547 0.0607