0 0.17042 0.05495 0.17343 0.05754
0 0.31639 0.11011 0.18161 0.04844
0 0.4786 0.17091 0.13033 0.07484
0 0.64109 0.23172 0.12744 0.04246
0 0.80444 0.29253 0.1309 0.0639
0 0.23193 0.35333 0.17307 0.07263
0 0.39014 0.41414 0.18548 0.04393
0 0.54988 0.47494 0.11763 0.05653
0 0.71289 0.53575 0.17254 0.0674
0 0.83954 0.59655 0.12071 0.05714
0 0.16536 0.65736 0.17284 0.0642
0 0.31734 0.71817 0.10964 0.05368
0 0.45331 0.77897 0.19078 0.07019
0 0.61109 0.83978 0.12844 0.07734
0 0.79328 0.90058 0.15758 0.07932
0 0.23308 0.94462 0.18149 0.04339
0 0.41244 0.05495 0.19113 0.07685
0 0.54023 0.11011 0.18819 0.05753
0 0.69683 0.17091 0.16245 0.06667
0 0.84427 0.23172 0.13564 0.07328
0 0.17013 0.29253 0.1105 0.06211
0 0.37052 0.35333 0.14473 0.04281
0 0.50473 0.41414 0.11787 0.08011
0 0.66331 0.47494 0.12318 0.07272
0 0.81487 0.53575 0.18348 0.06915
0 0.23528 0.59655 0.10637 0.06682
0 0.38924 0.65736 0.11068 0.06235
0 0.5411 0.71817 0.17871 0.05586
0 0.66866 0.77897 0.13447 0.06937
0 0.81855 0.83978 0.16459 0.07833
0 0.16565 0.90058 0.11737 0.07193
0 0.34835 0.94462 0.18798 0.07527
0 0.48571 0.05495 0.19099 0.08004
0 0.6083 0.11011 0.13467 0.07657
0 0.79799 0.17091 0.14544 0.06266
0 0.2323 0.23172 0.16858 0.0777
0 0.38782 0.29253 0.1178 0.07601
0 0.54344 0.35333 0.19857 0.06404
0 0.67897 0.41414 0.13434 0.06265
0 0.83665 0.47494 0.15716 0.06231
0 0.13978 0.53575 0.1073 0.0691
0 0.34105 0.59655 0.18574 0.04267
0 0.48877 0.65736 0.14271 0.0429
0 0.64208 0.71817 0.15518 0.07039
0 0.82749 0.77897 0.11718 0.05809
0 0.23968 0.83978 0.1837 0.06662
0 0.39872 0.90058 0.18764 0.05778
0 0.53114 0.94462 0.18508 0.08005
0 0.69826 0.05495 0.1643 0.05837
0 0.85133 0.11011 0.13602 0.0461
0 0.15152 0.17091 0.20024 0.06311
0 0.35794 0.23172 0.16066 0.05572
0 0.5093 0.29253 0.17192 0.0535
0 0.63951 0.35333 0.19922 0.07089
0 0.82051 0.41414 0.15882 0.05572
0 0.22055 0.47494 0.14476 0.04616
0 0.41079 0.53575 0.10732 0.05475
0 0.54345 0.59655 0.19883 0.07181
0 0.67063 0.65736 0.16008 0.04612
0 0.86634 0.71817 0.13568 0.05476
0 0.18198 0.77897 0.17537 0.07157
0 0.36981 0.83978 0.12445 0.05401
0 0.49405 0.90058 0.13335 0.04959
0 0.65542 0.94462 0.13679 0.07735
0 0.8163 0.05495 0.17089 0.06387
0 0.23253 0.11011 0.1782 0.05022
0 0.38434 0.17091 0.16588 0.04999
0 0.52877 0.23172 0.11545 0.05435
0 0.68533 0.29253 0.16904 0.07579
0 0.86443 0.35333 0.13807 0.06958
0 0.17926 0.41414 0.18093 0.06226
0 0.34931 0.47494 0.14199 0.0448
0 0.49571 0.53575 0.1319 0.04448
0 0.66682 0.59655 0.18853 0.05899
0 0.82417 0.65736 0.19915 0.06325
0 0.23818 0.71817 0.19701 0.04358
0 0.39981 0.77897 0.17405 0.06782
0 0.5416 0.83978 0.15923 0.07029
0 0.71108 0.90058 0.15689 0.07794
0 0.83182 0.94462 0.15541 0.06648