0 0.17142 0.05582 0.19525 0.07098
0 0.31459 0.10892 0.18663 0.0654
0 0.48398 0.16855 0.12243 0.07889
0 0.61433 0.22817 0.15659 0.07159
0 0.79441 0.28780 0.13387 0.06403
0 0.23883 0.34742 0.19119 0.05941
0 0.38831 0.40705 0.11374 0.05325
0 0.53949 0.46667 0.18031 0.0708
0 0.70818 0.52630 0.12251 0.04598
0 0.84306 0.58592 0.17395 0.04645
0 0.1684 0.64554 0.12794 0.07014
0 0.32043 0.70517 0.1256 0.0558
0 0.45587 0.76479 0.12644 0.06432
0 0.62432 0.82442 0.19815 0.0537
0 0.81242 0.88404 0.14207 0.06934
0 0.23222 0.94544 0.16596 0.05602
0 0.40009 0.05582 0.11046 0.06952
0 0.53546 0.10892 0.12795 0.07996
0 0.68601 0.16855 0.18855 0.04558
0 0.83884 0.22817 0.14945 0.06008
0 0.16744 0.28780 0.10635 0.04596
0 0.36706 0.34742 0.1499 0.06977
0 0.52815 0.40705 0.18376 0.07682
0 0.66461 0.46667 0.18827 0.04569
0 0.779 0.52630 0.13445 0.06203
0 0.24247 0.58592 0.12832 0.06327
0 0.40006 0.64554 0.18447 0.06826
0 0.53324 0.70517 0.14734 0.05373
0 0.68525 0.76479 0.15387 0.06512
0 0.83044 0.82442 0.12355 0.04991
0 0.17084 0.88404 0.12035 0.06719
0 0.34028 0.94544 0.19156 0.06876
0 0.48814 0.05582 0.19966 0.05976
0 0.6034 0.10892 0.14284 0.04837
0 0.7883 0.16855 0.18402 0.05833
0 0.23341 0.22817 0.19602 0.06491
0 0.39264 0.28780 0.19034 0.05458
0 0.53458 0.34742 0.18536 0.07376
0 0.67882 0.40705 0.17049 0.04705
0 0.8189 0.46667 0.12226 0.0519
0 0.13644 0.52630 0.12846 0.07779
0 0.3276 0.58592 0.14701 0.06714
0 0.47813 0.64554 0.10843 0.07082
0 0.61299 0.70517 0.13139 0.07301
0 0.82866 0.76479 0.19848 0.04425
0 0.24006 0.82442 0.13555 0.05807
0 0.40987 0.88404 0.15997 0.06979
0 0.53174 0.94544 0.16373 0.04767
0 0.67095 0.05582 0.19106 0.06628
0 0.84135 0.10892 0.14341 0.05174
0 0.15655 0.16855 0.17138 0.0741
0 0.37144 0.22817 0.12535 0.07398
0 0.51485 0.28780 0.11199 0.05951
0 0.63719 0.34742 0.16475 0.05731
0 0.80122 0.40705 0.17093 0.07869
0 0.21986 0.46667 0.13405 0.04273
0 0.40969 0.52630 0.15995 0.05745
0 0.55028 0.58592 0.13588 0.06082
0 0.67337 0.64554 0.18239 0.06574
0 0.84866 0.70517 0.14053 0.04507
0 0.17736 0.76479 0.17195 0.04781
0 0.36572 0.82442 0.16579 0.0671
0 0.50953 0.88404 0.19701 0.05066
0 0.65368 0.94544 0.125 0.04692
0 0.82108 0.05582 0.16246 0.04405
0 0.23651 0.10892 0.11396 0.04867
0 0.38787 0.16855 0.15739 0.0617
0 0.51868 0.22817 0.18584 0.07513
0 0.69483 0.28780 0.1099 0.07132
0 0.83477 0.34742 0.13712 0.04752
0 0.177 0.40705 0.17294 0.04487
0 0.34505 0.46667 0.18718 0.06779
0 0.51357 0.52630 0.15329 0.06061
0 0.66173 0.58592 0.19985 0.06111
0 0.80498 0.64554 0.14648 0.05425
0 0.24151 0.70517 0.13127 0.05463
0 0.39423 0.76479 0.15066 0.07671
0 0.5473 0.82442 0.12123 0.05941
0 0.69581 0.88404 0.12105 0.07066
0 0.871 0.94544 0.13137 0.04941