0 0.16866 0.05470 0.13461 0.04777
0 0.31708 0.11214 0.13921 0.05795
0 0.47269 0.17155 0.17458 0.0482
0 0.61787 0.23096 0.18963 0.07369
0 0.82507 0.29038 0.11096 0.0703
0 0.23541 0.34979 0.11347 0.04616
0 0.3851 0.40921 0.10743 0.07337
0 0.55238 0.46862 0.12429 0.05099
0 0.68141 0.52804 0.10854 0.04646
0 0.83196 0.58745 0.15026 0.06742
0 0.16775 0.64686 0.12901 0.07843
0 0.32796 0.70628 0.1928 0.07315
0 0.46297 0.76569 0.17356 0.06593
0 0.61726 0.82511 0.15214 0.05481
0 0.81538 0.88452 0.11343 0.05289
0 0.24227 0.94237 0.15604 0.05881
0 0.39914 0.05470 0.16886 0.05564
0 0.5548 0.11214 0.16336 0.07553
0 0.66861 0.17155 0.14562 0.04266
0 0.86468 0.23096 0.11651 0.06869
0 0.1636 0.29038 0.18306 0.05518
0 0.36138 0.34979 0.12957 0.05393
0 0.51889 0.40921 0.15407 0.06687
0 0.64615 0.46862 0.18188 0.07717
0 0.80735 0.52804 0.15413 0.07611
0 0.23388 0.58745 0.1346 0.08003
0 0.3845 0.64686 0.18733 0.04518
0 0.53342 0.70628 0.11148 0.04731
0 0.6847 0.76569 0.17496 0.07944
0 0.84423 0.82511 0.191 0.04583
0 0.16512 0.88452 0.14982 0.0683
0 0.35614 0.94237 0.15032 0.07746
0 0.48563 0.05470 0.12057 0.04777
0 0.59996 0.11214 0.19674 0.07578
0 0.78483 0.17155 0.18868 0.04317
0 0.2421 0.23096 0.15213 0.05535
0 0.39801 0.29038 0.14445 0.05141
0 0.53259 0.34979 0.118 0.07956
0 0.68603 0.40921 0.19332 0.07435
0 0.81671 0.46862 0.10659 0.07239
0 0.13699 0.52804 0.12364 0.07638
0 0.33024 0.58745 0.13662 0.07185
0 0.49649 0.64686 0.1108 0.07397
0 0.62461 0.70628 0.11969 0.05454
0 0.80226 0.76569 0.17483 0.07044
0 0.23448 0.82511 0.15154 0.06749
0 0.40069 0.88452 0.13794 0.05333
0 0.54243 0.94237 0.12839 0.05515
0 0.67349 0.05470 0.14857 0.07669
0 0.85432 0.11214 0.12355 0.04364
0 0.15475 0.17155 0.13664 0.06869
0 0.36627 0.23096 0.13095 0.0503
0 0.49884 0.29038 0.18433 0.07351
0 0.65668 0.34979 0.17172 0.05066
0 0.79926 0.40921 0.13751 0.04618
0 0.22609 0.46862 0.16077 0.06579
0 0.40258 0.52804 0.1332 0.04634
0 0.55371 0.58745 0.13095 0.07256
0 0.6796 0.64686 0.13057 0.07648
0 0.86025 0.70628 0.1699 0.05421
0 0.18006 0.76569 0.15508 0.05305
0 0.36973 0.82511 0.1133 0.04268
0 0.50876 0.88452 0.11133 0.06113
0 0.63999 0.94237 0.13046 0.0797
0 0.80558 0.05470 0.14754 0.07026
0 0.23579 0.11214 0.13287 0.05414
0 0.38973 0.17155 0.17006 0.06507
0 0.52726 0.23096 0.19559 0.07191
0 0.66942 0.29038 0.17904 0.04663
0 0.84893 0.34979 0.16604 0.06427
0 0.18242 0.40921 0.17711 0.07525
0 0.34557 0.46862 0.17648 0.06844
0 0.50017 0.52804 0.16132 0.05159
0 0.64302 0.58745 0.17895 0.05535
0 0.80865 0.64686 0.14307 0.063
0 0.23484 0.70628 0.16313 0.04497
0 0.38143 0.76569 0.12939 0.05791
0 0.55479 0.82511 0.13343 0.05138
0 0.68786 0.88452 0.10789 0.06087
0 0.85924 0.94237 0.13881 0.07283