0 0.16682 0.05564 0.18071 0.0459
0 0.31494 0.11134 0.11112 0.05118
0 0.46922 0.17081 0.13469 0.04461
0 0.61422 0.23027 0.11124 0.07258
0 0.79035 0.28973 0.13136 0.05932
0 0.23859 0.34919 0.13465 0.04494
0 0.3993 0.40866 0.15119 0.07921
0 0.55032 0.46812 0.17498 0.05393
0 0.68221 0.52758 0.1437 0.05029
0 0.86678 0.58704 0.15509 0.06564
0 0.16375 0.64651 0.11782 0.07236
0 0.32604 0.70597 0.1683 0.06778
0 0.45622 0.76543 0.14611 0.05054
0 0.62568 0.82489 0.18692 0.068
0 0.81046 0.88436 0.19645 0.04636
0 0.23704 0.95328 0.12912 0.06861
0 0.40382 0.05564 0.17745 0.07301
0 0.54003 0.11134 0.19759 0.07885
0 0.68038 0.17081 0.17088 0.0737
0 0.84678 0.23027 0.16246 0.07566
0 0.16827 0.28973 0.15068 0.06394
0 0.35557 0.34919 0.11787 0.07709
0 0.5137 0.40866 0.1507 0.0461
0 0.66895 0.46812 0.17062 0.0459
0 0.79565 0.52758 0.14556 0.06891
0 0.24217 0.58704 0.13914 0.04724
0 0.38423 0.64651 0.12532 0.06632
0 0.52496 0.70597 0.12448 0.07931
0 0.68122 0.76543 0.12567 0.05438
0 0.84943 0.82489 0.11726 0.06393
0 0.17102 0.88436 0.16535 0.05385
0 0.34396 0.95328 0.19686 0.05513
0 0.48505 0.05564 0.19789 0.06621
0 0.62004 0.11134 0.18945 0.07505
0 0.81269 0.17081 0.17592 0.0508
0 0.2365 0.23027 0.17762 0.05678
0 0.39297 0.28973 0.18534 0.05058
0 0.53537 0.34919 0.1312 0.05911
0 0.69399 0.40866 0.13654 0.06106
0 0.85277 0.46812 0.19695 0.07123
0 0.1392 0.52758 0.13724 0.04821
0 0.33866 0.58704 0.18565 0.07593
0 0.49524 0.64651 0.18574 0.07871
0 0.62714 0.70597 0.14794 0.07815
0 0.81446 0.76543 0.19383 0.05732
0 0.2395 0.82489 0.12116 0.07187
0 0.39806 0.88436 0.10698 0.07406
0 0.53815 0.95328 0.18498 0.07118
0 0.6841 0.05564 0.13845 0.0571
0 0.839 0.11134 0.11794 0.05544
0 0.15318 0.17081 0.15878 0.07928
0 0.36841 0.23027 0.12614 0.07273
0 0.50682 0.28973 0.16769 0.04508
0 0.63456 0.34919 0.14523 0.0675
0 0.79015 0.40866 0.1454 0.07239
0 0.22472 0.46812 0.17314 0.07052
0 0.40828 0.52758 0.19273 0.0613
0 0.54169 0.58704 0.1666 0.07109
0 0.69709 0.64651 0.13721 0.06374
0 0.85071 0.70597 0.17388 0.07161
0 0.18128 0.76543 0.12648 0.06602
0 0.3703 0.82489 0.13605 0.07276
0 0.49785 0.88436 0.12158 0.063
0 0.635 0.95328 0.12421 0.05182
0 0.82413 0.05564 0.18677 0.07618
0 0.24139 0.11134 0.12246 0.07467
0 0.3971 0.17081 0.12624 0.06463
0 0.53274 0.23027 0.17707 0.04441
0 0.70044 0.28973 0.18624 0.06114
0 0.84089 0.34919 0.13647 0.0709
0 0.18371 0.40866 0.1476 0.07627
0 0.34563 0.46812 0.18116 0.04562
0 0.49053 0.52758 0.19407 0.06157
0 0.64868 0.58704 0.1475 0.04306
0 0.82938 0.64651 0.1211 0.04991
0 0.23586 0.70597 0.18144 0.05654
0 0.4004 0.76543 0.12776 0.06983
0 0.53792 0.82489 0.10889 0.06656
0 0.70314 0.88436 0.1758 0.07942
0 0.86065 0.95328 0.13692 0.05708