0 0.16952 0.05492 0.12178 0.06863
0 0.32203 0.11012 0.14758 0.07039
0 0.46534 0.17067 0.12307 0.07865
0 0.63311 0.23123 0.11282 0.06427
0 0.81665 0.29179 0.14168 0.0788
0 0.2341 0.35235 0.14844 0.08006
0 0.39247 0.41290 0.138 0.05261
0 0.55723 0.47346 0.14573 0.06421
0 0.68814 0.53402 0.12148 0.04595
0 0.86157 0.59458 0.12062 0.04628
0 0.17121 0.65513 0.19194 0.07094
0 0.31376 0.71569 0.12649 0.0489
0 0.45797 0.77625 0.19119 0.04942
0 0.62165 0.83680 0.19168 0.04922
0 0.82729 0.89736 0.15091 0.06399
0 0.23334 0.94383 0.14464 0.06309
0 0.40178 0.05492 0.19849 0.05888
0 0.54673 0.11012 0.17378 0.07742
0 0.6774 0.17067 0.12859 0.05325
0 0.867 0.23123 0.12513 0.06094
0 0.16797 0.29179 0.17137 0.05462
0 0.37162 0.35235 0.11475 0.05973
0 0.50957 0.41290 0.18962 0.04299
0 0.66761 0.47346 0.14139 0.07333
0 0.79225 0.53402 0.16769 0.07812
0 0.23562 0.59458 0.14903 0.05084
0 0.39222 0.65513 0.14119 0.05999
0 0.5268 0.71569 0.15709 0.04475
0 0.67541 0.77625 0.16312 0.07236
0 0.83005 0.83680 0.12095 0.06066
0 0.16446 0.89736 0.18275 0.07617
0 0.3556 0.94383 0.13168 0.07266
0 0.47902 0.05492 0.12808 0.04786
0 0.62302 0.11012 0.17815 0.05489
0 0.79926 0.17067 0.15172 0.04511
0 0.24219 0.23123 0.11158 0.04539
0 0.39722 0.29179 0.12186 0.07465
0 0.51724 0.35235 0.19982 0.05431
0 0.6894 0.41290 0.18062 0.04958
0 0.8252 0.47346 0.15256 0.06678
0 0.14223 0.53402 0.17584 0.06913
0 0.33173 0.59458 0.11968 0.05873
0 0.47876 0.65513 0.10993 0.07546
0 0.61527 0.71569 0.1203 0.07621
0 0.80394 0.77625 0.17716 0.04813
0 0.23279 0.83680 0.13176 0.05489
0 0.40524 0.89736 0.12089 0.06175
0 0.54702 0.94383 0.1317 0.07613
0 0.68683 0.05492 0.11604 0.04252
0 0.84051 0.11012 0.11599 0.0782
0 0.15461 0.17067 0.15515 0.05439
0 0.35411 0.23123 0.12559 0.05556
0 0.51227 0.29179 0.11689 0.06371
0 0.64397 0.35235 0.17866 0.05544
0 0.80593 0.41290 0.18961 0.062
0 0.22556 0.47346 0.11855 0.05509
0 0.40407 0.53402 0.17667 0.04873
0 0.54297 0.59458 0.1487 0.0594
0 0.69696 0.65513 0.17489 0.05177
0 0.87168 0.71569 0.17693 0.07232
0 0.18229 0.77625 0.17637 0.07856
0 0.36508 0.83680 0.17878 0.06038
0 0.50721 0.89736 0.17689 0.04896
0 0.62616 0.94383 0.17506 0.06866
0 0.79101 0.05492 0.14285 0.05422
0 0.24055 0.11012 0.20001 0.05518
0 0.39901 0.17067 0.10903 0.04922
0 0.53431 0.23123 0.17931 0.07854
0 0.68837 0.29179 0.19085 0.05108
0 0.85455 0.35235 0.12868 0.07054
0 0.18255 0.41290 0.1087 0.07541
0 0.34166 0.47346 0.1955 0.04614
0 0.4946 0.53402 0.14847 0.04408
0 0.65127 0.59458 0.11595 0.07711
0 0.79424 0.65513 0.13773 0.07717
0 0.24159 0.71569 0.17784 0.0762
0 0.38905 0.77625 0.14203 0.04611
0 0.55327 0.83680 0.16183 0.076
0 0.69344 0.89736 0.1537 0.04982
0 0.86691 0.94383 0.18071 0.067