0 0.16827 0.05528 0.1193 0.06162
0 0.31582 0.11092 0.13999 0.06343
0 0.46776 0.17034 0.12512 0.05446
0 0.64036 0.22977 0.13353 0.05794
0 0.82481 0.28919 0.17675 0.07654
0 0.23358 0.34861 0.18055 0.0751
0 0.38698 0.40804 0.1998 0.07722
0 0.54029 0.46746 0.18874 0.06369
0 0.6867 0.52688 0.12555 0.04945
0 0.8379 0.58631 0.12589 0.06794
0 0.16985 0.64573 0.19494 0.0559
0 0.32386 0.70515 0.16894 0.04922
0 0.46153 0.76458 0.11453 0.05802
0 0.61787 0.82400 0.15217 0.07263
0 0.80001 0.88342 0.12063 0.0519
0 0.23507 0.94652 0.18861 0.0675
0 0.41191 0.05528 0.18949 0.0491
0 0.53243 0.11092 0.16822 0.05872
0 0.67839 0.17034 0.10861 0.04604
0 0.8702 0.22977 0.19639 0.05378
0 0.16442 0.28919 0.16697 0.06957
0 0.36755 0.34861 0.11455 0.05689
0 0.50532 0.40804 0.13265 0.05896
0 0.67066 0.46746 0.17838 0.04277
0 0.80171 0.52688 0.12454 0.04893
0 0.23261 0.58631 0.10842 0.04556
0 0.38889 0.64573 0.11849 0.06713
0 0.53227 0.70515 0.13897 0.05883
0 0.6744 0.76458 0.17108 0.06666
0 0.82791 0.82400 0.11508 0.06196
0 0.1695 0.88342 0.15313 0.04739
0 0.34677 0.94652 0.11851 0.05862
0 0.49518 0.05528 0.16517 0.07989
0 0.62158 0.11092 0.15734 0.05678
0 0.8132 0.17034 0.16299 0.07406
0 0.23254 0.22977 0.18192 0.04426
0 0.38732 0.28919 0.15532 0.04921
0 0.51724 0.34861 0.11559 0.06895
0 0.68389 0.40804 0.17003 0.05366
0 0.85702 0.46746 0.18324 0.05839
0 0.13628 0.52688 0.14152 0.06256
0 0.335 0.58631 0.10607 0.07153
0 0.48651 0.64573 0.1076 0.0514
0 0.63835 0.70515 0.13053 0.06602
0 0.81839 0.76458 0.19495 0.0695
0 0.23188 0.82400 0.14386 0.05068
0 0.41012 0.88342 0.1202 0.06088
0 0.53579 0.94652 0.13482 0.07584
0 0.68723 0.05528 0.12169 0.08012
0 0.85567 0.11092 0.14134 0.07209
0 0.15619 0.17034 0.16869 0.04857
0 0.36941 0.22977 0.17505 0.06607
0 0.49383 0.28919 0.11879 0.05474
0 0.64961 0.34861 0.12949 0.06504
0 0.82423 0.40804 0.19812 0.07066
0 0.22833 0.46746 0.17243 0.07495
0 0.40244 0.52688 0.14638 0.04475
0 0.53336 0.58631 0.11962 0.06533
0 0.67371 0.64573 0.1493 0.05808
0 0.84556 0.70515 0.16266 0.05804
0 0.18529 0.76458 0.17717 0.05649
0 0.36182 0.82400 0.12362 0.05158
0 0.49943 0.88342 0.18366 0.06157
0 0.64128 0.94652 0.12764 0.07931
0 0.79285 0.05528 0.19148 0.05969
0 0.23703 0.11092 0.19597 0.07925
0 0.39611 0.17034 0.15335 0.04407
0 0.52118 0.22977 0.13738 0.06325
0 0.67727 0.28919 0.12441 0.07544
0 0.872 0.34861 0.11353 0.05372
0 0.18052 0.40804 0.12149 0.0448
0 0.3518 0.46746 0.16573 0.06483
0 0.5093 0.52688 0.17757 0.04962
0 0.65976 0.58631 0.15189 0.05358
0 0.79661 0.64573 0.13128 0.0513
0 0.23162 0.70515 0.16466 0.06622
0 0.38496 0.76458 0.18526 0.04385
0 0.54571 0.82400 0.12475 0.05936
0 0.69134 0.88342 0.18026 0.05049
0 0.83883 0.94652 0.15683 0.05705