0 0.16905 0.05454 0.17599 0.04371
0 0.31641 0.10992 0.15645 0.04587
0 0.46733 0.16996 0.17188 0.04252
0 0.63286 0.23001 0.16988 0.07345
0 0.79463 0.29005 0.17831 0.06556
0 0.23266 0.35009 0.1659 0.05867
0 0.3987 0.41014 0.15688 0.07778
0 0.53801 0.47018 0.16377 0.04341
0 0.68323 0.53022 0.18152 0.04928
0 0.84314 0.59027 0.16402 0.05856
0 0.16889 0.65031 0.11163 0.05084
0 0.32313 0.71035 0.13836 0.06842
0 0.451 0.77040 0.15591 0.05405
0 0.61011 0.83044 0.13766 0.0594
0 0.82655 0.89048 0.1603 0.04782
0 0.24102 0.95084 0.12804 0.07305
0 0.39994 0.05454 0.1207 0.0779
0 0.54152 0.10992 0.17778 0.04294
0 0.69003 0.16996 0.11991 0.05915
0 0.83049 0.23001 0.14875 0.06335
0 0.16702 0.29005 0.13378 0.05458
0 0.3556 0.35009 0.10696 0.07528
0 0.51702 0.41014 0.19451 0.04793
0 0.65255 0.47018 0.11506 0.07803
0 0.81493 0.53022 0.14956 0.06462
0 0.23915 0.59027 0.17202 0.06709
0 0.39234 0.65031 0.1438 0.04868
0 0.53736 0.71035 0.18988 0.06697
0 0.67996 0.77040 0.16377 0.07897
0 0.85454 0.83044 0.19812 0.07436
0 0.16591 0.89048 0.15922 0.06248
0 0.34318 0.95084 0.12282 0.06243
0 0.49718 0.05454 0.14304 0.06013
0 0.60738 0.10992 0.12947 0.07083
0 0.78357 0.16996 0.11882 0.07735
0 0.2363 0.23001 0.18407 0.07633
0 0.38306 0.29005 0.11811 0.05567
0 0.51749 0.35009 0.11584 0.07459
0 0.66839 0.41014 0.12732 0.07061
0 0.84058 0.47018 0.15768 0.05098
0 0.13792 0.53022 0.1887 0.07426
0 0.33528 0.59027 0.13737 0.05102
0 0.49121 0.65031 0.141 0.07085
0 0.61805 0.71035 0.18018 0.05763
0 0.79221 0.77040 0.15322 0.05533
0 0.2426 0.83044 0.11459 0.04801
0 0.40841 0.89048 0.13783 0.05198
0 0.5506 0.95084 0.112 0.073
0 0.68629 0.05454 0.13905 0.05271
0 0.85124 0.10992 0.17252 0.04875
0 0.15267 0.16996 0.16711 0.07941
0 0.35523 0.23001 0.11958 0.06804
0 0.49915 0.29005 0.10821 0.04474
0 0.65054 0.35009 0.12385 0.06036
0 0.79687 0.41014 0.1534 0.04507
0 0.22354 0.47018 0.12555 0.05701
0 0.41114 0.53022 0.18488 0.06599
0 0.54379 0.59027 0.16951 0.07635
0 0.67895 0.65031 0.10765 0.07187
0 0.8638 0.71035 0.15154 0.0643
0 0.17786 0.77040 0.11724 0.0683
0 0.36907 0.83044 0.12189 0.07983
0 0.50559 0.89048 0.1213 0.04815
0 0.63739 0.95084 0.13935 0.05463
0 0.79298 0.05454 0.14848 0.04689
0 0.24308 0.10992 0.18548 0.04596
0 0.38275 0.16996 0.19211 0.06426
0 0.53839 0.23001 0.17797 0.0602
0 0.67228 0.29005 0.10821 0.07614
0 0.87094 0.35009 0.19343 0.04832
0 0.18418 0.41014 0.16003 0.04534
0 0.34238 0.47018 0.19052 0.05487
0 0.51189 0.53022 0.18947 0.05028
0 0.66803 0.59027 0.17846 0.05041
0 0.80781 0.65031 0.12281 0.04394
0 0.2319 0.71035 0.14938 0.07949
0 0.38403 0.77040 0.16477 0.05054
0 0.55765 0.83044 0.15046 0.05748
0 0.69763 0.89048 0.15257 0.04475
0 0.86969 0.95084 0.17092 0.05928