0 0.16589 0.05473 0.12203 0.06209
0 0.32107 0.11036 0.19751 0.06491
0 0.4794 0.17029 0.13086 0.04879
0 0.63792 0.23022 0.1159 0.07351
0 0.82083 0.29015 0.14919 0.05663
0 0.23345 0.35008 0.13274 0.05612
0 0.39419 0.41001 0.1453 0.06057
0 0.55525 0.46994 0.10749 0.04404
0 0.69753 0.52987 0.15277 0.05932
0 0.87263 0.58980 0.19232 0.0519
0 0.16866 0.64973 0.1063 0.05252
0 0.32591 0.70966 0.18601 0.05899
0 0.45206 0.76959 0.17799 0.06983
0 0.62759 0.82952 0.16417 0.05778
0 0.8049 0.88945 0.10667 0.05075
0 0.23909 0.95988 0.10897 0.05632
0 0.39895 0.05473 0.12973 0.07928
0 0.53411 0.11036 0.18698 0.07431
0 0.67544 0.17029 0.14678 0.05437
0 0.83598 0.23022 0.17881 0.07652
0 0.1646 0.29015 0.14063 0.07935
0 0.36261 0.35008 0.17285 0.0635
0 0.5156 0.41001 0.12807 0.04323
0 0.66376 0.46994 0.13257 0.06638
0 0.79908 0.52987 0.17759 0.07352
0 0.2353 0.58980 0.11561 0.07845
0 0.38943 0.64973 0.14345 0.04325
0 0.51832 0.70966 0.13209 0.0668
0 0.66282 0.76959 0.16906 0.05982
0 0.82925 0.82952 0.15263 0.06569
0 0.1639 0.88945 0.12031 0.04561
0 0.3485 0.95988 0.12736 0.05097
0 0.48364 0.05473 0.14556 0.05455
0 0.61331 0.11036 0.18021 0.07137
0 0.78259 0.17029 0.15226 0.05523
0 0.24059 0.23022 0.18869 0.06043
0 0.40052 0.29015 0.12964 0.07544
0 0.53375 0.35008 0.12678 0.06631
0 0.67101 0.41001 0.1561 0.04488
0 0.83035 0.46994 0.11286 0.06437
0 0.14189 0.52987 0.14535 0.05955
0 0.3427 0.58980 0.18284 0.07979
0 0.47983 0.64973 0.19399 0.04761
0 0.62238 0.70966 0.19595 0.06835
0 0.79409 0.76959 0.15609 0.07365
0 0.23752 0.82952 0.10648 0.05669
0 0.40269 0.88945 0.13883 0.06549
0 0.54863 0.95988 0.1225 0.04285
0 0.68918 0.05473 0.15345 0.0536
0 0.8561 0.11036 0.16815 0.07094
0 0.15212 0.17029 0.10668 0.06778
0 0.36103 0.23022 0.16557 0.0798
0 0.49684 0.29015 0.13292 0.06111
0 0.62939 0.35008 0.11027 0.07983
0 0.79239 0.41001 0.13005 0.04939
0 0.22524 0.46994 0.15479 0.0731
0 0.40848 0.52987 0.15001 0.05072
0 0.55533 0.58980 0.18287 0.07043
0 0.67456 0.64973 0.14381 0.04267
0 0.84534 0.70966 0.1338 0.05185
0 0.17848 0.76959 0.16979 0.05853
0 0.36976 0.82952 0.11275 0.07307
0 0.49789 0.88945 0.18597 0.07403
0 0.63999 0.95988 0.13674 0.04761
0 0.81342 0.05473 0.10754 0.05406
0 0.23306 0.11036 0.14193 0.07917
0 0.3978 0.17029 0.17361 0.06848
0 0.53555 0.23022 0.16242 0.07229
0 0.68055 0.29015 0.12065 0.06421
0 0.86472 0.35008 0.18638 0.07229
0 0.18427 0.41001 0.17892 0.06618
0 0.3496 0.46994 0.1594 0.07707
0 0.492 0.52987 0.18623 0.06778
0 0.66986 0.58980 0.18331 0.07531
0 0.81847 0.64973 0.17942 0.07723
0 0.23344 0.70966 0.12731 0.04954
0 0.38139 0.76959 0.16692 0.07632
0 0.53388 0.82952 0.11183 0.06788
0 0.70497 0.88945 0.19096 0.06833
0 0.86894 0.95988 0.13352 0.06711