0 0.16724 0.05466 0.15904 0.0649
0 0.32107 0.11011 0.19346 0.05386
0 0.47177 0.17093 0.16161 0.06945
0 0.64096 0.23175 0.14488 0.07177
0 0.8155 0.29257 0.15525 0.07976
0 0.2414 0.35339 0.18886 0.06072
0 0.39361 0.41421 0.14955 0.06251
0 0.53498 0.47503 0.14711 0.06805
0 0.68457 0.53585 0.16205 0.04558
0 0.84354 0.59667 0.11313 0.0465
0 0.16613 0.65749 0.10944 0.05848
0 0.32466 0.71832 0.13379 0.05434
0 0.46637 0.77914 0.17743 0.07481
0 0.6127 0.83996 0.17847 0.06204
0 0.81925 0.90078 0.11452 0.06511
0 0.24105 0.95494 0.13486 0.05012
0 0.41407 0.05466 0.12537 0.07115
0 0.54784 0.11011 0.10718 0.05212
0 0.66859 0.17093 0.16711 0.06836
0 0.83484 0.23175 0.17264 0.06631
0 0.16972 0.29257 0.17961 0.06272
0 0.35952 0.35339 0.18596 0.0702
0 0.52665 0.41421 0.16972 0.07714
0 0.66665 0.47503 0.17072 0.07632
0 0.78369 0.53585 0.18287 0.06885
0 0.24177 0.59667 0.10639 0.07006
0 0.38592 0.65749 0.18907 0.0696
0 0.5386 0.71832 0.14825 0.06751
0 0.6843 0.77914 0.18342 0.05463
0 0.82375 0.83996 0.18417 0.06182
0 0.16647 0.90078 0.18829 0.05886
0 0.35154 0.95494 0.132 0.04478
0 0.48793 0.05466 0.11447 0.07071
0 0.60218 0.11011 0.10648 0.04535
0 0.80322 0.17093 0.19416 0.0485
0 0.23472 0.23175 0.17504 0.0731
0 0.39392 0.29257 0.18349 0.07418
0 0.53921 0.35339 0.11939 0.05117
0 0.68773 0.41421 0.1722 0.04731
0 0.81939 0.47503 0.17189 0.04564
0 0.14005 0.53585 0.14117 0.05009
0 0.34258 0.59667 0.15971 0.05431
0 0.48466 0.65749 0.14109 0.04338
0 0.6382 0.71832 0.16448 0.07142
0 0.79254 0.77914 0.17162 0.05263
0 0.23803 0.83996 0.14097 0.0535
0 0.41384 0.90078 0.14182 0.05302
0 0.54438 0.95494 0.13899 0.06336
0 0.67867 0.05466 0.17858 0.06073
0 0.85165 0.11011 0.11642 0.07066
0 0.15378 0.17093 0.16897 0.07852
0 0.37065 0.23175 0.19159 0.04694
0 0.49607 0.29257 0.1812 0.07238
0 0.64695 0.35339 0.12562 0.04385
0 0.81295 0.41421 0.15922 0.07939
0 0.22048 0.47503 0.16259 0.06158
0 0.39843 0.53585 0.15708 0.04874
0 0.53215 0.59667 0.13789 0.0443
0 0.68491 0.65749 0.12014 0.05254
0 0.85814 0.71832 0.13107 0.04443
0 0.17992 0.77914 0.16916 0.07231
0 0.35693 0.83996 0.15735 0.04964
0 0.49414 0.90078 0.13589 0.0577
0 0.62758 0.95494 0.18599 0.04612
0 0.79867 0.05466 0.14284 0.07252
0 0.2382 0.11011 0.12663 0.05564
0 0.389 0.17093 0.11433 0.07665
0 0.52153 0.23175 0.1175 0.04979
0 0.6795 0.29257 0.13174 0.0633
0 0.85579 0.35339 0.18437 0.04851
0 0.18564 0.41421 0.16844 0.05045
0 0.35749 0.47503 0.19481 0.06722
0 0.49175 0.53585 0.1956 0.0787
0 0.64729 0.59667 0.1469 0.07067
0 0.80055 0.65749 0.15462 0.0795
0 0.24095 0.71832 0.11147 0.06548
0 0.40009 0.77914 0.1881 0.06445
0 0.53084 0.83996 0.13641 0.07228
0 0.69696 0.90078 0.15265 0.05666
0 0.8504 0.95494 0.16283 0.07207