0 0.16462 0.05589 0.16597 0.07731
0 0.32145 0.10991 0.15559 0.0564
0 0.46947 0.16949 0.11939 0.06652
0 0.63484 0.22907 0.13204 0.07598
0 0.81902 0.28865 0.19913 0.06064
0 0.2367 0.34823 0.18102 0.06618
0 0.38465 0.40780 0.19406 0.05996
0 0.5345 0.46738 0.13891 0.04654
0 0.69003 0.52696 0.12578 0.04669
0 0.8572 0.58654 0.17021 0.0465
0 0.17005 0.64612 0.13958 0.05924
0 0.32372 0.70569 0.1474 0.07783
0 0.45573 0.76527 0.19175 0.06633
0 0.60324 0.82485 0.18466 0.07749
0 0.79935 0.88443 0.14297 0.0448
0 0.23956 0.94994 0.17527 0.054
0 0.39617 0.05589 0.13347 0.07824
0 0.54434 0.10991 0.13361 0.04282
0 0.7005 0.16949 0.13405 0.04876
0 0.86861 0.22907 0.10841 0.07091
0 0.16813 0.28865 0.1926 0.07387
0 0.36773 0.34823 0.17075 0.06527
0 0.5228 0.40780 0.12815 0.06196
0 0.66242 0.46738 0.15296 0.07798
0 0.80264 0.52696 0.1806 0.07038
0 0.23472 0.58654 0.14191 0.06887
0 0.39243 0.64612 0.12667 0.07051
0 0.53355 0.70569 0.1742 0.07538
0 0.68047 0.76527 0.17893 0.07879
0 0.81733 0.82485 0.17143 0.07946
0 0.16512 0.88443 0.16449 0.07707
0 0.35743 0.94994 0.17794 0.05312
0 0.49625 0.05589 0.15429 0.04464
0 0.6182 0.10991 0.13712 0.07339
0 0.80284 0.16949 0.10619 0.0492
0 0.24093 0.22907 0.16081 0.04374
0 0.38655 0.28865 0.12227 0.07151
0 0.53477 0.34823 0.12444 0.06281
0 0.66794 0.40780 0.12024 0.05493
0 0.83935 0.46738 0.15372 0.06423
0 0.13978 0.52696 0.10771 0.07465
0 0.34122 0.58654 0.15049 0.06665
0 0.48095 0.64612 0.11041 0.05827
0 0.64161 0.70569 0.14776 0.06301
0 0.82877 0.76527 0.12149 0.0493
0 0.2353 0.82485 0.16 0.05134
0 0.40728 0.88443 0.18322 0.05017
0 0.54511 0.94994 0.11411 0.05222
0 0.68257 0.05589 0.12802 0.07798
0 0.84547 0.10991 0.12926 0.06662
0 0.15228 0.16949 0.13925 0.07369
0 0.35539 0.22907 0.14463 0.05709
0 0.49976 0.28865 0.11684 0.04878
0 0.63376 0.34823 0.14446 0.07034
0 0.80903 0.40780 0.16979 0.07534
0 0.22556 0.46738 0.15726 0.05583
0 0.39749 0.52696 0.13974 0.04917
0 0.55322 0.58654 0.16844 0.08
0 0.69859 0.64612 0.17005 0.0786
0 0.86538 0.70569 0.11847 0.04831
0 0.18132 0.76527 0.14751 0.07746
0 0.3658 0.82485 0.19443 0.05844
0 0.50141 0.88443 0.15983 0.05084
0 0.63948 0.94994 0.16053 0.04757
0 0.79083 0.05589 0.17815 0.05224
0 0.24233 0.10991 0.12935 0.06296
0 0.38195 0.16949 0.17148 0.04553
0 0.52978 0.22907 0.13387 0.06498
0 0.68007 0.28865 0.15987 0.04353
0 0.8529 0.34823 0.16592 0.05958
0 0.18596 0.40780 0.14367 0.05497
0 0.35595 0.46738 0.12953 0.07801
0 0.49037 0.52696 0.19425 0.05386
0 0.6652 0.58654 0.14839 0.05858
0 0.80899 0.64612 0.1562 0.06736
0 0.236 0.70569 0.16592 0.0568
0 0.39712 0.76527 0.16906 0.04756
0 0.55452 0.82485 0.14746 0.04607
0 0.71522 0.88443 0.12238 0.05393
0 0.83857 0.94994 0.17153 0.0735