0 0.16906 0.05490 0.16912 0.07347
0 0.32366 0.11162 0.16817 0.07774
0 0.47483 0.17121 0.16676 0.04964
0 0.62609 0.23081 0.12368 0.0623
0 0.80489 0.29040 0.18357 0.05301
0 0.24133 0.35000 0.16393 0.05783
0 0.38599 0.40959 0.19396 0.05147
0 0.53873 0.46919 0.16842 0.05591
0 0.70003 0.52878 0.12956 0.04862
0 0.85682 0.58838 0.11047 0.04252
0 0.16708 0.64797 0.10957 0.05776
0 0.32686 0.70757 0.17379 0.05297
0 0.47103 0.76716 0.12902 0.04911
0 0.62384 0.82676 0.1198 0.06451
0 0.81845 0.88635 0.11021 0.06964
0 0.23283 0.94049 0.18232 0.06963
0 0.39639 0.05490 0.18533 0.06161
0 0.55356 0.11162 0.12771 0.05472
0 0.67887 0.17121 0.17657 0.05958
0 0.86864 0.23081 0.13265 0.05362
0 0.16815 0.29040 0.13796 0.06818
0 0.35481 0.35000 0.1371 0.0773
0 0.50915 0.40959 0.11235 0.05343
0 0.64451 0.46919 0.11334 0.06038
0 0.79231 0.52878 0.15272 0.05719
0 0.24175 0.58838 0.14152 0.05445
0 0.38292 0.64797 0.14534 0.05752
0 0.54176 0.70757 0.16449 0.07552
0 0.68453 0.76716 0.16862 0.07837
0 0.82772 0.82676 0.16598 0.04259
0 0.16363 0.88635 0.13814 0.06511
0 0.34838 0.94049 0.17628 0.07205
0 0.49059 0.05490 0.17164 0.06651
0 0.62109 0.11162 0.16137 0.04684
0 0.78903 0.17121 0.18929 0.06922
0 0.23214 0.23081 0.19631 0.04611
0 0.39845 0.29040 0.18716 0.06448
0 0.5391 0.35000 0.13627 0.07439
0 0.67964 0.40959 0.16863 0.05113
0 0.84856 0.46919 0.19145 0.04982
0 0.13915 0.52878 0.17069 0.04385
0 0.3353 0.58838 0.20026 0.07364
0 0.49 0.64797 0.15315 0.04349
0 0.62017 0.70757 0.1318 0.05628
0 0.79461 0.76716 0.17144 0.04902
0 0.2386 0.82676 0.19988 0.06144
0 0.40708 0.88635 0.1259 0.06113
0 0.5372 0.94049 0.14526 0.07504
0 0.69613 0.05490 0.12134 0.06397
0 0.83516 0.11162 0.12961 0.04888
0 0.15646 0.17121 0.14319 0.07668
0 0.36091 0.23081 0.13814 0.06745
0 0.4975 0.29040 0.19361 0.06138
0 0.65016 0.35000 0.14875 0.07343
0 0.80012 0.40959 0.15571 0.05328
0 0.22362 0.46919 0.15332 0.07565
0 0.39934 0.52878 0.18246 0.06247
0 0.53236 0.58838 0.18195 0.04592
0 0.69511 0.64797 0.11717 0.06066
0 0.83518 0.70757 0.16436 0.05456
0 0.18184 0.76716 0.17892 0.06291
0 0.36517 0.82676 0.13292 0.07851
0 0.49001 0.88635 0.13144 0.05629
0 0.63134 0.94049 0.15001 0.04342
0 0.78983 0.05490 0.14107 0.07032
0 0.24028 0.11162 0.15125 0.05468
0 0.39479 0.17121 0.14738 0.06752
0 0.52663 0.23081 0.13013 0.0612
0 0.68976 0.29040 0.11937 0.07477
0 0.83413 0.35000 0.13116 0.07066
0 0.18437 0.40959 0.13892 0.05743
0 0.34763 0.46919 0.12987 0.06181
0 0.49254 0.52878 0.10774 0.06444
0 0.64291 0.58838 0.14856 0.06159
0 0.79373 0.64797 0.19135 0.0701
0 0.23869 0.70757 0.16801 0.0699
0 0.38502 0.76716 0.11959 0.04975
0 0.54229 0.82676 0.13044 0.05958
0 0.70865 0.88635 0.18067 0.06198
0 0.84421 0.94049 0.17464 0.04805