0 0.16844 0.05596 0.16803 0.04434
0 0.32787 0.11073 0.12616 0.05798
0 0.48469 0.17043 0.14806 0.05418
0 0.64368 0.23012 0.17632 0.05839
0 0.80025 0.28981 0.16881 0.07693
0 0.24256 0.34951 0.13429 0.05316
0 0.38329 0.40920 0.1789 0.06411
0 0.55439 0.46890 0.13957 0.07284
0 0.68436 0.52859 0.11456 0.06953
0 0.86833 0.58828 0.17463 0.07641
0 0.16863 0.64798 0.17362 0.04452
0 0.32265 0.70767 0.11371 0.07486
0 0.4599 0.76737 0.1755 0.04272
0 0.61459 0.82706 0.11396 0.0695
0 0.81139 0.88675 0.19014 0.06924
0 0.23954 0.94016 0.1898 0.04905
0 0.40606 0.05596 0.15974 0.07522
0 0.53635 0.11073 0.18593 0.04833
0 0.67971 0.17043 0.118 0.07682
0 0.857 0.23012 0.12537 0.05124
0 0.16763 0.28981 0.11073 0.0683
0 0.35621 0.34951 0.17134 0.06656
0 0.52493 0.40920 0.13372 0.04837
0 0.66712 0.46890 0.17657 0.05335
0 0.78864 0.52859 0.15648 0.04991
0 0.23326 0.58828 0.13698 0.07757
0 0.39778 0.64798 0.1929 0.06282
0 0.5256 0.70767 0.18417 0.07835
0 0.66232 0.76737 0.15537 0.05063
0 0.85253 0.82706 0.11763 0.06675
0 0.17001 0.88675 0.11477 0.07208
0 0.34483 0.94016 0.16951 0.05752
0 0.49824 0.05596 0.17305 0.07398
0 0.60274 0.11073 0.19854 0.04858
0 0.80974 0.17043 0.1968 0.05009
0 0.24113 0.23012 0.14397 0.0554
0 0.38994 0.28981 0.12369 0.05182
0 0.5206 0.34951 0.14277 0.05546
0 0.66974 0.40920 0.18952 0.07963
0 0.82392 0.46890 0.16218 0.06596
0 0.14116 0.52859 0.16529 0.06491
0 0.33478 0.58828 0.19664 0.0642
0 0.48871 0.64798 0.12867 0.05763
0 0.64125 0.70767 0.13605 0.063
0 0.79812 0.76737 0.13305 0.07174
0 0.23299 0.82706 0.19262 0.06017
0 0.40362 0.88675 0.1823 0.04576
0 0.53685 0.94016 0.19822 0.07765
0 0.67498 0.05596 0.12239 0.04407
0 0.84194 0.11073 0.18198 0.06689
0 0.15078 0.17043 0.14042 0.07007
0 0.35707 0.23012 0.15904 0.04594
0 0.49931 0.28981 0.13326 0.07205
0 0.65763 0.34951 0.17382 0.0773
0 0.82404 0.40920 0.13704 0.06371
0 0.22593 0.46890 0.16989 0.05956
0 0.4066 0.52859 0.18465 0.07235
0 0.5373 0.58828 0.11007 0.05313
0 0.67519 0.64798 0.19697 0.07984
0 0.83108 0.70767 0.11853 0.07961
0 0.18431 0.76737 0.11897 0.06265
0 0.36676 0.82706 0.16758 0.07616
0 0.50937 0.88675 0.13719 0.05131
0 0.63556 0.94016 0.19824 0.06047
0 0.8216 0.05596 0.16861 0.07665
0 0.23739 0.11073 0.19239 0.06746
0 0.3834 0.17043 0.11966 0.05886
0 0.54034 0.23012 0.11588 0.07463
0 0.67394 0.28981 0.19466 0.05736
0 0.84265 0.34951 0.17532 0.0601
0 0.17957 0.40920 0.10826 0.0594
0 0.35548 0.46890 0.11626 0.05464
0 0.49402 0.52859 0.11619 0.07527
0 0.66331 0.58828 0.13264 0.07574
0 0.82189 0.64798 0.18741 0.05536
0 0.24015 0.70767 0.11641 0.0784
0 0.39651 0.76737 0.16019 0.05411
0 0.54973 0.82706 0.19299 0.07756
0 0.70758 0.88675 0.19831 0.04853
0 0.84575 0.94016 0.19133 0.07836