0 0.16612 0.05599 0.20005 0.05147
0 0.31652 0.11158 0.11131 0.06002
0 0.46284 0.17257 0.13645 0.06632
0 0.61271 0.23356 0.19894 0.07994
0 0.81028 0.29454 0.17951 0.07406
0 0.23553 0.35553 0.17403 0.06127
0 0.38614 0.41652 0.17546 0.04988
0 0.55324 0.47751 0.11619 0.04392
0 0.69005 0.53849 0.18859 0.06416
0 0.86283 0.59948 0.18786 0.05123
0 0.1641 0.66047 0.11185 0.05872
0 0.32432 0.72146 0.17916 0.04541
0 0.46878 0.78244 0.11558 0.07575
0 0.61157 0.84343 0.17877 0.06014
0 0.82912 0.90442 0.17969 0.06282
0 0.23808 0.95443 0.1092 0.0468
0 0.40269 0.05599 0.1441 0.07307
0 0.54935 0.11158 0.12453 0.06025
0 0.67372 0.17257 0.16232 0.06605
0 0.83799 0.23356 0.16793 0.06405
0 0.1701 0.29454 0.15326 0.06273
0 0.36643 0.35553 0.13015 0.06549
0 0.50571 0.41652 0.12781 0.04839
0 0.66136 0.47751 0.12955 0.07224
0 0.79605 0.53849 0.14627 0.04793
0 0.23338 0.59948 0.13424 0.06578
0 0.38212 0.66047 0.1135 0.05462
0 0.52772 0.72146 0.1248 0.06864
0 0.65575 0.78244 0.12271 0.06549
0 0.84103 0.84343 0.11378 0.05595
0 0.16402 0.90442 0.16645 0.04832
0 0.35229 0.95443 0.12749 0.05214
0 0.47903 0.05599 0.19553 0.0601
0 0.6013 0.11158 0.12005 0.05119
0 0.81328 0.17257 0.14384 0.04453
0 0.23712 0.23356 0.14468 0.06218
0 0.38166 0.29454 0.16213 0.07711
0 0.53372 0.35553 0.14597 0.05961
0 0.67532 0.41652 0.19123 0.06013
0 0.83268 0.47751 0.10691 0.05712
0 0.13818 0.53849 0.16978 0.07955
0 0.32906 0.59948 0.19456 0.04468
0 0.47957 0.66047 0.166 0.07211
0 0.6146 0.72146 0.16018 0.05684
0 0.82177 0.78244 0.15412 0.06532
0 0.23677 0.84343 0.14221 0.06316
0 0.40683 0.90442 0.18796 0.06264
0 0.53986 0.95443 0.16398 0.05413
0 0.67429 0.05599 0.17216 0.07601
0 0.85408 0.11158 0.1961 0.04971
0 0.15641 0.17257 0.12759 0.05008
0 0.36219 0.23356 0.17467 0.07011
0 0.51071 0.29454 0.12483 0.04835
0 0.64569 0.35553 0.14769 0.0718
0 0.81791 0.41652 0.13803 0.04363
0 0.21914 0.47751 0.16914 0.05835
0 0.40076 0.53849 0.19869 0.04824
0 0.54931 0.59948 0.16921 0.06157
0 0.69256 0.66047 0.11929 0.04904
0 0.85339 0.72146 0.14951 0.05757
0 0.18347 0.78244 0.10821 0.07773
0 0.36225 0.84343 0.14047 0.05341
0 0.49109 0.90442 0.13747 0.04785
0 0.62772 0.95443 0.19348 0.07687
0 0.81611 0.05599 0.13607 0.07729
0 0.24158 0.11158 0.16589 0.04909
0 0.39067 0.17257 0.17489 0.04386
0 0.52848 0.23356 0.12588 0.05692
0 0.6939 0.29454 0.14228 0.07113
0 0.84683 0.35553 0.11712 0.06163
0 0.18124 0.41652 0.11823 0.06123
0 0.34317 0.47751 0.17054 0.0673
0 0.50392 0.53849 0.17312 0.04833
0 0.64138 0.59948 0.14421 0.06912
0 0.81689 0.66047 0.10667 0.06378
0 0.24251 0.72146 0.13881 0.0739
0 0.39399 0.78244 0.16018 0.07237
0 0.53395 0.84343 0.15627 0.04337
0 0.68592 0.90442 0.12758 0.0593
0 0.84272 0.95443 0.19848 0.0536