0 0.16349 0.05539 0.17595 0.05971
0 0.31607 0.10932 0.15976 0.04989
0 0.4732 0.17045 0.10979 0.06733
0 0.64082 0.23159 0.18168 0.05714
0 0.82729 0.29272 0.14876 0.06366
0 0.23804 0.35386 0.19402 0.06275
0 0.393 0.41500 0.1822 0.06572
0 0.55497 0.47613 0.19529 0.04913
0 0.69812 0.53727 0.18036 0.05479
0 0.83939 0.59840 0.18745 0.04334
0 0.16919 0.65954 0.19801 0.07804
0 0.32594 0.72068 0.14559 0.06796
0 0.46455 0.78181 0.10769 0.05394
0 0.61508 0.84295 0.12519 0.05366
0 0.82622 0.90408 0.19161 0.04513
0 0.23497 0.96298 0.12563 0.07082
0 0.40088 0.05539 0.16381 0.06247
0 0.54491 0.10932 0.18704 0.05406
0 0.67987 0.17045 0.12675 0.05777
0 0.848 0.23159 0.11104 0.05954
0 0.16922 0.29272 0.15954 0.07651
0 0.36237 0.35386 0.17872 0.05256
0 0.52773 0.41500 0.17787 0.05448
0 0.66448 0.47613 0.13584 0.06688
0 0.7953 0.53727 0.13691 0.0722
0 0.23208 0.59840 0.17037 0.07583
0 0.39985 0.65954 0.1301 0.04379
0 0.53021 0.72068 0.18245 0.06891
0 0.66999 0.78181 0.16849 0.06944
0 0.84083 0.84295 0.16392 0.04648
0 0.166 0.90408 0.1585 0.05128
0 0.34577 0.96298 0.14471 0.06342
0 0.48189 0.05539 0.15413 0.05603
0 0.60337 0.10932 0.11561 0.06154
0 0.79701 0.17045 0.19449 0.04641
0 0.23998 0.23159 0.18198 0.05547
0 0.39197 0.29272 0.11084 0.06518
0 0.5201 0.35386 0.11021 0.06778
0 0.69718 0.41500 0.14511 0.05938
0 0.82462 0.47613 0.1556 0.0633
0 0.14168 0.53727 0.16569 0.06067
0 0.33611 0.59840 0.13205 0.04317
0 0.48232 0.65954 0.16313 0.05227
0 0.62296 0.72068 0.18381 0.05418
0 0.81755 0.78181 0.18243 0.07719
0 0.24112 0.84295 0.16534 0.05281
0 0.40027 0.90408 0.14378 0.07078
0 0.54348 0.96298 0.14812 0.06744
0 0.66921 0.05539 0.13203 0.06043
0 0.84442 0.10932 0.18927 0.05519
0 0.15559 0.17045 0.13032 0.04366
0 0.36083 0.23159 0.13676 0.06458
0 0.50616 0.29272 0.11776 0.04449
0 0.63554 0.35386 0.1078 0.05118
0 0.80662 0.41500 0.12195 0.06089
0 0.2245 0.47613 0.12584 0.07273
0 0.41336 0.53727 0.18442 0.04699
0 0.55756 0.59840 0.15564 0.06617
0 0.69316 0.65954 0.12184 0.06329
0 0.85358 0.72068 0.17115 0.07571
0 0.18043 0.78181 0.12594 0.07977
0 0.35517 0.84295 0.16398 0.04373
0 0.5099 0.90408 0.16128 0.05827
0 0.62654 0.96298 0.11059 0.05667
0 0.80885 0.05539 0.14648 0.05675
0 0.2321 0.10932 0.18647 0.0643
0 0.38206 0.17045 0.14586 0.0643
0 0.52746 0.23159 0.12823 0.07964
0 0.68503 0.29272 0.16751 0.07114
0 0.86479 0.35386 0.11273 0.05321
0 0.18582 0.41500 0.12004 0.05176
0 0.35356 0.47613 0.10738 0.07914
0 0.50134 0.53727 0.14696 0.04346
0 0.64749 0.59840 0.18637 0.0593
0 0.82326 0.65954 0.16132 0.06832
0 0.2392 0.72068 0.16224 0.05921
0 0.3847 0.78181 0.16946 0.0685
0 0.54411 0.84295 0.18874 0.04803
0 0.70239 0.90408 0.11222 0.0542
0 0.83219 0.96298 0.12573 0.04717