0 0.16506 0.05604 0.16603 0.07047
0 0.32885 0.11084 0.15006 0.06198
0 0.47316 0.17164 0.12078 0.06326
0 0.61905 0.23245 0.14686 0.05295
0 0.82639 0.29325 0.1818 0.06655
0 0.23267 0.35405 0.18929 0.06828
0 0.39064 0.41485 0.19178 0.06565
0 0.53229 0.47566 0.18952 0.05886
0 0.69297 0.53646 0.16915 0.07331
0 0.83986 0.59726 0.17328 0.06426
0 0.16987 0.65807 0.17654 0.05595
0 0.31927 0.71887 0.13007 0.0491
0 0.45306 0.77967 0.15242 0.07422
0 0.62123 0.84047 0.19601 0.07925
0 0.7909 0.90128 0.1429 0.0684
0 0.23751 0.96290 0.13434 0.06193
0 0.40219 0.05604 0.18078 0.07914
0 0.5512 0.11084 0.12399 0.04599
0 0.6762 0.17164 0.12293 0.05071
0 0.83463 0.23245 0.12498 0.04567
0 0.16646 0.29325 0.16294 0.04536
0 0.3666 0.35405 0.12058 0.06366
0 0.51885 0.41485 0.18569 0.04591
0 0.66923 0.47566 0.15997 0.05548
0 0.77928 0.53646 0.17636 0.06286
0 0.23684 0.59726 0.16462 0.05505
0 0.38839 0.65807 0.18354 0.06583
0 0.53038 0.71887 0.16311 0.05939
0 0.68511 0.77967 0.17343 0.0695
0 0.83766 0.84047 0.1966 0.06492
0 0.16915 0.90128 0.17573 0.0671
0 0.35448 0.96290 0.14262 0.07842
0 0.48381 0.05604 0.11433 0.0554
0 0.62003 0.11084 0.17052 0.07811
0 0.79623 0.17164 0.12227 0.07067
0 0.23707 0.23245 0.16173 0.07697
0 0.39463 0.29325 0.13727 0.05073
0 0.53034 0.35405 0.14676 0.06631
0 0.68891 0.41485 0.15406 0.07514
0 0.85166 0.47566 0.14508 0.07775
0 0.14063 0.53646 0.13422 0.05773
0 0.33446 0.59726 0.12906 0.04454
0 0.48271 0.65807 0.13247 0.07249
0 0.6372 0.71887 0.18338 0.07723
0 0.79506 0.77967 0.19296 0.06283
0 0.2404 0.84047 0.17903 0.07408
0 0.41015 0.90128 0.19547 0.05347
0 0.53312 0.96290 0.12138 0.07868
0 0.67375 0.05604 0.19323 0.05427
0 0.84326 0.11084 0.1454 0.04818
0 0.15385 0.17164 0.13708 0.04965
0 0.37032 0.23245 0.15988 0.04722
0 0.49915 0.29325 0.10803 0.07639
0 0.65257 0.35405 0.14745 0.04885
0 0.80019 0.41485 0.14065 0.05628
0 0.22846 0.47566 0.19203 0.07065
0 0.41274 0.53646 0.13186 0.05388
0 0.55567 0.59726 0.1413 0.05984
0 0.69225 0.65807 0.19203 0.0445
0 0.86523 0.71887 0.11287 0.04856
0 0.18107 0.77967 0.11593 0.06764
0 0.36558 0.84047 0.16873 0.05512
0 0.49879 0.90128 0.1683 0.07423
0 0.62731 0.96290 0.18405 0.06966
0 0.80732 0.05604 0.12059 0.07901
0 0.23702 0.11084 0.17349 0.06342
0 0.39704 0.17164 0.1167 0.05782
0 0.52919 0.23245 0.18827 0.057
0 0.67494 0.29325 0.15899 0.04987
0 0.85035 0.35405 0.16827 0.05901
0 0.1847 0.41485 0.14722 0.0533
0 0.35128 0.47566 0.15493 0.07163
0 0.5124 0.53646 0.16921 0.05729
0 0.66385 0.59726 0.14032 0.07995
0 0.80449 0.65807 0.17221 0.06072
0 0.239 0.71887 0.12697 0.06025
0 0.38248 0.77967 0.19242 0.05072
0 0.55288 0.84047 0.17714 0.06365
0 0.68268 0.90128 0.10823 0.0605
0 0.86482 0.96290 0.14173 0.06808