0 0.16659 0.05501 0.15664 0.06274
0 0.31662 0.11209 0.11629 0.06322
0 0.46588 0.17134 0.18656 0.07875
0 0.61789 0.23060 0.19194 0.05259
0 0.82725 0.28986 0.13753 0.05245
0 0.2318 0.34911 0.1503 0.05412
0 0.39821 0.40837 0.10634 0.06344
0 0.54498 0.46762 0.13538 0.05669
0 0.70862 0.52688 0.15181 0.05169
0 0.84924 0.58614 0.13078 0.06793
0 0.16622 0.64539 0.17047 0.05228
0 0.32515 0.70465 0.19197 0.07869
0 0.45742 0.76391 0.15985 0.06119
0 0.6159 0.82316 0.13108 0.05856
0 0.82524 0.88242 0.1936 0.06384
0 0.24131 0.94247 0.11212 0.06555
0 0.39964 0.05501 0.16511 0.07286
0 0.54263 0.11209 0.19547 0.07564
0 0.69514 0.17134 0.15475 0.04846
0 0.83675 0.23060 0.19626 0.04579
0 0.16965 0.28986 0.13171 0.05424
0 0.36971 0.34911 0.15575 0.06533
0 0.51651 0.40837 0.19197 0.05671
0 0.65834 0.46762 0.12631 0.07733
0 0.80954 0.52688 0.18402 0.04458
0 0.24301 0.58614 0.11911 0.07991
0 0.39648 0.64539 0.14734 0.06758
0 0.52648 0.70465 0.18859 0.0657
0 0.67006 0.76391 0.17247 0.048
0 0.8273 0.82316 0.15293 0.04352
0 0.16758 0.88242 0.16354 0.06402
0 0.34164 0.94247 0.1134 0.04356
0 0.47775 0.05501 0.12883 0.06926
0 0.61829 0.11209 0.1085 0.0505
0 0.80025 0.17134 0.18587 0.05205
0 0.23235 0.23060 0.10747 0.07858
0 0.39296 0.28986 0.15796 0.04929
0 0.5316 0.34911 0.11735 0.07254
0 0.69607 0.40837 0.1615 0.04394
0 0.84345 0.46762 0.16473 0.05409
0 0.138 0.52688 0.1765 0.0789
0 0.32845 0.58614 0.13529 0.0525
0 0.47786 0.64539 0.19247 0.04702
0 0.63193 0.70465 0.17982 0.06533
0 0.8176 0.76391 0.11559 0.06676
0 0.23463 0.82316 0.13257 0.0754
0 0.40322 0.88242 0.19163 0.07627
0 0.54074 0.94247 0.11654 0.04443
0 0.66974 0.05501 0.18053 0.07107
0 0.83323 0.11209 0.11571 0.07482
0 0.15065 0.17134 0.17847 0.06059
0 0.36613 0.23060 0.16849 0.04526
0 0.49547 0.28986 0.17895 0.04585
0 0.63369 0.34911 0.19393 0.04998
0 0.78979 0.40837 0.12274 0.07178
0 0.22586 0.46762 0.10799 0.05779
0 0.40602 0.52688 0.18466 0.07362
0 0.54578 0.58614 0.15068 0.04801
0 0.6922 0.64539 0.11631 0.07007
0 0.86521 0.70465 0.11446 0.04808
0 0.1805 0.76391 0.11692 0.07405
0 0.35634 0.82316 0.1219 0.06299
0 0.49489 0.88242 0.19776 0.07867
0 0.64912 0.94247 0.13303 0.04527
0 0.81642 0.05501 0.16254 0.07764
0 0.2321 0.11209 0.18641 0.05598
0 0.38858 0.17134 0.12914 0.04495
0 0.53019 0.23060 0.17462 0.07885
0 0.69329 0.28986 0.14385 0.06692
0 0.83654 0.34911 0.13535 0.05829
0 0.18133 0.40837 0.16771 0.06492
0 0.34152 0.46762 0.14301 0.05552
0 0.50969 0.52688 0.11732 0.05063
0 0.65257 0.58614 0.19832 0.04385
0 0.79896 0.64539 0.15493 0.04821
0 0.23234 0.70465 0.15394 0.05651
0 0.38265 0.76391 0.13671 0.07549
0 0.55595 0.82316 0.12466 0.05906
0 0.68766 0.88242 0.18742 0.06648
0 0.8708 0.94247 0.13132 0.05705