0 0.16973 0.05559 0.14947 0.06834
0 0.31327 0.10928 0.10854 0.05305
0 0.47101 0.16972 0.17856 0.07499
0 0.61919 0.23016 0.14679 0.05291
0 0.8148 0.29060 0.19672 0.06664
0 0.2353 0.35104 0.15953 0.06203
0 0.385 0.41149 0.18839 0.06942
0 0.5542 0.47193 0.16009 0.06088
0 0.70548 0.53237 0.15099 0.05095
0 0.84427 0.59281 0.16199 0.05796
0 0.17122 0.65326 0.19446 0.05293
0 0.32248 0.71370 0.10726 0.05519
0 0.45908 0.77414 0.13257 0.06853
0 0.60515 0.83458 0.1132 0.06977
0 0.79706 0.89502 0.16917 0.0647
0 0.23152 0.93681 0.16528 0.0449
0 0.41178 0.05559 0.11487 0.0514
0 0.53843 0.10928 0.16913 0.04771
0 0.68062 0.16972 0.11628 0.07273
0 0.86064 0.23016 0.16577 0.07276
0 0.17042 0.29060 0.12226 0.06775
0 0.36193 0.35104 0.13514 0.0582
0 0.52194 0.41149 0.13812 0.05601
0 0.66872 0.47193 0.18608 0.04671
0 0.80082 0.53237 0.1269 0.04579
0 0.24304 0.59281 0.18291 0.04955
0 0.38449 0.65326 0.15985 0.07706
0 0.5338 0.71370 0.16148 0.07166
0 0.67615 0.77414 0.16879 0.07444
0 0.82365 0.83458 0.12186 0.08001
0 0.16458 0.89502 0.14909 0.07066
0 0.34275 0.93681 0.13999 0.04438
0 0.47864 0.05559 0.11714 0.0432
0 0.62692 0.10928 0.13111 0.07295
0 0.80961 0.16972 0.17648 0.06828
0 0.23561 0.23016 0.16349 0.07725
0 0.3829 0.29060 0.13762 0.07416
0 0.52599 0.35104 0.13909 0.06428
0 0.66924 0.41149 0.15087 0.0714
0 0.82034 0.47193 0.14043 0.07479
0 0.14113 0.53237 0.17482 0.05731
0 0.33351 0.59281 0.15237 0.04695
0 0.48903 0.65326 0.11154 0.05918
0 0.62094 0.71370 0.19878 0.05071
0 0.8186 0.77414 0.11291 0.04695
0 0.24165 0.83458 0.14325 0.04497
0 0.39828 0.89502 0.17592 0.06123
0 0.54155 0.93681 0.17158 0.05674
0 0.68064 0.05559 0.10718 0.04867
0 0.85242 0.10928 0.1574 0.07268
0 0.15106 0.16972 0.14371 0.04247
0 0.36139 0.23016 0.13521 0.06171
0 0.49011 0.29060 0.15185 0.05309
0 0.65535 0.35104 0.20021 0.05396
0 0.80683 0.41149 0.19616 0.06699
0 0.22596 0.47193 0.183 0.05966
0 0.39674 0.53237 0.19722 0.06594
0 0.53311 0.59281 0.13807 0.05707
0 0.69357 0.65326 0.18932 0.05292
0 0.86939 0.71370 0.14125 0.04796
0 0.17901 0.77414 0.12348 0.06192
0 0.36206 0.83458 0.12996 0.06199
0 0.49518 0.89502 0.16082 0.06318
0 0.62953 0.93681 0.15029 0.06009
0 0.79291 0.05559 0.17499 0.06661
0 0.24311 0.10928 0.18374 0.05687
0 0.38968 0.16972 0.18077 0.05018
0 0.52393 0.23016 0.13953 0.04386
0 0.69177 0.29060 0.11979 0.07633
0 0.84664 0.35104 0.12058 0.04435
0 0.18225 0.41149 0.14014 0.05344
0 0.35378 0.47193 0.15263 0.04478
0 0.50778 0.53237 0.15276 0.04599
0 0.67063 0.59281 0.14649 0.07857
0 0.82006 0.65326 0.11425 0.06242
0 0.23345 0.71370 0.1784 0.07468
0 0.39085 0.77414 0.15381 0.06571
0 0.5389 0.83458 0.19368 0.0713
0 0.7105 0.89502 0.15819 0.04587
0 0.85837 0.93681 0.1272 0.05779