0 0.1716 0.05561 0.1322 0.07167
0 0.31919 0.11023 0.14175 0.07966
0 0.47088 0.17064 0.18004 0.07807
0 0.63463 0.23105 0.11982 0.07007
0 0.81421 0.29146 0.1431 0.07855
0 0.24142 0.35187 0.19358 0.04732
0 0.39945 0.41229 0.12953 0.06763
0 0.55749 0.47270 0.17507 0.05676
0 0.7119 0.53311 0.13498 0.06275
0 0.83161 0.59352 0.15065 0.07777
0 0.16406 0.65394 0.16815 0.07614
0 0.31881 0.71435 0.17053 0.0509
0 0.45168 0.77476 0.14729 0.04573
0 0.61109 0.83517 0.10828 0.05055
0 0.81916 0.89558 0.14479 0.0681
0 0.2417 0.93901 0.18529 0.05875
0 0.40129 0.05561 0.19246 0.06073
0 0.55532 0.11023 0.16075 0.06959
0 0.68901 0.17064 0.18542 0.05439
0 0.84796 0.23105 0.13969 0.07397
0 0.17025 0.29146 0.18634 0.07333
0 0.37175 0.35187 0.19008 0.05386
0 0.51335 0.41229 0.16529 0.07313
0 0.65556 0.47270 0.1437 0.04341
0 0.80025 0.53311 0.12973 0.074
0 0.2362 0.59352 0.2 0.06088
0 0.39325 0.65394 0.16615 0.0463
0 0.53324 0.71435 0.17719 0.06426
0 0.68018 0.77476 0.18901 0.04815
0 0.84129 0.83517 0.14974 0.0771
0 0.16561 0.89558 0.13195 0.06984
0 0.34834 0.93901 0.15076 0.04792
0 0.4869 0.05561 0.10889 0.05026
0 0.60987 0.11023 0.12761 0.06098
0 0.81192 0.17064 0.15701 0.05344
0 0.23548 0.23105 0.14374 0.06741
0 0.39157 0.29146 0.17729 0.04626
0 0.52265 0.35187 0.1845 0.07146
0 0.68389 0.41229 0.15886 0.05354
0 0.82348 0.47270 0.1594 0.04851
0 0.13974 0.53311 0.16249 0.0521
0 0.33858 0.59352 0.15942 0.07903
0 0.48361 0.65394 0.15111 0.05012
0 0.63102 0.71435 0.1382 0.07657
0 0.82344 0.77476 0.18259 0.04851
0 0.24203 0.83517 0.18131 0.0602
0 0.41042 0.89558 0.13268 0.07778
0 0.53676 0.93901 0.12607 0.04755
0 0.6885 0.05561 0.12968 0.07204
0 0.86047 0.11023 0.12619 0.06747
0 0.14975 0.17064 0.15826 0.07
0 0.36479 0.23105 0.15563 0.04906
0 0.51355 0.29146 0.13481 0.05632
0 0.62889 0.35187 0.18468 0.06914
0 0.79853 0.41229 0.11357 0.05801
0 0.22802 0.47270 0.14386 0.05169
0 0.39877 0.53311 0.19092 0.0757
0 0.53905 0.59352 0.18853 0.06863
0 0.69006 0.65394 0.1273 0.06807
0 0.83939 0.71435 0.12815 0.04359
0 0.18108 0.77476 0.19404 0.06682
0 0.36322 0.83517 0.16739 0.04455
0 0.50066 0.89558 0.1325 0.07025
0 0.64178 0.93901 0.11717 0.07955
0 0.797 0.05561 0.17287 0.06892
0 0.23263 0.11023 0.16041 0.07052
0 0.3994 0.17064 0.1181 0.06428
0 0.52062 0.23105 0.12161 0.07821
0 0.67832 0.29146 0.17413 0.04601
0 0.86437 0.35187 0.10869 0.07694
0 0.17822 0.41229 0.13115 0.0609
0 0.34973 0.47270 0.19672 0.05499
0 0.51173 0.53311 0.10838 0.0748
0 0.67048 0.59352 0.18109 0.04342
0 0.8079 0.65394 0.18 0.05053
0 0.23449 0.71435 0.11523 0.06071
0 0.38469 0.77476 0.17342 0.07632
0 0.54973 0.83517 0.11045 0.0697
0 0.68486 0.89558 0.11193 0.07522
0 0.83669 0.93901 0.18047 0.05777