0 0.1704 0.05463 0.16122 0.06296
0 0.31977 0.11180 0.14844 0.06966
0 0.46385 0.17155 0.13895 0.0435
0 0.61373 0.23129 0.18491 0.04294
0 0.82592 0.29103 0.18478 0.0704
0 0.23339 0.35078 0.19356 0.05501
0 0.39776 0.41052 0.153 0.04815
0 0.53692 0.47026 0.17204 0.05134
0 0.698 0.53001 0.12822 0.06473
0 0.86426 0.58975 0.11039 0.07262
0 0.17076 0.64949 0.12875 0.06554
0 0.32474 0.70924 0.14324 0.05714
0 0.47004 0.76898 0.13182 0.06429
0 0.60581 0.82872 0.11702 0.04416
0 0.80548 0.88847 0.15192 0.06234
0 0.23305 0.94868 0.18189 0.0426
0 0.40412 0.05463 0.19736 0.05617
0 0.54139 0.11180 0.14319 0.05346
0 0.69349 0.17155 0.11843 0.07397
0 0.83441 0.23129 0.17879 0.04923
0 0.16502 0.29103 0.11735 0.07315
0 0.36848 0.35078 0.16477 0.07303
0 0.50367 0.41052 0.16276 0.06932
0 0.66903 0.47026 0.12803 0.07815
0 0.79839 0.53001 0.13571 0.07116
0 0.23315 0.58975 0.19166 0.06695
0 0.39525 0.64949 0.15575 0.06432
0 0.53618 0.70924 0.18223 0.05329
0 0.65565 0.76898 0.16108 0.04388
0 0.8387 0.82872 0.13807 0.04774
0 0.16489 0.88847 0.11129 0.05972
0 0.34373 0.94868 0.11928 0.04908
0 0.49324 0.05463 0.17412 0.0547
0 0.60855 0.11180 0.17709 0.0493
0 0.81006 0.17155 0.16888 0.07362
0 0.23816 0.23129 0.16084 0.07454
0 0.38498 0.29103 0.17588 0.05623
0 0.53415 0.35078 0.17716 0.04686
0 0.68054 0.41052 0.13129 0.05858
0 0.81729 0.47026 0.19278 0.07715
0 0.13858 0.53001 0.18016 0.0613
0 0.33293 0.58975 0.19598 0.04745
0 0.49407 0.64949 0.18264 0.05967
0 0.61384 0.70924 0.15424 0.07723
0 0.82629 0.76898 0.17403 0.06288
0 0.24236 0.82872 0.17717 0.07441
0 0.40593 0.88847 0.16587 0.05226
0 0.54242 0.94868 0.12185 0.04488
0 0.69815 0.05463 0.13295 0.06527
0 0.87186 0.11180 0.14319 0.05466
0 0.15056 0.17155 0.17564 0.05098
0 0.36657 0.23129 0.16077 0.05721
0 0.49398 0.29103 0.1099 0.06734
0 0.63127 0.35078 0.11018 0.04411
0 0.81514 0.41052 0.1173 0.06209
0 0.22022 0.47026 0.18913 0.04369
0 0.40549 0.53001 0.12728 0.04402
0 0.54032 0.58975 0.19017 0.06157
0 0.68414 0.64949 0.18 0.06897
0 0.85088 0.70924 0.17546 0.06064
0 0.18539 0.76898 0.11352 0.07014
0 0.35516 0.82872 0.14513 0.07771
0 0.51203 0.88847 0.18043 0.07819
0 0.64384 0.94868 0.15659 0.06562
0 0.79653 0.05463 0.19081 0.07771
0 0.24162 0.11180 0.10714 0.06082
0 0.39435 0.17155 0.14246 0.06336
0 0.53847 0.23129 0.11684 0.05361
0 0.69327 0.29103 0.17449 0.07409
0 0.84841 0.35078 0.1885 0.06154
0 0.17735 0.41052 0.1969 0.05729
0 0.35124 0.47026 0.13416 0.06728
0 0.49165 0.53001 0.1079 0.04441
0 0.6585 0.58975 0.10799 0.06128
0 0.79598 0.64949 0.11753 0.07323
0 0.23982 0.70924 0.12823 0.07472
0 0.38842 0.76898 0.11023 0.07227
0 0.5367 0.82872 0.19595 0.07106
0 0.71323 0.88847 0.17507 0.0504
0 0.83401 0.94868 0.14944 0.07391