0 0.16449 0.05607 0.15817 0.07529
0 0.32073 0.11105 0.10831 0.05562
0 0.46431 0.17157 0.14728 0.0674
0 0.63958 0.23208 0.12689 0.05597
0 0.79601 0.29259 0.17141 0.04865
0 0.23612 0.35310 0.16704 0.06554
0 0.39487 0.41361 0.1456 0.04549
0 0.54184 0.47412 0.18986 0.07817
0 0.7068 0.53464 0.16025 0.06601
0 0.86666 0.59515 0.12958 0.05297
0 0.17032 0.65566 0.14743 0.06127
0 0.32386 0.71617 0.14385 0.0688
0 0.4611 0.77668 0.15266 0.07235
0 0.62799 0.83719 0.14454 0.06168
0 0.81942 0.89770 0.18727 0.04569
0 0.23992 0.95482 0.19175 0.06775
0 0.39725 0.05607 0.16981 0.05391
0 0.54676 0.11105 0.14222 0.0783
0 0.67432 0.17157 0.18825 0.06284
0 0.83174 0.23208 0.12284 0.04773
0 0.17166 0.29259 0.11601 0.07688
0 0.36071 0.35310 0.11977 0.04459
0 0.52827 0.41361 0.13702 0.05423
0 0.65355 0.47412 0.18301 0.05104
0 0.78236 0.53464 0.16834 0.0751
0 0.23448 0.59515 0.12842 0.07528
0 0.38719 0.65566 0.17252 0.07494
0 0.52236 0.71617 0.17831 0.05128
0 0.65723 0.77668 0.15674 0.05597
0 0.85609 0.83719 0.12086 0.06134
0 0.167 0.89770 0.12843 0.06308
0 0.35759 0.95482 0.12426 0.06053
0 0.48647 0.05607 0.17951 0.07396
0 0.61455 0.11105 0.19754 0.0499
0 0.78184 0.17157 0.13988 0.04757
0 0.23675 0.23208 0.18844 0.04369
0 0.39983 0.29259 0.12097 0.07199
0 0.51788 0.35310 0.18291 0.07237
0 0.66698 0.41361 0.13327 0.06706
0 0.83882 0.47412 0.11095 0.06852
0 0.14158 0.53464 0.12383 0.04402
0 0.33072 0.59515 0.16976 0.07767
0 0.49867 0.65566 0.1696 0.06501
0 0.63058 0.71617 0.16095 0.04768
0 0.8233 0.77668 0.11857 0.07136
0 0.23144 0.83719 0.17119 0.06565
0 0.40782 0.89770 0.10785 0.0642
0 0.53786 0.95482 0.1166 0.06155
0 0.69176 0.05607 0.19568 0.07378
0 0.84465 0.11105 0.13016 0.05533
0 0.15086 0.17157 0.19595 0.07556
0 0.3604 0.23208 0.15391 0.05412
0 0.49032 0.29259 0.14739 0.06818
0 0.6264 0.35310 0.12931 0.04261
0 0.80509 0.41361 0.18786 0.05514
0 0.22763 0.47412 0.14277 0.05968
0 0.41371 0.53464 0.11462 0.05334
0 0.5398 0.59515 0.13731 0.07143
0 0.68001 0.65566 0.17926 0.04752
0 0.85093 0.71617 0.18411 0.07456
0 0.1825 0.77668 0.11134 0.07216
0 0.35594 0.83719 0.13489 0.06815
0 0.49769 0.89770 0.18352 0.05708
0 0.65151 0.95482 0.15512 0.07513
0 0.80851 0.05607 0.17545 0.04927
0 0.2344 0.11105 0.14514 0.05044
0 0.39191 0.17157 0.12807 0.07872
0 0.54264 0.23208 0.11974 0.05879
0 0.67248 0.29259 0.13232 0.06489
0 0.8544 0.35310 0.13259 0.07088
0 0.18327 0.41361 0.14551 0.06853
0 0.35228 0.47412 0.10906 0.05917
0 0.51173 0.53464 0.14631 0.06565
0 0.64076 0.59515 0.11111 0.04873
0 0.79188 0.65566 0.19446 0.06689
0 0.2376 0.71617 0.19503 0.05177
0 0.38819 0.77668 0.15995 0.06187
0 0.54531 0.83719 0.17871 0.06378
0 0.70491 0.89770 0.13349 0.06964
0 0.84461 0.95482 0.11486 0.05492