0 0.17054 0.05448 0.11896 0.05573
0 0.3131 0.11175 0.15627 0.05635
0 0.46684 0.17136 0.13935 0.0575
0 0.62164 0.23097 0.19772 0.07373
0 0.80899 0.29058 0.18201 0.07292
0 0.23206 0.35019 0.16614 0.06614
0 0.3837 0.40980 0.10718 0.07979
0 0.54463 0.46941 0.14436 0.04936
0 0.69126 0.52902 0.17673 0.06407
0 0.85933 0.58863 0.15173 0.06983
0 0.16408 0.64824 0.17661 0.04487
0 0.32282 0.70785 0.17884 0.0763
0 0.4675 0.76746 0.17042 0.05466
0 0.6132 0.82707 0.11937 0.06355
0 0.82213 0.88669 0.17494 0.07725
0 0.23402 0.94540 0.1582 0.0567
0 0.40928 0.05448 0.15494 0.07879
0 0.54061 0.11175 0.17944 0.05137
0 0.68488 0.17136 0.12906 0.05886
0 0.85536 0.23097 0.16283 0.05374
0 0.16566 0.29058 0.12048 0.07867
0 0.37094 0.35019 0.15945 0.05506
0 0.51443 0.40980 0.15833 0.06053
0 0.64708 0.46941 0.11996 0.05972
0 0.78436 0.52902 0.16314 0.06971
0 0.23573 0.58863 0.17443 0.07427
0 0.39558 0.64824 0.19561 0.0608
0 0.54235 0.70785 0.18302 0.05113
0 0.67088 0.76746 0.1465 0.06029
0 0.82564 0.82707 0.14338 0.06218
0 0.16618 0.88669 0.13815 0.04673
0 0.34519 0.94540 0.15984 0.05061
0 0.47659 0.05448 0.11763 0.06777
0 0.61098 0.11175 0.18376 0.07487
0 0.81199 0.17136 0.19834 0.04522
0 0.23357 0.23097 0.17351 0.06053
0 0.39133 0.29058 0.17316 0.07122
0 0.52627 0.35019 0.12823 0.05953
0 0.67482 0.40980 0.17248 0.06103
0 0.84707 0.46941 0.11118 0.06968
0 0.1387 0.52902 0.16703 0.06749
0 0.34226 0.58863 0.12225 0.05174
0 0.49613 0.64824 0.14062 0.07584
0 0.6128 0.70785 0.16742 0.07403
0 0.82391 0.76746 0.17551 0.07882
0 0.2379 0.82707 0.10949 0.04913
0 0.39635 0.88669 0.19503 0.04489
0 0.55033 0.94540 0.1215 0.06406
0 0.68783 0.05448 0.1082 0.05884
0 0.86995 0.11175 0.16357 0.04491
0 0.15507 0.17136 0.15324 0.06721
0 0.35499 0.23097 0.13702 0.06909
0 0.49019 0.29058 0.18913 0.06543
0 0.63132 0.35019 0.19768 0.06503
0 0.81585 0.40980 0.11375 0.06942
0 0.22804 0.46941 0.10777 0.05457
0 0.40226 0.52902 0.19314 0.05458
0 0.55496 0.58863 0.13137 0.05093
0 0.69989 0.64824 0.13751 0.0771
0 0.84019 0.70785 0.16538 0.07429
0 0.18287 0.76746 0.17757 0.06092
0 0.36482 0.82707 0.16365 0.05224
0 0.5093 0.88669 0.18235 0.06981
0 0.64002 0.94540 0.19924 0.07338
0 0.7945 0.05448 0.11795 0.07972
0 0.23162 0.11175 0.12664 0.06503
0 0.38498 0.17136 0.16463 0.07111
0 0.52499 0.23097 0.13181 0.04823
0 0.69114 0.29058 0.14484 0.06842
0 0.85236 0.35019 0.16193 0.07393
0 0.18141 0.40980 0.12331 0.07133
0 0.35617 0.46941 0.1885 0.04363
0 0.50551 0.52902 0.19865 0.05105
0 0.66062 0.58863 0.19728 0.05715
0 0.81304 0.64824 0.10677 0.07252
0 0.24277 0.70785 0.18964 0.04976
0 0.39283 0.76746 0.18139 0.06191
0 0.55184 0.82707 0.17608 0.05641
0 0.69113 0.88669 0.1587 0.05752
0 0.86611 0.94540 0.15546 0.05429