0 0.1665 0.05494 0.17712 0.06889
0 0.32527 0.11155 0.12552 0.05605
0 0.48446 0.17284 0.18728 0.04248
0 0.63415 0.23413 0.16809 0.05692
0 0.82854 0.29542 0.1157 0.0545
0 0.23288 0.35672 0.16079 0.05726
0 0.39368 0.41801 0.1969 0.04926
0 0.54131 0.47930 0.18572 0.05032
0 0.70008 0.54059 0.17707 0.06482
0 0.83868 0.60188 0.17235 0.06485
0 0.16662 0.66317 0.12932 0.04893
0 0.31849 0.72446 0.10983 0.07761
0 0.45734 0.78575 0.14963 0.04455
0 0.61029 0.84704 0.11713 0.05003
0 0.79409 0.90833 0.1213 0.06159
0 0.23731 0.94518 0.14564 0.07106
0 0.41117 0.05494 0.16887 0.04793
0 0.54014 0.11155 0.19782 0.07754
0 0.68391 0.17284 0.13243 0.05834
0 0.83528 0.23413 0.15617 0.04456
0 0.16813 0.29542 0.19381 0.06785
0 0.3632 0.35672 0.12178 0.05298
0 0.51274 0.41801 0.18048 0.07185
0 0.6679 0.47930 0.11577 0.07874
0 0.78945 0.54059 0.18937 0.06838
0 0.23678 0.60188 0.1553 0.06122
0 0.38574 0.66317 0.19791 0.04616
0 0.53757 0.72446 0.17735 0.05328
0 0.66245 0.78575 0.17419 0.06272
0 0.83854 0.84704 0.10631 0.04285
0 0.16776 0.90833 0.12545 0.05309
0 0.35544 0.94518 0.13061 0.06466
0 0.49918 0.05494 0.1136 0.04891
0 0.60038 0.11155 0.17539 0.04884
0 0.81458 0.17284 0.18363 0.06793
0 0.23885 0.23413 0.13844 0.06391
0 0.38252 0.29542 0.1189 0.06323
0 0.52281 0.35672 0.16885 0.07891
0 0.67919 0.41801 0.18436 0.06613
0 0.83445 0.47930 0.16958 0.05467
0 0.14138 0.54059 0.11921 0.06208
0 0.34193 0.60188 0.14178 0.07505
0 0.4917 0.66317 0.17002 0.07992
0 0.64237 0.72446 0.15471 0.07405
0 0.81986 0.78575 0.19828 0.05553
0 0.2376 0.84704 0.13131 0.07069
0 0.41184 0.90833 0.1878 0.07785
0 0.55293 0.94518 0.1413 0.06762
0 0.67144 0.05494 0.11895 0.06057
0 0.8625 0.11155 0.11386 0.05322
0 0.15444 0.17284 0.17572 0.06487
0 0.36107 0.23413 0.14114 0.05511
0 0.51103 0.29542 0.14194 0.07861
0 0.62734 0.35672 0.13456 0.0591
0 0.79332 0.41801 0.13383 0.07871
0 0.22831 0.47930 0.13056 0.06793
0 0.4027 0.54059 0.14976 0.06905
0 0.54525 0.60188 0.1992 0.07854
0 0.69769 0.66317 0.14237 0.07787
0 0.84468 0.72446 0.19499 0.07387
0 0.18294 0.78575 0.12181 0.04828
0 0.36702 0.84704 0.19328 0.07374
0 0.49558 0.90833 0.17719 0.05993
0 0.64385 0.94518 0.18683 0.05369
0 0.80778 0.05494 0.16286 0.06216
0 0.23859 0.11155 0.11619 0.07379
0 0.39169 0.17284 0.14901 0.06276
0 0.5309 0.23413 0.16778 0.05223
0 0.67668 0.29542 0.11149 0.05578
0 0.86751 0.35672 0.10807 0.04947
0 0.1854 0.41801 0.13339 0.05565
0 0.35427 0.47930 0.19389 0.04958
0 0.51423 0.54059 0.15453 0.07394
0 0.65683 0.60188 0.18859 0.05691
0 0.79399 0.66317 0.14171 0.04278
0 0.23907 0.72446 0.18946 0.05408
0 0.38482 0.78575 0.15648 0.07398
0 0.55404 0.84704 0.19022 0.05304
0 0.71329 0.90833 0.11575 0.07189
0 0.83466 0.94518 0.12606 0.06247