0 0.16512 0.05529 0.15483 0.0612
0 0.32398 0.11054 0.18878 0.06598
0 0.47558 0.17176 0.16787 0.06064
0 0.63715 0.23298 0.19022 0.05889
0 0.81798 0.29420 0.12965 0.04575
0 0.23817 0.35542 0.12926 0.06792
0 0.38422 0.41664 0.14827 0.05275
0 0.53407 0.47787 0.13392 0.07817
0 0.68311 0.53909 0.1683 0.07804
0 0.85323 0.60031 0.10999 0.05533
0 0.17108 0.66153 0.17825 0.06948
0 0.31986 0.72275 0.18199 0.05852
0 0.46866 0.78397 0.16486 0.05046
0 0.60564 0.84520 0.12565 0.06925
0 0.79581 0.90642 0.13621 0.05625
0 0.23401 0.95483 0.1577 0.0518
0 0.4108 0.05529 0.17044 0.06575
0 0.53502 0.11054 0.1821 0.07646
0 0.67483 0.17176 0.10905 0.04514
0 0.84541 0.23298 0.15504 0.061
0 0.16929 0.29420 0.1113 0.06277
0 0.36383 0.35542 0.10655 0.04797
0 0.5113 0.41664 0.10939 0.0509
0 0.6678 0.47787 0.10631 0.04801
0 0.78364 0.53909 0.17052 0.07946
0 0.23339 0.60031 0.13481 0.06492
0 0.38282 0.66153 0.16618 0.07866
0 0.52571 0.72275 0.19733 0.06331
0 0.6858 0.78397 0.14739 0.05509
0 0.85434 0.84520 0.13734 0.06362
0 0.16643 0.90642 0.13956 0.04433
0 0.34279 0.95483 0.12396 0.05044
0 0.48266 0.05529 0.16451 0.0526
0 0.60083 0.11054 0.14355 0.07332
0 0.78153 0.17176 0.17507 0.04928
0 0.24077 0.23298 0.12415 0.04901
0 0.40008 0.29420 0.17654 0.06489
0 0.5218 0.35542 0.13005 0.06564
0 0.67063 0.41664 0.17011 0.04415
0 0.85539 0.47787 0.17548 0.07061
0 0.14072 0.53909 0.12054 0.06689
0 0.32906 0.60031 0.11141 0.06224
0 0.49558 0.66153 0.10847 0.06392
0 0.63209 0.72275 0.15021 0.05173
0 0.81375 0.78397 0.18347 0.07907
0 0.23516 0.84520 0.1084 0.06515
0 0.41056 0.90642 0.13786 0.05657
0 0.55518 0.95483 0.19681 0.06376
0 0.67597 0.05529 0.19747 0.06191
0 0.84855 0.11054 0.17704 0.05854
0 0.15403 0.17176 0.16509 0.04623
0 0.35711 0.23298 0.11207 0.06781
0 0.51373 0.29420 0.14176 0.04556
0 0.62876 0.35542 0.17482 0.07124
0 0.80047 0.41664 0.17488 0.05531
0 0.22196 0.47787 0.12042 0.06055
0 0.41125 0.53909 0.11108 0.07009
0 0.5366 0.60031 0.14489 0.07617
0 0.69174 0.66153 0.14961 0.04838
0 0.84831 0.72275 0.15769 0.06525
0 0.18282 0.78397 0.19471 0.05598
0 0.35873 0.84520 0.19284 0.07611
0 0.50103 0.90642 0.16937 0.07754
0 0.62786 0.95483 0.1065 0.05904
0 0.80173 0.05529 0.14613 0.04638
0 0.2335 0.11054 0.18 0.07563
0 0.3965 0.17176 0.14597 0.07846
0 0.52719 0.23298 0.18474 0.06288
0 0.6726 0.29420 0.13233 0.0495
0 0.83073 0.35542 0.19922 0.05326
0 0.18214 0.41664 0.13597 0.06248
0 0.34463 0.47787 0.14505 0.06232
0 0.49388 0.53909 0.19628 0.07843
0 0.64609 0.60031 0.16882 0.05353
0 0.79373 0.66153 0.13739 0.06129
0 0.23967 0.72275 0.12391 0.04372
0 0.39975 0.78397 0.19004 0.06769
0 0.55156 0.84520 0.18479 0.07121
0 0.6945 0.90642 0.14769 0.06521
0 0.85562 0.95483 0.1715 0.07497