0 0.1642 0.05515 0.12433 0.04747
0 0.31881 0.11179 0.1098 0.07168
0 0.47502 0.17263 0.14313 0.06488
0 0.61728 0.23347 0.17603 0.07977
0 0.79447 0.29431 0.1748 0.04302
0 0.24158 0.35515 0.15185 0.07385
0 0.38631 0.41600 0.1184 0.04776
0 0.53977 0.47684 0.17086 0.07809
0 0.69035 0.53768 0.13103 0.05535
0 0.8604 0.59852 0.14052 0.06523
0 0.16354 0.65936 0.19725 0.04497
0 0.31314 0.72021 0.10638 0.07242
0 0.45105 0.78105 0.1458 0.05286
0 0.60779 0.84189 0.1782 0.04369
0 0.82408 0.90273 0.1374 0.07331
0 0.23244 0.94415 0.10697 0.07164
0 0.41305 0.05515 0.18937 0.04738
0 0.53474 0.11179 0.19068 0.04703
0 0.6899 0.17263 0.11367 0.05523
0 0.83929 0.23347 0.17657 0.05711
0 0.16603 0.29431 0.10779 0.0525
0 0.36299 0.35515 0.11369 0.04378
0 0.50371 0.41600 0.1322 0.05683
0 0.6412 0.47684 0.16992 0.06355
0 0.81078 0.53768 0.13623 0.05344
0 0.23221 0.59852 0.10998 0.04324
0 0.39267 0.65936 0.16909 0.05291
0 0.52621 0.72021 0.16009 0.066
0 0.6838 0.78105 0.12288 0.05141
0 0.84433 0.84189 0.15589 0.04939
0 0.16561 0.90273 0.19559 0.0717
0 0.34711 0.94415 0.19576 0.07418
0 0.4802 0.05515 0.11503 0.06717
0 0.62177 0.11179 0.17878 0.05082
0 0.77726 0.17263 0.14629 0.06434
0 0.24296 0.23347 0.14251 0.07856
0 0.39094 0.29431 0.19273 0.05464
0 0.53478 0.35515 0.1561 0.04734
0 0.68533 0.41600 0.12667 0.07034
0 0.83496 0.47684 0.133 0.07744
0 0.13888 0.53768 0.13246 0.05628
0 0.33046 0.59852 0.11547 0.04701
0 0.48428 0.65936 0.14158 0.04841
0 0.63262 0.72021 0.17495 0.07514
0 0.81866 0.78105 0.14503 0.06078
0 0.2317 0.84189 0.12874 0.04999
0 0.40183 0.90273 0.15844 0.05197
0 0.54089 0.94415 0.11192 0.06894
0 0.67097 0.05515 0.11611 0.07135
0 0.83759 0.11179 0.14147 0.06073
0 0.15308 0.17263 0.19577 0.07727
0 0.35776 0.23347 0.11436 0.06587
0 0.49902 0.29431 0.1914 0.05089
0 0.64804 0.35515 0.15343 0.07339
0 0.8205 0.41600 0.13007 0.04883
0 0.22155 0.47684 0.13417 0.07716
0 0.39509 0.53768 0.16315 0.07168
0 0.53517 0.59852 0.11963 0.07713
0 0.67677 0.65936 0.11737 0.05092
0 0.84804 0.72021 0.11703 0.05892
0 0.17974 0.78105 0.10922 0.06711
0 0.36212 0.84189 0.1117 0.08008
0 0.49835 0.90273 0.17908 0.04436
0 0.63069 0.94415 0.17445 0.05326
0 0.80056 0.05515 0.19078 0.04845
0 0.23754 0.11179 0.12428 0.07714
0 0.39675 0.17263 0.13529 0.04661
0 0.54331 0.23347 0.12782 0.04516
0 0.69005 0.29431 0.10727 0.06674
0 0.83863 0.35515 0.11631 0.05997
0 0.17819 0.41600 0.1671 0.05756
0 0.35021 0.47684 0.14002 0.07298
0 0.49259 0.53768 0.18699 0.04473
0 0.66681 0.59852 0.15141 0.04494
0 0.82241 0.65936 0.12081 0.07826
0 0.24056 0.72021 0.13655 0.0642
0 0.39601 0.78105 0.16194 0.07985
0 0.55127 0.84189 0.19081 0.04954
0 0.68933 0.90273 0.17687 0.0783
0 0.86467 0.94415 0.17396 0.06677