0 0.16669 0.05605 0.11809 0.05006
0 0.31997 0.11075 0.1708 0.05039
0 0.4715 0.17201 0.17574 0.06884
0 0.62653 0.23328 0.13882 0.05255
0 0.81115 0.29454 0.13615 0.05202
0 0.24168 0.35581 0.17105 0.04769
0 0.38751 0.41707 0.17514 0.06081
0 0.54033 0.47834 0.11292 0.05349
0 0.70053 0.53961 0.11266 0.07664
0 0.87209 0.60087 0.10643 0.06117
0 0.16994 0.66214 0.14318 0.05612
0 0.3212 0.72340 0.12914 0.06596
0 0.45313 0.78467 0.13943 0.07323
0 0.6029 0.84593 0.12038 0.07236
0 0.80867 0.90720 0.17484 0.04644
0 0.23882 0.93659 0.18545 0.06264
0 0.41153 0.05605 0.15067 0.05182
0 0.54377 0.11075 0.13375 0.04813
0 0.67958 0.17201 0.19957 0.06968
0 0.84177 0.23328 0.11106 0.04701
0 0.17044 0.29454 0.12486 0.04259
0 0.3638 0.35581 0.16205 0.07736
0 0.52541 0.41707 0.19554 0.07671
0 0.66294 0.47834 0.11888 0.05451
0 0.79552 0.53961 0.16758 0.07985
0 0.23647 0.60087 0.12167 0.04656
0 0.38474 0.66214 0.19467 0.08003
0 0.5224 0.72340 0.1398 0.07178
0 0.65903 0.78467 0.15578 0.07398
0 0.82846 0.84593 0.13515 0.05769
0 0.16823 0.90720 0.19358 0.05671
0 0.35071 0.93659 0.17921 0.04335
0 0.50012 0.05605 0.11221 0.04417
0 0.60499 0.11075 0.14647 0.04726
0 0.80028 0.17201 0.19502 0.06162
0 0.24027 0.23328 0.11665 0.06725
0 0.38296 0.29454 0.15742 0.0704
0 0.53356 0.35581 0.1394 0.05668
0 0.70069 0.41707 0.10778 0.07974
0 0.81895 0.47834 0.11978 0.04473
0 0.13637 0.53961 0.154 0.06514
0 0.33375 0.60087 0.17657 0.07297
0 0.47979 0.66214 0.14987 0.04728
0 0.6413 0.72340 0.1102 0.0447
0 0.80926 0.78467 0.11191 0.05927
0 0.2407 0.84593 0.16069 0.05546
0 0.39637 0.90720 0.18085 0.04243
0 0.53871 0.93659 0.16484 0.07154
0 0.69196 0.05605 0.11075 0.05237
0 0.8569 0.11075 0.13304 0.04272
0 0.1513 0.17201 0.17204 0.05422
0 0.3684 0.23328 0.11966 0.07033
0 0.51221 0.29454 0.17315 0.04814
0 0.64432 0.35581 0.15263 0.06211
0 0.82593 0.41707 0.11887 0.04776
0 0.22193 0.47834 0.11851 0.05829
0 0.41002 0.53961 0.19129 0.05023
0 0.54179 0.60087 0.15256 0.0621
0 0.68821 0.66214 0.11701 0.05796
0 0.85122 0.72340 0.17256 0.05479
0 0.17927 0.78467 0.16521 0.07664
0 0.35795 0.84593 0.17577 0.05599
0 0.50312 0.90720 0.18327 0.07995
0 0.63926 0.93659 0.1714 0.07447
0 0.80965 0.05605 0.1879 0.06497
0 0.23965 0.11075 0.10789 0.0561
0 0.3837 0.17201 0.18832 0.06842
0 0.52565 0.23328 0.16091 0.04845
0 0.67804 0.29454 0.14171 0.05262
0 0.84921 0.35581 0.13492 0.05508
0 0.18505 0.41707 0.13489 0.06111
0 0.34308 0.47834 0.17413 0.07871
0 0.50151 0.53961 0.1922 0.0629
0 0.66365 0.60087 0.15633 0.06878
0 0.79613 0.66214 0.19001 0.05565
0 0.2389 0.72340 0.1446 0.05137
0 0.38793 0.78467 0.19076 0.06871
0 0.5517 0.84593 0.12786 0.07747
0 0.68822 0.90720 0.16369 0.0657
0 0.84566 0.93659 0.13809 0.05956