0 0.16985 0.05455 0.16553 0.05832
0 0.3157 0.11216 0.16203 0.06732
0 0.47447 0.17312 0.17891 0.04378
0 0.6206 0.23408 0.13181 0.07036
0 0.81449 0.29504 0.10684 0.08005
0 0.23679 0.35599 0.13137 0.05691
0 0.38608 0.41695 0.1564 0.06239
0 0.54531 0.47791 0.12729 0.072
0 0.68374 0.53887 0.1921 0.04854
0 0.85406 0.59982 0.1167 0.07642
0 0.17043 0.66078 0.13118 0.05413
0 0.32468 0.72174 0.1513 0.06804
0 0.46151 0.78269 0.16838 0.05974
0 0.61941 0.84365 0.18488 0.06747
0 0.82411 0.90461 0.16591 0.06818
0 0.2379 0.96248 0.18214 0.05157
0 0.41306 0.05455 0.16003 0.06293
0 0.54591 0.11216 0.15243 0.04862
0 0.69615 0.17312 0.18163 0.07662
0 0.84946 0.23408 0.14765 0.06403
0 0.16467 0.29504 0.11067 0.0743
0 0.35817 0.35599 0.19916 0.07922
0 0.51933 0.41695 0.17671 0.07246
0 0.65388 0.47791 0.16062 0.06332
0 0.79987 0.53887 0.13757 0.07535
0 0.23418 0.59982 0.16201 0.05252
0 0.39926 0.66078 0.19107 0.07792
0 0.53578 0.72174 0.18554 0.07977
0 0.67585 0.78269 0.18794 0.07702
0 0.83307 0.84365 0.11584 0.04383
0 0.16873 0.90461 0.18029 0.06453
0 0.34808 0.96248 0.14434 0.0583
0 0.50045 0.05455 0.13501 0.04414
0 0.60175 0.11216 0.10857 0.07732
0 0.79437 0.17312 0.17305 0.07076
0 0.23958 0.23408 0.1856 0.0447
0 0.39942 0.29504 0.11077 0.06966
0 0.53389 0.35599 0.12922 0.05322
0 0.68794 0.41695 0.19565 0.0788
0 0.84348 0.47791 0.11644 0.04806
0 0.13716 0.53887 0.19638 0.06495
0 0.33074 0.59982 0.13863 0.05997
0 0.48976 0.66078 0.18908 0.05794
0 0.62004 0.72174 0.13209 0.07563
0 0.80975 0.78269 0.17342 0.05091
0 0.24085 0.84365 0.11075 0.0629
0 0.40808 0.90461 0.11618 0.07816
0 0.53183 0.96248 0.18705 0.06707
0 0.67402 0.05455 0.14607 0.04371
0 0.84735 0.11216 0.1591 0.05709
0 0.15674 0.17312 0.17515 0.07538
0 0.36487 0.23408 0.19666 0.05707
0 0.49546 0.29504 0.11164 0.07059
0 0.63726 0.35599 0.11734 0.07038
0 0.80024 0.41695 0.1184 0.05109
0 0.22206 0.47791 0.18175 0.07727
0 0.41241 0.53887 0.12117 0.04891
0 0.54587 0.59982 0.15561 0.07374
0 0.678 0.66078 0.17287 0.05792
0 0.85775 0.72174 0.19944 0.07148
0 0.18246 0.78269 0.16362 0.05525
0 0.3555 0.84365 0.13356 0.07604
0 0.49917 0.90461 0.158 0.07469
0 0.65614 0.96248 0.15704 0.0474
0 0.82661 0.05455 0.19097 0.06816
0 0.23447 0.11216 0.11275 0.04807
0 0.38626 0.17312 0.19882 0.0579
0 0.53781 0.23408 0.19146 0.06317
0 0.68062 0.29504 0.1946 0.06324
0 0.86783 0.35599 0.16941 0.07158
0 0.18103 0.41695 0.17457 0.07036
0 0.34891 0.47791 0.11487 0.07666
0 0.49932 0.53887 0.11884 0.05991
0 0.65218 0.59982 0.18249 0.05754
0 0.8079 0.66078 0.18576 0.07802
0 0.23986 0.72174 0.11577 0.04603
0 0.3953 0.78269 0.17733 0.0635
0 0.53994 0.84365 0.13635 0.0544
0 0.69668 0.90461 0.12853 0.07806
0 0.84628 0.96248 0.18522 0.06577