0 0.16528 0.05503 0.12531 0.04818
0 0.31723 0.11141 0.1474 0.04854
0 0.47631 0.17121 0.18572 0.05444
0 0.64179 0.23101 0.10681 0.05539
0 0.82726 0.29081 0.16204 0.05786
0 0.23322 0.35061 0.19452 0.05695
0 0.38418 0.41041 0.13312 0.06193
0 0.53733 0.47021 0.18436 0.07761
0 0.7083 0.53001 0.11896 0.04361
0 0.85183 0.58981 0.18097 0.06286
0 0.17147 0.64961 0.12128 0.06152
0 0.31456 0.70941 0.10929 0.05724
0 0.45669 0.76921 0.13011 0.04278
0 0.62931 0.82901 0.17761 0.07939
0 0.80936 0.88881 0.19244 0.07629
0 0.23685 0.95560 0.13432 0.06993
0 0.40393 0.05503 0.10801 0.05808
0 0.55749 0.11141 0.17072 0.04414
0 0.67848 0.17121 0.19805 0.07457
0 0.8591 0.23101 0.12993 0.07271
0 0.16643 0.29081 0.14143 0.06199
0 0.36811 0.35061 0.17754 0.05055
0 0.50496 0.41041 0.14245 0.07829
0 0.64334 0.47021 0.14009 0.04765
0 0.8054 0.53001 0.18058 0.06671
0 0.2352 0.58981 0.17765 0.05775
0 0.39061 0.64961 0.11266 0.04337
0 0.51942 0.70941 0.13359 0.06307
0 0.66667 0.76921 0.1859 0.05336
0 0.82387 0.82901 0.10832 0.07795
0 0.16603 0.88881 0.17687 0.07109
0 0.347 0.95560 0.16708 0.04335
0 0.49513 0.05503 0.16526 0.04837
0 0.61225 0.11141 0.12557 0.06434
0 0.80319 0.17121 0.17877 0.06454
0 0.2431 0.23101 0.1377 0.07162
0 0.38318 0.29081 0.19975 0.05151
0 0.53008 0.35061 0.12319 0.06223
0 0.69456 0.41041 0.15913 0.06332
0 0.81959 0.47021 0.11778 0.05517
0 0.14048 0.53001 0.16033 0.07582
0 0.34142 0.58981 0.1709 0.04952
0 0.49668 0.64961 0.11876 0.06469
0 0.6235 0.70941 0.15516 0.04753
0 0.79604 0.76921 0.16241 0.06992
0 0.23776 0.82901 0.11971 0.05215
0 0.40996 0.88881 0.19249 0.065
0 0.53838 0.95560 0.1649 0.04423
0 0.69468 0.05503 0.17664 0.04646
0 0.86193 0.11141 0.17935 0.04964
0 0.15322 0.17121 0.14858 0.06307
0 0.36292 0.23101 0.11175 0.06276
0 0.49407 0.29081 0.13704 0.06101
0 0.65704 0.35061 0.10878 0.04804
0 0.79317 0.41041 0.15915 0.05464
0 0.22796 0.47021 0.1351 0.0439
0 0.39694 0.53001 0.14808 0.04506
0 0.55159 0.58981 0.15439 0.04374
0 0.68361 0.64961 0.18968 0.06368
0 0.87048 0.70941 0.11652 0.06251
0 0.18074 0.76921 0.17249 0.06455
0 0.35762 0.82901 0.12229 0.05172
0 0.50637 0.88881 0.13225 0.07082
0 0.65221 0.95560 0.17372 0.07162
0 0.82331 0.05503 0.12151 0.063
0 0.23464 0.11141 0.17157 0.07406
0 0.38191 0.17121 0.1266 0.05037
0 0.52906 0.23101 0.15731 0.05852
0 0.70004 0.29081 0.20014 0.04698
0 0.86064 0.35061 0.1317 0.06851
0 0.18138 0.41041 0.19804 0.07599
0 0.34973 0.47021 0.17373 0.04824
0 0.49721 0.53001 0.17796 0.05917
0 0.64514 0.58981 0.13825 0.07979
0 0.81589 0.64961 0.14377 0.06351
0 0.23737 0.70941 0.18702 0.06214
0 0.39967 0.76921 0.11578 0.0718
0 0.5479 0.82901 0.14533 0.07585
0 0.71124 0.88881 0.18053 0.04652
0 0.8662 0.95560 0.15517 0.06641