0 0.16482 0.05597 0.11187 0.05119
0 0.31957 0.11045 0.1469 0.04676
0 0.47144 0.17134 0.12801 0.07496
0 0.62207 0.23223 0.12239 0.05988
0 0.81784 0.29312 0.10648 0.07912
0 0.23926 0.35401 0.12984 0.07595
0 0.39184 0.41491 0.1761 0.05606
0 0.5558 0.47580 0.11521 0.06853
0 0.69158 0.53669 0.18262 0.07613
0 0.85032 0.59758 0.18019 0.07683
0 0.16474 0.65847 0.11481 0.06823
0 0.32374 0.71936 0.10819 0.07981
0 0.47145 0.78025 0.15809 0.05047
0 0.62477 0.84114 0.12684 0.05381
0 0.80302 0.90203 0.19975 0.04885
0 0.23544 0.94056 0.15021 0.05979
0 0.406 0.05597 0.13343 0.05903
0 0.55728 0.11045 0.15916 0.04467
0 0.67498 0.17134 0.18112 0.05481
0 0.84919 0.23223 0.18639 0.05789
0 0.16733 0.29312 0.14049 0.07687
0 0.36421 0.35401 0.14322 0.07334
0 0.51505 0.41491 0.12409 0.0536
0 0.6472 0.47580 0.11255 0.07884
0 0.81439 0.53669 0.1433 0.07814
0 0.24213 0.59758 0.15843 0.06447
0 0.38459 0.65847 0.11698 0.06898
0 0.54341 0.71936 0.17093 0.04944
0 0.66207 0.78025 0.10922 0.05972
0 0.84283 0.84114 0.17646 0.06721
0 0.17 0.90203 0.16003 0.04261
0 0.35269 0.94056 0.17431 0.07253
0 0.49336 0.05597 0.10881 0.06646
0 0.62484 0.11045 0.1161 0.04299
0 0.80007 0.17134 0.17542 0.05993
0 0.24238 0.23223 0.11857 0.06265
0 0.39266 0.29312 0.12418 0.06619
0 0.52302 0.35401 0.12884 0.05819
0 0.69465 0.41491 0.128 0.05002
0 0.82409 0.47580 0.13169 0.05779
0 0.13725 0.53669 0.11315 0.06778
0 0.33369 0.59758 0.10932 0.04303
0 0.49559 0.65847 0.13661 0.07128
0 0.63557 0.71936 0.11686 0.07307
0 0.79072 0.78025 0.18992 0.04852
0 0.24317 0.84114 0.18036 0.05165
0 0.41451 0.90203 0.15434 0.0679
0 0.55259 0.94056 0.13034 0.04548
0 0.68644 0.05597 0.1983 0.06949
0 0.85133 0.11045 0.14719 0.07915
0 0.1561 0.17134 0.184 0.05279
0 0.37051 0.23223 0.13891 0.07218
0 0.51252 0.29312 0.12531 0.07232
0 0.63438 0.35401 0.18266 0.06658
0 0.81937 0.41491 0.18121 0.06832
0 0.22375 0.47580 0.14627 0.07918
0 0.406 0.53669 0.19708 0.06557
0 0.53154 0.59758 0.15781 0.05058
0 0.69231 0.65847 0.11199 0.05886
0 0.87247 0.71936 0.11836 0.07418
0 0.18523 0.78025 0.18106 0.06153
0 0.36626 0.84114 0.1289 0.07954
0 0.5127 0.90203 0.16266 0.0773
0 0.62624 0.94056 0.16664 0.06246
0 0.80888 0.05597 0.16899 0.06914
0 0.24216 0.11045 0.15705 0.05536
0 0.39882 0.17134 0.13658 0.04259
0 0.53037 0.23223 0.15909 0.05764
0 0.70081 0.29312 0.16692 0.04729
0 0.8344 0.35401 0.16259 0.06894
0 0.18014 0.41491 0.13879 0.07695
0 0.35227 0.47580 0.11385 0.05339
0 0.50813 0.53669 0.17718 0.05487
0 0.64268 0.59758 0.19298 0.05317
0 0.80715 0.65847 0.15292 0.07614
0 0.2429 0.71936 0.15346 0.06085
0 0.38713 0.78025 0.10851 0.07258
0 0.53182 0.84114 0.10713 0.04859
0 0.70641 0.90203 0.16112 0.04345
0 0.83259 0.94056 0.15411 0.05098