0 0.17074 0.05526 0.14143 0.07368
0 0.32771 0.11046 0.16965 0.0773
0 0.478 0.17036 0.1366 0.05792
0 0.62465 0.23026 0.18236 0.06364
0 0.82742 0.29016 0.11447 0.06738
0 0.23861 0.35007 0.13819 0.04839
0 0.39758 0.40997 0.15328 0.07496
0 0.53565 0.46987 0.11849 0.05778
0 0.71224 0.52978 0.1971 0.07267
0 0.83716 0.58968 0.14459 0.04934
0 0.16443 0.64958 0.19763 0.07968
0 0.31747 0.70949 0.16613 0.07486
0 0.4571 0.76939 0.14949 0.0735
0 0.60159 0.82929 0.12978 0.05772
0 0.79718 0.88920 0.12284 0.04501
0 0.23524 0.96193 0.1616 0.06546
0 0.41026 0.05526 0.12111 0.0798
0 0.55541 0.11046 0.14394 0.05889
0 0.67891 0.17036 0.16623 0.04841
0 0.84673 0.23026 0.17213 0.07587
0 0.16466 0.29016 0.1483 0.0486
0 0.36918 0.35007 0.13201 0.04249
0 0.50909 0.40997 0.11239 0.07502
0 0.63974 0.46987 0.15501 0.07916
0 0.81389 0.52978 0.15848 0.06964
0 0.24291 0.58968 0.18231 0.0696
0 0.39653 0.64958 0.16342 0.06317
0 0.5221 0.70949 0.15389 0.06513
0 0.6583 0.76939 0.15717 0.04643
0 0.82744 0.82929 0.14884 0.0684
0 0.16847 0.88920 0.13164 0.07356
0 0.35667 0.96193 0.18424 0.07214
0 0.48742 0.05526 0.15065 0.04621
0 0.60751 0.11046 0.16674 0.07695
0 0.7763 0.17036 0.16232 0.05608
0 0.23261 0.23026 0.11888 0.05467
0 0.39799 0.29016 0.12951 0.0785
0 0.52108 0.35007 0.13707 0.04585
0 0.6908 0.40997 0.11124 0.07085
0 0.84362 0.46987 0.174 0.0566
0 0.13756 0.52978 0.18068 0.04577
0 0.33306 0.58968 0.1983 0.07936
0 0.49568 0.64958 0.11542 0.06796
0 0.63665 0.70949 0.17198 0.07368
0 0.82093 0.76939 0.11887 0.07873
0 0.23741 0.82929 0.13582 0.06623
0 0.3999 0.88920 0.14499 0.0435
0 0.54708 0.96193 0.10849 0.06112
0 0.68616 0.05526 0.16443 0.04936
0 0.84529 0.11046 0.15329 0.0656
0 0.15095 0.17036 0.13857 0.0567
0 0.36334 0.23026 0.1068 0.0663
0 0.49387 0.29016 0.17093 0.07437
0 0.65502 0.35007 0.13907 0.07076
0 0.81766 0.40997 0.19866 0.05659
0 0.22815 0.46987 0.18305 0.06837
0 0.40532 0.52978 0.14723 0.04441
0 0.53827 0.58968 0.16006 0.07279
0 0.67479 0.64958 0.19764 0.06977
0 0.84348 0.70949 0.19422 0.04377
0 0.18025 0.76939 0.1568 0.06135
0 0.37185 0.82929 0.1926 0.07743
0 0.49382 0.88920 0.17783 0.05178
0 0.6527 0.96193 0.19834 0.07716
0 0.80047 0.05526 0.14559 0.04816
0 0.24216 0.11046 0.12348 0.05109
0 0.39028 0.17036 0.18972 0.07395
0 0.54324 0.23026 0.19786 0.07193
0 0.66991 0.29016 0.18657 0.06882
0 0.85585 0.35007 0.1106 0.0744
0 0.17729 0.40997 0.12515 0.04732
0 0.34538 0.46987 0.18437 0.04852
0 0.50213 0.52978 0.13655 0.05003
0 0.64523 0.58968 0.18981 0.06249
0 0.81397 0.64958 0.11852 0.07552
0 0.23735 0.70949 0.196 0.0646
0 0.39639 0.76939 0.12785 0.05472
0 0.53465 0.82929 0.11116 0.06829
0 0.69251 0.88920 0.16205 0.04527
0 0.83643 0.96193 0.19145 0.05326