0 0.16699 0.05593 0.12705 0.04841
0 0.31478 0.11079 0.14472 0.05354
0 0.4784 0.17108 0.10782 0.07796
0 0.64131 0.23136 0.18628 0.04261
0 0.7957 0.29165 0.13157 0.06326
0 0.23834 0.35194 0.11886 0.07379
0 0.38433 0.41223 0.18911 0.063
0 0.54081 0.47252 0.13776 0.05846
0 0.69316 0.53281 0.16376 0.07271
0 0.8513 0.59310 0.10831 0.06943
0 0.16775 0.65339 0.18172 0.04838
0 0.32743 0.71368 0.1637 0.07915
0 0.46746 0.77397 0.13501 0.04778
0 0.59963 0.83426 0.11412 0.07077
0 0.80065 0.89455 0.11009 0.04501
0 0.23323 0.93786 0.18768 0.07791
0 0.39818 0.05593 0.16685 0.05653
0 0.54074 0.11079 0.12405 0.07447
0 0.66944 0.17108 0.14443 0.05154
0 0.8515 0.23136 0.16129 0.04909
0 0.16925 0.29165 0.113 0.07901
0 0.3619 0.35194 0.1881 0.05317
0 0.52498 0.41223 0.15267 0.0684
0 0.66288 0.47252 0.12749 0.05682
0 0.78444 0.53281 0.19289 0.05038
0 0.24259 0.59310 0.11201 0.06401
0 0.38134 0.65339 0.19332 0.07103
0 0.53252 0.71368 0.12736 0.05707
0 0.66324 0.77397 0.19191 0.06336
0 0.85014 0.83426 0.15925 0.0683
0 0.17126 0.89455 0.14068 0.06918
0 0.34682 0.93786 0.13114 0.05443
0 0.48055 0.05593 0.13263 0.0602
0 0.60643 0.11079 0.19248 0.07946
0 0.81381 0.17108 0.17616 0.05028
0 0.2315 0.23136 0.11049 0.05496
0 0.39454 0.29165 0.18512 0.05656
0 0.51752 0.35194 0.19554 0.05056
0 0.69058 0.41223 0.1345 0.06035
0 0.84942 0.47252 0.14456 0.06419
0 0.14001 0.53281 0.19732 0.0522
0 0.33135 0.59310 0.12586 0.05808
0 0.48862 0.65339 0.14117 0.06238
0 0.62739 0.71368 0.1331 0.06117
0 0.81065 0.77397 0.19975 0.06274
0 0.23365 0.83426 0.14548 0.05359
0 0.39981 0.89455 0.11866 0.07781
0 0.53542 0.93786 0.10918 0.0554
0 0.69358 0.05593 0.18926 0.07482
0 0.86041 0.11079 0.16977 0.07352
0 0.15077 0.17108 0.17385 0.06376
0 0.35882 0.23136 0.14956 0.07704
0 0.49447 0.29165 0.18397 0.07337
0 0.65632 0.35194 0.12086 0.05419
0 0.81289 0.41223 0.12634 0.07194
0 0.2194 0.47252 0.11853 0.04787
0 0.40319 0.53281 0.13407 0.07471
0 0.55358 0.59310 0.19321 0.06114
0 0.66884 0.65339 0.18448 0.07765
0 0.84332 0.71368 0.17047 0.07311
0 0.18199 0.77397 0.13721 0.06275
0 0.3557 0.83426 0.17221 0.07578
0 0.49754 0.89455 0.12147 0.06124
0 0.63435 0.93786 0.17142 0.06376
0 0.81243 0.05593 0.16976 0.06492
0 0.24203 0.11079 0.17313 0.05464
0 0.39646 0.17108 0.1085 0.06547
0 0.54253 0.23136 0.11659 0.07807
0 0.69108 0.29165 0.18177 0.05702
0 0.85227 0.35194 0.18533 0.05816
0 0.17859 0.41223 0.18349 0.04438
0 0.35174 0.47252 0.17 0.07219
0 0.51498 0.53281 0.1868 0.0587
0 0.64295 0.59310 0.18158 0.06846
0 0.82248 0.65339 0.17485 0.06699
0 0.23779 0.71368 0.17591 0.06954
0 0.39011 0.77397 0.11158 0.05673
0 0.54819 0.83426 0.11643 0.06532
0 0.69866 0.89455 0.19754 0.06676
0 0.87103 0.93786 0.12483 0.05448