0 0.1711 0.05600 0.17668 0.07709
0 0.31944 0.10921 0.17741 0.047
0 0.47174 0.17011 0.15717 0.06475
0 0.63103 0.23101 0.13266 0.05599
0 0.7922 0.29192 0.12915 0.06955
0 0.23381 0.35282 0.13306 0.06217
0 0.39518 0.41372 0.19687 0.05226
0 0.54641 0.47462 0.12782 0.06102
0 0.68751 0.53553 0.15673 0.0747
0 0.86601 0.59643 0.12539 0.06975
0 0.16686 0.65733 0.14699 0.04994
0 0.32176 0.71823 0.11947 0.04836
0 0.46127 0.77914 0.14148 0.0564
0 0.60454 0.84004 0.18088 0.07494
0 0.79273 0.90094 0.1827 0.06825
0 0.23687 0.96374 0.19128 0.06634
0 0.39534 0.05600 0.15701 0.04776
0 0.54261 0.10921 0.18317 0.04542
0 0.68593 0.17011 0.17286 0.07547
0 0.85734 0.23101 0.11014 0.05828
0 0.16362 0.29192 0.11983 0.06082
0 0.36671 0.35282 0.12807 0.05979
0 0.50796 0.41372 0.12933 0.06187
0 0.65909 0.47462 0.12212 0.05268
0 0.7999 0.53553 0.12823 0.05116
0 0.24051 0.59643 0.13204 0.07635
0 0.38221 0.65733 0.19578 0.0767
0 0.53978 0.71823 0.13875 0.06519
0 0.66614 0.77914 0.1341 0.0562
0 0.83332 0.84004 0.1442 0.065
0 0.16605 0.90094 0.13456 0.06764
0 0.34992 0.96374 0.17747 0.07616
0 0.48357 0.05600 0.13998 0.04572
0 0.61008 0.10921 0.11784 0.06275
0 0.78965 0.17011 0.16425 0.05858
0 0.23883 0.23101 0.13958 0.0657
0 0.39403 0.29192 0.14028 0.0635
0 0.5434 0.35282 0.11252 0.05094
0 0.69908 0.41372 0.18782 0.04637
0 0.83126 0.47462 0.14924 0.0428
0 0.13745 0.53553 0.11338 0.04466
0 0.34199 0.59643 0.19138 0.05459
0 0.48341 0.65733 0.13262 0.07182
0 0.62971 0.71823 0.16394 0.05508
0 0.82647 0.77914 0.16847 0.06579
0 0.23245 0.84004 0.12492 0.07987
0 0.39991 0.90094 0.19657 0.06686
0 0.5424 0.96374 0.16877 0.06278
0 0.6866 0.05600 0.1571 0.05119
0 0.86838 0.10921 0.18799 0.07033
0 0.15139 0.17011 0.15858 0.07595
0 0.37135 0.23101 0.10808 0.07485
0 0.50085 0.29192 0.15157 0.06494
0 0.65118 0.35282 0.18224 0.06712
0 0.8106 0.41372 0.17546 0.07693
0 0.22146 0.47462 0.16002 0.05876
0 0.40341 0.53553 0.10691 0.05335
0 0.55028 0.59643 0.17379 0.06626
0 0.69812 0.65733 0.14844 0.05357
0 0.86798 0.71823 0.16826 0.06588
0 0.17816 0.77914 0.17708 0.04422
0 0.35605 0.84004 0.18194 0.07994
0 0.51234 0.90094 0.10881 0.05022
0 0.64697 0.96374 0.17959 0.06533
0 0.79107 0.05600 0.15956 0.05554
0 0.23735 0.10921 0.11324 0.06949
0 0.3985 0.17011 0.12979 0.04348
0 0.5274 0.23101 0.11865 0.04495
0 0.67688 0.29192 0.15929 0.07739
0 0.84019 0.35282 0.15707 0.04574
0 0.17876 0.41372 0.11256 0.05496
0 0.34688 0.47462 0.19926 0.06227
0 0.50487 0.53553 0.12974 0.05173
0 0.64848 0.59643 0.13581 0.0629
0 0.81452 0.65733 0.13441 0.07187
0 0.24089 0.71823 0.11003 0.06211
0 0.38313 0.77914 0.15584 0.07757
0 0.55058 0.84004 0.1302 0.04797
0 0.70308 0.90094 0.1446 0.05814
0 0.85038 0.96374 0.1954 0.053