0 0.17153 0.05452 0.19244 0.06236
0 0.32155 0.11005 0.18464 0.06159
0 0.47784 0.17062 0.1315 0.06083
0 0.62349 0.23120 0.19178 0.07447
0 0.82904 0.29177 0.17922 0.07576
0 0.23293 0.35235 0.14557 0.07755
0 0.38644 0.41292 0.18363 0.0481
0 0.5506 0.47349 0.1424 0.04361
0 0.69648 0.53407 0.15616 0.04982
0 0.86616 0.59464 0.11026 0.06645
0 0.17156 0.65522 0.19953 0.07074
0 0.32701 0.71579 0.15089 0.05407
0 0.45843 0.77637 0.1936 0.05848
0 0.60834 0.83694 0.17032 0.06609
0 0.81317 0.89752 0.14897 0.06595
0 0.24085 0.94571 0.11478 0.06461
0 0.40698 0.05452 0.19845 0.05402
0 0.55427 0.11005 0.13349 0.05469
0 0.69918 0.17062 0.13606 0.07804
0 0.84399 0.23120 0.16222 0.07516
0 0.17139 0.29177 0.19178 0.0663
0 0.36328 0.35235 0.14028 0.06341
0 0.52244 0.41292 0.13213 0.05637
0 0.66082 0.47349 0.15321 0.06246
0 0.80299 0.53407 0.15739 0.06865
0 0.23577 0.59464 0.19995 0.07016
0 0.3949 0.65522 0.173 0.06666
0 0.53174 0.71579 0.17854 0.07149
0 0.66844 0.77637 0.17276 0.0509
0 0.84603 0.83694 0.17396 0.05871
0 0.16935 0.89752 0.17311 0.05301
0 0.34354 0.94571 0.18662 0.07354
0 0.49804 0.05452 0.13378 0.06383
0 0.60618 0.11005 0.18556 0.07176
0 0.78211 0.17062 0.19806 0.05761
0 0.23184 0.23120 0.16851 0.06828
0 0.393 0.29177 0.14481 0.07374
0 0.52848 0.35235 0.12228 0.07301
0 0.69715 0.41292 0.14874 0.07422
0 0.83991 0.47349 0.19151 0.05556
0 0.13864 0.53407 0.15519 0.07783
0 0.33289 0.59464 0.18663 0.04517
0 0.48943 0.65522 0.13669 0.04965
0 0.61444 0.71579 0.18745 0.06314
0 0.81376 0.77637 0.15523 0.06027
0 0.2327 0.83694 0.19228 0.04529
0 0.39842 0.89752 0.13235 0.04347
0 0.54458 0.94571 0.19339 0.04437
0 0.68409 0.05452 0.18724 0.0573
0 0.84758 0.11005 0.13566 0.07909
0 0.15455 0.17062 0.11785 0.05592
0 0.36758 0.23120 0.16915 0.06241
0 0.50608 0.29177 0.17995 0.07088
0 0.64982 0.35235 0.14244 0.05605
0 0.80418 0.41292 0.14256 0.05056
0 0.2222 0.47349 0.18636 0.04298
0 0.40625 0.53407 0.14841 0.06776
0 0.53325 0.59464 0.18419 0.04934
0 0.69522 0.65522 0.18485 0.06265
0 0.83301 0.71579 0.19022 0.05234
0 0.18227 0.77637 0.17691 0.05476
0 0.36385 0.83694 0.16967 0.07931
0 0.51272 0.89752 0.11741 0.04995
0 0.63299 0.94571 0.10885 0.07269
0 0.80128 0.05452 0.16391 0.05968
0 0.24156 0.11005 0.17508 0.06402
0 0.39869 0.17062 0.19587 0.04943
0 0.51923 0.23120 0.16512 0.04693
0 0.69645 0.29177 0.15027 0.05226
0 0.86935 0.35235 0.1519 0.06573
0 0.18504 0.41292 0.18774 0.06117
0 0.35193 0.47349 0.18316 0.07969
0 0.4995 0.53407 0.16343 0.04782
0 0.64686 0.59464 0.15964 0.05578
0 0.80453 0.65522 0.15386 0.06237
0 0.23828 0.71579 0.18762 0.06826
0 0.38587 0.77637 0.16944 0.06188
0 0.55617 0.83694 0.13327 0.04585
0 0.69512 0.89752 0.19147 0.07859
0 0.85783 0.94571 0.11167 0.05926