0 0.17147 0.05567 0.11228 0.05917
0 0.31876 0.11005 0.19546 0.04496
0 0.48335 0.17078 0.11063 0.06263
0 0.61505 0.23150 0.12214 0.06332
0 0.82485 0.29223 0.15617 0.05226
0 0.24032 0.35295 0.11939 0.07673
0 0.38899 0.41367 0.13016 0.04288
0 0.54747 0.47440 0.19007 0.06978
0 0.704 0.53512 0.17393 0.07473
0 0.8666 0.59585 0.14365 0.06215
0 0.16952 0.65657 0.10989 0.06478
0 0.32666 0.71729 0.19796 0.06113
0 0.46039 0.77802 0.1706 0.04472
0 0.60172 0.83874 0.14797 0.06655
0 0.80654 0.89947 0.18263 0.05452
0 0.23434 0.96302 0.19191 0.07988
0 0.40697 0.05567 0.12526 0.05138
0 0.55409 0.11005 0.16111 0.06686
0 0.69096 0.17078 0.19633 0.0493
0 0.85786 0.23150 0.13196 0.05426
0 0.16988 0.29223 0.13952 0.06297
0 0.36139 0.35295 0.19466 0.05449
0 0.5065 0.41367 0.15865 0.04631
0 0.6659 0.47440 0.16552 0.07112
0 0.78946 0.53512 0.18369 0.0748
0 0.23969 0.59585 0.19044 0.05224
0 0.39374 0.65657 0.14365 0.06931
0 0.51724 0.71729 0.14919 0.05968
0 0.66206 0.77802 0.15118 0.06188
0 0.82638 0.83874 0.14379 0.05475
0 0.17023 0.89947 0.18564 0.05741
0 0.34917 0.96302 0.1382 0.06191
0 0.48555 0.05567 0.14805 0.06264
0 0.6186 0.11005 0.15381 0.07912
0 0.78235 0.17078 0.13881 0.07982
0 0.23822 0.23150 0.19874 0.07275
0 0.39222 0.29223 0.16998 0.0513
0 0.52878 0.35295 0.12392 0.07805
0 0.67603 0.41367 0.1292 0.04381
0 0.84549 0.47440 0.11522 0.05844
0 0.14288 0.53512 0.16677 0.05731
0 0.34176 0.59585 0.19781 0.06481
0 0.49275 0.65657 0.16971 0.07793
0 0.63083 0.71729 0.15762 0.06318
0 0.80637 0.77802 0.16184 0.05224
0 0.23774 0.83874 0.17231 0.06708
0 0.40231 0.89947 0.11701 0.0629
0 0.53404 0.96302 0.11521 0.07112
0 0.69994 0.05567 0.16498 0.06811
0 0.86234 0.11005 0.18958 0.06181
0 0.15402 0.17078 0.11898 0.05859
0 0.37049 0.23150 0.1678 0.07429
0 0.49385 0.29223 0.18265 0.07041
0 0.63703 0.35295 0.15792 0.06224
0 0.80875 0.41367 0.14507 0.04718
0 0.2208 0.47440 0.13228 0.04653
0 0.4123 0.53512 0.16958 0.05862
0 0.54244 0.59585 0.16333 0.05969
0 0.69249 0.65657 0.16531 0.07413
0 0.86796 0.71729 0.12009 0.07646
0 0.17906 0.77802 0.11125 0.06658
0 0.36839 0.83874 0.11801 0.07178
0 0.51403 0.89947 0.14391 0.04979
0 0.63132 0.96302 0.1554 0.06821
0 0.81558 0.05567 0.1248 0.06926
0 0.23866 0.11005 0.14999 0.07099
0 0.38536 0.17078 0.17757 0.07233
0 0.54326 0.23150 0.14485 0.06779
0 0.69047 0.29223 0.18468 0.04694
0 0.85713 0.35295 0.14905 0.0693
0 0.18079 0.41367 0.19212 0.05655
0 0.35487 0.47440 0.11524 0.05112
0 0.51393 0.53512 0.19273 0.07167
0 0.67094 0.59585 0.16458 0.05912
0 0.8093 0.65657 0.13699 0.06953
0 0.24056 0.71729 0.12765 0.07908
0 0.38794 0.77802 0.1516 0.07458
0 0.555 0.83874 0.11498 0.05394
0 0.70258 0.89947 0.1929 0.07802
0 0.85502 0.96302 0.14384 0.07792