0 0.1712 0.05553 0.11915 0.06424
0 0.3251 0.11071 0.13308 0.05263
0 0.48179 0.17180 0.16525 0.07289
0 0.61618 0.23289 0.12522 0.06615
0 0.81835 0.29399 0.16805 0.06831
0 0.23202 0.35508 0.14445 0.07748
0 0.39939 0.41617 0.1859 0.05032
0 0.53605 0.47727 0.17819 0.0583
0 0.69327 0.53836 0.19923 0.05883
0 0.85207 0.59945 0.18575 0.04942
0 0.17059 0.66055 0.19189 0.07019
0 0.31359 0.72164 0.15158 0.05224
0 0.46068 0.78273 0.15097 0.07663
0 0.60642 0.84383 0.14024 0.05841
0 0.82058 0.90492 0.19227 0.04996
0 0.23905 0.94342 0.11172 0.05671
0 0.3973 0.05553 0.19967 0.06293
0 0.53837 0.11071 0.14211 0.07233
0 0.69775 0.17180 0.14207 0.06863
0 0.86962 0.23289 0.1641 0.06284
0 0.16771 0.29399 0.13432 0.05995
0 0.35437 0.35508 0.16614 0.06246
0 0.50903 0.41617 0.18551 0.05235
0 0.65484 0.47727 0.19266 0.05856
0 0.80831 0.53836 0.14369 0.06429
0 0.23531 0.59945 0.14292 0.07154
0 0.39675 0.66055 0.11621 0.05396
0 0.5228 0.72164 0.14997 0.04749
0 0.67893 0.78273 0.16322 0.07522
0 0.82132 0.84383 0.15103 0.07609
0 0.16734 0.90492 0.19015 0.07712
0 0.34973 0.94342 0.14401 0.05621
0 0.48796 0.05553 0.11842 0.05528
0 0.60273 0.11071 0.12833 0.07715
0 0.77885 0.17180 0.16633 0.08003
0 0.24121 0.23289 0.10613 0.0786
0 0.39532 0.29399 0.10676 0.04624
0 0.5299 0.35508 0.20022 0.0565
0 0.66922 0.41617 0.17584 0.06555
0 0.8397 0.47727 0.18631 0.07107
0 0.13953 0.53836 0.13447 0.06615
0 0.34328 0.59945 0.12105 0.07684
0 0.48596 0.66055 0.15773 0.0437
0 0.63439 0.72164 0.1465 0.07457
0 0.80383 0.78273 0.12017 0.04274
0 0.24315 0.84383 0.13611 0.04408
0 0.39945 0.90492 0.1799 0.04997
0 0.53339 0.94342 0.17712 0.07365
0 0.69295 0.05553 0.14835 0.05632
0 0.86652 0.11071 0.16048 0.0599
0 0.15273 0.17180 0.19475 0.04433
0 0.35751 0.23289 0.13146 0.05478
0 0.49593 0.29399 0.14576 0.04597
0 0.62617 0.35508 0.1577 0.05883
0 0.80749 0.41617 0.117 0.0774
0 0.21871 0.47727 0.19893 0.07056
0 0.41319 0.53836 0.1429 0.0602
0 0.54273 0.59945 0.15362 0.05124
0 0.6798 0.66055 0.18183 0.05867
0 0.85939 0.72164 0.19697 0.06529
0 0.18284 0.78273 0.15973 0.05849
0 0.35867 0.84383 0.11658 0.05204
0 0.5042 0.90492 0.17498 0.06167
0 0.64737 0.94342 0.18438 0.0746
0 0.81922 0.05553 0.19315 0.07568
0 0.2317 0.11071 0.14851 0.06793
0 0.39015 0.17180 0.18508 0.06749
0 0.52074 0.23289 0.16708 0.07844
0 0.69244 0.29399 0.13904 0.0597
0 0.8624 0.35508 0.18667 0.07335
0 0.17918 0.41617 0.17087 0.06142
0 0.357 0.47727 0.19076 0.079
0 0.49619 0.53836 0.1164 0.06082
0 0.66857 0.59945 0.17177 0.06943
0 0.8085 0.66055 0.12548 0.04542
0 0.23562 0.72164 0.17981 0.05871
0 0.38248 0.78273 0.15788 0.06985
0 0.54043 0.84383 0.12401 0.0554
0 0.70118 0.90492 0.11641 0.06922
0 0.84527 0.94342 0.15826 0.06056