0 0.16608 0.05466 0.15187 0.05658
0 0.3245 0.11053 0.19286 0.06982
0 0.46352 0.17110 0.14025 0.0571
0 0.62009 0.23168 0.11206 0.04378
0 0.80179 0.29225 0.16325 0.04264
0 0.24123 0.35282 0.12248 0.06717
0 0.39126 0.41340 0.16558 0.07081
0 0.53396 0.47397 0.13971 0.04498
0 0.68539 0.53454 0.17122 0.05522
0 0.84741 0.59512 0.11125 0.06118
0 0.16466 0.65569 0.13688 0.05419
0 0.32814 0.71626 0.16384 0.06777
0 0.45214 0.77684 0.19873 0.07291
0 0.60585 0.83741 0.14893 0.06795
0 0.79052 0.89798 0.12995 0.07753
0 0.24191 0.94330 0.10958 0.06652
0 0.40924 0.05466 0.15931 0.06403
0 0.53636 0.11053 0.11038 0.07979
0 0.67853 0.17110 0.19448 0.04448
0 0.85554 0.23168 0.14886 0.04563
0 0.16844 0.29225 0.18806 0.07868
0 0.35508 0.35282 0.19347 0.05772
0 0.50815 0.41340 0.17032 0.06827
0 0.64538 0.47397 0.13975 0.05774
0 0.80974 0.53454 0.18165 0.07995
0 0.23823 0.59512 0.1604 0.07403
0 0.38504 0.65569 0.1702 0.0517
0 0.53505 0.71626 0.16098 0.05813
0 0.65665 0.77684 0.19177 0.05638
0 0.81684 0.83741 0.19076 0.07229
0 0.16801 0.89798 0.14909 0.04364
0 0.34647 0.94330 0.12324 0.07246
0 0.48689 0.05466 0.13698 0.04371
0 0.60726 0.11053 0.10831 0.04312
0 0.79585 0.17110 0.10674 0.0593
0 0.23449 0.23168 0.18182 0.07401
0 0.38122 0.29225 0.12893 0.07245
0 0.54163 0.35282 0.18079 0.07776
0 0.68377 0.41340 0.1814 0.05002
0 0.82588 0.47397 0.1254 0.07496
0 0.14226 0.53454 0.15242 0.05207
0 0.32867 0.59512 0.18621 0.04468
0 0.48932 0.65569 0.16506 0.07896
0 0.61782 0.71626 0.12632 0.0449
0 0.82834 0.77684 0.19778 0.05108
0 0.24255 0.83741 0.15668 0.04367
0 0.40462 0.89798 0.18476 0.04725
0 0.53536 0.94330 0.18296 0.06807
0 0.69113 0.05466 0.15838 0.04349
0 0.86234 0.11053 0.14647 0.07455
0 0.15339 0.17110 0.13362 0.05307
0 0.36899 0.23168 0.18174 0.05834
0 0.51093 0.29225 0.19929 0.06706
0 0.64433 0.35282 0.154 0.07718
0 0.82099 0.41340 0.12405 0.05345
0 0.22306 0.47397 0.15709 0.07889
0 0.41038 0.53454 0.12951 0.07182
0 0.5551 0.59512 0.14298 0.04568
0 0.69949 0.65569 0.12554 0.04917
0 0.83584 0.71626 0.18015 0.0496
0 0.1826 0.77684 0.15068 0.04617
0 0.36742 0.83741 0.15066 0.07674
0 0.49477 0.89798 0.17378 0.04425
0 0.64029 0.94330 0.11813 0.07675
0 0.80121 0.05466 0.19571 0.04703
0 0.23654 0.11053 0.17535 0.05576
0 0.39433 0.17110 0.16439 0.05117
0 0.5239 0.23168 0.15902 0.06357
0 0.69662 0.29225 0.12754 0.06405
0 0.85299 0.35282 0.18951 0.05384
0 0.18518 0.41340 0.15453 0.07159
0 0.34837 0.47397 0.14554 0.04295
0 0.49933 0.53454 0.17916 0.0525
0 0.66236 0.59512 0.1718 0.07758
0 0.81993 0.65569 0.19943 0.07404
0 0.24211 0.71626 0.16197 0.04329
0 0.38232 0.77684 0.12081 0.07884
0 0.55205 0.83741 0.1184 0.05743
0 0.68638 0.89798 0.12213 0.06186
0 0.86556 0.94330 0.11229 0.07002