0 0.16468 0.05576 0.10844 0.06956
0 0.32516 0.11173 0.14577 0.07999
0 0.48335 0.17179 0.12342 0.0558
0 0.62346 0.23184 0.17449 0.07905
0 0.81706 0.29190 0.14098 0.05549
0 0.23486 0.35195 0.18541 0.07586
0 0.39143 0.41201 0.17529 0.05957
0 0.55338 0.47206 0.1599 0.05802
0 0.7013 0.53212 0.12274 0.05064
0 0.84448 0.59218 0.19633 0.04717
0 0.16583 0.65223 0.13108 0.05408
0 0.32028 0.71229 0.19324 0.06981
0 0.45885 0.77234 0.12716 0.07195
0 0.60988 0.83240 0.14129 0.06859
0 0.81193 0.89246 0.11432 0.0428
0 0.24016 0.94052 0.16642 0.07423
0 0.40327 0.05576 0.12309 0.07721
0 0.54246 0.11173 0.11031 0.0715
0 0.67119 0.17179 0.17425 0.04404
0 0.83131 0.23184 0.13882 0.05669
0 0.16575 0.29190 0.16835 0.06899
0 0.35962 0.35195 0.14226 0.06994
0 0.52041 0.41201 0.16521 0.05088
0 0.67096 0.47206 0.10811 0.05257
0 0.81287 0.53212 0.19192 0.06781
0 0.23679 0.59218 0.18154 0.06043
0 0.38579 0.65223 0.17639 0.06595
0 0.53738 0.71229 0.18273 0.05134
0 0.67864 0.77234 0.1422 0.04911
0 0.84753 0.83240 0.16426 0.07371
0 0.16953 0.89246 0.16032 0.07135
0 0.34212 0.94052 0.15604 0.07767
0 0.49295 0.05576 0.132 0.0465
0 0.61304 0.11173 0.12951 0.0493
0 0.78423 0.17179 0.14865 0.04616
0 0.23255 0.23184 0.12753 0.0609
0 0.39713 0.29190 0.18191 0.04971
0 0.52184 0.35195 0.19904 0.07621
0 0.67251 0.41201 0.10889 0.04616
0 0.84442 0.47206 0.15657 0.04409
0 0.14232 0.53212 0.11428 0.06344
0 0.33528 0.59218 0.18169 0.07156
0 0.49347 0.65223 0.19932 0.05419
0 0.6173 0.71229 0.11238 0.04918
0 0.82785 0.77234 0.19463 0.05521
0 0.23777 0.83240 0.10778 0.05035
0 0.40841 0.89246 0.17054 0.06167
0 0.53182 0.94052 0.17996 0.07661
0 0.69448 0.05576 0.15642 0.06614
0 0.86199 0.11173 0.18954 0.04626
0 0.15064 0.17179 0.19083 0.05717
0 0.36337 0.23184 0.16508 0.04449
0 0.49815 0.29190 0.11906 0.06133
0 0.64357 0.35195 0.1266 0.05871
0 0.80551 0.41201 0.12324 0.08005
0 0.22239 0.47206 0.11001 0.07303
0 0.39836 0.53212 0.11615 0.06074
0 0.53775 0.59218 0.16418 0.07616
0 0.66764 0.65223 0.19466 0.04761
0 0.86941 0.71229 0.13948 0.05713
0 0.18285 0.77234 0.14478 0.0774
0 0.37073 0.83240 0.19887 0.07703
0 0.49409 0.89246 0.19522 0.06934
0 0.65554 0.94052 0.16986 0.06575
0 0.82145 0.05576 0.19924 0.05537
0 0.23821 0.11173 0.17836 0.07773
0 0.38967 0.17179 0.13781 0.04713
0 0.52402 0.23184 0.16852 0.06998
0 0.69253 0.29190 0.12909 0.06681
0 0.83996 0.35195 0.13393 0.07385
0 0.17752 0.41201 0.17019 0.05745
0 0.3536 0.47206 0.15583 0.0707
0 0.50678 0.53212 0.14487 0.07392
0 0.66307 0.59218 0.16288 0.05459
0 0.81531 0.65223 0.17683 0.06325
0 0.23634 0.71229 0.16108 0.07935
0 0.38871 0.77234 0.15809 0.06314
0 0.55294 0.83240 0.16109 0.05489
0 0.69158 0.89246 0.15432 0.06579
0 0.86478 0.94052 0.11385 0.05603