0 0.16537 0.05542 0.14176 0.04501
0 0.31466 0.11026 0.1409 0.07108
0 0.47285 0.17146 0.14697 0.044
0 0.63017 0.23267 0.17841 0.0663
0 0.80719 0.29387 0.17955 0.07679
0 0.23637 0.35507 0.14978 0.06949
0 0.39629 0.41628 0.17106 0.07298
0 0.55615 0.47748 0.1937 0.07894
0 0.69329 0.53869 0.14531 0.05854
0 0.84604 0.59989 0.17705 0.07236
0 0.16965 0.66110 0.10819 0.07276
0 0.31436 0.72230 0.18632 0.04273
0 0.46782 0.78351 0.11734 0.06063
0 0.62304 0.84471 0.11888 0.04307
0 0.79839 0.90591 0.13683 0.07024
0 0.23756 0.95873 0.18927 0.05346
0 0.40113 0.05542 0.15425 0.04405
0 0.54553 0.11026 0.16178 0.0657
0 0.69054 0.17146 0.19776 0.06509
0 0.83231 0.23267 0.15677 0.07855
0 0.17132 0.29387 0.15025 0.05537
0 0.37135 0.35507 0.14704 0.06745
0 0.50683 0.41628 0.12661 0.04322
0 0.65163 0.47748 0.17046 0.05379
0 0.79017 0.53869 0.19334 0.05457
0 0.24027 0.59989 0.13173 0.07332
0 0.39753 0.66110 0.10815 0.06303
0 0.52444 0.72230 0.16425 0.05741
0 0.68342 0.78351 0.10907 0.05218
0 0.81816 0.84471 0.18985 0.06479
0 0.16722 0.90591 0.13366 0.04269
0 0.35058 0.95873 0.11076 0.0749
0 0.49228 0.05542 0.12652 0.06369
0 0.61837 0.11026 0.1165 0.06038
0 0.79514 0.17146 0.16276 0.05428
0 0.23808 0.23267 0.12374 0.04426
0 0.39653 0.29387 0.18458 0.0716
0 0.53932 0.35507 0.14677 0.04378
0 0.69152 0.41628 0.17511 0.06086
0 0.826 0.47748 0.12392 0.06048
0 0.13666 0.53869 0.12478 0.06156
0 0.33749 0.59989 0.12948 0.06204
0 0.49343 0.66110 0.10721 0.05376
0 0.62875 0.72230 0.14799 0.05973
0 0.82371 0.78351 0.15812 0.05922
0 0.24234 0.84471 0.14591 0.06786
0 0.3963 0.90591 0.16897 0.05415
0 0.54098 0.95873 0.13264 0.04956
0 0.67293 0.05542 0.18999 0.04891
0 0.83528 0.11026 0.18302 0.04265
0 0.15432 0.17146 0.17582 0.07881
0 0.36704 0.23267 0.17777 0.04709
0 0.50349 0.29387 0.14758 0.05427
0 0.64967 0.35507 0.16174 0.0513
0 0.82894 0.41628 0.11211 0.05554
0 0.22085 0.47748 0.13438 0.05104
0 0.40885 0.53869 0.13854 0.07328
0 0.54657 0.59989 0.11952 0.05693
0 0.70033 0.66110 0.17314 0.07197
0 0.84402 0.72230 0.1166 0.05648
0 0.18556 0.78351 0.19179 0.05821
0 0.3547 0.84471 0.18845 0.06916
0 0.49154 0.90591 0.19776 0.07976
0 0.62985 0.95873 0.15698 0.06816
0 0.80275 0.05542 0.16627 0.07478
0 0.23954 0.11026 0.19968 0.06047
0 0.39088 0.17146 0.1572 0.04421
0 0.54142 0.23267 0.14969 0.06378
0 0.67448 0.29387 0.10801 0.05121
0 0.83532 0.35507 0.11147 0.07189
0 0.18162 0.41628 0.17396 0.04785
0 0.35019 0.47748 0.15445 0.06336
0 0.50373 0.53869 0.15788 0.05761
0 0.6606 0.59989 0.10675 0.06136
0 0.79993 0.66110 0.16341 0.07551
0 0.23734 0.72230 0.19346 0.07492
0 0.38262 0.78351 0.16758 0.06211
0 0.53695 0.84471 0.1705 0.07029
0 0.7044 0.90591 0.15246 0.06589
0 0.84703 0.95873 0.10846 0.06496