0 0.16529 0.05521 0.12616 0.04558
0 0.31738 0.11008 0.19031 0.06535
0 0.46292 0.17143 0.13395 0.05423
0 0.62793 0.23279 0.13472 0.06377
0 0.8132 0.29414 0.10845 0.08005
0 0.24129 0.35550 0.11464 0.07012
0 0.3993 0.41685 0.12025 0.06596
0 0.55509 0.47821 0.18854 0.06548
0 0.6889 0.53956 0.18381 0.06403
0 0.84653 0.60092 0.18175 0.06361
0 0.17128 0.66227 0.11075 0.0486
0 0.31784 0.72363 0.15758 0.07059
0 0.46031 0.78499 0.15159 0.05415
0 0.62785 0.84634 0.15242 0.06166
0 0.79635 0.90770 0.14655 0.06903
0 0.24149 0.95957 0.19539 0.05095
0 0.40575 0.05521 0.1205 0.04308
0 0.55613 0.11008 0.14173 0.04997
0 0.6751 0.17143 0.14663 0.05068
0 0.86112 0.23279 0.15324 0.04452
0 0.16516 0.29414 0.1399 0.05612
0 0.35836 0.35550 0.17407 0.05653
0 0.5148 0.41685 0.15921 0.0614
0 0.64414 0.47821 0.13248 0.06298
0 0.78724 0.53956 0.10686 0.05809
0 0.23289 0.60092 0.1105 0.0453
0 0.40054 0.66227 0.13939 0.04879
0 0.5238 0.72363 0.13256 0.05777
0 0.66914 0.78499 0.15934 0.07874
0 0.82823 0.84634 0.15803 0.05272
0 0.16914 0.90770 0.13481 0.05959
0 0.3529 0.95957 0.13984 0.05111
0 0.49968 0.05521 0.1946 0.05947
0 0.6171 0.11008 0.14109 0.07242
0 0.79558 0.17143 0.11583 0.0482
0 0.24021 0.23279 0.19602 0.05248
0 0.38427 0.29414 0.20025 0.06403
0 0.52494 0.35550 0.11135 0.05166
0 0.68365 0.41685 0.14736 0.07711
0 0.85561 0.47821 0.11328 0.04478
0 0.13919 0.53956 0.19685 0.06197
0 0.33173 0.60092 0.19903 0.04253
0 0.49623 0.66227 0.17812 0.05993
0 0.62087 0.72363 0.15517 0.06372
0 0.80063 0.78499 0.16506 0.04504
0 0.23234 0.84634 0.11097 0.05134
0 0.39602 0.90770 0.17071 0.05751
0 0.53501 0.95957 0.18997 0.0654
0 0.67157 0.05521 0.14003 0.07627
0 0.85922 0.11008 0.18471 0.0692
0 0.1503 0.17143 0.13776 0.05192
0 0.35618 0.23279 0.11603 0.06619
0 0.49833 0.29414 0.16634 0.07035
0 0.63476 0.35550 0.14887 0.04853
0 0.79298 0.41685 0.12378 0.07295
0 0.22257 0.47821 0.11496 0.04651
0 0.40882 0.53956 0.19695 0.05292
0 0.55153 0.60092 0.1558 0.06363
0 0.68076 0.66227 0.16899 0.06776
0 0.84827 0.72363 0.11629 0.05114
0 0.18473 0.78499 0.17912 0.06177
0 0.35681 0.84634 0.11196 0.07748
0 0.51433 0.90770 0.19505 0.0608
0 0.6495 0.95957 0.12875 0.05934
0 0.81669 0.05521 0.19547 0.04489
0 0.24197 0.11008 0.13986 0.05619
0 0.38501 0.17143 0.16442 0.06103
0 0.52403 0.23279 0.16281 0.06615
0 0.69204 0.29414 0.12698 0.05268
0 0.86977 0.35550 0.16985 0.06751
0 0.18193 0.41685 0.19353 0.07353
0 0.35142 0.47821 0.17908 0.06015
0 0.51457 0.53956 0.15935 0.05936
0 0.66687 0.60092 0.12564 0.06619
0 0.79262 0.66227 0.19371 0.05924
0 0.23355 0.72363 0.17052 0.07242
0 0.38124 0.78499 0.14463 0.07864
0 0.54883 0.84634 0.18689 0.05449
0 0.69886 0.90770 0.17215 0.0595
0 0.84681 0.95957 0.11673 0.0533