0 0.17028 0.05530 0.14763 0.0574
0 0.32477 0.11078 0.11606 0.0672
0 0.46704 0.17050 0.17511 0.05435
0 0.61677 0.23022 0.1222 0.04499
0 0.81585 0.28994 0.12492 0.04299
0 0.24003 0.34965 0.17561 0.07292
0 0.39145 0.40937 0.17352 0.05118
0 0.54304 0.46909 0.12237 0.06841
0 0.70177 0.52880 0.12455 0.04781
0 0.85874 0.58852 0.18594 0.07294
0 0.167 0.64824 0.18987 0.05325
0 0.32055 0.70795 0.13014 0.04443
0 0.47099 0.76767 0.18948 0.07138
0 0.61768 0.82739 0.13035 0.06837
0 0.81749 0.88710 0.1473 0.06077
0 0.24014 0.95490 0.19101 0.07628
0 0.40363 0.05530 0.15633 0.05383
0 0.54294 0.11078 0.17801 0.06559
0 0.67451 0.17050 0.11843 0.07753
0 0.85962 0.23022 0.19417 0.0749
0 0.17026 0.28994 0.15345 0.04339
0 0.36422 0.34965 0.17643 0.05253
0 0.52665 0.40937 0.12637 0.0698
0 0.65081 0.46909 0.12259 0.04641
0 0.79445 0.52880 0.17299 0.05391
0 0.23368 0.58852 0.19273 0.07077
0 0.39412 0.64824 0.11084 0.07826
0 0.52422 0.70795 0.17595 0.05186
0 0.66201 0.76767 0.18264 0.05235
0 0.83441 0.82739 0.12706 0.07205
0 0.1661 0.88710 0.17037 0.07238
0 0.34414 0.95490 0.119 0.04576
0 0.50059 0.05530 0.12576 0.06439
0 0.62401 0.11078 0.1189 0.05679
0 0.79077 0.17050 0.17633 0.07241
0 0.23685 0.23022 0.10842 0.07454
0 0.38149 0.28994 0.16947 0.06814
0 0.52555 0.34965 0.14364 0.07186
0 0.66853 0.40937 0.14664 0.05726
0 0.85067 0.46909 0.18022 0.0706
0 0.13833 0.52880 0.19203 0.06261
0 0.33597 0.58852 0.19771 0.07315
0 0.48899 0.64824 0.15723 0.04755
0 0.64265 0.70795 0.19338 0.07483
0 0.80849 0.76767 0.14402 0.0638
0 0.23236 0.82739 0.11877 0.04554
0 0.40045 0.88710 0.10931 0.06103
0 0.53543 0.95490 0.13593 0.07906
0 0.68712 0.05530 0.15108 0.0438
0 0.83602 0.11078 0.13118 0.0741
0 0.15245 0.17050 0.15728 0.07228
0 0.36321 0.23022 0.14869 0.05493
0 0.51415 0.28994 0.18109 0.07101
0 0.63335 0.34965 0.17347 0.07483
0 0.81733 0.40937 0.12451 0.06456
0 0.22219 0.46909 0.17178 0.06601
0 0.40377 0.52880 0.12161 0.04869
0 0.5437 0.58852 0.2003 0.06378
0 0.69026 0.64824 0.13531 0.04741
0 0.8432 0.70795 0.15032 0.07517
0 0.18023 0.76767 0.14665 0.0529
0 0.36242 0.82739 0.13749 0.04905
0 0.50201 0.88710 0.13259 0.05831
0 0.65725 0.95490 0.16617 0.06311
0 0.8207 0.05530 0.15173 0.07493
0 0.23329 0.11078 0.14814 0.05883
0 0.40018 0.17050 0.12872 0.04747
0 0.52206 0.23022 0.14053 0.0614
0 0.68695 0.28994 0.12152 0.07139
0 0.85327 0.34965 0.19609 0.05918
0 0.17724 0.40937 0.18207 0.07742
0 0.34075 0.46909 0.14913 0.05694
0 0.50925 0.52880 0.1201 0.04329
0 0.64687 0.58852 0.13643 0.06606
0 0.80034 0.64824 0.12354 0.06602
0 0.23446 0.70795 0.14784 0.07771
0 0.38436 0.76767 0.15391 0.04514
0 0.53086 0.82739 0.1287 0.05807
0 0.70696 0.88710 0.17807 0.07341
0 0.87201 0.95490 0.19498 0.04785