0 0.16672 0.05585 0.11955 0.06825
0 0.3245 0.11146 0.18139 0.04591
0 0.48453 0.17089 0.19377 0.07533
0 0.64325 0.23032 0.10651 0.07799
0 0.82905 0.28975 0.16735 0.04607
0 0.24197 0.34918 0.17004 0.07433
0 0.39794 0.40861 0.12998 0.07672
0 0.55253 0.46804 0.18556 0.04285
0 0.69983 0.52748 0.13378 0.06218
0 0.84802 0.58691 0.1086 0.06695
0 0.16439 0.64634 0.11486 0.05695
0 0.32351 0.70577 0.18129 0.06691
0 0.46897 0.76520 0.17314 0.0712
0 0.60728 0.82463 0.17993 0.06414
0 0.82328 0.88406 0.16489 0.06626
0 0.23222 0.94822 0.18389 0.05292
0 0.40235 0.05585 0.10937 0.0741
0 0.5381 0.11146 0.14429 0.05852
0 0.67215 0.17089 0.12961 0.06625
0 0.85701 0.23032 0.15141 0.07386
0 0.16597 0.28975 0.18911 0.05262
0 0.37121 0.34918 0.13253 0.05754
0 0.51642 0.40861 0.16255 0.06333
0 0.66383 0.46804 0.10854 0.05917
0 0.77634 0.52748 0.1207 0.04584
0 0.23854 0.58691 0.18469 0.0705
0 0.39232 0.64634 0.12444 0.04366
0 0.53853 0.70577 0.1843 0.05863
0 0.67517 0.76520 0.13794 0.04383
0 0.85326 0.82463 0.16934 0.07923
0 0.17085 0.88406 0.111 0.06213
0 0.34292 0.94822 0.1753 0.07673
0 0.48107 0.05585 0.15316 0.05688
0 0.62306 0.11146 0.195 0.07578
0 0.77824 0.17089 0.13339 0.05204
0 0.23599 0.23032 0.14157 0.07671
0 0.38694 0.28975 0.11679 0.07616
0 0.5366 0.34918 0.19703 0.05746
0 0.67049 0.40861 0.14684 0.066
0 0.84969 0.46804 0.11404 0.06383
0 0.14155 0.52748 0.17363 0.07616
0 0.33554 0.58691 0.15385 0.0505
0 0.48255 0.64634 0.137 0.04257
0 0.61472 0.70577 0.17711 0.07564
0 0.81465 0.76520 0.18489 0.05129
0 0.23168 0.82463 0.12999 0.05166
0 0.39597 0.88406 0.15645 0.0666
0 0.53434 0.94822 0.14709 0.05391
0 0.68228 0.05585 0.12093 0.07356
0 0.85876 0.11146 0.16268 0.07575
0 0.15626 0.17089 0.19445 0.07808
0 0.36289 0.23032 0.11623 0.05716
0 0.49122 0.28975 0.19092 0.07265
0 0.63614 0.34918 0.15796 0.04835
0 0.81529 0.40861 0.14636 0.066
0 0.22652 0.46804 0.12043 0.06879
0 0.40055 0.52748 0.1294 0.04566
0 0.54432 0.58691 0.14824 0.06246
0 0.69479 0.64634 0.1563 0.07594
0 0.85549 0.70577 0.1395 0.05237
0 0.18179 0.76520 0.17896 0.05128
0 0.35986 0.82463 0.18919 0.07409
0 0.50029 0.88406 0.17528 0.06111
0 0.65148 0.94822 0.14438 0.04817
0 0.80327 0.05585 0.16303 0.05113
0 0.23685 0.11146 0.16651 0.06724
0 0.38826 0.17089 0.11808 0.06366
0 0.53516 0.23032 0.15285 0.05343
0 0.68626 0.28975 0.13534 0.06589
0 0.85789 0.34918 0.16061 0.06942
0 0.18138 0.40861 0.19503 0.05301
0 0.3472 0.46804 0.14632 0.05797
0 0.50194 0.52748 0.10919 0.05609
0 0.6419 0.58691 0.19369 0.07189
0 0.806 0.64634 0.19327 0.04754
0 0.24283 0.70577 0.13985 0.07645
0 0.39629 0.76520 0.13058 0.05335
0 0.55058 0.82463 0.18025 0.06127
0 0.70714 0.88406 0.1543 0.07198
0 0.86233 0.94822 0.1591 0.06796