0 0.1658 0.05534 0.1135 0.04952
0 0.32187 0.11156 0.17398 0.07521
0 0.48447 0.17281 0.1247 0.05581
0 0.63225 0.23406 0.17554 0.06982
0 0.79399 0.29532 0.16253 0.07426
0 0.2334 0.35657 0.11826 0.07496
0 0.38442 0.41782 0.11464 0.07846
0 0.5524 0.47907 0.16942 0.07545
0 0.68989 0.54032 0.14662 0.05765
0 0.83343 0.60157 0.1302 0.05109
0 0.17028 0.66282 0.14336 0.06022
0 0.31506 0.72407 0.13524 0.05941
0 0.46816 0.78533 0.13789 0.06049
0 0.61681 0.84658 0.15511 0.0491
0 0.80952 0.90783 0.12774 0.05677
0 0.2326 0.94946 0.19994 0.05627
0 0.39683 0.05534 0.11181 0.0585
0 0.54398 0.11156 0.13942 0.05131
0 0.69655 0.17281 0.13272 0.06614
0 0.83426 0.23406 0.14709 0.04539
0 0.1691 0.29532 0.13917 0.07529
0 0.35625 0.35657 0.18397 0.05301
0 0.52172 0.41782 0.15339 0.06118
0 0.6548 0.47907 0.13851 0.0467
0 0.7961 0.54032 0.19021 0.06746
0 0.2418 0.60157 0.15232 0.064
0 0.38184 0.66282 0.19746 0.04782
0 0.53983 0.72407 0.17322 0.04541
0 0.66616 0.78533 0.18919 0.06144
0 0.82217 0.84658 0.16141 0.06237
0 0.16888 0.90783 0.14526 0.07085
0 0.34504 0.94946 0.16574 0.07038
0 0.48653 0.05534 0.14598 0.04911
0 0.61188 0.11156 0.13435 0.05376
0 0.80771 0.17281 0.17842 0.05334
0 0.2398 0.23406 0.18442 0.07202
0 0.38358 0.29532 0.18329 0.05152
0 0.53742 0.35657 0.13189 0.06308
0 0.68481 0.41782 0.18214 0.05065
0 0.84761 0.47907 0.14791 0.0675
0 0.13854 0.54032 0.14599 0.07158
0 0.34327 0.60157 0.17559 0.07843
0 0.48908 0.66282 0.19764 0.07228
0 0.63688 0.72407 0.1732 0.05571
0 0.79059 0.78533 0.15197 0.06682
0 0.23425 0.84658 0.18759 0.04475
0 0.40912 0.90783 0.126 0.04611
0 0.54264 0.94946 0.17323 0.06833
0 0.68366 0.05534 0.13848 0.07702
0 0.83816 0.11156 0.12063 0.05759
0 0.15158 0.17281 0.1721 0.04921
0 0.35514 0.23406 0.19318 0.04497
0 0.51301 0.29532 0.17946 0.04507
0 0.63507 0.35657 0.19092 0.07653
0 0.82941 0.41782 0.13959 0.0585
0 0.22783 0.47907 0.10954 0.0581
0 0.40811 0.54032 0.18684 0.06284
0 0.54732 0.60157 0.13813 0.07311
0 0.68646 0.66282 0.17569 0.06099
0 0.84039 0.72407 0.1492 0.05744
0 0.17974 0.78533 0.12006 0.05541
0 0.36182 0.84658 0.17932 0.07635
0 0.50173 0.90783 0.13583 0.05263
0 0.64329 0.94946 0.11637 0.06908
0 0.82473 0.05534 0.19892 0.05983
0 0.2368 0.11156 0.13634 0.06539
0 0.39379 0.17281 0.19902 0.07685
0 0.54353 0.23406 0.12367 0.06703
0 0.66972 0.29532 0.13434 0.06713
0 0.84766 0.35657 0.19766 0.07837
0 0.18217 0.41782 0.19025 0.07995
0 0.35379 0.47907 0.16856 0.067
0 0.49787 0.54032 0.16771 0.069
0 0.65032 0.60157 0.13948 0.05067
0 0.79684 0.66282 0.17169 0.04961
0 0.23305 0.72407 0.1552 0.05316
0 0.38453 0.78533 0.12983 0.06677
0 0.53727 0.84658 0.13923 0.06558
0 0.68927 0.90783 0.12304 0.07531
0 0.86032 0.94946 0.17086 0.05298