0 0.16762 0.05530 0.12734 0.06804
0 0.31924 0.11138 0.117 0.06074
0 0.48588 0.17162 0.1187 0.04374
0 0.62162 0.23186 0.19531 0.04674
0 0.8133 0.29210 0.15249 0.04532
0 0.23813 0.35234 0.17661 0.06535
0 0.39309 0.41257 0.13538 0.05123
0 0.54602 0.47281 0.10679 0.04778
0 0.69027 0.53305 0.16411 0.06242
0 0.83671 0.59329 0.13978 0.07751
0 0.16944 0.65353 0.16724 0.06569
0 0.31369 0.71376 0.18583 0.06844
0 0.46754 0.77400 0.11562 0.05127
0 0.61131 0.83424 0.16153 0.05023
0 0.82288 0.89448 0.16097 0.04384
0 0.24285 0.94546 0.15526 0.06744
0 0.40323 0.05530 0.14893 0.06156
0 0.53229 0.11138 0.19721 0.06075
0 0.69373 0.17162 0.12325 0.07492
0 0.85697 0.23186 0.15881 0.07884
0 0.16757 0.29210 0.16513 0.07108
0 0.36414 0.35234 0.10891 0.05173
0 0.51156 0.41257 0.16662 0.06793
0 0.66411 0.47281 0.18509 0.07106
0 0.78916 0.53305 0.14332 0.06453
0 0.24182 0.59329 0.1473 0.07344
0 0.3876 0.65353 0.11407 0.07738
0 0.53823 0.71376 0.16088 0.06647
0 0.68016 0.77400 0.18825 0.04314
0 0.81876 0.83424 0.12557 0.04938
0 0.16669 0.89448 0.11499 0.04343
0 0.35703 0.94546 0.12379 0.07769
0 0.48646 0.05530 0.16903 0.0607
0 0.60899 0.11138 0.17512 0.0724
0 0.80102 0.17162 0.16556 0.05965
0 0.24152 0.23186 0.15021 0.06106
0 0.39644 0.29210 0.1357 0.05848
0 0.53143 0.35234 0.16654 0.07606
0 0.69218 0.41257 0.15905 0.0754
0 0.84749 0.47281 0.16864 0.0663
0 0.1392 0.53305 0.11784 0.05345
0 0.34084 0.59329 0.16961 0.05343
0 0.48841 0.65353 0.17021 0.05168
0 0.64213 0.71376 0.19376 0.06899
0 0.82158 0.77400 0.18421 0.07164
0 0.23296 0.83424 0.12286 0.07345
0 0.39951 0.89448 0.19556 0.07283
0 0.53429 0.94546 0.12489 0.052
0 0.68512 0.05530 0.12659 0.07262
0 0.83268 0.11138 0.10687 0.06617
0 0.1533 0.17162 0.13441 0.05116
0 0.37163 0.23186 0.13194 0.0568
0 0.50706 0.29210 0.16136 0.05952
0 0.65393 0.35234 0.14345 0.0613
0 0.80943 0.41257 0.12364 0.06281
0 0.22097 0.47281 0.1431 0.05544
0 0.39841 0.53305 0.12064 0.05342
0 0.55687 0.59329 0.18454 0.06896
0 0.69268 0.65353 0.12018 0.07765
0 0.87054 0.71376 0.17013 0.06483
0 0.183 0.77400 0.17679 0.06479
0 0.35725 0.83424 0.10747 0.07029
0 0.49725 0.89448 0.11948 0.05648
0 0.62797 0.94546 0.10896 0.05952
0 0.79122 0.05530 0.18231 0.06164
0 0.23469 0.11138 0.11051 0.07745
0 0.38443 0.17162 0.16887 0.05943
0 0.53509 0.23186 0.14906 0.06647
0 0.69765 0.29210 0.18177 0.05975
0 0.84519 0.35234 0.13986 0.06331
0 0.17785 0.41257 0.10845 0.04398
0 0.35405 0.47281 0.12667 0.07268
0 0.50171 0.53305 0.17309 0.06775
0 0.66216 0.59329 0.15782 0.04998
0 0.81696 0.65353 0.18806 0.04298
0 0.23636 0.71376 0.17572 0.07121
0 0.39393 0.77400 0.1158 0.06383
0 0.54799 0.83424 0.19765 0.0671
0 0.69879 0.89448 0.17571 0.06636
0 0.83838 0.94546 0.10737 0.07012