0 0.16444 0.05522 0.17676 0.07519
0 0.31629 0.11196 0.14083 0.06184
0 0.4796 0.17292 0.15459 0.07334
0 0.62672 0.23388 0.179 0.06937
0 0.81007 0.29483 0.18539 0.06058
0 0.23519 0.35579 0.17052 0.07074
0 0.39819 0.41674 0.16538 0.06544
0 0.54773 0.47770 0.12985 0.07876
0 0.70221 0.53865 0.14531 0.07439
0 0.86998 0.59961 0.11156 0.05405
0 0.16645 0.66057 0.19371 0.05008
0 0.3278 0.72152 0.18189 0.05524
0 0.45336 0.78248 0.14675 0.06704
0 0.62089 0.84343 0.19965 0.06429
0 0.82829 0.90439 0.16957 0.06943
0 0.23481 0.95574 0.19284 0.04667
0 0.39936 0.05522 0.16833 0.07597
0 0.55221 0.11196 0.12939 0.06897
0 0.69191 0.17292 0.17643 0.07401
0 0.83654 0.23388 0.17262 0.04971
0 0.16654 0.29483 0.15288 0.05214
0 0.36878 0.35579 0.17783 0.04386
0 0.52226 0.41674 0.15576 0.04956
0 0.66163 0.47770 0.11375 0.06297
0 0.78078 0.53865 0.12554 0.04356
0 0.24305 0.59961 0.15966 0.07328
0 0.40047 0.66057 0.10698 0.05117
0 0.54241 0.72152 0.17427 0.05063
0 0.65914 0.78248 0.19996 0.06139
0 0.81701 0.84343 0.19226 0.0568
0 0.16964 0.90439 0.18464 0.04925
0 0.34502 0.95574 0.11161 0.06282
0 0.47763 0.05522 0.17827 0.04996
0 0.60459 0.11196 0.13695 0.04264
0 0.80661 0.17292 0.11363 0.07959
0 0.23194 0.23388 0.17274 0.05724
0 0.39188 0.29483 0.12985 0.07201
0 0.54262 0.35579 0.16992 0.04445
0 0.69208 0.41674 0.18293 0.06073
0 0.85394 0.47770 0.13682 0.06327
0 0.14303 0.53865 0.14195 0.0506
0 0.33513 0.59961 0.14423 0.06396
0 0.48444 0.66057 0.14714 0.06864
0 0.62678 0.72152 0.13326 0.07564
0 0.79362 0.78248 0.12781 0.0446
0 0.23717 0.84343 0.12605 0.06796
0 0.41292 0.90439 0.17922 0.063
0 0.53912 0.95574 0.19085 0.07771
0 0.67196 0.05522 0.17473 0.07901
0 0.86529 0.11196 0.11621 0.05345
0 0.15053 0.17292 0.1848 0.04337
0 0.37059 0.23388 0.17865 0.07753
0 0.51303 0.29483 0.18549 0.06002
0 0.65009 0.35579 0.1189 0.07575
0 0.79878 0.41674 0.14004 0.07617
0 0.221 0.47770 0.15636 0.05362
0 0.41412 0.53865 0.17982 0.06319
0 0.54619 0.59961 0.18939 0.07991
0 0.69089 0.66057 0.14185 0.06317
0 0.85406 0.72152 0.14738 0.06827
0 0.18114 0.78248 0.10893 0.07366
0 0.36719 0.84343 0.19245 0.07132
0 0.50956 0.90439 0.16064 0.07889
0 0.64259 0.95574 0.17522 0.04976
0 0.79737 0.05522 0.16926 0.07854
0 0.23482 0.11196 0.10631 0.04611
0 0.38259 0.17292 0.14476 0.07823
0 0.52733 0.23388 0.19934 0.05773
0 0.68921 0.29483 0.10835 0.06856
0 0.86108 0.35579 0.12589 0.0763
0 0.1786 0.41674 0.17008 0.05121
0 0.34382 0.47770 0.15832 0.04894
0 0.49137 0.53865 0.15905 0.0489
0 0.64519 0.59961 0.14655 0.07422
0 0.80289 0.66057 0.12463 0.051
0 0.23237 0.72152 0.14341 0.0695
0 0.39112 0.78248 0.16499 0.06116
0 0.54535 0.84343 0.14367 0.05121
0 0.70748 0.90439 0.16926 0.04652
0 0.85035 0.95574 0.12943 0.04627