0 0.16972 0.05514 0.16487 0.05749
0 0.31891 0.11110 0.19614 0.0687
0 0.46684 0.17140 0.14734 0.05163
0 0.62801 0.23170 0.18832 0.05435
0 0.81513 0.29200 0.1722 0.0691
0 0.23539 0.35230 0.15106 0.06239
0 0.40051 0.41260 0.14278 0.07939
0 0.55476 0.47290 0.14308 0.05621
0 0.71339 0.53320 0.12178 0.0658
0 0.87058 0.59350 0.14237 0.07562
0 0.16353 0.65380 0.12915 0.06252
0 0.32044 0.71410 0.18249 0.04713
0 0.46541 0.77440 0.13597 0.07299
0 0.62585 0.83470 0.15899 0.05911
0 0.79458 0.89500 0.13367 0.05861
0 0.23532 0.94416 0.18206 0.04791
0 0.40047 0.05514 0.12347 0.05078
0 0.53703 0.11110 0.10804 0.05671
0 0.68585 0.17140 0.14199 0.06614
0 0.85018 0.23170 0.11818 0.06857
0 0.16554 0.29200 0.10849 0.05551
0 0.37078 0.35230 0.14586 0.06929
0 0.52851 0.41260 0.18643 0.05057
0 0.64676 0.47290 0.1228 0.06559
0 0.78224 0.53320 0.11674 0.06036
0 0.23677 0.59350 0.1187 0.05528
0 0.38607 0.65380 0.12048 0.07052
0 0.52424 0.71410 0.15545 0.06768
0 0.68636 0.77440 0.15306 0.06344
0 0.83996 0.83470 0.15939 0.06987
0 0.1704 0.89500 0.14783 0.0777
0 0.34594 0.94416 0.14551 0.05236
0 0.48211 0.05514 0.18132 0.04956
0 0.62109 0.11110 0.14261 0.05262
0 0.78128 0.17140 0.16055 0.04802
0 0.23834 0.23170 0.13959 0.04862
0 0.39444 0.29200 0.14902 0.07257
0 0.54204 0.35230 0.14348 0.05096
0 0.69386 0.41260 0.12002 0.04495
0 0.82276 0.47290 0.12108 0.04997
0 0.14138 0.53320 0.10802 0.07701
0 0.33346 0.59350 0.15004 0.05375
0 0.48519 0.65380 0.15611 0.06202
0 0.6406 0.71410 0.15762 0.07948
0 0.80787 0.77440 0.11004 0.06208
0 0.23336 0.83470 0.18258 0.06383
0 0.40166 0.89500 0.1677 0.05084
0 0.5322 0.94416 0.16197 0.0564
0 0.67013 0.05514 0.17402 0.0615
0 0.83721 0.11110 0.14349 0.05963
0 0.15455 0.17140 0.12633 0.07739
0 0.36731 0.23170 0.16515 0.06934
0 0.50948 0.29200 0.18339 0.06773
0 0.64275 0.35230 0.15984 0.04863
0 0.79035 0.41260 0.17248 0.04776
0 0.22444 0.47290 0.17427 0.05529
0 0.40153 0.53320 0.16632 0.04297
0 0.55208 0.59350 0.15753 0.06298
0 0.69743 0.65380 0.11809 0.05646
0 0.84832 0.71410 0.10765 0.07814
0 0.18596 0.77440 0.16022 0.07046
0 0.36889 0.83470 0.14422 0.04675
0 0.50572 0.89500 0.19261 0.05467
0 0.65128 0.94416 0.11703 0.06552
0 0.82903 0.05514 0.15817 0.06056
0 0.23351 0.11110 0.12917 0.04927
0 0.38954 0.17140 0.12266 0.05037
0 0.52819 0.23170 0.19351 0.04915
0 0.69974 0.29200 0.11771 0.07973
0 0.83483 0.35230 0.18169 0.06171
0 0.18427 0.41260 0.13811 0.08014
0 0.34826 0.47290 0.11609 0.05108
0 0.50564 0.53320 0.13965 0.07995
0 0.66542 0.59350 0.18754 0.07318
0 0.82669 0.65380 0.14003 0.04881
0 0.24234 0.71410 0.19394 0.07238
0 0.40036 0.77440 0.17704 0.05662
0 0.55576 0.83470 0.16678 0.06144
0 0.69553 0.89500 0.19167 0.04956
0 0.86322 0.94416 0.13758 0.06773