0 0.16531 0.05547 0.15264 0.06849
0 0.32275 0.10929 0.1145 0.05671
0 0.48236 0.17072 0.18534 0.0496
0 0.63401 0.23215 0.16683 0.05207
0 0.79136 0.29358 0.10678 0.05362
0 0.23947 0.35501 0.1964 0.07621
0 0.39857 0.41644 0.12718 0.0798
0 0.5324 0.47787 0.12773 0.04559
0 0.68394 0.53930 0.17942 0.05551
0 0.84714 0.60073 0.19962 0.04576
0 0.17079 0.66216 0.15762 0.06621
0 0.32377 0.72359 0.11574 0.05192
0 0.46806 0.78502 0.11136 0.05849
0 0.62543 0.84645 0.12742 0.06163
0 0.81484 0.90788 0.13525 0.05293
0 0.23815 0.94213 0.18264 0.06273
0 0.40395 0.05547 0.18676 0.07269
0 0.54282 0.10929 0.11967 0.04704
0 0.66986 0.17072 0.12615 0.07073
0 0.83151 0.23215 0.10858 0.06052
0 0.17006 0.29358 0.13783 0.0801
0 0.36607 0.35501 0.16983 0.06004
0 0.51077 0.41644 0.19613 0.06283
0 0.64602 0.47787 0.11078 0.04576
0 0.79142 0.53930 0.17316 0.079
0 0.23885 0.60073 0.12791 0.0659
0 0.38551 0.66216 0.12115 0.05939
0 0.51827 0.72359 0.17619 0.07675
0 0.6563 0.78502 0.19761 0.07661
0 0.83014 0.84645 0.14097 0.0472
0 0.16839 0.90788 0.16784 0.05212
0 0.34771 0.94213 0.17032 0.06518
0 0.49823 0.05547 0.11801 0.04952
0 0.61492 0.10929 0.19729 0.05245
0 0.80871 0.17072 0.12893 0.04898
0 0.2375 0.23215 0.15629 0.0616
0 0.38882 0.29358 0.18446 0.06606
0 0.52267 0.35501 0.17039 0.05806
0 0.69149 0.41644 0.15482 0.04597
0 0.83189 0.47787 0.1447 0.05562
0 0.13996 0.53930 0.11975 0.06238
0 0.33732 0.60073 0.12921 0.07985
0 0.49471 0.66216 0.17196 0.04641
0 0.6266 0.72359 0.14551 0.06621
0 0.79028 0.78502 0.12043 0.06521
0 0.23371 0.84645 0.18275 0.07164
0 0.39995 0.90788 0.11512 0.06011
0 0.54482 0.94213 0.1884 0.04794
0 0.67541 0.05547 0.15466 0.05062
0 0.85727 0.10929 0.1215 0.07529
0 0.15502 0.17072 0.17638 0.07796
0 0.36762 0.23215 0.14663 0.04647
0 0.49653 0.29358 0.12093 0.0614
0 0.63235 0.35501 0.11408 0.05392
0 0.82328 0.41644 0.18752 0.07169
0 0.22014 0.47787 0.17934 0.06987
0 0.40923 0.53930 0.13124 0.05253
0 0.54702 0.60073 0.1329 0.07141
0 0.67206 0.66216 0.16329 0.07416
0 0.85455 0.72359 0.11053 0.05761
0 0.18057 0.78502 0.18484 0.07789
0 0.36002 0.84645 0.19741 0.04301
0 0.50373 0.90788 0.17679 0.06558
0 0.65345 0.94213 0.1932 0.04841
0 0.80772 0.05547 0.11615 0.0568
0 0.23558 0.10929 0.19178 0.05845
0 0.38917 0.17072 0.18334 0.06812
0 0.52571 0.23215 0.16675 0.05699
0 0.69784 0.29358 0.20024 0.052
0 0.87051 0.35501 0.12632 0.07142
0 0.18331 0.41644 0.19947 0.0493
0 0.34189 0.47787 0.10819 0.08008
0 0.51023 0.53930 0.14333 0.05454
0 0.64856 0.60073 0.15915 0.04698
0 0.81711 0.66216 0.15923 0.07173
0 0.24217 0.72359 0.15033 0.07872
0 0.38293 0.78502 0.14789 0.05722
0 0.53888 0.84645 0.12507 0.06791
0 0.7073 0.90788 0.12456 0.05362
0 0.85226 0.94213 0.18642 0.05107