0 0.16458 0.05487 0.14483 0.06658
0 0.32418 0.11133 0.12836 0.0427
0 0.46582 0.17100 0.12446 0.04644
0 0.64206 0.23066 0.17257 0.04645
0 0.82515 0.29032 0.12309 0.05627
0 0.23747 0.34999 0.15531 0.05146
0 0.39432 0.40965 0.13399 0.05548
0 0.55729 0.46931 0.1497 0.05184
0 0.68491 0.52898 0.1933 0.05702
0 0.86214 0.58864 0.12642 0.0583
0 0.17023 0.64831 0.10616 0.06657
0 0.32554 0.70797 0.19154 0.07213
0 0.45354 0.76763 0.17018 0.05261
0 0.61199 0.82730 0.15462 0.07425
0 0.79003 0.88696 0.15529 0.07035
0 0.23523 0.94504 0.11577 0.07358
0 0.39743 0.05487 0.20005 0.0493
0 0.54303 0.11133 0.13991 0.04489
0 0.68642 0.17100 0.16501 0.06544
0 0.86383 0.23066 0.14315 0.06888
0 0.16683 0.29032 0.10679 0.04664
0 0.3635 0.34999 0.15748 0.04604
0 0.5274 0.40965 0.15407 0.06497
0 0.66907 0.46931 0.12933 0.07306
0 0.7974 0.52898 0.11035 0.07315
0 0.24203 0.58864 0.18543 0.0458
0 0.38212 0.64831 0.11062 0.07
0 0.53856 0.70797 0.13589 0.07651
0 0.6645 0.76763 0.17993 0.05948
0 0.8262 0.82730 0.19774 0.04509
0 0.17019 0.88696 0.16136 0.05153
0 0.34632 0.94504 0.17942 0.07003
0 0.48041 0.05487 0.17467 0.04395
0 0.59975 0.11133 0.16744 0.05844
0 0.81365 0.17100 0.16873 0.0628
0 0.23942 0.23066 0.19458 0.0784
0 0.39784 0.29032 0.15651 0.0503
0 0.542 0.34999 0.14363 0.04681
0 0.69009 0.40965 0.16928 0.0668
0 0.85489 0.46931 0.1476 0.04651
0 0.13789 0.52898 0.11859 0.07952
0 0.34143 0.58864 0.14747 0.05179
0 0.49875 0.64831 0.1577 0.06529
0 0.62188 0.70797 0.14332 0.07323
0 0.7924 0.76763 0.14362 0.07373
0 0.24045 0.82730 0.1769 0.06087
0 0.39643 0.88696 0.15531 0.07112
0 0.55057 0.94504 0.1523 0.07694
0 0.68219 0.05487 0.11443 0.0764
0 0.85787 0.11133 0.12972 0.05051
0 0.15102 0.17100 0.14826 0.06306
0 0.36348 0.23066 0.16621 0.07202
0 0.50585 0.29032 0.17295 0.04976
0 0.62656 0.34999 0.19965 0.07059
0 0.80839 0.40965 0.19395 0.06036
0 0.22763 0.46931 0.11476 0.06442
0 0.39702 0.52898 0.19597 0.05225
0 0.54282 0.58864 0.12141 0.04563
0 0.68939 0.64831 0.19756 0.05367
0 0.84276 0.70797 0.16235 0.07701
0 0.18552 0.76763 0.12871 0.06017
0 0.36642 0.82730 0.11269 0.05259
0 0.49517 0.88696 0.13435 0.0712
0 0.64383 0.94504 0.18277 0.07155
0 0.82486 0.05487 0.1133 0.04323
0 0.23797 0.11133 0.13949 0.07561
0 0.39574 0.17100 0.11851 0.07253
0 0.54084 0.23066 0.12098 0.05465
0 0.69559 0.29032 0.11193 0.06766
0 0.83582 0.34999 0.17224 0.0536
0 0.17865 0.40965 0.11422 0.0775
0 0.34295 0.46931 0.16422 0.05306
0 0.49072 0.52898 0.12245 0.0488
0 0.64002 0.58864 0.16748 0.07053
0 0.81347 0.64831 0.15308 0.06042
0 0.23858 0.70797 0.13289 0.06707
0 0.39898 0.76763 0.18437 0.07888
0 0.5507 0.82730 0.18322 0.05423
0 0.69101 0.88696 0.19452 0.04531
0 0.85127 0.94504 0.1061 0.07227