0 0.1636 0.05611 0.11607 0.07086
0 0.32554 0.10980 0.16937 0.04348
0 0.46415 0.17004 0.15093 0.06169
0 0.6205 0.23028 0.15334 0.06291
0 0.82855 0.29052 0.11431 0.05245
0 0.23881 0.35076 0.1428 0.04696
0 0.39634 0.41100 0.15366 0.07892
0 0.5483 0.47124 0.17376 0.07817
0 0.70672 0.53148 0.10764 0.07929
0 0.84303 0.59172 0.17713 0.06641
0 0.16798 0.65196 0.11424 0.05361
0 0.31707 0.71220 0.11652 0.06538
0 0.45055 0.77244 0.14555 0.06587
0 0.61699 0.83268 0.16489 0.04728
0 0.8184 0.89292 0.12282 0.05231
0 0.232 0.95813 0.18522 0.06526
0 0.40409 0.05611 0.18902 0.04273
0 0.55263 0.10980 0.13728 0.06314
0 0.68988 0.17004 0.11332 0.05381
0 0.83681 0.23028 0.15289 0.07912
0 0.1686 0.29052 0.1419 0.04641
0 0.36865 0.35076 0.14585 0.05002
0 0.5077 0.41100 0.17481 0.058
0 0.67192 0.47124 0.15363 0.05365
0 0.80105 0.53148 0.19075 0.07927
0 0.23935 0.59172 0.11892 0.06286
0 0.3973 0.65196 0.11295 0.04812
0 0.52636 0.71220 0.15471 0.06807
0 0.65779 0.77244 0.17421 0.07728
0 0.83225 0.83268 0.1195 0.04402
0 0.16609 0.89292 0.13955 0.04422
0 0.34977 0.95813 0.14649 0.05108
0 0.4922 0.05611 0.1545 0.07136
0 0.60478 0.10980 0.2002 0.04897
0 0.78588 0.17004 0.17696 0.05294
0 0.23908 0.23028 0.12413 0.0735
0 0.39187 0.29052 0.1194 0.05057
0 0.52627 0.35076 0.16676 0.05813
0 0.68136 0.41100 0.1193 0.07466
0 0.82335 0.47124 0.1385 0.06746
0 0.13852 0.53148 0.14766 0.0767
0 0.33143 0.59172 0.1876 0.06665
0 0.48291 0.65196 0.13485 0.04562
0 0.61884 0.71220 0.19233 0.06231
0 0.81673 0.77244 0.19674 0.07451
0 0.23554 0.83268 0.11887 0.0703
0 0.41317 0.89292 0.13759 0.06367
0 0.55129 0.95813 0.19437 0.06653
0 0.6773 0.05611 0.15927 0.05547
0 0.85094 0.10980 0.16191 0.05529
0 0.15095 0.17004 0.11481 0.04599
0 0.35818 0.23028 0.18893 0.04925
0 0.51196 0.29052 0.17539 0.06904
0 0.63891 0.35076 0.17687 0.07699
0 0.79124 0.41100 0.1351 0.04398
0 0.22668 0.47124 0.12334 0.07088
0 0.41168 0.53148 0.16503 0.06091
0 0.54428 0.59172 0.18631 0.04594
0 0.68395 0.65196 0.17623 0.07305
0 0.83347 0.71220 0.1688 0.07473
0 0.18023 0.77244 0.14633 0.04986
0 0.35632 0.83268 0.13013 0.08002
0 0.50708 0.89292 0.14878 0.07348
0 0.6276 0.95813 0.13646 0.07736
0 0.79558 0.05611 0.17848 0.07646
0 0.24026 0.10980 0.16718 0.04246
0 0.39723 0.17004 0.16557 0.05965
0 0.54206 0.23028 0.17511 0.07214
0 0.67046 0.29052 0.11133 0.07539
0 0.85871 0.35076 0.17357 0.05134
0 0.18205 0.41100 0.16971 0.06548
0 0.34217 0.47124 0.15609 0.07346
0 0.50303 0.53148 0.18651 0.04403
0 0.65121 0.59172 0.12524 0.07905
0 0.80059 0.65196 0.19759 0.05263
0 0.23648 0.71220 0.12072 0.0801
0 0.38612 0.77244 0.12515 0.07756
0 0.53126 0.83268 0.16533 0.06734
0 0.70586 0.89292 0.11628 0.04342
0 0.85799 0.95813 0.13801 0.04331