0 0.1699 0.05479 0.17762 0.07815
0 0.32596 0.10995 0.13965 0.07752
0 0.4671 0.17107 0.16185 0.06684
0 0.61781 0.23220 0.15219 0.0444
0 0.79922 0.29333 0.11519 0.04758
0 0.23651 0.35445 0.11058 0.07954
0 0.39819 0.41558 0.15142 0.05535
0 0.55131 0.47671 0.19561 0.05706
0 0.69394 0.53784 0.18075 0.06845
0 0.86083 0.59896 0.16283 0.06042
0 0.16618 0.66009 0.18747 0.06235
0 0.31496 0.72122 0.19959 0.04447
0 0.45581 0.78234 0.11786 0.07145
0 0.6081 0.84347 0.13695 0.04971
0 0.82269 0.90460 0.17933 0.06437
0 0.23728 0.93667 0.16082 0.05124
0 0.40555 0.05479 0.15862 0.06181
0 0.5448 0.10995 0.17739 0.04544
0 0.67306 0.17107 0.13398 0.07626
0 0.85882 0.23220 0.13345 0.06646
0 0.16789 0.29333 0.18908 0.07244
0 0.35688 0.35445 0.19552 0.04662
0 0.50517 0.41558 0.15455 0.04639
0 0.64431 0.47671 0.12007 0.05848
0 0.81413 0.53784 0.10735 0.06775
0 0.23791 0.59896 0.11902 0.0601
0 0.39276 0.66009 0.13998 0.06781
0 0.53042 0.72122 0.11845 0.05549
0 0.66439 0.78234 0.19142 0.0722
0 0.85719 0.84347 0.19811 0.05117
0 0.16895 0.90460 0.12552 0.05495
0 0.3422 0.93667 0.11363 0.04762
0 0.49378 0.05479 0.19782 0.06961
0 0.62626 0.10995 0.12509 0.07119
0 0.81485 0.17107 0.13912 0.06198
0 0.24122 0.23220 0.16331 0.06676
0 0.39601 0.29333 0.15776 0.07692
0 0.52119 0.35445 0.11869 0.06895
0 0.66877 0.41558 0.16513 0.05236
0 0.83902 0.47671 0.11468 0.04595
0 0.14137 0.53784 0.16629 0.0639
0 0.32861 0.59896 0.15304 0.06351
0 0.48487 0.66009 0.14216 0.06539
0 0.63566 0.72122 0.15684 0.04857
0 0.81226 0.78234 0.134 0.07995
0 0.23396 0.84347 0.11979 0.05557
0 0.40632 0.90460 0.16782 0.05905
0 0.54072 0.93667 0.1078 0.0683
0 0.69681 0.05479 0.16438 0.06793
0 0.83555 0.10995 0.1187 0.05303
0 0.15033 0.17107 0.19798 0.04802
0 0.37104 0.23220 0.1155 0.04387
0 0.5049 0.29333 0.18638 0.07525
0 0.63925 0.35445 0.16828 0.05573
0 0.82949 0.41558 0.11937 0.07729
0 0.22719 0.47671 0.18637 0.06331
0 0.40802 0.53784 0.17645 0.07058
0 0.55329 0.59896 0.1358 0.06184
0 0.67641 0.66009 0.11732 0.0477
0 0.83545 0.72122 0.13507 0.04664
0 0.17978 0.78234 0.143 0.07557
0 0.36037 0.84347 0.12214 0.07104
0 0.49445 0.90460 0.1773 0.0523
0 0.65628 0.93667 0.11912 0.05185
0 0.80789 0.05479 0.19621 0.0749
0 0.24271 0.10995 0.16281 0.04274
0 0.39869 0.17107 0.19129 0.05359
0 0.54165 0.23220 0.11198 0.06406
0 0.68955 0.29333 0.11194 0.07823
0 0.86727 0.35445 0.14124 0.06388
0 0.1834 0.41558 0.14177 0.06281
0 0.34722 0.47671 0.16852 0.05983
0 0.49353 0.53784 0.16223 0.05344
0 0.65624 0.59896 0.1612 0.06294
0 0.80363 0.66009 0.14135 0.04734
0 0.23818 0.72122 0.1572 0.07908
0 0.39533 0.78234 0.1497 0.04532
0 0.54311 0.84347 0.18572 0.07719
0 0.71457 0.90460 0.13638 0.0679
0 0.86315 0.93667 0.15768 0.05664