0 0.16743 0.05600 0.15704 0.05163
0 0.32901 0.11147 0.1303 0.05492
0 0.4724 0.17157 0.15318 0.07574
0 0.63547 0.23167 0.1277 0.0598
0 0.82555 0.29177 0.1218 0.04424
0 0.23725 0.35188 0.136 0.06605
0 0.39231 0.41198 0.16296 0.07772
0 0.55078 0.47208 0.15055 0.06628
0 0.70966 0.53218 0.17922 0.06935
0 0.85768 0.59228 0.18348 0.04376
0 0.16707 0.65239 0.13257 0.0597
0 0.31773 0.71249 0.16806 0.05333
0 0.45122 0.77259 0.11757 0.07883
0 0.62087 0.83269 0.17746 0.0582
0 0.82518 0.89280 0.10814 0.04417
0 0.23897 0.96208 0.14961 0.06579
0 0.4053 0.05600 0.1295 0.05989
0 0.53593 0.11147 0.17415 0.05097
0 0.67563 0.17157 0.18633 0.07843
0 0.85356 0.23167 0.11204 0.06525
0 0.16606 0.29177 0.16902 0.07355
0 0.35681 0.35188 0.16982 0.0481
0 0.52704 0.41198 0.10956 0.06485
0 0.66702 0.47208 0.14909 0.07094
0 0.80247 0.53218 0.1175 0.04707
0 0.23682 0.59228 0.14846 0.07969
0 0.38215 0.65239 0.19116 0.04501
0 0.51846 0.71249 0.10764 0.04993
0 0.66198 0.77259 0.19201 0.05105
0 0.82303 0.83269 0.13516 0.05439
0 0.16872 0.89280 0.1863 0.06163
0 0.34359 0.96208 0.11241 0.05698
0 0.49533 0.05600 0.1291 0.07836
0 0.60578 0.11147 0.1387 0.05495
0 0.79399 0.17157 0.1481 0.06749
0 0.23446 0.23167 0.11798 0.07283
0 0.39601 0.29177 0.15539 0.04536
0 0.53925 0.35188 0.18566 0.0454
0 0.67722 0.41198 0.16937 0.04461
0 0.83357 0.47208 0.19359 0.05642
0 0.14258 0.53218 0.14817 0.06611
0 0.33002 0.59228 0.12383 0.07385
0 0.49507 0.65239 0.14462 0.05689
0 0.63216 0.71249 0.11641 0.06169
0 0.79943 0.77259 0.11899 0.05278
0 0.23597 0.83269 0.11674 0.05728
0 0.39988 0.89280 0.18113 0.07238
0 0.55512 0.96208 0.19299 0.04621
0 0.68048 0.05600 0.14755 0.04826
0 0.86717 0.11147 0.13939 0.04443
0 0.15053 0.17157 0.17691 0.05908
0 0.36583 0.23167 0.15145 0.07959
0 0.50211 0.29177 0.15951 0.04614
0 0.62954 0.35188 0.12367 0.07325
0 0.81606 0.41198 0.14435 0.06612
0 0.21854 0.47208 0.14107 0.0609
0 0.40919 0.53218 0.11538 0.05988
0 0.54571 0.59228 0.19366 0.06274
0 0.70044 0.65239 0.17704 0.05616
0 0.8328 0.71249 0.11457 0.06818
0 0.18116 0.77259 0.13861 0.07766
0 0.35467 0.83269 0.13098 0.06093
0 0.51417 0.89280 0.15129 0.06423
0 0.63998 0.96208 0.15261 0.05351
0 0.79373 0.05600 0.19288 0.06694
0 0.23824 0.11147 0.12159 0.07615
0 0.38221 0.17157 0.18516 0.07223
0 0.54073 0.23167 0.17835 0.04286
0 0.67629 0.29177 0.15682 0.06637
0 0.85031 0.35188 0.11965 0.04474
0 0.18341 0.41198 0.16276 0.05795
0 0.34982 0.47208 0.19099 0.07766
0 0.49508 0.53218 0.12796 0.04376
0 0.65577 0.59228 0.16291 0.07181
0 0.8162 0.65239 0.17137 0.06866
0 0.23277 0.71249 0.10911 0.04243
0 0.3854 0.77259 0.13653 0.06081
0 0.54272 0.83269 0.16225 0.05168
0 0.70454 0.89280 0.15854 0.06507
0 0.84949 0.96208 0.13054 0.06644