0 0.17078 0.05477 0.16473 0.04995
0 0.32609 0.11034 0.10822 0.05556
0 0.48515 0.17080 0.14052 0.05433
0 0.62001 0.23126 0.15194 0.06284
0 0.81279 0.29172 0.13049 0.05902
0 0.23362 0.35218 0.18599 0.07052
0 0.38794 0.41264 0.10767 0.06425
0 0.54725 0.47310 0.13635 0.06007
0 0.70294 0.53356 0.1676 0.07071
0 0.85634 0.59402 0.13924 0.06188
0 0.17066 0.65448 0.19684 0.07216
0 0.32505 0.71494 0.1254 0.07233
0 0.46759 0.77540 0.186 0.07158
0 0.60661 0.83586 0.19028 0.07285
0 0.79833 0.89632 0.18624 0.07529
0 0.23283 0.94111 0.18259 0.07524
0 0.40246 0.05477 0.19417 0.05471
0 0.53474 0.11034 0.16071 0.07822
0 0.68686 0.17080 0.19124 0.07929
0 0.86333 0.23126 0.19432 0.06148
0 0.16507 0.29172 0.18445 0.05363
0 0.36568 0.35218 0.1581 0.05127
0 0.51587 0.41264 0.15114 0.04342
0 0.66946 0.47310 0.1398 0.07686
0 0.79926 0.53356 0.12233 0.04876
0 0.23671 0.59402 0.19195 0.07813
0 0.39596 0.65448 0.1389 0.06388
0 0.54337 0.71494 0.11979 0.08002
0 0.65709 0.77540 0.17123 0.07758
0 0.84175 0.83586 0.10921 0.06862
0 0.16557 0.89632 0.12253 0.07128
0 0.34711 0.94111 0.14157 0.0516
0 0.49218 0.05477 0.1788 0.04259
0 0.61646 0.11034 0.14171 0.06439
0 0.80013 0.17080 0.14992 0.06071
0 0.24092 0.23126 0.10616 0.05304
0 0.39275 0.29172 0.10776 0.05438
0 0.53424 0.35218 0.19774 0.06504
0 0.69189 0.41264 0.17938 0.05292
0 0.8228 0.47310 0.12494 0.06707
0 0.13775 0.53356 0.15806 0.05888
0 0.32968 0.59402 0.17806 0.04632
0 0.47998 0.65448 0.15787 0.07474
0 0.61951 0.71494 0.18366 0.0443
0 0.82602 0.77540 0.11399 0.04752
0 0.24104 0.83586 0.14271 0.0438
0 0.40079 0.89632 0.18037 0.06166
0 0.55747 0.94111 0.17957 0.04725
0 0.67071 0.05477 0.19157 0.05028
0 0.83387 0.11034 0.16504 0.04791
0 0.15205 0.17080 0.1601 0.05422
0 0.36179 0.23126 0.17048 0.07256
0 0.49683 0.29172 0.18975 0.05516
0 0.64494 0.35218 0.17808 0.04312
0 0.80064 0.41264 0.1636 0.04983
0 0.22677 0.47310 0.15082 0.05968
0 0.40751 0.53356 0.17512 0.0592
0 0.54087 0.59402 0.14641 0.05685
0 0.69135 0.65448 0.11302 0.05624
0 0.84527 0.71494 0.18822 0.06442
0 0.17856 0.77540 0.10802 0.07747
0 0.3547 0.83586 0.13552 0.08004
0 0.50277 0.89632 0.19347 0.06054
0 0.63206 0.94111 0.18278 0.05086
0 0.81478 0.05477 0.15766 0.07796
0 0.24083 0.11034 0.17842 0.06144
0 0.38682 0.17080 0.15904 0.0721
0 0.52112 0.23126 0.18527 0.08011
0 0.69131 0.29172 0.11688 0.06125
0 0.83757 0.35218 0.14523 0.04368
0 0.18452 0.41264 0.16245 0.04524
0 0.34298 0.47310 0.17585 0.06661
0 0.49655 0.53356 0.12922 0.07217
0 0.67043 0.59402 0.17272 0.07132
0 0.80828 0.65448 0.17472 0.07495
0 0.23881 0.71494 0.1718 0.04774
0 0.38159 0.77540 0.16163 0.06331
0 0.55542 0.83586 0.15097 0.05948
0 0.68936 0.89632 0.12893 0.05335
0 0.8594 0.94111 0.15429 0.07852