0 0.16964 0.05607 0.1258 0.06497
0 0.32623 0.10922 0.14966 0.04404
0 0.47867 0.17047 0.16182 0.07232
0 0.61911 0.23171 0.10706 0.0725
0 0.8296 0.29296 0.11547 0.07714
0 0.24168 0.35420 0.17414 0.06363
0 0.39679 0.41545 0.11082 0.04758
0 0.54431 0.47669 0.13679 0.0551
0 0.69891 0.53794 0.13398 0.06409
0 0.83985 0.59918 0.19293 0.05059
0 0.16769 0.66043 0.17218 0.07078
0 0.31666 0.72167 0.11555 0.06818
0 0.45656 0.78292 0.1303 0.06208
0 0.60549 0.84416 0.12642 0.06652
0 0.8087 0.90541 0.13682 0.07815
0 0.23727 0.94596 0.13927 0.0434
0 0.41151 0.05607 0.18572 0.05596
0 0.54021 0.10922 0.1163 0.05976
0 0.66843 0.17047 0.11919 0.05218
0 0.86435 0.23171 0.12548 0.05539
0 0.16901 0.29296 0.1104 0.07636
0 0.36876 0.35420 0.1601 0.07478
0 0.50702 0.41545 0.1861 0.06428
0 0.64153 0.47669 0.13604 0.04368
0 0.80906 0.53794 0.10778 0.05271
0 0.24071 0.59918 0.14567 0.07086
0 0.40034 0.66043 0.17084 0.0718
0 0.51797 0.72167 0.11992 0.06822
0 0.67853 0.78292 0.12909 0.07435
0 0.82354 0.84416 0.12505 0.06678
0 0.16589 0.90541 0.13109 0.07078
0 0.3466 0.94596 0.16569 0.06831
0 0.48675 0.05607 0.13442 0.04317
0 0.62675 0.10922 0.14198 0.05136
0 0.80604 0.17047 0.16266 0.05482
0 0.2392 0.23171 0.12744 0.05567
0 0.39755 0.29296 0.15823 0.04339
0 0.51886 0.35420 0.13661 0.05708
0 0.66717 0.41545 0.17355 0.04962
0 0.81947 0.47669 0.12254 0.05836
0 0.13666 0.53794 0.19112 0.0541
0 0.34155 0.59918 0.11175 0.06638
0 0.48367 0.66043 0.18157 0.04889
0 0.61615 0.72167 0.10699 0.04639
0 0.79545 0.78292 0.11282 0.05386
0 0.24036 0.84416 0.13942 0.05435
0 0.40292 0.90541 0.14425 0.04377
0 0.54784 0.94596 0.14728 0.05226
0 0.66953 0.05607 0.12372 0.05499
0 0.86028 0.10922 0.11112 0.0789
0 0.15658 0.17047 0.19375 0.05863
0 0.35846 0.23171 0.16286 0.06991
0 0.51251 0.29296 0.1957 0.04965
0 0.63126 0.35420 0.1572 0.05133
0 0.82563 0.41545 0.19724 0.06454
0 0.22544 0.47669 0.12133 0.06652
0 0.41423 0.53794 0.1061 0.05856
0 0.54189 0.59918 0.18735 0.06662
0 0.69836 0.66043 0.13619 0.07595
0 0.84416 0.72167 0.12447 0.06712
0 0.17743 0.78292 0.20029 0.05677
0 0.36532 0.84416 0.1259 0.05389
0 0.49491 0.90541 0.13176 0.05361
0 0.62694 0.94596 0.19548 0.07586
0 0.81283 0.05607 0.10753 0.0481
0 0.23741 0.10922 0.18971 0.07655
0 0.39349 0.17047 0.16773 0.06187
0 0.53875 0.23171 0.19607 0.05513
0 0.69388 0.29296 0.14215 0.04429
0 0.84797 0.35420 0.16265 0.07409
0 0.17946 0.41545 0.12991 0.0771
0 0.3517 0.47669 0.16268 0.07791
0 0.50305 0.53794 0.12522 0.05383
0 0.64106 0.59918 0.17052 0.05611
0 0.81672 0.66043 0.12037 0.05404
0 0.23461 0.72167 0.13721 0.05735
0 0.38821 0.78292 0.17903 0.04824
0 0.5527 0.84416 0.13836 0.04859
0 0.71355 0.90541 0.11203 0.07459
0 0.84669 0.94596 0.17483 0.07146