0 0.17084 0.05542 0.19969 0.05206
0 0.32155 0.11183 0.10947 0.05259
0 0.46905 0.17235 0.13172 0.04513
0 0.62873 0.23288 0.17922 0.05096
0 0.82746 0.29341 0.18828 0.07957
0 0.23537 0.35394 0.19483 0.07354
0 0.39819 0.41447 0.1158 0.07641
0 0.54999 0.47499 0.13819 0.05557
0 0.71324 0.53552 0.15317 0.05206
0 0.86904 0.59605 0.15055 0.05063
0 0.1714 0.65658 0.16279 0.07161
0 0.31565 0.71711 0.17139 0.06336
0 0.46836 0.77764 0.11867 0.0773
0 0.62826 0.83816 0.16652 0.059
0 0.81949 0.89869 0.14264 0.04645
0 0.24232 0.93992 0.12726 0.07883
0 0.39475 0.05542 0.11613 0.05307
0 0.55184 0.11183 0.15969 0.07878
0 0.69064 0.17235 0.12972 0.05619
0 0.83432 0.23288 0.12878 0.06981
0 0.16811 0.29341 0.13276 0.04421
0 0.37141 0.35394 0.19794 0.05682
0 0.52417 0.41447 0.13311 0.05932
0 0.64476 0.47499 0.19115 0.07635
0 0.80971 0.53552 0.17019 0.04609
0 0.2419 0.59605 0.183 0.046
0 0.39015 0.65658 0.14229 0.05204
0 0.51801 0.71711 0.18667 0.06656
0 0.68628 0.77764 0.10701 0.07895
0 0.81668 0.83816 0.19232 0.05195
0 0.1708 0.89869 0.16898 0.0467
0 0.34427 0.93992 0.19131 0.06467
0 0.49316 0.05542 0.19309 0.04818
0 0.61772 0.11183 0.18151 0.04794
0 0.79054 0.17235 0.18818 0.06656
0 0.23165 0.23288 0.19431 0.05594
0 0.40037 0.29341 0.18949 0.05083
0 0.5194 0.35394 0.12361 0.04651
0 0.69332 0.41447 0.13767 0.07011
0 0.85001 0.47499 0.15613 0.04269
0 0.13824 0.53552 0.13539 0.06883
0 0.33823 0.59605 0.16632 0.07717
0 0.49395 0.65658 0.17731 0.06801
0 0.63847 0.71711 0.1384 0.0792
0 0.79123 0.77764 0.12902 0.05587
0 0.23834 0.83816 0.13338 0.07167
0 0.40694 0.89869 0.18065 0.05992
0 0.53725 0.93992 0.15272 0.06036
0 0.68409 0.05542 0.10632 0.07652
0 0.85307 0.11183 0.19496 0.07094
0 0.15014 0.17235 0.11744 0.07735
0 0.3603 0.23288 0.16862 0.05305
0 0.49705 0.29341 0.1071 0.06049
0 0.64899 0.35394 0.19039 0.06342
0 0.81927 0.41447 0.15837 0.07221
0 0.22648 0.47499 0.14852 0.04902
0 0.40419 0.53552 0.14825 0.06898
0 0.55085 0.59605 0.15352 0.04727
0 0.70058 0.65658 0.12854 0.04265
0 0.83115 0.71711 0.14373 0.06402
0 0.18149 0.77764 0.13355 0.04304
0 0.36932 0.83816 0.15243 0.05406
0 0.5001 0.89869 0.11881 0.07814
0 0.65176 0.93992 0.19501 0.05504
0 0.79536 0.05542 0.19276 0.05552
0 0.23726 0.11183 0.15652 0.06807
0 0.39389 0.17235 0.16377 0.0608
0 0.52745 0.23288 0.18141 0.07951
0 0.67655 0.29341 0.18935 0.04786
0 0.84332 0.35394 0.11126 0.05507
0 0.17857 0.41447 0.14577 0.05822
0 0.35592 0.47499 0.15669 0.07027
0 0.49831 0.53552 0.17795 0.04694
0 0.66707 0.59605 0.17138 0.06242
0 0.79812 0.65658 0.17294 0.07092
0 0.23553 0.71711 0.18967 0.07961
0 0.39748 0.77764 0.11748 0.05385
0 0.54139 0.83816 0.11454 0.05667
0 0.69474 0.89869 0.1373 0.05786
0 0.83938 0.93992 0.16757 0.06752