0 0.16683 0.05604 0.15198 0.04774
0 0.32359 0.11018 0.12268 0.06771
0 0.47268 0.16969 0.15283 0.06412
0 0.64173 0.22920 0.16469 0.07331
0 0.81814 0.28870 0.17508 0.06533
0 0.24263 0.34821 0.1992 0.06999
0 0.39891 0.40772 0.14397 0.07048
0 0.53578 0.46723 0.18946 0.06578
0 0.70377 0.52674 0.12401 0.05178
0 0.83437 0.58625 0.16893 0.04789
0 0.17153 0.64576 0.15221 0.06074
0 0.32493 0.70527 0.15037 0.05694
0 0.45406 0.76478 0.14235 0.04422
0 0.61775 0.82428 0.11997 0.04368
0 0.80296 0.88379 0.18311 0.06623
0 0.23886 0.94483 0.11647 0.0541
0 0.40511 0.05604 0.18296 0.0495
0 0.55215 0.11018 0.18341 0.07131
0 0.68405 0.16969 0.13135 0.06546
0 0.83725 0.22920 0.11519 0.06958
0 0.16756 0.28870 0.15858 0.06483
0 0.36875 0.34821 0.18446 0.06968
0 0.51463 0.40772 0.16989 0.0767
0 0.64487 0.46723 0.13012 0.04722
0 0.80255 0.52674 0.13185 0.07109
0 0.23465 0.58625 0.13216 0.04577
0 0.3884 0.64576 0.17454 0.06817
0 0.52769 0.70527 0.17678 0.07671
0 0.65774 0.76478 0.13924 0.04824
0 0.85693 0.82428 0.19598 0.07785
0 0.17134 0.88379 0.19579 0.07793
0 0.34052 0.94483 0.16263 0.05889
0 0.48877 0.05604 0.17363 0.0517
0 0.60485 0.11018 0.19062 0.04512
0 0.8096 0.16969 0.11684 0.07462
0 0.24146 0.22920 0.14706 0.06486
0 0.39228 0.28870 0.18567 0.06414
0 0.52559 0.34821 0.16543 0.0557
0 0.6801 0.40772 0.1834 0.07503
0 0.84853 0.46723 0.11297 0.04498
0 0.14084 0.52674 0.19844 0.05001
0 0.32876 0.58625 0.17392 0.07668
0 0.49145 0.64576 0.19719 0.04969
0 0.63399 0.70527 0.13887 0.04737
0 0.82007 0.76478 0.16244 0.07166
0 0.23407 0.82428 0.15162 0.06934
0 0.39924 0.88379 0.18439 0.06012
0 0.53124 0.94483 0.1128 0.0559
0 0.68686 0.05604 0.14984 0.04752
0 0.86132 0.11018 0.12572 0.04665
0 0.15633 0.16969 0.17195 0.06063
0 0.35531 0.22920 0.17507 0.07734
0 0.50082 0.28870 0.11365 0.05096
0 0.65182 0.34821 0.14366 0.0458
0 0.80997 0.40772 0.19304 0.06155
0 0.22228 0.46723 0.14722 0.05378
0 0.4041 0.52674 0.12844 0.07165
0 0.54082 0.58625 0.12764 0.0427
0 0.68607 0.64576 0.13165 0.0519
0 0.85368 0.70527 0.18244 0.06751
0 0.17859 0.76478 0.14792 0.04982
0 0.36604 0.82428 0.19188 0.0799
0 0.50606 0.88379 0.14805 0.07094
0 0.65219 0.94483 0.14511 0.05481
0 0.80012 0.05604 0.16173 0.06284
0 0.24082 0.11018 0.14792 0.06047
0 0.38717 0.16969 0.11295 0.0506
0 0.5361 0.22920 0.14834 0.07235
0 0.69802 0.28870 0.19165 0.06649
0 0.86008 0.34821 0.15332 0.07126
0 0.17773 0.40772 0.12173 0.07033
0 0.34909 0.46723 0.12421 0.04722
0 0.5094 0.52674 0.15589 0.06822
0 0.65615 0.58625 0.19226 0.07061
0 0.7918 0.64576 0.10944 0.05593
0 0.23927 0.70527 0.12151 0.04961
0 0.38908 0.76478 0.12076 0.06409
0 0.53086 0.82428 0.15211 0.05232
0 0.70397 0.88379 0.14199 0.0572
0 0.84982 0.94483 0.17876 0.05453