0 0.16994 0.05599 0.15644 0.05114
0 0.31621 0.10938 0.17072 0.07558
0 0.46557 0.16932 0.19315 0.04398
0 0.61317 0.22927 0.1685 0.07752
0 0.82216 0.28921 0.13048 0.04746
0 0.23489 0.34916 0.13971 0.06352
0 0.38465 0.40910 0.18841 0.0548
0 0.53433 0.46905 0.14936 0.05227
0 0.69606 0.52899 0.10917 0.06449
0 0.85447 0.58893 0.19004 0.04525
0 0.1673 0.64888 0.10967 0.07922
0 0.3216 0.70882 0.19354 0.05175
0 0.46288 0.76877 0.14881 0.04572
0 0.61514 0.82871 0.13767 0.06209
0 0.8246 0.88865 0.14257 0.07122
0 0.23472 0.95214 0.10768 0.06969
0 0.39581 0.05599 0.15861 0.04629
0 0.53619 0.10938 0.20028 0.0597
0 0.68398 0.16932 0.10782 0.07461
0 0.85925 0.22927 0.1188 0.0608
0 0.17033 0.28921 0.15321 0.04554
0 0.35622 0.34916 0.13114 0.05486
0 0.50858 0.40910 0.15561 0.04465
0 0.65775 0.46905 0.11303 0.06546
0 0.77924 0.52899 0.1621 0.04345
0 0.23471 0.58893 0.13326 0.04639
0 0.38335 0.64888 0.12498 0.0648
0 0.52993 0.70882 0.17916 0.0513
0 0.65726 0.76877 0.10727 0.07837
0 0.83634 0.82871 0.17412 0.07256
0 0.17039 0.88865 0.13457 0.06395
0 0.35724 0.95214 0.10781 0.07899
0 0.47906 0.05599 0.13902 0.07564
0 0.6169 0.10938 0.17329 0.06261
0 0.8058 0.16932 0.19774 0.07165
0 0.23911 0.22927 0.16717 0.07638
0 0.38744 0.28921 0.1201 0.07397
0 0.53286 0.34916 0.14626 0.06655
0 0.6838 0.40910 0.17951 0.06877
0 0.85615 0.46905 0.14761 0.07935
0 0.13805 0.52899 0.12545 0.04903
0 0.33726 0.58893 0.18225 0.06448
0 0.48539 0.64888 0.12633 0.06639
0 0.63162 0.70882 0.19201 0.05723
0 0.80172 0.76877 0.19376 0.0455
0 0.23975 0.82871 0.19949 0.06723
0 0.40176 0.88865 0.16965 0.06777
0 0.53725 0.95214 0.19616 0.07498
0 0.69419 0.05599 0.16703 0.05193
0 0.83691 0.10938 0.1159 0.07264
0 0.14999 0.16932 0.11472 0.06743
0 0.35426 0.22927 0.16112 0.04319
0 0.50085 0.28921 0.18462 0.06106
0 0.62849 0.34916 0.10717 0.04373
0 0.80691 0.40910 0.19711 0.0748
0 0.22 0.46905 0.13382 0.06061
0 0.40601 0.52899 0.13838 0.06059
0 0.55406 0.58893 0.16724 0.06242
0 0.68961 0.64888 0.18318 0.06611
0 0.86212 0.70882 0.1926 0.06106
0 0.18449 0.76877 0.1095 0.04764
0 0.3703 0.82871 0.1789 0.05909
0 0.49192 0.88865 0.11271 0.06095
0 0.63253 0.95214 0.10711 0.07032
0 0.80988 0.05599 0.14506 0.06315
0 0.23175 0.10938 0.17254 0.05475
0 0.3994 0.16932 0.12294 0.04499
0 0.52505 0.22927 0.15048 0.06184
0 0.6918 0.28921 0.12901 0.05101
0 0.83689 0.34916 0.1719 0.05837
0 0.18202 0.40910 0.15342 0.07518
0 0.35416 0.46905 0.1422 0.05866
0 0.5149 0.52899 0.11979 0.05634
0 0.66668 0.58893 0.17673 0.07652
0 0.80517 0.64888 0.10802 0.07932
0 0.23476 0.70882 0.1972 0.07432
0 0.39124 0.76877 0.17983 0.06841
0 0.53976 0.82871 0.13368 0.0736
0 0.69116 0.88865 0.10727 0.05321
0 0.8326 0.95214 0.16065 0.04447