0 0.16466 0.05599 0.14131 0.04338
0 0.31631 0.10899 0.13044 0.07867
0 0.46632 0.16912 0.13064 0.0484
0 0.64243 0.22926 0.15061 0.07764
0 0.8196 0.28939 0.11501 0.05136
0 0.23383 0.34952 0.11202 0.04528
0 0.39406 0.40966 0.18304 0.06779
0 0.53678 0.46979 0.11252 0.04561
0 0.69616 0.52993 0.13413 0.04477
0 0.87011 0.59006 0.18032 0.06864
0 0.16818 0.65019 0.14909 0.0425
0 0.31542 0.71033 0.19188 0.04834
0 0.46359 0.77046 0.15798 0.05278
0 0.60452 0.83060 0.14653 0.05431
0 0.79278 0.89073 0.14369 0.06935
0 0.23391 0.93831 0.11203 0.06399
0 0.40532 0.05599 0.17359 0.06186
0 0.54889 0.10899 0.17394 0.0642
0 0.68256 0.16912 0.17594 0.04261
0 0.8394 0.22926 0.17106 0.05571
0 0.16517 0.28939 0.13062 0.06297
0 0.36996 0.34952 0.107 0.0459
0 0.51136 0.40966 0.13907 0.0527
0 0.64788 0.46979 0.19056 0.0647
0 0.81132 0.52993 0.17614 0.0426
0 0.2328 0.59006 0.13378 0.04359
0 0.39405 0.65019 0.12345 0.05663
0 0.52586 0.71033 0.12143 0.04867
0 0.6642 0.77046 0.11321 0.05397
0 0.85106 0.83060 0.14726 0.05261
0 0.16792 0.89073 0.13167 0.05401
0 0.35147 0.93831 0.12842 0.06445
0 0.49693 0.05599 0.11988 0.06274
0 0.61707 0.10899 0.15046 0.07224
0 0.78893 0.16912 0.17476 0.05648
0 0.23388 0.22926 0.14297 0.07079
0 0.39328 0.28939 0.12078 0.06704
0 0.52416 0.34952 0.11942 0.06324
0 0.70014 0.40966 0.19134 0.07452
0 0.82339 0.46979 0.13929 0.05846
0 0.14163 0.52993 0.1211 0.06409
0 0.34207 0.59006 0.18827 0.0714
0 0.48772 0.65019 0.18184 0.06277
0 0.63167 0.71033 0.17528 0.07955
0 0.80598 0.77046 0.15247 0.04641
0 0.24283 0.83060 0.14395 0.05378
0 0.40788 0.89073 0.18739 0.05675
0 0.55173 0.93831 0.12312 0.06025
0 0.68107 0.05599 0.19333 0.05082
0 0.83659 0.10899 0.18357 0.05452
0 0.1535 0.16912 0.1708 0.05098
0 0.36921 0.22926 0.1503 0.04325
0 0.50694 0.28939 0.18978 0.04301
0 0.64036 0.34952 0.19868 0.07199
0 0.80947 0.40966 0.10911 0.04313
0 0.21951 0.46979 0.18383 0.07647
0 0.40878 0.52993 0.16823 0.04984
0 0.53638 0.59006 0.14833 0.06539
0 0.68999 0.65019 0.16016 0.06215
0 0.83555 0.71033 0.18129 0.06908
0 0.18232 0.77046 0.16572 0.05575
0 0.36784 0.83060 0.18052 0.07105
0 0.50449 0.89073 0.11168 0.06149
0 0.64796 0.93831 0.14278 0.07131
0 0.80666 0.05599 0.14569 0.0561
0 0.23466 0.10899 0.16868 0.07731
0 0.40013 0.16912 0.16588 0.07641
0 0.54269 0.22926 0.18953 0.06323
0 0.69172 0.28939 0.16372 0.06208
0 0.86098 0.34952 0.16408 0.04918
0 0.18277 0.40966 0.18877 0.06539
0 0.34177 0.46979 0.17837 0.06988
0 0.5032 0.52993 0.17679 0.07546
0 0.66752 0.59006 0.11697 0.06028
0 0.7979 0.65019 0.12531 0.07079
0 0.24115 0.71033 0.11703 0.04925
0 0.38512 0.77046 0.1854 0.04323
0 0.54371 0.83060 0.14204 0.0473
0 0.69097 0.89073 0.14887 0.07486
0 0.84489 0.93831 0.11303 0.07247