0 0.17151 0.05574 0.11657 0.05664
0 0.31701 0.10929 0.1773 0.04474
0 0.48599 0.16974 0.1253 0.05382
0 0.62542 0.23018 0.14391 0.07821
0 0.79397 0.29062 0.15774 0.07393
0 0.23641 0.35107 0.13143 0.07846
0 0.38207 0.41151 0.11665 0.04968
0 0.53811 0.47196 0.19682 0.07618
0 0.69484 0.53240 0.12803 0.04901
0 0.8515 0.59284 0.15375 0.06516
0 0.17051 0.65329 0.12338 0.06404
0 0.32094 0.71373 0.17197 0.04888
0 0.45675 0.77418 0.13402 0.07262
0 0.61726 0.83462 0.19635 0.04955
0 0.80145 0.89506 0.15518 0.04312
0 0.23305 0.94966 0.14579 0.07627
0 0.41341 0.05574 0.16851 0.07295
0 0.53684 0.10929 0.14465 0.05159
0 0.68512 0.16974 0.17462 0.04387
0 0.84787 0.23018 0.18222 0.07718
0 0.16362 0.29062 0.17971 0.07732
0 0.36064 0.35107 0.16945 0.07336
0 0.50995 0.41151 0.11879 0.06903
0 0.66951 0.47196 0.11909 0.06526
0 0.78512 0.53240 0.18033 0.04921
0 0.23364 0.59284 0.16601 0.06959
0 0.39167 0.65329 0.15613 0.06926
0 0.53989 0.71373 0.12943 0.0768
0 0.66213 0.77418 0.1885 0.07507
0 0.83752 0.83462 0.19931 0.06131
0 0.1699 0.89506 0.14268 0.05409
0 0.35094 0.94966 0.15226 0.05401
0 0.48144 0.05574 0.1349 0.07754
0 0.60086 0.10929 0.14109 0.05554
0 0.8141 0.16974 0.1088 0.05948
0 0.23691 0.23018 0.12822 0.05368
0 0.39525 0.29062 0.16956 0.05857
0 0.53249 0.35107 0.15394 0.05187
0 0.67393 0.41151 0.17015 0.07957
0 0.85524 0.47196 0.15207 0.07058
0 0.13917 0.53240 0.16936 0.05335
0 0.34187 0.59284 0.10661 0.05869
0 0.48192 0.65329 0.14511 0.07999
0 0.64309 0.71373 0.13604 0.04747
0 0.79808 0.77418 0.1979 0.05816
0 0.2327 0.83462 0.11153 0.06576
0 0.40736 0.89506 0.13718 0.07541
0 0.53758 0.94966 0.19696 0.06064
0 0.67145 0.05574 0.18757 0.07731
0 0.86096 0.10929 0.15233 0.06142
0 0.15192 0.16974 0.1832 0.05281
0 0.3701 0.23018 0.12305 0.04862
0 0.49375 0.29062 0.16945 0.05288
0 0.64841 0.35107 0.18143 0.07621
0 0.82448 0.41151 0.12483 0.05612
0 0.22272 0.47196 0.18076 0.05972
0 0.40048 0.53240 0.16875 0.05474
0 0.54197 0.59284 0.15652 0.05818
0 0.68266 0.65329 0.18431 0.07567
0 0.86117 0.71373 0.14718 0.07935
0 0.18059 0.77418 0.13557 0.07538
0 0.36034 0.83462 0.12192 0.04315
0 0.49903 0.89506 0.19572 0.07517
0 0.63898 0.94966 0.11979 0.07011
0 0.8212 0.05574 0.19287 0.0704
0 0.23757 0.10929 0.11832 0.07889
0 0.399 0.16974 0.10848 0.0676
0 0.5422 0.23018 0.16949 0.06693
0 0.68999 0.29062 0.10983 0.04375
0 0.85402 0.35107 0.18242 0.05506
0 0.18419 0.41151 0.12482 0.07516
0 0.35145 0.47196 0.18076 0.05781
0 0.49495 0.53240 0.16151 0.04299
0 0.67 0.59284 0.11207 0.0662
0 0.81508 0.65329 0.1262 0.05218
0 0.23345 0.71373 0.1683 0.06035
0 0.38268 0.77418 0.12355 0.05975
0 0.54518 0.83462 0.1308 0.04806
0 0.69043 0.89506 0.14456 0.06242
0 0.85475 0.94966 0.16596 0.06444