0 0.17015 0.05594 0.12326 0.06866
0 0.31586 0.10898 0.19299 0.06923
0 0.46339 0.16951 0.19519 0.05128
0 0.64196 0.23004 0.15848 0.07205
0 0.80508 0.29056 0.16495 0.07254
0 0.23295 0.35109 0.16506 0.0488
0 0.39716 0.41162 0.13363 0.05682
0 0.55407 0.47215 0.19102 0.0565
0 0.70724 0.53267 0.10796 0.07251
0 0.86795 0.59320 0.12193 0.05602
0 0.16915 0.65373 0.15723 0.0634
0 0.32346 0.71426 0.11599 0.05781
0 0.45918 0.77478 0.10975 0.07894
0 0.61406 0.83531 0.13648 0.06874
0 0.80849 0.89584 0.19289 0.07089
0 0.23827 0.94293 0.17251 0.04783
0 0.40925 0.05594 0.16629 0.07372
0 0.54502 0.10898 0.11421 0.05428
0 0.67722 0.16951 0.12779 0.06282
0 0.84733 0.23004 0.13635 0.04488
0 0.16616 0.29056 0.14466 0.05252
0 0.35872 0.35109 0.11611 0.05584
0 0.51489 0.41162 0.17359 0.04445
0 0.6431 0.47215 0.1847 0.05915
0 0.78156 0.53267 0.17268 0.06362
0 0.24155 0.59320 0.17628 0.07902
0 0.39209 0.65373 0.1755 0.04583
0 0.51988 0.71426 0.10723 0.04308
0 0.67436 0.77478 0.16109 0.05114
0 0.83673 0.83531 0.17166 0.04485
0 0.17046 0.89584 0.10663 0.06144
0 0.35627 0.94293 0.15523 0.05124
0 0.4843 0.05594 0.18501 0.07957
0 0.628 0.10898 0.1115 0.06527
0 0.80487 0.16951 0.14204 0.06048
0 0.23245 0.23004 0.15507 0.07258
0 0.38818 0.29056 0.18412 0.05634
0 0.52843 0.35109 0.19337 0.067
0 0.70049 0.41162 0.15691 0.04516
0 0.84917 0.47215 0.15031 0.04714
0 0.13997 0.53267 0.15432 0.04912
0 0.33721 0.59320 0.19484 0.05373
0 0.47859 0.65373 0.11244 0.07345
0 0.63347 0.71426 0.12138 0.06836
0 0.79068 0.77478 0.17902 0.07814
0 0.23797 0.83531 0.17407 0.07001
0 0.41468 0.89584 0.17341 0.04395
0 0.53802 0.94293 0.17068 0.07807
0 0.67813 0.05594 0.14028 0.07803
0 0.87257 0.10898 0.10927 0.04583
0 0.15478 0.16951 0.19074 0.04759
0 0.35785 0.23004 0.10617 0.05622
0 0.50421 0.29056 0.19265 0.04748
0 0.63735 0.35109 0.13851 0.06136
0 0.79121 0.41162 0.12742 0.06943
0 0.22781 0.47215 0.14052 0.06598
0 0.39973 0.53267 0.16078 0.04651
0 0.53177 0.59320 0.1478 0.05624
0 0.67162 0.65373 0.16025 0.04614
0 0.84087 0.71426 0.15735 0.07312
0 0.18038 0.77478 0.1655 0.0801
0 0.37082 0.83531 0.1899 0.06651
0 0.49087 0.89584 0.15714 0.05393
0 0.63819 0.94293 0.19812 0.07464
0 0.79662 0.05594 0.14306 0.07775
0 0.2318 0.10898 0.13718 0.04492
0 0.39814 0.16951 0.15346 0.06994
0 0.54285 0.23004 0.17878 0.07273
0 0.68671 0.29056 0.16143 0.0454
0 0.84593 0.35109 0.171 0.06008
0 0.18519 0.41162 0.11875 0.06836
0 0.35135 0.47215 0.19895 0.04561
0 0.50176 0.53267 0.18517 0.07803
0 0.66877 0.59320 0.10933 0.04701
0 0.79667 0.65373 0.11284 0.069
0 0.24084 0.71426 0.11401 0.0729
0 0.39885 0.77478 0.13629 0.06207
0 0.55225 0.83531 0.12131 0.06353
0 0.70877 0.89584 0.11105 0.07718
0 0.8561 0.94293 0.19862 0.07876