0 0.16374 0.05544 0.13018 0.05987
0 0.31927 0.11191 0.1915 0.04723
0 0.47727 0.17298 0.14117 0.06545
0 0.63953 0.23405 0.14374 0.06571
0 0.81182 0.29512 0.19071 0.0626
0 0.2343 0.35620 0.19447 0.07806
0 0.39338 0.41727 0.19229 0.06115
0 0.54444 0.47834 0.12327 0.07034
0 0.68522 0.53941 0.11982 0.07052
0 0.8394 0.60048 0.18707 0.0801
0 0.16492 0.66155 0.14711 0.06077
0 0.32199 0.72262 0.19791 0.05753
0 0.46654 0.78369 0.18535 0.04668
0 0.61913 0.84476 0.14323 0.04446
0 0.81807 0.90583 0.12994 0.0559
0 0.23782 0.96406 0.14829 0.06619
0 0.406 0.05544 0.14437 0.06292
0 0.53965 0.11191 0.19045 0.04531
0 0.69983 0.17298 0.13002 0.07812
0 0.83508 0.23405 0.12966 0.04278
0 0.16892 0.29512 0.17201 0.06642
0 0.36981 0.35620 0.1514 0.07768
0 0.52257 0.41727 0.11598 0.0617
0 0.67034 0.47834 0.15152 0.07149
0 0.79428 0.53941 0.18655 0.0631
0 0.23468 0.60048 0.14937 0.05127
0 0.39041 0.66155 0.19715 0.05629
0 0.54059 0.72262 0.12978 0.05757
0 0.67817 0.78369 0.19707 0.07145
0 0.83082 0.84476 0.15441 0.05026
0 0.16386 0.90583 0.19063 0.05218
0 0.35135 0.96406 0.1792 0.07679
0 0.49916 0.05544 0.18399 0.06758
0 0.62244 0.11191 0.14609 0.07137
0 0.81137 0.17298 0.16866 0.04784
0 0.23973 0.23405 0.18257 0.06202
0 0.38313 0.29512 0.18241 0.05113
0 0.52588 0.35620 0.10724 0.05647
0 0.68617 0.41727 0.11558 0.07769
0 0.82606 0.47834 0.18746 0.06498
0 0.13992 0.53941 0.11091 0.04845
0 0.32956 0.60048 0.10693 0.05944
0 0.49336 0.66155 0.12319 0.05446
0 0.63771 0.72262 0.1128 0.0556
0 0.79551 0.78369 0.17288 0.07153
0 0.23953 0.84476 0.12367 0.06833
0 0.4087 0.90583 0.18176 0.05079
0 0.54226 0.96406 0.15437 0.07919
0 0.67712 0.05544 0.17647 0.05007
0 0.83645 0.11191 0.15789 0.0589
0 0.15333 0.17298 0.10689 0.05987
0 0.35934 0.23405 0.1343 0.04499
0 0.50576 0.29512 0.11779 0.07887
0 0.62785 0.35620 0.16476 0.07373
0 0.79003 0.41727 0.16303 0.05251
0 0.22791 0.47834 0.17048 0.07681
0 0.40093 0.53941 0.11193 0.06758
0 0.54292 0.60048 0.1933 0.04866
0 0.68027 0.66155 0.16666 0.07202
0 0.84039 0.72262 0.1808 0.04907
0 0.18518 0.78369 0.15832 0.05734
0 0.36669 0.84476 0.14186 0.05809
0 0.49327 0.90583 0.18611 0.05051
0 0.64975 0.96406 0.19739 0.06293
0 0.82339 0.05544 0.11342 0.05594
0 0.2315 0.11191 0.1692 0.04495
0 0.39845 0.17298 0.14681 0.04394
0 0.535 0.23405 0.16462 0.05204
0 0.69691 0.29512 0.16134 0.06972
0 0.85395 0.35620 0.11965 0.0743
0 0.18374 0.41727 0.17501 0.07166
0 0.34369 0.47834 0.14179 0.07296
0 0.51391 0.53941 0.13672 0.07815
0 0.64042 0.60048 0.10777 0.05151
0 0.79291 0.66155 0.16255 0.04552
0 0.23804 0.72262 0.13761 0.05073
0 0.38166 0.78369 0.12922 0.07927
0 0.54675 0.84476 0.18692 0.0768
0 0.71084 0.90583 0.17502 0.06625
0 0.8684 0.96406 0.14192 0.07985