0 0.16489 0.05489 0.15774 0.05329
0 0.32822 0.10964 0.17881 0.06103
0 0.46326 0.17108 0.17376 0.05419
0 0.6165 0.23252 0.13465 0.04751
0 0.81582 0.29396 0.13199 0.07842
0 0.24167 0.35540 0.12267 0.0711
0 0.39961 0.41684 0.16939 0.04481
0 0.55675 0.47828 0.12131 0.0592
0 0.69959 0.53972 0.13317 0.07236
0 0.83512 0.60116 0.14776 0.07681
0 0.16999 0.66261 0.16195 0.07458
0 0.3254 0.72405 0.11552 0.04803
0 0.4669 0.78549 0.17579 0.06979
0 0.62036 0.84693 0.11828 0.05026
0 0.82064 0.90837 0.17958 0.07922
0 0.23143 0.95757 0.1844 0.07619
0 0.41108 0.05489 0.19796 0.04372
0 0.5322 0.10964 0.13186 0.07203
0 0.69895 0.17108 0.19978 0.06621
0 0.83683 0.23252 0.19789 0.06349
0 0.1694 0.29396 0.17527 0.07607
0 0.35668 0.35540 0.16944 0.06258
0 0.50524 0.41684 0.17668 0.0683
0 0.65228 0.47828 0.16699 0.07839
0 0.79395 0.53972 0.19607 0.07002
0 0.23257 0.60116 0.12043 0.05515
0 0.38647 0.66261 0.12094 0.05414
0 0.53621 0.72405 0.19054 0.05019
0 0.66538 0.78549 0.12728 0.06422
0 0.83273 0.84693 0.187 0.07291
0 0.16411 0.90837 0.18843 0.06616
0 0.35697 0.95757 0.10939 0.05855
0 0.49183 0.05489 0.1411 0.05596
0 0.62329 0.10964 0.10956 0.07699
0 0.80182 0.17108 0.12834 0.04821
0 0.24149 0.23252 0.14689 0.05466
0 0.39839 0.29396 0.19916 0.05003
0 0.52517 0.35540 0.12278 0.07426
0 0.69134 0.41684 0.17772 0.05997
0 0.83014 0.47828 0.15647 0.07862
0 0.13809 0.53972 0.16305 0.04293
0 0.33069 0.60116 0.12109 0.04731
0 0.49664 0.66261 0.17743 0.07689
0 0.62909 0.72405 0.18994 0.04969
0 0.80645 0.78549 0.18582 0.05894
0 0.23627 0.84693 0.13454 0.05479
0 0.41136 0.90837 0.13698 0.07098
0 0.55038 0.95757 0.12069 0.0497
0 0.6873 0.05489 0.11439 0.06953
0 0.84362 0.10964 0.11654 0.05065
0 0.15095 0.17108 0.1845 0.06621
0 0.3554 0.23252 0.16805 0.06321
0 0.49396 0.29396 0.17418 0.0465
0 0.65099 0.35540 0.1664 0.06686
0 0.79074 0.41684 0.14963 0.07751
0 0.22733 0.47828 0.12482 0.06171
0 0.39787 0.53972 0.1151 0.05974
0 0.54048 0.60116 0.13664 0.04865
0 0.66707 0.66261 0.13025 0.06837
0 0.86714 0.72405 0.12541 0.05687
0 0.17699 0.78549 0.14694 0.06394
0 0.3683 0.84693 0.17995 0.0508
0 0.49688 0.90837 0.14087 0.06246
0 0.62734 0.95757 0.12384 0.04936
0 0.79872 0.05489 0.17362 0.05542
0 0.23894 0.10964 0.18455 0.07951
0 0.3855 0.17108 0.19887 0.05793
0 0.52015 0.23252 0.18255 0.06818
0 0.66984 0.29396 0.15795 0.04701
0 0.85429 0.35540 0.10688 0.06149
0 0.18472 0.41684 0.11667 0.07089
0 0.34247 0.47828 0.10992 0.05277
0 0.50824 0.53972 0.11252 0.04947
0 0.64588 0.60116 0.12188 0.07802
0 0.7963 0.66261 0.16885 0.07329
0 0.23335 0.72405 0.18523 0.05516
0 0.39667 0.78549 0.17315 0.0754
0 0.54337 0.84693 0.16275 0.07025
0 0.71069 0.90837 0.19551 0.04775
0 0.84308 0.95757 0.17695 0.0506