0 0.17062 0.05490 0.18063 0.05246
0 0.31417 0.11017 0.14351 0.07005
0 0.48092 0.16987 0.153 0.05187
0 0.62701 0.22956 0.13629 0.05125
0 0.82786 0.28926 0.1416 0.05122
0 0.23695 0.34896 0.14364 0.04394
0 0.38207 0.40866 0.17468 0.06238
0 0.53391 0.46836 0.151 0.05582
0 0.688 0.52805 0.16756 0.06673
0 0.86385 0.58775 0.1635 0.05464
0 0.16529 0.64745 0.17395 0.07442
0 0.32779 0.70715 0.18596 0.05753
0 0.45822 0.76685 0.11781 0.05045
0 0.61493 0.82655 0.19788 0.06577
0 0.80508 0.88624 0.12581 0.05739
0 0.23987 0.93988 0.11061 0.05121
0 0.41335 0.05490 0.18924 0.05052
0 0.54894 0.11017 0.11401 0.04311
0 0.68341 0.16987 0.11628 0.05356
0 0.86373 0.22956 0.12707 0.07074
0 0.1634 0.28926 0.18551 0.05687
0 0.37026 0.34896 0.13105 0.05646
0 0.50733 0.40866 0.10632 0.0429
0 0.66447 0.46836 0.18084 0.05495
0 0.77602 0.52805 0.11088 0.04551
0 0.23332 0.58775 0.16359 0.05953
0 0.38169 0.64745 0.11571 0.05444
0 0.52581 0.70715 0.12931 0.07725
0 0.68154 0.76685 0.14362 0.06327
0 0.84918 0.82655 0.1825 0.05393
0 0.16734 0.88624 0.1733 0.04426
0 0.34704 0.93988 0.17753 0.04381
0 0.48645 0.05490 0.19635 0.07062
0 0.62528 0.11017 0.17729 0.05584
0 0.79324 0.16987 0.19635 0.0525
0 0.24285 0.22956 0.1321 0.07564
0 0.39484 0.28926 0.1696 0.07028
0 0.54042 0.34896 0.18827 0.07808
0 0.67218 0.40866 0.11253 0.05813
0 0.82958 0.46836 0.15408 0.04613
0 0.14192 0.52805 0.12783 0.05768
0 0.33151 0.58775 0.18125 0.04649
0 0.49655 0.64745 0.13824 0.06012
0 0.64029 0.70715 0.10899 0.0691
0 0.79502 0.76685 0.18909 0.07989
0 0.23967 0.82655 0.17642 0.07124
0 0.39786 0.88624 0.14334 0.05695
0 0.53363 0.93988 0.19832 0.04961
0 0.69953 0.05490 0.18032 0.05808
0 0.83078 0.11017 0.13254 0.06644
0 0.15128 0.16987 0.10853 0.04545
0 0.35692 0.22956 0.19232 0.04389
0 0.51223 0.28926 0.16527 0.04336
0 0.63588 0.34896 0.14729 0.07455
0 0.82624 0.40866 0.10903 0.04927
0 0.22881 0.46836 0.11586 0.05553
0 0.39552 0.52805 0.18468 0.07785
0 0.53814 0.58775 0.14961 0.05218
0 0.66765 0.64745 0.17149 0.07278
0 0.83983 0.70715 0.18278 0.06752
0 0.18459 0.76685 0.13438 0.06847
0 0.3642 0.82655 0.13499 0.07915
0 0.49391 0.88624 0.16088 0.0655
0 0.63253 0.93988 0.17397 0.04987
0 0.81628 0.05490 0.11015 0.07696
0 0.23501 0.11017 0.12815 0.06572
0 0.3876 0.16987 0.15388 0.04843
0 0.52589 0.22956 0.12868 0.05587
0 0.6773 0.28926 0.14603 0.0657
0 0.84052 0.34896 0.19994 0.0462
0 0.179 0.40866 0.19554 0.07471
0 0.34422 0.46836 0.17367 0.04711
0 0.5024 0.52805 0.15059 0.06202
0 0.66204 0.58775 0.18123 0.04986
0 0.82468 0.64745 0.10926 0.04675
0 0.23375 0.70715 0.15842 0.05699
0 0.38869 0.76685 0.18757 0.07862
0 0.54566 0.82655 0.14438 0.06276
0 0.68906 0.88624 0.17474 0.06828
0 0.85624 0.93988 0.1072 0.07737