0 0.16527 0.05564 0.19049 0.07514
0 0.31331 0.11091 0.19198 0.07491
0 0.4734 0.17033 0.12113 0.05672
0 0.63424 0.22975 0.16116 0.0566
0 0.81788 0.28917 0.1482 0.06564
0 0.23682 0.34859 0.19784 0.06744
0 0.38301 0.40801 0.17933 0.05352
0 0.54842 0.46743 0.1962 0.04633
0 0.70234 0.52684 0.12841 0.04322
0 0.83659 0.58626 0.11207 0.04803
0 0.16502 0.64568 0.12768 0.05497
0 0.32364 0.70510 0.17974 0.0437
0 0.45672 0.76452 0.19703 0.07006
0 0.60746 0.82394 0.12725 0.05914
0 0.80602 0.88336 0.18949 0.05767
0 0.24147 0.94932 0.19533 0.04591
0 0.40086 0.05564 0.12371 0.07371
0 0.55141 0.11091 0.16461 0.07739
0 0.68556 0.17033 0.18739 0.07345
0 0.86323 0.22975 0.13518 0.04686
0 0.16989 0.28917 0.12228 0.04885
0 0.37093 0.34859 0.17434 0.07239
0 0.50651 0.40801 0.16133 0.05673
0 0.66801 0.46743 0.14908 0.07608
0 0.80947 0.52684 0.14885 0.06613
0 0.23487 0.58626 0.11722 0.05175
0 0.38565 0.64568 0.10612 0.0733
0 0.52982 0.70510 0.19132 0.06308
0 0.6597 0.76452 0.12104 0.05007
0 0.85475 0.82394 0.18583 0.07504
0 0.16597 0.88336 0.15101 0.05081
0 0.34217 0.94932 0.13586 0.0651
0 0.48707 0.05564 0.11801 0.05172
0 0.61532 0.11091 0.16946 0.07648
0 0.77778 0.17033 0.19234 0.06645
0 0.2379 0.22975 0.13835 0.04787
0 0.39261 0.28917 0.12531 0.05125
0 0.52449 0.34859 0.16024 0.07204
0 0.68118 0.40801 0.15719 0.07527
0 0.83746 0.46743 0.14164 0.06331
0 0.14037 0.52684 0.11419 0.07628
0 0.34064 0.58626 0.1456 0.07819
0 0.49818 0.64568 0.16653 0.05371
0 0.62771 0.70510 0.11794 0.06126
0 0.79954 0.76452 0.17051 0.05727
0 0.23318 0.82394 0.18445 0.07822
0 0.40726 0.88336 0.18668 0.07786
0 0.55409 0.94932 0.16273 0.07009
0 0.69725 0.05564 0.18179 0.05564
0 0.83693 0.11091 0.17443 0.0552
0 0.15428 0.17033 0.17217 0.07218
0 0.36896 0.22975 0.19453 0.07238
0 0.51025 0.28917 0.12387 0.05569
0 0.65159 0.34859 0.19131 0.05503
0 0.82482 0.40801 0.19313 0.05772
0 0.22224 0.46743 0.1744 0.06353
0 0.4116 0.52684 0.14134 0.06888
0 0.54779 0.58626 0.17227 0.07361
0 0.67399 0.64568 0.12335 0.06004
0 0.84622 0.70510 0.1947 0.04925
0 0.18334 0.76452 0.12753 0.07915
0 0.35441 0.82394 0.16277 0.05196
0 0.49708 0.88336 0.10858 0.06
0 0.64599 0.94932 0.17968 0.04376
0 0.7936 0.05564 0.13426 0.04747
0 0.23576 0.11091 0.13947 0.04548
0 0.39086 0.17033 0.12029 0.07202
0 0.52576 0.22975 0.14816 0.04922
0 0.69742 0.28917 0.1861 0.05472
0 0.86001 0.34859 0.19112 0.05357
0 0.17803 0.40801 0.14601 0.04632
0 0.35755 0.46743 0.13169 0.07796
0 0.5136 0.52684 0.17254 0.05021
0 0.66542 0.58626 0.17005 0.05869
0 0.81449 0.64568 0.17939 0.04433
0 0.24261 0.70510 0.14336 0.06791
0 0.38327 0.76452 0.10843 0.0466
0 0.55458 0.82394 0.19653 0.05879
0 0.70722 0.88336 0.15065 0.07391
0 0.8593 0.94932 0.18949 0.04608