0 0.17152 0.05610 0.17334 0.07157
0 0.32245 0.10933 0.20011 0.04943
0 0.47047 0.17010 0.17323 0.0768
0 0.64356 0.23087 0.19657 0.06206
0 0.80642 0.29164 0.18008 0.06961
0 0.23449 0.35241 0.12955 0.07685
0 0.39779 0.41318 0.10672 0.07736
0 0.54703 0.47395 0.1573 0.05658
0 0.68063 0.53472 0.20011 0.06521
0 0.86656 0.59549 0.16467 0.06515
0 0.16341 0.65626 0.13108 0.0537
0 0.32593 0.71703 0.16329 0.05677
0 0.44946 0.77780 0.19414 0.0531
0 0.6156 0.83857 0.15865 0.05997
0 0.80544 0.89934 0.13849 0.05337
0 0.2348 0.93823 0.14719 0.07369
0 0.40519 0.05610 0.1757 0.04505
0 0.54305 0.10933 0.12817 0.05683
0 0.69785 0.17010 0.12279 0.05774
0 0.83227 0.23087 0.12089 0.06045
0 0.16629 0.29164 0.17469 0.05057
0 0.35766 0.35241 0.1698 0.07329
0 0.50844 0.41318 0.1106 0.07767
0 0.64643 0.47395 0.17182 0.07527
0 0.78039 0.53472 0.10786 0.06045
0 0.2355 0.59549 0.18255 0.0792
0 0.39322 0.65626 0.16059 0.04942
0 0.52274 0.71703 0.18932 0.0653
0 0.66803 0.77780 0.12078 0.05968
0 0.82963 0.83857 0.15738 0.0498
0 0.17082 0.89934 0.14258 0.05392
0 0.35532 0.93823 0.14279 0.05441
0 0.47823 0.05610 0.12646 0.06525
0 0.61149 0.10933 0.15263 0.05998
0 0.81178 0.17010 0.17361 0.05642
0 0.23246 0.23087 0.14721 0.07783
0 0.39917 0.29164 0.19181 0.07684
0 0.54043 0.35241 0.14878 0.07889
0 0.67715 0.41318 0.14649 0.06412
0 0.81691 0.47395 0.15295 0.05859
0 0.14303 0.53472 0.15066 0.04263
0 0.33637 0.59549 0.16728 0.04338
0 0.48308 0.65626 0.15073 0.06493
0 0.63029 0.71703 0.15323 0.0474
0 0.81098 0.77780 0.16427 0.07777
0 0.23452 0.83857 0.17539 0.05414
0 0.40515 0.89934 0.15082 0.07378
0 0.55429 0.93823 0.18065 0.04368
0 0.7 0.05610 0.15528 0.07485
0 0.86706 0.10933 0.19961 0.07656
0 0.15012 0.17010 0.16767 0.04956
0 0.3581 0.23087 0.15655 0.06184
0 0.51458 0.29164 0.17913 0.05259
0 0.6403 0.35241 0.1441 0.04789
0 0.80096 0.41318 0.1087 0.0537
0 0.22419 0.47395 0.18707 0.07477
0 0.4129 0.53472 0.18829 0.07477
0 0.54176 0.59549 0.19379 0.04768
0 0.68246 0.65626 0.16287 0.0535
0 0.83066 0.71703 0.12502 0.07523
0 0.18581 0.77780 0.13074 0.0627
0 0.37012 0.83857 0.11601 0.04984
0 0.50132 0.89934 0.11486 0.07424
0 0.62618 0.93823 0.17362 0.05456
0 0.81286 0.05610 0.12747 0.0758
0 0.23653 0.10933 0.18073 0.06289
0 0.39481 0.17010 0.13586 0.06026
0 0.5344 0.23087 0.18417 0.0456
0 0.6712 0.29164 0.18816 0.04638
0 0.84748 0.35241 0.16725 0.07421
0 0.17705 0.41318 0.19024 0.07588
0 0.3435 0.47395 0.1637 0.06076
0 0.50916 0.53472 0.11195 0.06069
0 0.6443 0.59549 0.17455 0.04459
0 0.80745 0.65626 0.18101 0.04472
0 0.23562 0.71703 0.13058 0.04971
0 0.38723 0.77780 0.14502 0.05586
0 0.54296 0.83857 0.19468 0.07764
0 0.71471 0.89934 0.13981 0.06423
0 0.8603 0.93823 0.11208 0.04453