0 0.16856 0.05528 0.11238 0.04573
0 0.31634 0.10991 0.17745 0.06017
0 0.48592 0.16990 0.12876 0.05347
0 0.62618 0.22989 0.12784 0.05777
0 0.82308 0.28988 0.1072 0.05865
0 0.23775 0.34986 0.11856 0.07528
0 0.3816 0.40985 0.12581 0.0691
0 0.53102 0.46984 0.12626 0.04297
0 0.70785 0.52983 0.19147 0.04335
0 0.84923 0.58982 0.13225 0.05136
0 0.16574 0.64981 0.11522 0.06499
0 0.32684 0.70979 0.17987 0.07736
0 0.46421 0.76978 0.169 0.05504
0 0.60759 0.82977 0.16383 0.05913
0 0.81541 0.88976 0.13848 0.04617
0 0.2345 0.95770 0.17115 0.0694
0 0.39824 0.05528 0.12809 0.06964
0 0.54082 0.10991 0.13511 0.07194
0 0.68524 0.16990 0.13975 0.07795
0 0.86952 0.22989 0.1265 0.04422
0 0.16958 0.28988 0.16992 0.07261
0 0.35656 0.34986 0.17546 0.06003
0 0.50369 0.40985 0.10701 0.05295
0 0.64387 0.46984 0.13962 0.04411
0 0.81213 0.52983 0.12869 0.07213
0 0.23932 0.58982 0.19352 0.07633
0 0.38332 0.64981 0.178 0.07168
0 0.54256 0.70979 0.14183 0.07401
0 0.65731 0.76978 0.17074 0.05542
0 0.83718 0.82977 0.17196 0.04964
0 0.16634 0.88976 0.16173 0.0567
0 0.34844 0.95770 0.19677 0.05209
0 0.47782 0.05528 0.17973 0.04324
0 0.60897 0.10991 0.15683 0.05349
0 0.7863 0.16990 0.11494 0.05149
0 0.23429 0.22989 0.1896 0.05007
0 0.39954 0.28988 0.13034 0.05556
0 0.51808 0.34986 0.14977 0.06268
0 0.69778 0.40985 0.13725 0.04711
0 0.83202 0.46984 0.17742 0.0497
0 0.14071 0.52983 0.18176 0.06085
0 0.34256 0.58982 0.18178 0.05778
0 0.47868 0.64981 0.18872 0.07014
0 0.63392 0.70979 0.11431 0.05374
0 0.80606 0.76978 0.16904 0.07287
0 0.23271 0.82977 0.15343 0.07688
0 0.40463 0.88976 0.1377 0.07128
0 0.54333 0.95770 0.16156 0.05503
0 0.69679 0.05528 0.13925 0.06955
0 0.85825 0.10991 0.12556 0.04369
0 0.15185 0.16990 0.13078 0.06564
0 0.36575 0.22989 0.11537 0.04666
0 0.50614 0.28988 0.12021 0.04433
0 0.65477 0.34986 0.13633 0.04451
0 0.82498 0.40985 0.16211 0.04342
0 0.2215 0.46984 0.12056 0.07846
0 0.40332 0.52983 0.11197 0.06223
0 0.5526 0.58982 0.1068 0.07095
0 0.69836 0.64981 0.17906 0.06467
0 0.86699 0.70979 0.17037 0.07029
0 0.18146 0.76978 0.11743 0.05447
0 0.36444 0.82977 0.17388 0.07441
0 0.51312 0.88976 0.12133 0.06104
0 0.63142 0.95770 0.11739 0.04676
0 0.80452 0.05528 0.17029 0.07306
0 0.23445 0.10991 0.11972 0.06757
0 0.39726 0.16990 0.11152 0.05682
0 0.51907 0.22989 0.11879 0.06953
0 0.67651 0.28988 0.10746 0.05821
0 0.85379 0.34986 0.1239 0.04454
0 0.18253 0.40985 0.11275 0.06449
0 0.34739 0.46984 0.10964 0.0537
0 0.49646 0.52983 0.13509 0.05787
0 0.65332 0.58982 0.15469 0.06453
0 0.80483 0.64981 0.14317 0.05433
0 0.23253 0.70979 0.19989 0.04798
0 0.38366 0.76978 0.14751 0.07982
0 0.54735 0.82977 0.12034 0.04648
0 0.70334 0.88976 0.17942 0.05503
0 0.8659 0.95770 0.17594 0.04386