0 0.17073 0.05574 0.13548 0.07003
0 0.32509 0.10999 0.10695 0.06565
0 0.48172 0.17055 0.16906 0.07091
0 0.62629 0.23112 0.18957 0.05315
0 0.79247 0.29168 0.14579 0.0502
0 0.23321 0.35224 0.18701 0.06702
0 0.38592 0.41281 0.19544 0.07743
0 0.53298 0.47337 0.14153 0.07277
0 0.71018 0.53393 0.12523 0.05564
0 0.83694 0.59450 0.12296 0.05262
0 0.16847 0.65506 0.13494 0.07051
0 0.3215 0.71562 0.18623 0.06969
0 0.45355 0.77619 0.15562 0.07474
0 0.6221 0.83675 0.18417 0.07708
0 0.81422 0.89731 0.11614 0.05257
0 0.23318 0.94654 0.16425 0.06838
0 0.40388 0.05574 0.15951 0.06573
0 0.54931 0.10999 0.13067 0.04512
0 0.67652 0.17055 0.10628 0.04953
0 0.85675 0.23112 0.13315 0.05508
0 0.17118 0.29168 0.1835 0.05416
0 0.36412 0.35224 0.19046 0.05827
0 0.52142 0.41281 0.19995 0.04574
0 0.67166 0.47337 0.10686 0.06354
0 0.81142 0.53393 0.17516 0.0676
0 0.23904 0.59450 0.11404 0.04677
0 0.40022 0.65506 0.16578 0.05433
0 0.52155 0.71562 0.18197 0.07941
0 0.67033 0.77619 0.18432 0.07583
0 0.84281 0.83675 0.15954 0.04328
0 0.17 0.89731 0.13058 0.07498
0 0.34753 0.94654 0.18003 0.05167
0 0.47772 0.05574 0.12202 0.05878
0 0.61475 0.10999 0.13192 0.04753
0 0.78116 0.17055 0.10653 0.05056
0 0.23572 0.23112 0.14355 0.07164
0 0.39466 0.29168 0.10857 0.04571
0 0.52064 0.35224 0.18665 0.05753
0 0.69369 0.41281 0.12538 0.06468
0 0.81876 0.47337 0.18718 0.04984
0 0.14178 0.53393 0.11136 0.0687
0 0.34112 0.59450 0.12714 0.06479
0 0.48117 0.65506 0.11034 0.05993
0 0.63148 0.71562 0.17687 0.05152
0 0.82959 0.77619 0.17188 0.05799
0 0.23189 0.83675 0.19269 0.07148
0 0.39752 0.89731 0.19176 0.04376
0 0.53687 0.94654 0.18201 0.06534
0 0.68678 0.05574 0.20032 0.04542
0 0.85871 0.10999 0.18156 0.05809
0 0.15525 0.17055 0.13651 0.07959
0 0.363 0.23112 0.10844 0.0742
0 0.50612 0.29168 0.17516 0.0444
0 0.62727 0.35224 0.15064 0.06986
0 0.79725 0.41281 0.14308 0.04676
0 0.22611 0.47337 0.18715 0.06073
0 0.40093 0.53393 0.11148 0.07518
0 0.55112 0.59450 0.14232 0.04306
0 0.69594 0.65506 0.11944 0.07331
0 0.83449 0.71562 0.11037 0.07199
0 0.18234 0.77619 0.17187 0.04973
0 0.3669 0.83675 0.19219 0.07685
0 0.50422 0.89731 0.14223 0.06821
0 0.63362 0.94654 0.12899 0.07593
0 0.82612 0.05574 0.19159 0.06931
0 0.24261 0.10999 0.17225 0.06071
0 0.39115 0.17055 0.19051 0.07385
0 0.53588 0.23112 0.19544 0.04585
0 0.69413 0.29168 0.19438 0.04339
0 0.83874 0.35224 0.20004 0.05509
0 0.17791 0.41281 0.14349 0.06079
0 0.35102 0.47337 0.16829 0.05093
0 0.49056 0.53393 0.18365 0.06335
0 0.64095 0.59450 0.16474 0.06811
0 0.79409 0.65506 0.17211 0.07391
0 0.24105 0.71562 0.15222 0.07621
0 0.38844 0.77619 0.15404 0.05893
0 0.53704 0.83675 0.17958 0.0575
0 0.69334 0.89731 0.10988 0.05902
0 0.83767 0.94654 0.19101 0.0541