0 0.16615 0.05472 0.15326 0.074
0 0.32447 0.11140 0.1576 0.0747
0 0.48505 0.17235 0.11823 0.06093
0 0.62062 0.23329 0.19516 0.07239
0 0.82135 0.29424 0.10975 0.05882
0 0.24142 0.35519 0.14037 0.05437
0 0.39067 0.41614 0.15729 0.05301
0 0.55231 0.47709 0.17661 0.06537
0 0.6831 0.53804 0.12055 0.05844
0 0.86966 0.59899 0.16564 0.07315
0 0.1699 0.65993 0.15495 0.04821
0 0.32167 0.72088 0.19255 0.05445
0 0.46956 0.78183 0.15494 0.07558
0 0.60921 0.84278 0.18894 0.05539
0 0.82303 0.90373 0.10977 0.07441
0 0.24243 0.93961 0.11054 0.07219
0 0.40574 0.05472 0.12462 0.07242
0 0.54072 0.11140 0.18289 0.06493
0 0.6748 0.17235 0.17275 0.05259
0 0.8463 0.23329 0.16441 0.07831
0 0.16963 0.29424 0.17239 0.07276
0 0.37043 0.35519 0.13445 0.04382
0 0.51158 0.41614 0.14807 0.06548
0 0.66447 0.47709 0.18576 0.05701
0 0.78725 0.53804 0.14011 0.0672
0 0.24214 0.59899 0.13939 0.07619
0 0.38281 0.65993 0.12373 0.0425
0 0.527 0.72088 0.17655 0.07598
0 0.65626 0.78183 0.19004 0.06324
0 0.82083 0.84278 0.1372 0.04772
0 0.16366 0.90373 0.18839 0.06322
0 0.34704 0.93961 0.15184 0.0462
0 0.48569 0.05472 0.1799 0.04414
0 0.60115 0.11140 0.13082 0.07234
0 0.78173 0.17235 0.11393 0.05733
0 0.23431 0.23329 0.1215 0.0504
0 0.3949 0.29424 0.1966 0.04423
0 0.52159 0.35519 0.19016 0.07667
0 0.68392 0.41614 0.16191 0.0525
0 0.84985 0.47709 0.13382 0.07151
0 0.14227 0.53804 0.16042 0.05853
0 0.33749 0.59899 0.15358 0.04354
0 0.48507 0.65993 0.12567 0.05018
0 0.63475 0.72088 0.10609 0.05414
0 0.79387 0.78183 0.11449 0.06597
0 0.23284 0.84278 0.19317 0.07875
0 0.41018 0.90373 0.11366 0.06216
0 0.53479 0.93961 0.14953 0.05862
0 0.66996 0.05472 0.15434 0.05786
0 0.85011 0.11140 0.1942 0.07565
0 0.15322 0.17235 0.14501 0.07669
0 0.36383 0.23329 0.19303 0.04651
0 0.51078 0.29424 0.12755 0.04932
0 0.64896 0.35519 0.19294 0.06994
0 0.82251 0.41614 0.11405 0.07604
0 0.22596 0.47709 0.13 0.07147
0 0.4132 0.53804 0.15661 0.06948
0 0.53737 0.59899 0.11769 0.04865
0 0.67206 0.65993 0.11659 0.04991
0 0.86241 0.72088 0.18669 0.05514
0 0.17731 0.78183 0.13702 0.07849
0 0.35887 0.84278 0.12331 0.07427
0 0.51258 0.90373 0.15777 0.05058
0 0.64041 0.93961 0.18262 0.04818
0 0.81104 0.05472 0.19999 0.07517
0 0.23235 0.11140 0.15753 0.0488
0 0.39815 0.17235 0.13104 0.0619
0 0.53536 0.23329 0.16977 0.0594
0 0.692 0.29424 0.18989 0.05464
0 0.86246 0.35519 0.10665 0.04503
0 0.1793 0.41614 0.10661 0.06803
0 0.34392 0.47709 0.15472 0.06854
0 0.51097 0.53804 0.19595 0.04915
0 0.66022 0.59899 0.138 0.07335
0 0.79765 0.65993 0.19295 0.06927
0 0.24266 0.72088 0.12514 0.04527
0 0.39203 0.78183 0.19387 0.07063
0 0.55262 0.84278 0.13492 0.0579
0 0.68804 0.90373 0.18841 0.07495
0 0.84293 0.93961 0.14011 0.05746