0 0.16579 0.05528 0.17032 0.04245
0 0.31593 0.11094 0.16251 0.05312
0 0.48465 0.17036 0.11682 0.0632
0 0.61463 0.22979 0.18114 0.07527
0 0.81285 0.28921 0.16432 0.04402
0 0.23891 0.34864 0.11269 0.07655
0 0.39377 0.40806 0.1126 0.04737
0 0.55425 0.46749 0.11889 0.07387
0 0.6825 0.52691 0.18044 0.07261
0 0.86488 0.58634 0.11478 0.07704
0 0.16774 0.64576 0.12849 0.0476
0 0.32415 0.70518 0.12904 0.06146
0 0.45403 0.76461 0.11595 0.0577
0 0.61549 0.82403 0.18699 0.04897
0 0.81774 0.88346 0.17189 0.06412
0 0.24268 0.93704 0.17524 0.06529
0 0.40367 0.05528 0.1674 0.05051
0 0.53315 0.11094 0.15474 0.06203
0 0.6689 0.17036 0.13684 0.07973
0 0.85694 0.22979 0.16846 0.0609
0 0.16997 0.28921 0.11715 0.06863
0 0.36637 0.34864 0.12 0.05794
0 0.51248 0.40806 0.10793 0.04374
0 0.67063 0.46749 0.19698 0.05347
0 0.79642 0.52691 0.19755 0.07265
0 0.24265 0.58634 0.11774 0.05549
0 0.38254 0.64576 0.15013 0.04557
0 0.52269 0.70518 0.16798 0.0617
0 0.67917 0.76461 0.13342 0.05626
0 0.85476 0.82403 0.1772 0.07031
0 0.16985 0.88346 0.15869 0.06222
0 0.34541 0.93704 0.1464 0.07277
0 0.48008 0.05528 0.13126 0.07323
0 0.6248 0.11094 0.17713 0.04957
0 0.8069 0.17036 0.19077 0.04709
0 0.23459 0.22979 0.17474 0.07339
0 0.38554 0.28921 0.14442 0.06648
0 0.52569 0.34864 0.19453 0.04303
0 0.69517 0.40806 0.13015 0.07621
0 0.85092 0.46749 0.15633 0.06186
0 0.14007 0.52691 0.19608 0.06296
0 0.3362 0.58634 0.13131 0.0653
0 0.48334 0.64576 0.12964 0.0711
0 0.63435 0.70518 0.19353 0.07468
0 0.82152 0.76461 0.11253 0.05687
0 0.2366 0.82403 0.13429 0.04562
0 0.40371 0.88346 0.16184 0.0701
0 0.54345 0.93704 0.12523 0.05495
0 0.67644 0.05528 0.16602 0.0741
0 0.85889 0.11094 0.18134 0.05644
0 0.15663 0.17036 0.15337 0.07366
0 0.37029 0.22979 0.16743 0.04908
0 0.50868 0.28921 0.18111 0.04731
0 0.63443 0.34864 0.12807 0.07561
0 0.81722 0.40806 0.16271 0.04409
0 0.21924 0.46749 0.11667 0.06832
0 0.39721 0.52691 0.15469 0.0701
0 0.536 0.58634 0.18506 0.05891
0 0.6719 0.64576 0.19288 0.05675
0 0.85506 0.70518 0.15304 0.07937
0 0.17761 0.76461 0.13224 0.05747
0 0.36874 0.82403 0.16759 0.05903
0 0.50807 0.88346 0.19255 0.04834
0 0.65569 0.93704 0.15413 0.05472
0 0.80929 0.05528 0.19791 0.05427
0 0.23912 0.11094 0.12467 0.07616
0 0.39842 0.17036 0.11655 0.05174
0 0.53143 0.22979 0.1341 0.05414
0 0.67655 0.28921 0.14344 0.05785
0 0.87162 0.34864 0.14574 0.06913
0 0.17727 0.40806 0.13543 0.04784
0 0.34594 0.46749 0.17148 0.07529
0 0.51433 0.52691 0.11473 0.04556
0 0.65164 0.58634 0.14398 0.05984
0 0.8019 0.64576 0.1339 0.04357
0 0.23282 0.70518 0.13496 0.07083
0 0.39892 0.76461 0.11602 0.06883
0 0.5345 0.82403 0.16205 0.05052
0 0.69209 0.88346 0.13272 0.06807
0 0.8683 0.93704 0.1207 0.06344