0 0.16624 0.05592 0.17121 0.05087
0 0.32598 0.11051 0.13406 0.0774
0 0.47931 0.17102 0.15316 0.05618
0 0.64298 0.23153 0.14409 0.07571
0 0.82673 0.29204 0.16512 0.04633
0 0.2325 0.35255 0.1676 0.04331
0 0.38374 0.41306 0.11214 0.04345
0 0.53241 0.47358 0.16524 0.04846
0 0.70185 0.53409 0.1522 0.06671
0 0.86545 0.59460 0.10716 0.07209
0 0.16829 0.65511 0.1066 0.05595
0 0.3188 0.71562 0.15199 0.05949
0 0.47145 0.77613 0.18152 0.05695
0 0.60693 0.83664 0.17266 0.07626
0 0.82862 0.89715 0.12813 0.07795
0 0.23789 0.93658 0.14427 0.05076
0 0.40369 0.05592 0.17246 0.07185
0 0.55517 0.11051 0.13389 0.05952
0 0.68404 0.17102 0.18922 0.0621
0 0.8692 0.23153 0.11206 0.07821
0 0.17111 0.29204 0.16487 0.04884
0 0.35596 0.35255 0.16232 0.06836
0 0.52257 0.41306 0.18059 0.056
0 0.66132 0.47358 0.16259 0.04538
0 0.80615 0.53409 0.18595 0.0536
0 0.23293 0.59460 0.12101 0.07082
0 0.40016 0.65511 0.19587 0.07202
0 0.53495 0.71562 0.16866 0.06932
0 0.68257 0.77613 0.18876 0.04615
0 0.81892 0.83664 0.11715 0.05838
0 0.16743 0.89715 0.17749 0.07691
0 0.34875 0.93658 0.15259 0.0584
0 0.49053 0.05592 0.12765 0.04696
0 0.62674 0.11051 0.15415 0.05273
0 0.80567 0.17102 0.11977 0.06748
0 0.24185 0.23153 0.11399 0.07391
0 0.38451 0.29204 0.15333 0.05626
0 0.51917 0.35255 0.19753 0.07796
0 0.67611 0.41306 0.11853 0.04833
0 0.82553 0.47358 0.19734 0.07321
0 0.13839 0.53409 0.18141 0.06881
0 0.33768 0.59460 0.19832 0.06671
0 0.48806 0.65511 0.19245 0.06396
0 0.61911 0.71562 0.15595 0.04247
0 0.82292 0.77613 0.19768 0.07445
0 0.234 0.83664 0.13098 0.07084
0 0.40929 0.89715 0.15399 0.04652
0 0.54875 0.93658 0.15193 0.07602
0 0.67463 0.05592 0.1529 0.05589
0 0.8617 0.11051 0.13646 0.04811
0 0.15654 0.17102 0.17156 0.07223
0 0.36692 0.23153 0.13216 0.06255
0 0.50028 0.29204 0.14983 0.054
0 0.64897 0.35255 0.17117 0.05806
0 0.82737 0.41306 0.12503 0.07004
0 0.22817 0.47358 0.15685 0.05672
0 0.40613 0.53409 0.14234 0.05494
0 0.53179 0.59460 0.18112 0.04864
0 0.66899 0.65511 0.12133 0.05662
0 0.83826 0.71562 0.16885 0.06465
0 0.18034 0.77613 0.13595 0.05539
0 0.36416 0.83664 0.13773 0.05271
0 0.50673 0.89715 0.15285 0.05188
0 0.65502 0.93658 0.16389 0.07473
0 0.82084 0.05592 0.13392 0.06252
0 0.24185 0.11051 0.11052 0.06711
0 0.39383 0.17102 0.18156 0.05238
0 0.52056 0.23153 0.12489 0.0762
0 0.667 0.29204 0.14736 0.07891
0 0.83765 0.35255 0.14226 0.05893
0 0.18267 0.41306 0.15697 0.07551
0 0.35448 0.47358 0.14328 0.0747
0 0.50123 0.53409 0.14673 0.04865
0 0.66612 0.59460 0.12117 0.04312
0 0.7906 0.65511 0.12682 0.05756
0 0.2318 0.71562 0.10863 0.05536
0 0.38857 0.77613 0.15627 0.07076
0 0.53914 0.83664 0.17361 0.04725
0 0.69166 0.89715 0.10636 0.07864
0 0.84004 0.93658 0.14155 0.05009