0 0.16638 0.05565 0.11891 0.05013
0 0.3224 0.11002 0.17155 0.0674
0 0.46711 0.17071 0.15468 0.07692
0 0.6149 0.23139 0.15722 0.04269
0 0.79563 0.29208 0.18229 0.07058
0 0.24115 0.35277 0.1809 0.07258
0 0.38696 0.41345 0.15338 0.07666
0 0.54123 0.47414 0.13215 0.07918
0 0.70315 0.53482 0.11735 0.04695
0 0.8649 0.59551 0.18966 0.062
0 0.16972 0.65620 0.19755 0.07343
0 0.31903 0.71688 0.19493 0.06645
0 0.45352 0.77757 0.16623 0.0784
0 0.61864 0.83826 0.11461 0.07814
0 0.78959 0.89894 0.11311 0.07888
0 0.23473 0.93728 0.12327 0.04497
0 0.40758 0.05565 0.10905 0.05893
0 0.54687 0.11002 0.17441 0.05453
0 0.67801 0.17071 0.11966 0.04748
0 0.87217 0.23139 0.16602 0.0475
0 0.16436 0.29208 0.18053 0.07282
0 0.36718 0.35277 0.15945 0.06222
0 0.50764 0.41345 0.14165 0.07804
0 0.65391 0.47414 0.18353 0.0797
0 0.80878 0.53482 0.13481 0.05788
0 0.23564 0.59551 0.13618 0.05642
0 0.38259 0.65620 0.18007 0.05098
0 0.53192 0.71688 0.15356 0.05925
0 0.66246 0.77757 0.13067 0.05247
0 0.82217 0.83826 0.17512 0.05974
0 0.16916 0.89894 0.12143 0.05875
0 0.34871 0.93728 0.19291 0.05222
0 0.48083 0.05565 0.12702 0.04747
0 0.60198 0.11002 0.11395 0.05824
0 0.78381 0.17071 0.11301 0.06154
0 0.23298 0.23139 0.17862 0.05466
0 0.38741 0.29208 0.18316 0.06825
0 0.54231 0.35277 0.17587 0.05914
0 0.68505 0.41345 0.17755 0.05886
0 0.82699 0.47414 0.19669 0.07233
0 0.13915 0.53482 0.15004 0.07318
0 0.33782 0.59551 0.18026 0.07079
0 0.4897 0.65620 0.14591 0.07219
0 0.63153 0.71688 0.19504 0.06133
0 0.82421 0.77757 0.10619 0.06336
0 0.23588 0.83826 0.19858 0.06621
0 0.40981 0.89894 0.15982 0.04612
0 0.53508 0.93728 0.13873 0.05169
0 0.66892 0.05565 0.15863 0.06565
0 0.84467 0.11002 0.13433 0.05393
0 0.15596 0.17071 0.12106 0.07135
0 0.36071 0.23139 0.16879 0.0525
0 0.51432 0.29208 0.17057 0.04392
0 0.64545 0.35277 0.18078 0.05361
0 0.80307 0.41345 0.13893 0.06341
0 0.22809 0.47414 0.12964 0.07897
0 0.41282 0.53482 0.13859 0.06841
0 0.55387 0.59551 0.13705 0.0695
0 0.67568 0.65620 0.19351 0.06351
0 0.84237 0.71688 0.17735 0.06254
0 0.18399 0.77757 0.13324 0.07545
0 0.36655 0.83826 0.16322 0.05725
0 0.50231 0.89894 0.17829 0.0597
0 0.65702 0.93728 0.18584 0.05028
0 0.80862 0.05565 0.19111 0.07098
0 0.24313 0.11002 0.16223 0.06304
0 0.39065 0.17071 0.11253 0.0559
0 0.53051 0.23139 0.12662 0.06886
0 0.6931 0.29208 0.18803 0.04655
0 0.84672 0.35277 0.14512 0.04268
0 0.18104 0.41345 0.16841 0.06495
0 0.34258 0.47414 0.17993 0.06729
0 0.50896 0.53482 0.12944 0.0643
0 0.65817 0.59551 0.15834 0.07674
0 0.81557 0.65620 0.12771 0.06641
0 0.24081 0.71688 0.10672 0.06225
0 0.3854 0.77757 0.17835 0.05222
0 0.55407 0.83826 0.10812 0.04436
0 0.71197 0.89894 0.14313 0.07003
0 0.84265 0.93728 0.12988 0.04862