0 0.16826 0.05447 0.13044 0.07233
0 0.31404 0.11134 0.10667 0.05204
0 0.46645 0.17170 0.10736 0.05978
0 0.62143 0.23206 0.19117 0.05113
0 0.82674 0.29243 0.20024 0.07698
0 0.2388 0.35279 0.143 0.04579
0 0.39987 0.41315 0.12584 0.04489
0 0.55274 0.47351 0.16495 0.04678
0 0.6984 0.53387 0.16684 0.06586
0 0.86594 0.59423 0.17801 0.07201
0 0.1682 0.65459 0.1171 0.06604
0 0.32012 0.71495 0.15088 0.06279
0 0.45913 0.77532 0.14379 0.07729
0 0.60331 0.83568 0.13263 0.06935
0 0.82442 0.89604 0.18227 0.06846
0 0.23792 0.93906 0.1121 0.07895
0 0.4143 0.05447 0.1236 0.07742
0 0.54776 0.11134 0.18346 0.06057
0 0.7005 0.17170 0.13082 0.06048
0 0.85369 0.23206 0.10676 0.05331
0 0.16418 0.29243 0.13967 0.05401
0 0.36627 0.35279 0.18465 0.07514
0 0.52826 0.41315 0.19687 0.04916
0 0.66518 0.47351 0.19505 0.0679
0 0.77774 0.53387 0.15204 0.07137
0 0.23823 0.59423 0.10697 0.05113
0 0.39256 0.65459 0.16822 0.05691
0 0.53126 0.71495 0.18267 0.04351
0 0.68234 0.77532 0.15544 0.05294
0 0.83805 0.83568 0.10849 0.05357
0 0.16782 0.89604 0.12188 0.05497
0 0.34969 0.93906 0.12001 0.06024
0 0.47775 0.05447 0.12836 0.04335
0 0.61035 0.11134 0.17546 0.05627
0 0.79633 0.17170 0.18753 0.06901
0 0.24293 0.23206 0.14788 0.0555
0 0.39079 0.29243 0.15711 0.07941
0 0.53165 0.35279 0.13621 0.05283
0 0.6744 0.41315 0.12293 0.07379
0 0.85084 0.47351 0.16253 0.06891
0 0.14102 0.53387 0.12284 0.04535
0 0.34065 0.59423 0.17762 0.04927
0 0.49316 0.65459 0.10869 0.07007
0 0.63364 0.71495 0.13927 0.05004
0 0.82451 0.77532 0.11347 0.05449
0 0.23894 0.83568 0.15213 0.05908
0 0.40335 0.89604 0.13026 0.05937
0 0.54564 0.93906 0.14107 0.07024
0 0.68455 0.05447 0.1216 0.05734
0 0.84373 0.11134 0.10839 0.04551
0 0.15677 0.17170 0.14264 0.06958
0 0.35727 0.23206 0.11968 0.05227
0 0.49038 0.29243 0.13857 0.05925
0 0.64445 0.35279 0.14392 0.07132
0 0.82236 0.41315 0.10871 0.0535
0 0.22868 0.47351 0.18767 0.0766
0 0.41135 0.53387 0.14062 0.07261
0 0.54578 0.59423 0.13382 0.05275
0 0.6836 0.65459 0.10736 0.05834
0 0.83181 0.71495 0.1945 0.06302
0 0.18293 0.77532 0.13799 0.04576
0 0.37066 0.83568 0.12176 0.06722
0 0.51177 0.89604 0.11692 0.07305
0 0.64023 0.93906 0.14993 0.07525
0 0.82176 0.05447 0.10781 0.04784
0 0.24118 0.11134 0.15814 0.07509
0 0.39088 0.17170 0.17534 0.04666
0 0.53657 0.23206 0.16059 0.06241
0 0.66796 0.29243 0.12977 0.06597
0 0.86962 0.35279 0.13308 0.05183
0 0.17836 0.41315 0.19257 0.04497
0 0.35484 0.47351 0.19661 0.07316
0 0.51426 0.53387 0.11567 0.04535
0 0.65692 0.59423 0.18866 0.0442
0 0.78962 0.65459 0.14268 0.05479
0 0.23335 0.71495 0.16742 0.05068
0 0.39382 0.77532 0.14313 0.05542
0 0.5322 0.83568 0.19894 0.05611
0 0.69345 0.89604 0.12284 0.05605
0 0.86188 0.93906 0.13044 0.08012