0 0.16564 0.05605 0.18066 0.07695
0 0.32813 0.10894 0.15437 0.04888
0 0.46431 0.16963 0.15791 0.04972
0 0.62972 0.23031 0.16636 0.07886
0 0.78993 0.29100 0.13729 0.05981
0 0.23304 0.35168 0.13707 0.07014
0 0.39776 0.41236 0.12006 0.0457
0 0.54813 0.47305 0.17462 0.05055
0 0.70937 0.53373 0.14087 0.06394
0 0.85989 0.59442 0.16324 0.05463
0 0.1645 0.65510 0.10671 0.07853
0 0.32374 0.71578 0.11916 0.06469
0 0.45986 0.77647 0.19698 0.04696
0 0.62718 0.83715 0.17399 0.05286
0 0.8251 0.89784 0.19237 0.04792
0 0.23973 0.96176 0.17469 0.06955
0 0.40768 0.05605 0.15299 0.0709
0 0.53778 0.10894 0.16615 0.0744
0 0.69088 0.16963 0.15177 0.04849
0 0.86144 0.23031 0.14488 0.05853
0 0.1697 0.29100 0.13188 0.07266
0 0.36102 0.35168 0.18948 0.05021
0 0.50521 0.41236 0.19141 0.0672
0 0.66258 0.47305 0.14922 0.05337
0 0.79149 0.53373 0.14562 0.06829
0 0.24125 0.59442 0.15807 0.05407
0 0.38586 0.65510 0.18059 0.07798
0 0.54259 0.71578 0.1116 0.05144
0 0.68356 0.77647 0.14998 0.06878
0 0.82995 0.83715 0.17909 0.0477
0 0.16973 0.89784 0.17246 0.05922
0 0.35339 0.96176 0.16983 0.06679
0 0.49089 0.05605 0.17919 0.04564
0 0.60325 0.10894 0.14894 0.06174
0 0.77769 0.16963 0.12735 0.05182
0 0.24158 0.23031 0.19434 0.05658
0 0.39263 0.29100 0.16479 0.06467
0 0.51932 0.35168 0.1752 0.07996
0 0.67535 0.41236 0.18492 0.04387
0 0.85196 0.47305 0.16212 0.05245
0 0.13661 0.53373 0.14329 0.05382
0 0.34024 0.59442 0.16435 0.0502
0 0.49788 0.65510 0.16991 0.06632
0 0.62407 0.71578 0.1077 0.06941
0 0.82168 0.77647 0.17573 0.06262
0 0.24096 0.83715 0.11122 0.04524
0 0.39832 0.89784 0.129 0.04821
0 0.54964 0.96176 0.17481 0.06821
0 0.68944 0.05605 0.14719 0.05501
0 0.87222 0.10894 0.10621 0.07418
0 0.15265 0.16963 0.12676 0.07818
0 0.36708 0.23031 0.14266 0.07077
0 0.4919 0.29100 0.17436 0.04345
0 0.6285 0.35168 0.17839 0.07049
0 0.81099 0.41236 0.12876 0.05513
0 0.22205 0.47305 0.10941 0.07265
0 0.40228 0.53373 0.19585 0.04872
0 0.55718 0.59442 0.15608 0.06644
0 0.69121 0.65510 0.12119 0.04783
0 0.84493 0.71578 0.14027 0.07335
0 0.17915 0.77647 0.13224 0.04916
0 0.36753 0.83715 0.16082 0.04919
0 0.51212 0.89784 0.16649 0.04815
0 0.63718 0.96176 0.11727 0.05882
0 0.7924 0.05605 0.10902 0.07561
0 0.23791 0.10894 0.1514 0.06126
0 0.38921 0.16963 0.1206 0.06385
0 0.52315 0.23031 0.19343 0.04573
0 0.68322 0.29100 0.14493 0.05917
0 0.85143 0.35168 0.14414 0.069
0 0.18239 0.41236 0.12051 0.07945
0 0.34524 0.47305 0.18857 0.05593
0 0.50349 0.53373 0.18878 0.04678
0 0.65668 0.59442 0.11482 0.05224
0 0.8087 0.65510 0.13742 0.07996
0 0.23825 0.71578 0.17145 0.07401
0 0.38871 0.77647 0.12218 0.07071
0 0.55577 0.83715 0.13868 0.07126
0 0.70404 0.89784 0.14049 0.07922
0 0.84262 0.96176 0.13828 0.07575