0 0.16577 0.05606 0.18544 0.07639
0 0.32821 0.11164 0.17382 0.05959
0 0.47557 0.17198 0.19288 0.0636
0 0.62608 0.23232 0.19585 0.04414
0 0.80914 0.29266 0.11585 0.0578
0 0.23874 0.35300 0.12437 0.05718
0 0.39084 0.41333 0.11153 0.06686
0 0.54005 0.47367 0.15729 0.06376
0 0.69949 0.53401 0.16225 0.06354
0 0.83293 0.59435 0.11648 0.07188
0 0.16779 0.65469 0.1185 0.04666
0 0.3234 0.71502 0.13058 0.04917
0 0.46134 0.77536 0.18395 0.05275
0 0.60801 0.83570 0.142 0.06961
0 0.80934 0.89604 0.14282 0.07496
0 0.2383 0.93803 0.1341 0.06289
0 0.40779 0.05606 0.10942 0.06282
0 0.54299 0.11164 0.14917 0.04297
0 0.67036 0.17198 0.12238 0.07282
0 0.84756 0.23232 0.13396 0.05727
0 0.16415 0.29266 0.1324 0.05546
0 0.36806 0.35300 0.16121 0.07999
0 0.5138 0.41333 0.11287 0.04258
0 0.64593 0.47367 0.16337 0.06325
0 0.79844 0.53401 0.19853 0.06689
0 0.24282 0.59435 0.13695 0.04838
0 0.38539 0.65469 0.17711 0.04722
0 0.52517 0.71502 0.11405 0.07253
0 0.65351 0.77536 0.15935 0.07958
0 0.85685 0.83570 0.18996 0.07196
0 0.16481 0.89604 0.15444 0.05357
0 0.35045 0.93803 0.14493 0.05686
0 0.47954 0.05606 0.18149 0.06364
0 0.61792 0.11164 0.13092 0.06827
0 0.78707 0.17198 0.13261 0.05834
0 0.23937 0.23232 0.18485 0.04988
0 0.39183 0.29266 0.18321 0.07186
0 0.52711 0.35300 0.12873 0.06602
0 0.6881 0.41333 0.11172 0.07244
0 0.84997 0.47367 0.1317 0.05274
0 0.13977 0.53401 0.17233 0.05926
0 0.33584 0.59435 0.15921 0.04391
0 0.49842 0.65469 0.15154 0.07321
0 0.62834 0.71502 0.11352 0.04343
0 0.79092 0.77536 0.13118 0.05763
0 0.23543 0.83570 0.159 0.06245
0 0.40029 0.89604 0.122 0.0466
0 0.53997 0.93803 0.157 0.05894
0 0.66818 0.05606 0.16751 0.05454
0 0.84778 0.11164 0.16279 0.07768
0 0.15562 0.17198 0.19747 0.07494
0 0.36325 0.23232 0.13786 0.07561
0 0.51409 0.29266 0.16487 0.05617
0 0.64891 0.35300 0.17572 0.06644
0 0.79856 0.41333 0.17473 0.05121
0 0.22424 0.47367 0.14259 0.06275
0 0.40526 0.53401 0.1495 0.07829
0 0.55052 0.59435 0.18169 0.07296
0 0.68133 0.65469 0.14502 0.07959
0 0.84332 0.71502 0.15074 0.07303
0 0.17735 0.77536 0.1384 0.06803
0 0.36563 0.83570 0.12306 0.06587
0 0.50723 0.89604 0.1678 0.05432
0 0.65705 0.93803 0.1502 0.04624
0 0.80488 0.05606 0.14726 0.07907
0 0.23885 0.11164 0.1578 0.046
0 0.38261 0.17198 0.16428 0.06001
0 0.54274 0.23232 0.10937 0.05863
0 0.70044 0.29266 0.14216 0.07267
0 0.86366 0.35300 0.17819 0.06561
0 0.18245 0.41333 0.18145 0.0686
0 0.3533 0.47367 0.19087 0.07955
0 0.50495 0.53401 0.1483 0.06957
0 0.64675 0.59435 0.16619 0.04541
0 0.79516 0.65469 0.1796 0.04515
0 0.23893 0.71502 0.16749 0.07814
0 0.39414 0.77536 0.17648 0.07317
0 0.55673 0.83570 0.18715 0.05764
0 0.68193 0.89604 0.12475 0.05299
0 0.83791 0.93803 0.10981 0.06254