0 0.17051 0.05519 0.19744 0.07663
0 0.32238 0.11211 0.17006 0.05182
0 0.48397 0.17232 0.19034 0.05468
0 0.62412 0.23253 0.15949 0.05381
0 0.80334 0.29274 0.15056 0.07554
0 0.23619 0.35295 0.12941 0.05731
0 0.39028 0.41316 0.1317 0.0478
0 0.55654 0.47337 0.15807 0.04894
0 0.71308 0.53358 0.10889 0.04561
0 0.84216 0.59379 0.12583 0.04539
0 0.17007 0.65400 0.19202 0.04868
0 0.31947 0.71421 0.19131 0.07689
0 0.47025 0.77442 0.15059 0.05108
0 0.61635 0.83463 0.11778 0.07107
0 0.82781 0.89484 0.11348 0.06117
0 0.23368 0.95570 0.1507 0.07631
0 0.40066 0.05519 0.1077 0.0563
0 0.55168 0.11211 0.16811 0.07552
0 0.67295 0.17232 0.17697 0.04553
0 0.83107 0.23253 0.11864 0.07368
0 0.17094 0.29274 0.1189 0.05788
0 0.35389 0.35295 0.17898 0.0775
0 0.51519 0.41316 0.11103 0.05339
0 0.65335 0.47337 0.14253 0.05429
0 0.78336 0.53358 0.12849 0.07914
0 0.23417 0.59379 0.19653 0.04938
0 0.39276 0.65400 0.14369 0.0477
0 0.5327 0.71421 0.17956 0.04974
0 0.6658 0.77442 0.14786 0.04704
0 0.84007 0.83463 0.1967 0.06155
0 0.16386 0.89484 0.14948 0.0482
0 0.34061 0.95570 0.13203 0.04863
0 0.47711 0.05519 0.1291 0.05458
0 0.60151 0.11211 0.1686 0.05581
0 0.79994 0.17232 0.13443 0.07695
0 0.23413 0.23253 0.14184 0.07387
0 0.39618 0.29274 0.12414 0.04531
0 0.53268 0.35295 0.19865 0.07416
0 0.67498 0.41316 0.11063 0.05358
0 0.85776 0.47337 0.13315 0.04531
0 0.14187 0.53358 0.1954 0.05338
0 0.32879 0.59379 0.16443 0.06566
0 0.48503 0.65400 0.14357 0.04709
0 0.61281 0.71421 0.12386 0.0749
0 0.81384 0.77442 0.11787 0.05937
0 0.24143 0.83463 0.1727 0.07091
0 0.40215 0.89484 0.17449 0.06691
0 0.55668 0.95570 0.1979 0.05039
0 0.67978 0.05519 0.14851 0.0541
0 0.83767 0.11211 0.19406 0.05932
0 0.15312 0.17232 0.15426 0.07005
0 0.35669 0.23253 0.16353 0.07543
0 0.49425 0.29274 0.16739 0.04669
0 0.64517 0.35295 0.1216 0.07248
0 0.82917 0.41316 0.16543 0.04483
0 0.22221 0.47337 0.18934 0.05699
0 0.40901 0.53358 0.19437 0.05462
0 0.53856 0.59379 0.12782 0.06989
0 0.68553 0.65400 0.16356 0.04629
0 0.84368 0.71421 0.19766 0.0794
0 0.18055 0.77442 0.18394 0.07392
0 0.36327 0.83463 0.1792 0.07212
0 0.505 0.89484 0.14133 0.06017
0 0.62991 0.95570 0.10692 0.043
0 0.82911 0.05519 0.16744 0.05021
0 0.23859 0.11211 0.1339 0.05363
0 0.39531 0.17232 0.12869 0.06763
0 0.53852 0.23253 0.19537 0.07145
0 0.66853 0.29274 0.18934 0.05796
0 0.85802 0.35295 0.17159 0.05036
0 0.17825 0.41316 0.10718 0.04457
0 0.3491 0.47337 0.15164 0.0549
0 0.49194 0.53358 0.14253 0.07506
0 0.65807 0.59379 0.13778 0.06553
0 0.79748 0.65400 0.1101 0.06994
0 0.23514 0.71421 0.19386 0.05241
0 0.39793 0.77442 0.15261 0.04725
0 0.53524 0.83463 0.13129 0.0789
0 0.70775 0.89484 0.17153 0.0571
0 0.86131 0.95570 0.14518 0.05121