0 0.17006 0.05503 0.15279 0.06852
0 0.32887 0.11188 0.19194 0.05677
0 0.46987 0.17160 0.14569 0.06923
0 0.62757 0.23132 0.19543 0.06464
0 0.81355 0.29104 0.15297 0.05862
0 0.24071 0.35076 0.15431 0.06707
0 0.39543 0.41048 0.17868 0.06995
0 0.54446 0.47020 0.17277 0.05528
0 0.68349 0.52991 0.17141 0.06194
0 0.86059 0.58963 0.15003 0.07763
0 0.17125 0.64935 0.11691 0.05459
0 0.31659 0.70907 0.19698 0.04271
0 0.46606 0.76879 0.14495 0.07473
0 0.62359 0.82851 0.11496 0.05154
0 0.80628 0.88823 0.162 0.04655
0 0.23668 0.96406 0.13981 0.063
0 0.39593 0.05503 0.13745 0.05737
0 0.55419 0.11188 0.11221 0.06188
0 0.67573 0.17160 0.16585 0.05015
0 0.86946 0.23132 0.13285 0.05071
0 0.16972 0.29104 0.12754 0.06084
0 0.37004 0.35076 0.20025 0.07045
0 0.51763 0.41048 0.167 0.05696
0 0.65197 0.47020 0.13853 0.06129
0 0.79127 0.52991 0.16306 0.07022
0 0.24169 0.58963 0.17361 0.0581
0 0.39427 0.64935 0.18059 0.04932
0 0.53908 0.70907 0.14541 0.0796
0 0.65907 0.76879 0.1495 0.06784
0 0.81707 0.82851 0.18333 0.07839
0 0.16512 0.88823 0.1432 0.05127
0 0.35098 0.96406 0.18964 0.04692
0 0.4869 0.05503 0.14019 0.06817
0 0.61821 0.11188 0.15626 0.05341
0 0.79776 0.17160 0.13806 0.07987
0 0.23487 0.23132 0.19562 0.07018
0 0.39864 0.29104 0.18342 0.05905
0 0.54357 0.35076 0.12382 0.04742
0 0.66813 0.41048 0.15957 0.06615
0 0.84793 0.47020 0.19868 0.07126
0 0.14148 0.52991 0.14509 0.05038
0 0.334 0.58963 0.15936 0.07129
0 0.48942 0.64935 0.15887 0.07351
0 0.63051 0.70907 0.15582 0.07628
0 0.81375 0.76879 0.14753 0.04804
0 0.23964 0.82851 0.16175 0.04595
0 0.40313 0.88823 0.13951 0.05369
0 0.55486 0.96406 0.19886 0.07173
0 0.66754 0.05503 0.12603 0.04333
0 0.86542 0.11188 0.11573 0.05325
0 0.14999 0.17160 0.10972 0.0546
0 0.37021 0.23132 0.16013 0.04323
0 0.50695 0.29104 0.11261 0.0749
0 0.64453 0.35076 0.14931 0.07857
0 0.81132 0.41048 0.15792 0.07746
0 0.21881 0.47020 0.13727 0.0784
0 0.4038 0.52991 0.15833 0.06691
0 0.55652 0.58963 0.10797 0.07671
0 0.67911 0.64935 0.15719 0.04968
0 0.86602 0.70907 0.14991 0.07879
0 0.1822 0.76879 0.1851 0.05164
0 0.36945 0.82851 0.15571 0.05168
0 0.51002 0.88823 0.11089 0.05158
0 0.64361 0.96406 0.14595 0.06649
0 0.81883 0.05503 0.19308 0.07909
0 0.23573 0.11188 0.13223 0.05132
0 0.39644 0.17160 0.1313 0.06237
0 0.52822 0.23132 0.19989 0.0687
0 0.69255 0.29104 0.11788 0.07703
0 0.86299 0.35076 0.14701 0.05604
0 0.18443 0.41048 0.15635 0.04677
0 0.35535 0.47020 0.15574 0.04744
0 0.5038 0.52991 0.19636 0.05971
0 0.66403 0.58963 0.10997 0.05647
0 0.82632 0.64935 0.17823 0.05124
0 0.23512 0.70907 0.1432 0.06921
0 0.39009 0.76879 0.13636 0.0782
0 0.54147 0.82851 0.1597 0.0689
0 0.70381 0.88823 0.15696 0.04385
0 0.86646 0.96406 0.10906 0.07914