0 0.17138 0.05600 0.13046 0.04866
0 0.31755 0.11041 0.10926 0.05933
0 0.46467 0.16981 0.17675 0.07345
0 0.61706 0.22921 0.15714 0.06025
0 0.79601 0.28861 0.18922 0.07559
0 0.23775 0.34800 0.15899 0.06718
0 0.39023 0.40740 0.1974 0.06309
0 0.53802 0.46680 0.17701 0.06198
0 0.70398 0.52619 0.19557 0.05847
0 0.83555 0.58559 0.17572 0.07305
0 0.16543 0.64499 0.13091 0.06664
0 0.32247 0.70439 0.11431 0.04938
0 0.45721 0.76378 0.17073 0.08005
0 0.61486 0.82318 0.18248 0.06084
0 0.80294 0.88258 0.12028 0.06163
0 0.23167 0.95126 0.13565 0.07125
0 0.40281 0.05600 0.15198 0.06787
0 0.5445 0.11041 0.1724 0.06978
0 0.67135 0.16981 0.16227 0.05081
0 0.85624 0.22921 0.11119 0.05687
0 0.17136 0.28861 0.19763 0.05548
0 0.35551 0.34800 0.16022 0.07417
0 0.51154 0.40740 0.16023 0.07921
0 0.657 0.46680 0.16048 0.05307
0 0.79354 0.52619 0.16272 0.07922
0 0.24249 0.58559 0.11889 0.06514
0 0.39513 0.64499 0.10936 0.04948
0 0.53669 0.70439 0.14508 0.0599
0 0.67464 0.76378 0.1318 0.04711
0 0.81814 0.82318 0.17109 0.06882
0 0.16868 0.88258 0.19899 0.07103
0 0.34581 0.95126 0.12935 0.06052
0 0.47885 0.05600 0.17832 0.06819
0 0.60136 0.11041 0.16892 0.06951
0 0.81154 0.16981 0.15663 0.05045
0 0.23437 0.22921 0.19097 0.04772
0 0.39073 0.28861 0.16894 0.06055
0 0.52746 0.34800 0.1573 0.08012
0 0.67592 0.40740 0.11448 0.07564
0 0.82763 0.46680 0.10869 0.04389
0 0.14097 0.52619 0.19656 0.0782
0 0.32761 0.58559 0.1751 0.0761
0 0.49556 0.64499 0.19004 0.05043
0 0.62163 0.70439 0.19047 0.07946
0 0.82326 0.76378 0.18096 0.05203
0 0.23711 0.82318 0.15653 0.06607
0 0.39942 0.88258 0.13835 0.06199
0 0.53681 0.95126 0.13254 0.06109
0 0.67764 0.05600 0.1508 0.05173
0 0.87245 0.11041 0.10687 0.04483
0 0.15117 0.16981 0.14612 0.04878
0 0.36924 0.22921 0.17376 0.0675
0 0.5111 0.28861 0.14477 0.06905
0 0.64299 0.34800 0.16307 0.07479
0 0.81622 0.40740 0.16177 0.0526
0 0.22188 0.46680 0.19833 0.04327
0 0.40112 0.52619 0.13209 0.06347
0 0.55278 0.58559 0.1101 0.04993
0 0.67044 0.64499 0.18815 0.07713
0 0.83929 0.70439 0.18977 0.0528
0 0.18097 0.76378 0.14113 0.05106
0 0.36087 0.82318 0.1201 0.06197
0 0.50937 0.88258 0.12203 0.05208
0 0.64126 0.95126 0.12142 0.04304
0 0.82154 0.05600 0.16218 0.07925
0 0.23168 0.11041 0.18634 0.07632
0 0.40054 0.16981 0.11023 0.0786
0 0.52469 0.22921 0.1617 0.07428
0 0.69307 0.28861 0.12943 0.05679
0 0.83176 0.34800 0.12667 0.04581
0 0.1848 0.40740 0.17474 0.07006
0 0.35318 0.46680 0.12333 0.06817
0 0.49273 0.52619 0.11615 0.05884
0 0.66801 0.58559 0.14879 0.04783
0 0.82253 0.64499 0.12433 0.05401
0 0.23143 0.70439 0.14113 0.06808
0 0.39395 0.76378 0.12339 0.06143
0 0.54796 0.82318 0.18967 0.07013
0 0.68786 0.88258 0.12619 0.06686
0 0.8487 0.95126 0.15724 0.04498