0 0.17147 0.05561 0.16791 0.06559
0 0.32186 0.11162 0.19456 0.06962
0 0.48134 0.17097 0.16938 0.04896
0 0.63148 0.23032 0.19791 0.07983
0 0.81416 0.28967 0.19814 0.04654
0 0.23255 0.34901 0.16182 0.04887
0 0.39586 0.40836 0.11513 0.06019
0 0.53769 0.46771 0.13686 0.05804
0 0.70234 0.52705 0.12516 0.06483
0 0.86753 0.58640 0.17079 0.05531
0 0.16348 0.64575 0.19122 0.04542
0 0.31778 0.70510 0.10857 0.06412
0 0.46289 0.76444 0.13332 0.05038
0 0.60675 0.82379 0.16496 0.06445
0 0.82136 0.88314 0.12033 0.05485
0 0.23152 0.94300 0.19534 0.0775
0 0.40128 0.05561 0.1674 0.04275
0 0.53859 0.11162 0.1606 0.05219
0 0.67296 0.17097 0.10777 0.04451
0 0.86696 0.23032 0.18127 0.07205
0 0.16756 0.28967 0.17267 0.04547
0 0.36935 0.34901 0.11374 0.07267
0 0.5278 0.40836 0.14521 0.06961
0 0.66431 0.46771 0.18792 0.04259
0 0.79908 0.52705 0.13294 0.04703
0 0.24123 0.58640 0.11054 0.07631
0 0.39802 0.64575 0.13968 0.06652
0 0.52686 0.70510 0.12011 0.06431
0 0.67011 0.76444 0.18962 0.06455
0 0.8355 0.82379 0.17006 0.07663
0 0.17133 0.88314 0.12315 0.04294
0 0.34808 0.94300 0.16773 0.0661
0 0.50041 0.05561 0.16568 0.06375
0 0.62748 0.11162 0.15384 0.07171
0 0.81476 0.17097 0.1256 0.05828
0 0.23183 0.23032 0.14924 0.06392
0 0.3824 0.28967 0.12208 0.07635
0 0.53213 0.34901 0.18789 0.05595
0 0.69057 0.40836 0.17634 0.0579
0 0.85375 0.46771 0.18828 0.06887
0 0.14048 0.52705 0.17278 0.05502
0 0.33083 0.58640 0.16586 0.05049
0 0.49725 0.64575 0.14418 0.04383
0 0.6133 0.70510 0.13588 0.05549
0 0.82278 0.76444 0.13135 0.05492
0 0.23868 0.82379 0.17839 0.05624
0 0.40664 0.88314 0.16542 0.0658
0 0.54302 0.94300 0.18531 0.04417
0 0.66748 0.05561 0.19283 0.04427
0 0.85186 0.11162 0.11847 0.04776
0 0.15499 0.17097 0.11736 0.07228
0 0.35576 0.23032 0.12238 0.05378
0 0.49046 0.28967 0.18339 0.04503
0 0.64286 0.34901 0.10867 0.07888
0 0.81862 0.40836 0.19187 0.06747
0 0.22803 0.46771 0.19464 0.05419
0 0.39891 0.52705 0.14002 0.07718
0 0.53437 0.58640 0.15823 0.05189
0 0.66988 0.64575 0.11322 0.04494
0 0.85124 0.70510 0.12897 0.06247
0 0.18031 0.76444 0.19616 0.0583
0 0.35694 0.82379 0.10824 0.07815
0 0.50033 0.88314 0.15339 0.06244
0 0.65608 0.94300 0.17046 0.04294
0 0.81064 0.05561 0.17644 0.068
0 0.24226 0.11162 0.10709 0.08011
0 0.39826 0.17097 0.19574 0.07088
0 0.53845 0.23032 0.16091 0.07367
0 0.69808 0.28967 0.11254 0.05634
0 0.85523 0.34901 0.10926 0.05139
0 0.18512 0.40836 0.10921 0.07169
0 0.34214 0.46771 0.16227 0.04402
0 0.50323 0.52705 0.18752 0.07864
0 0.65111 0.58640 0.15163 0.06819
0 0.78998 0.64575 0.16926 0.05228
0 0.23733 0.70510 0.19045 0.07309
0 0.39526 0.76444 0.12283 0.05509
0 0.54972 0.82379 0.16172 0.0672
0 0.70031 0.88314 0.16238 0.07191
0 0.86726 0.94300 0.17384 0.06421