0 0.1672 0.05611 0.11409 0.0596
0 0.3271 0.11074 0.11069 0.06172
0 0.48008 0.17160 0.11365 0.05124
0 0.63091 0.23246 0.12618 0.05901
0 0.7935 0.29332 0.1427 0.04787
0 0.23165 0.35418 0.13322 0.06216
0 0.38275 0.41504 0.12018 0.05765
0 0.54316 0.47590 0.16582 0.0445
0 0.68709 0.53676 0.11678 0.05617
0 0.83346 0.59762 0.17531 0.04614
0 0.16608 0.65848 0.18998 0.06543
0 0.31669 0.71934 0.14782 0.05085
0 0.45689 0.78020 0.14454 0.06432
0 0.61577 0.84106 0.14508 0.05489
0 0.82845 0.90192 0.18891 0.07058
0 0.23407 0.94085 0.15577 0.0719
0 0.40278 0.05611 0.11811 0.04692
0 0.55767 0.11074 0.12601 0.05868
0 0.68267 0.17160 0.12193 0.04791
0 0.87198 0.23246 0.13951 0.04618
0 0.16749 0.29332 0.14044 0.0618
0 0.37173 0.35418 0.15808 0.04941
0 0.51744 0.41504 0.11845 0.06978
0 0.64406 0.47590 0.17304 0.04388
0 0.78926 0.53676 0.13953 0.04904
0 0.24 0.59762 0.16707 0.07443
0 0.38919 0.65848 0.14616 0.07372
0 0.54162 0.71934 0.17747 0.05012
0 0.65568 0.78020 0.12897 0.06081
0 0.83247 0.84106 0.12383 0.06262
0 0.16804 0.90192 0.12047 0.0498
0 0.35341 0.94085 0.19952 0.0769
0 0.49422 0.05611 0.19796 0.05309
0 0.61054 0.11074 0.193 0.07829
0 0.81164 0.17160 0.14862 0.06819
0 0.23367 0.23246 0.12509 0.06573
0 0.39842 0.29332 0.14147 0.06312
0 0.52404 0.35418 0.17613 0.07176
0 0.68102 0.41504 0.19102 0.05122
0 0.8168 0.47590 0.18719 0.04682
0 0.1399 0.53676 0.19783 0.05576
0 0.33242 0.59762 0.12035 0.04618
0 0.49208 0.65848 0.11768 0.05679
0 0.64163 0.71934 0.12434 0.07931
0 0.81312 0.78020 0.13036 0.06559
0 0.23447 0.84106 0.17472 0.06415
0 0.41285 0.90192 0.12713 0.05939
0 0.5313 0.94085 0.16236 0.05924
0 0.6747 0.05611 0.12248 0.05779
0 0.86064 0.11074 0.1603 0.07631
0 0.15048 0.17160 0.14934 0.05813
0 0.36684 0.23246 0.18931 0.06808
0 0.49599 0.29332 0.10668 0.04378
0 0.6393 0.35418 0.14071 0.04914
0 0.8011 0.41504 0.12141 0.04597
0 0.21946 0.47590 0.11326 0.04715
0 0.40096 0.53676 0.19103 0.04954
0 0.54799 0.59762 0.14641 0.05998
0 0.66771 0.65848 0.15759 0.0489
0 0.85672 0.71934 0.11427 0.06208
0 0.17875 0.78020 0.16159 0.06789
0 0.36106 0.84106 0.14452 0.07519
0 0.50165 0.90192 0.16382 0.07097
0 0.65161 0.94085 0.10987 0.07954
0 0.79835 0.05611 0.11059 0.05072
0 0.2359 0.11074 0.14919 0.04895
0 0.39874 0.17160 0.18333 0.07722
0 0.52049 0.23246 0.17195 0.07633
0 0.66848 0.29332 0.15792 0.05665
0 0.85949 0.35418 0.12501 0.0476
0 0.17964 0.41504 0.16622 0.04779
0 0.35758 0.47590 0.11034 0.04268
0 0.4946 0.53676 0.17402 0.0729
0 0.65784 0.59762 0.14607 0.07353
0 0.81326 0.65848 0.1547 0.07693
0 0.23728 0.71934 0.19198 0.05559
0 0.39011 0.78020 0.17674 0.05965
0 0.53497 0.84106 0.19677 0.06677
0 0.68953 0.90192 0.17747 0.06783
0 0.86088 0.94085 0.14737 0.07923