0 0.16766 0.05461 0.12153 0.05352
0 0.32335 0.11002 0.195 0.0779
0 0.48375 0.16964 0.16719 0.04714
0 0.61984 0.22926 0.12548 0.05525
0 0.79174 0.28888 0.19286 0.05878
0 0.23393 0.34851 0.12549 0.06938
0 0.38393 0.40813 0.18351 0.05113
0 0.54307 0.46775 0.12101 0.07332
0 0.68704 0.52737 0.17935 0.05921
0 0.83942 0.58699 0.14012 0.06771
0 0.16549 0.64662 0.12925 0.05965
0 0.32622 0.70624 0.12701 0.0553
0 0.46129 0.76586 0.11601 0.04926
0 0.62742 0.82548 0.18506 0.05781
0 0.82135 0.88510 0.1127 0.06083
0 0.23435 0.93949 0.14539 0.07044
0 0.40612 0.05461 0.14437 0.04684
0 0.55088 0.11002 0.1195 0.06966
0 0.67945 0.16964 0.15882 0.07344
0 0.8446 0.22926 0.11452 0.07153
0 0.17156 0.28888 0.15833 0.07692
0 0.35958 0.34851 0.15393 0.06127
0 0.51111 0.40813 0.12405 0.04608
0 0.64754 0.46775 0.1763 0.05099
0 0.78436 0.52737 0.15654 0.05812
0 0.23713 0.58699 0.13797 0.05737
0 0.39031 0.64662 0.19868 0.06052
0 0.52001 0.70624 0.16451 0.06436
0 0.67278 0.76586 0.10687 0.06137
0 0.83924 0.82548 0.17606 0.0433
0 0.17142 0.88510 0.14867 0.07326
0 0.34789 0.93949 0.17852 0.04589
0 0.49934 0.05461 0.18756 0.04258
0 0.61212 0.11002 0.17468 0.0597
0 0.81289 0.16964 0.15696 0.07303
0 0.23587 0.22926 0.17579 0.05715
0 0.38606 0.28888 0.16997 0.05799
0 0.53744 0.34851 0.1557 0.0626
0 0.67937 0.40813 0.17296 0.07431
0 0.82952 0.46775 0.14074 0.06656
0 0.13715 0.52737 0.16403 0.04266
0 0.3398 0.58699 0.14593 0.05646
0 0.4903 0.64662 0.18624 0.06663
0 0.61545 0.70624 0.12465 0.04995
0 0.81442 0.76586 0.19571 0.07608
0 0.23928 0.82548 0.14246 0.06525
0 0.40976 0.88510 0.12199 0.04338
0 0.54044 0.93949 0.11328 0.0608
0 0.69977 0.05461 0.11501 0.05809
0 0.86406 0.11002 0.14041 0.0726
0 0.15663 0.16964 0.15814 0.04285
0 0.36621 0.22926 0.10667 0.0454
0 0.49102 0.28888 0.1674 0.06292
0 0.63427 0.34851 0.13091 0.04771
0 0.82186 0.40813 0.15759 0.04779
0 0.22838 0.46775 0.12412 0.0477
0 0.39863 0.52737 0.12904 0.05633
0 0.54267 0.58699 0.12427 0.06013
0 0.69274 0.64662 0.16608 0.04837
0 0.87059 0.70624 0.10963 0.05822
0 0.17967 0.76586 0.18118 0.06844
0 0.36591 0.82548 0.19331 0.05681
0 0.50654 0.88510 0.1477 0.05445
0 0.63547 0.93949 0.17956 0.06092
0 0.79829 0.05461 0.12061 0.074
0 0.23912 0.11002 0.18799 0.07747
0 0.39177 0.16964 0.15617 0.05371
0 0.5188 0.22926 0.1128 0.07424
0 0.69566 0.28888 0.11636 0.04245
0 0.8639 0.34851 0.15444 0.06712
0 0.18333 0.40813 0.11382 0.05287
0 0.34859 0.46775 0.13297 0.0696
0 0.49044 0.52737 0.1151 0.0722
0 0.6494 0.58699 0.1073 0.07858
0 0.80447 0.64662 0.1693 0.06643
0 0.24172 0.70624 0.12732 0.06042
0 0.38491 0.76586 0.19414 0.04897
0 0.54645 0.82548 0.13345 0.05252
0 0.70784 0.88510 0.15694 0.04603
0 0.85747 0.93949 0.13116 0.05731