0 0.16969 0.05510 0.12008 0.05776
0 0.32357 0.10986 0.10959 0.0785
0 0.46425 0.16997 0.18998 0.07238
0 0.61616 0.23007 0.11429 0.07819
0 0.82124 0.29017 0.12372 0.06128
0 0.23639 0.35027 0.16899 0.04661
0 0.38826 0.41037 0.13533 0.06357
0 0.55172 0.47047 0.18712 0.06657
0 0.70835 0.53057 0.17459 0.06709
0 0.84737 0.59067 0.11127 0.07254
0 0.16654 0.65078 0.1756 0.07333
0 0.31686 0.71088 0.17153 0.04909
0 0.45673 0.77098 0.19133 0.06392
0 0.61451 0.83108 0.19282 0.04641
0 0.82708 0.89118 0.13592 0.07294
0 0.23553 0.95062 0.15005 0.05443
0 0.41399 0.05510 0.11904 0.07076
0 0.54069 0.10986 0.11494 0.0775
0 0.68412 0.16997 0.1569 0.07945
0 0.84019 0.23007 0.11898 0.04456
0 0.16963 0.29017 0.13791 0.07424
0 0.36821 0.35027 0.13921 0.06809
0 0.50561 0.41037 0.1534 0.0615
0 0.67004 0.47047 0.16966 0.05357
0 0.80733 0.53057 0.10778 0.0537
0 0.23826 0.59067 0.17581 0.0774
0 0.38246 0.65078 0.1741 0.07913
0 0.53429 0.71088 0.12936 0.07937
0 0.65922 0.77098 0.19534 0.06693
0 0.82398 0.83108 0.11702 0.04825
0 0.16701 0.89118 0.11876 0.04971
0 0.34387 0.95062 0.12019 0.07781
0 0.49632 0.05510 0.19405 0.05188
0 0.62257 0.10986 0.12099 0.05077
0 0.79411 0.16997 0.11719 0.07311
0 0.24224 0.23007 0.14052 0.05907
0 0.39592 0.29017 0.1845 0.07121
0 0.53165 0.35027 0.19612 0.04809
0 0.67419 0.41037 0.18473 0.04589
0 0.83989 0.47047 0.11398 0.04908
0 0.13693 0.53057 0.16363 0.05033
0 0.34254 0.59067 0.12513 0.06244
0 0.49491 0.65078 0.16155 0.05209
0 0.62588 0.71088 0.19328 0.07929
0 0.8102 0.77098 0.14412 0.04398
0 0.23462 0.83108 0.19451 0.07207
0 0.39479 0.89118 0.17582 0.06945
0 0.55303 0.95062 0.11229 0.07031
0 0.69421 0.05510 0.11962 0.05812
0 0.86089 0.10986 0.18776 0.06193
0 0.14998 0.16997 0.13647 0.05873
0 0.36554 0.23007 0.17799 0.04919
0 0.50412 0.29017 0.18909 0.0635
0 0.62625 0.35027 0.1537 0.05344
0 0.8294 0.41037 0.15045 0.05215
0 0.22815 0.47047 0.17064 0.06508
0 0.40986 0.53057 0.13387 0.06847
0 0.55012 0.59067 0.16781 0.06043
0 0.68445 0.65078 0.19152 0.04677
0 0.83175 0.71088 0.18176 0.06656
0 0.18378 0.77098 0.17377 0.06021
0 0.35814 0.83108 0.1715 0.08014
0 0.50209 0.89118 0.16263 0.05541
0 0.63437 0.95062 0.16682 0.0511
0 0.78998 0.05510 0.1417 0.04511
0 0.2391 0.10986 0.16409 0.04356
0 0.38884 0.16997 0.11302 0.04859
0 0.52835 0.23007 0.1258 0.0508
0 0.6739 0.29017 0.13557 0.05654
0 0.86389 0.35027 0.18894 0.076
0 0.18335 0.41037 0.12521 0.04838
0 0.3416 0.47047 0.13021 0.06403
0 0.51177 0.53057 0.18449 0.06565
0 0.65334 0.59067 0.14764 0.05749
0 0.79079 0.65078 0.19556 0.04785
0 0.23598 0.71088 0.16171 0.07503
0 0.39874 0.77098 0.15743 0.07
0 0.5449 0.83108 0.16938 0.06932
0 0.70165 0.89118 0.13811 0.05195
0 0.86035 0.95062 0.19882 0.07824