0 0.1714 0.05529 0.14769 0.05288
0 0.32131 0.11136 0.17623 0.04445
0 0.4803 0.17175 0.14912 0.07115
0 0.63063 0.23214 0.13508 0.05189
0 0.79441 0.29252 0.18509 0.05565
0 0.23506 0.35291 0.17619 0.06183
0 0.39016 0.41330 0.19774 0.06726
0 0.54971 0.47368 0.19784 0.0467
0 0.68985 0.53407 0.15419 0.06455
0 0.83161 0.59446 0.16978 0.06815
0 0.17004 0.65485 0.13371 0.0442
0 0.32101 0.71523 0.11441 0.07054
0 0.4555 0.77562 0.14752 0.0461
0 0.61119 0.83601 0.11649 0.04281
0 0.82924 0.89639 0.1572 0.06366
0 0.23555 0.95995 0.18729 0.04582
0 0.40995 0.05529 0.18108 0.07824
0 0.55647 0.11136 0.17353 0.05206
0 0.67268 0.17175 0.20013 0.06571
0 0.84879 0.23214 0.14518 0.08007
0 0.16869 0.29252 0.1409 0.06293
0 0.35523 0.35291 0.12512 0.05328
0 0.50993 0.41330 0.19088 0.04525
0 0.66805 0.47368 0.13949 0.05634
0 0.79787 0.53407 0.11939 0.04769
0 0.24104 0.59446 0.19493 0.04725
0 0.38224 0.65485 0.19 0.07782
0 0.52678 0.71523 0.15802 0.05924
0 0.66511 0.77562 0.11221 0.06887
0 0.8211 0.83601 0.16918 0.053
0 0.16456 0.89639 0.15553 0.07362
0 0.34626 0.95995 0.10613 0.07564
0 0.49454 0.05529 0.14077 0.07458
0 0.61853 0.11136 0.17593 0.06526
0 0.77697 0.17175 0.13928 0.04527
0 0.24243 0.23214 0.10902 0.04263
0 0.38364 0.29252 0.19195 0.0515
0 0.54126 0.35291 0.11103 0.07354
0 0.67531 0.41330 0.14049 0.07454
0 0.85337 0.47368 0.1179 0.05118
0 0.14168 0.53407 0.19737 0.0617
0 0.33463 0.59446 0.1658 0.07032
0 0.4896 0.65485 0.1471 0.0454
0 0.61262 0.71523 0.1198 0.05969
0 0.82571 0.77562 0.10716 0.06998
0 0.24121 0.83601 0.11546 0.05353
0 0.40319 0.89639 0.16555 0.05161
0 0.55188 0.95995 0.1437 0.05342
0 0.69017 0.05529 0.12313 0.04378
0 0.86481 0.11136 0.19499 0.05406
0 0.15037 0.17175 0.10624 0.05078
0 0.35677 0.23214 0.12892 0.07978
0 0.50088 0.29252 0.12925 0.04742
0 0.63872 0.35291 0.1556 0.07242
0 0.81198 0.41330 0.1974 0.06812
0 0.21815 0.47368 0.1665 0.05444
0 0.40542 0.53407 0.15807 0.07702
0 0.55277 0.59446 0.1163 0.05803
0 0.68616 0.65485 0.17149 0.07762
0 0.86687 0.71523 0.19028 0.04523
0 0.1813 0.77562 0.13177 0.05713
0 0.36921 0.83601 0.1556 0.06097
0 0.49889 0.89639 0.14228 0.05953
0 0.65445 0.95995 0.16076 0.06089
0 0.8246 0.05529 0.12628 0.06521
0 0.23559 0.11136 0.16622 0.07274
0 0.38708 0.17175 0.15324 0.04408
0 0.53433 0.23214 0.1741 0.05047
0 0.68799 0.29252 0.13779 0.06107
0 0.84461 0.35291 0.15876 0.05522
0 0.18581 0.41330 0.18142 0.06357
0 0.34289 0.47368 0.13101 0.04816
0 0.49397 0.53407 0.1514 0.0557
0 0.64817 0.59446 0.18972 0.06009
0 0.79203 0.65485 0.1937 0.0559
0 0.23312 0.71523 0.195 0.05908
0 0.39274 0.77562 0.14522 0.06772
0 0.53516 0.83601 0.11887 0.04671
0 0.71128 0.89639 0.16112 0.04494
0 0.843 0.95995 0.14724 0.06864