0 0.16472 0.05528 0.17935 0.05238
0 0.31985 0.11191 0.19078 0.06431
0 0.4705 0.17316 0.12743 0.05885
0 0.63024 0.23441 0.11561 0.05808
0 0.82275 0.29565 0.18416 0.04447
0 0.23601 0.35690 0.14609 0.05222
0 0.39319 0.41815 0.17462 0.05163
0 0.55697 0.47940 0.19438 0.06917
0 0.70932 0.54064 0.13402 0.06727
0 0.86473 0.60189 0.1355 0.04692
0 0.17129 0.66314 0.15789 0.0473
0 0.31598 0.72439 0.15816 0.04537
0 0.46453 0.78563 0.16644 0.07015
0 0.62137 0.84688 0.16232 0.0634
0 0.82245 0.90813 0.12126 0.07389
0 0.23943 0.95462 0.14547 0.04643
0 0.40137 0.05528 0.14086 0.0521
0 0.53177 0.11191 0.11363 0.04447
0 0.67103 0.17316 0.12835 0.06719
0 0.8423 0.23441 0.19981 0.05289
0 0.17032 0.29565 0.1918 0.06917
0 0.37016 0.35690 0.18062 0.04734
0 0.51517 0.41815 0.11881 0.06219
0 0.67199 0.47940 0.15795 0.04416
0 0.77717 0.54064 0.11114 0.04625
0 0.24154 0.60189 0.16985 0.06011
0 0.39139 0.66314 0.18359 0.06923
0 0.54296 0.72439 0.19199 0.0651
0 0.68257 0.78563 0.11994 0.05015
0 0.82339 0.84688 0.13481 0.06576
0 0.16628 0.90813 0.17959 0.06879
0 0.34128 0.95462 0.152 0.0543
0 0.48718 0.05528 0.15784 0.07278
0 0.61237 0.11191 0.18887 0.04914
0 0.78877 0.17316 0.19924 0.05153
0 0.24218 0.23441 0.10787 0.06486
0 0.39073 0.29565 0.13919 0.07517
0 0.53596 0.35690 0.15647 0.0733
0 0.68956 0.41815 0.17657 0.06468
0 0.85132 0.47940 0.19752 0.04251
0 0.1379 0.54064 0.1716 0.07805
0 0.33949 0.60189 0.13183 0.07231
0 0.48637 0.66314 0.19574 0.05749
0 0.61424 0.72439 0.19164 0.07537
0 0.82451 0.78563 0.14919 0.06786
0 0.24287 0.84688 0.17519 0.05157
0 0.39708 0.90813 0.1587 0.04878
0 0.5446 0.95462 0.19977 0.0749
0 0.69265 0.05528 0.14277 0.05474
0 0.83494 0.11191 0.18919 0.05469
0 0.14998 0.17316 0.19028 0.05752
0 0.36185 0.23441 0.14246 0.07122
0 0.49324 0.29565 0.17466 0.04861
0 0.65715 0.35690 0.19211 0.06838
0 0.82731 0.41815 0.19131 0.06669
0 0.22815 0.47940 0.11375 0.0734
0 0.41453 0.54064 0.10921 0.0567
0 0.5496 0.60189 0.16003 0.04665
0 0.69085 0.66314 0.10694 0.07484
0 0.84601 0.72439 0.12476 0.06932
0 0.17752 0.78563 0.10802 0.06411
0 0.3619 0.84688 0.18076 0.07038
0 0.50357 0.90813 0.12406 0.07085
0 0.64337 0.95462 0.19583 0.06336
0 0.82111 0.05528 0.17868 0.07263
0 0.23849 0.11191 0.18305 0.06771
0 0.39953 0.17316 0.14623 0.06261
0 0.53388 0.23441 0.13437 0.06829
0 0.69685 0.29565 0.1702 0.07845
0 0.83547 0.35690 0.18701 0.0661
0 0.18429 0.41815 0.18826 0.07332
0 0.35725 0.47940 0.19064 0.04955
0 0.49578 0.54064 0.1856 0.07077
0 0.66951 0.60189 0.15181 0.05078
0 0.81669 0.66314 0.15213 0.05813
0 0.23995 0.72439 0.11223 0.07225
0 0.39445 0.78563 0.14915 0.05751
0 0.55241 0.84688 0.16222 0.04413
0 0.69895 0.90813 0.11644 0.05001
0 0.86225 0.95462 0.13848 0.04404