0 0.16644 0.05502 0.15512 0.05801
0 0.3198 0.11089 0.15003 0.04847
0 0.47912 0.17187 0.17754 0.0703
0 0.63699 0.23285 0.12466 0.05242
0 0.79089 0.29383 0.14515 0.05755
0 0.23924 0.35480 0.18585 0.07172
0 0.39815 0.41578 0.16921 0.05427
0 0.53305 0.47676 0.19604 0.04499
0 0.69717 0.53774 0.18882 0.05084
0 0.84292 0.59871 0.17632 0.04696
0 0.17102 0.65969 0.13089 0.06152
0 0.32244 0.72067 0.11575 0.06878
0 0.47108 0.78165 0.15759 0.07303
0 0.6009 0.84262 0.19226 0.06503
0 0.79463 0.90360 0.14598 0.06187
0 0.24123 0.94479 0.15391 0.06286
0 0.40698 0.05502 0.14174 0.04252
0 0.54987 0.11089 0.13096 0.05177
0 0.6975 0.17187 0.13353 0.07327
0 0.85204 0.23285 0.12036 0.07341
0 0.1645 0.29383 0.18237 0.07175
0 0.36222 0.35480 0.1735 0.05818
0 0.50955 0.41578 0.19138 0.04524
0 0.65994 0.47676 0.19426 0.05008
0 0.77897 0.53774 0.16704 0.0534
0 0.24072 0.59871 0.11754 0.04384
0 0.38558 0.65969 0.19556 0.07272
0 0.52405 0.72067 0.19426 0.06883
0 0.67595 0.78165 0.14396 0.07255
0 0.83864 0.84262 0.15525 0.04598
0 0.16832 0.90360 0.16397 0.07341
0 0.34471 0.94479 0.10955 0.07623
0 0.48461 0.05502 0.18436 0.04612
0 0.60888 0.11089 0.17192 0.04853
0 0.78942 0.17187 0.17474 0.06945
0 0.23465 0.23285 0.15912 0.04409
0 0.38419 0.29383 0.12525 0.05308
0 0.53297 0.35480 0.19679 0.0611
0 0.69826 0.41578 0.17824 0.07102
0 0.85473 0.47676 0.16165 0.06587
0 0.13883 0.53774 0.10878 0.07239
0 0.33012 0.59871 0.13322 0.05229
0 0.49769 0.65969 0.11598 0.05547
0 0.61539 0.72067 0.10962 0.07428
0 0.81184 0.78165 0.14472 0.05736
0 0.23329 0.84262 0.19065 0.07179
0 0.39802 0.90360 0.19741 0.04371
0 0.53862 0.94479 0.13213 0.05544
0 0.68621 0.05502 0.12585 0.07044
0 0.8726 0.11089 0.14107 0.05884
0 0.1501 0.17187 0.17075 0.05073
0 0.35878 0.23285 0.17371 0.06081
0 0.50516 0.29383 0.16436 0.07837
0 0.64834 0.35480 0.12715 0.07213
0 0.81155 0.41578 0.1408 0.07557
0 0.2194 0.47676 0.19469 0.07902
0 0.40384 0.53774 0.19938 0.07292
0 0.55169 0.59871 0.15707 0.08012
0 0.6703 0.65969 0.12267 0.06739
0 0.84063 0.72067 0.17108 0.04637
0 0.18307 0.78165 0.1279 0.07101
0 0.36958 0.84262 0.13103 0.0574
0 0.49084 0.90360 0.16949 0.05362
0 0.63564 0.94479 0.14412 0.0461
0 0.79318 0.05502 0.17257 0.07018
0 0.23875 0.11089 0.11409 0.06681
0 0.38231 0.17187 0.11031 0.07067
0 0.52577 0.23285 0.1721 0.04366
0 0.69644 0.29383 0.18945 0.05784
0 0.86329 0.35480 0.19182 0.05493
0 0.18207 0.41578 0.1334 0.04925
0 0.34382 0.47676 0.14942 0.08008
0 0.49002 0.53774 0.15161 0.06513
0 0.64626 0.59871 0.1902 0.06858
0 0.82311 0.65969 0.15808 0.06849
0 0.24004 0.72067 0.16294 0.0625
0 0.39458 0.78165 0.18231 0.06944
0 0.55523 0.84262 0.18617 0.07962
0 0.70318 0.90360 0.18418 0.06815
0 0.86506 0.94479 0.13808 0.06229