0 0.17065 0.05449 0.15503 0.07023
0 0.3186 0.11140 0.14131 0.04479
0 0.48351 0.17080 0.19186 0.07526
0 0.61714 0.23020 0.19641 0.05486
0 0.81351 0.28961 0.10867 0.05305
0 0.23449 0.34901 0.12727 0.0441
0 0.3872 0.40841 0.16104 0.05772
0 0.53601 0.46781 0.15071 0.05604
0 0.69703 0.52722 0.14537 0.07126
0 0.85654 0.58662 0.17785 0.04971
0 0.1663 0.64602 0.11827 0.06926
0 0.31376 0.70542 0.1945 0.07056
0 0.44922 0.76482 0.16636 0.07966
0 0.61301 0.82423 0.10798 0.06896
0 0.79246 0.88363 0.13715 0.05012
0 0.24099 0.94206 0.16495 0.04487
0 0.41361 0.05449 0.12623 0.0623
0 0.53314 0.11140 0.18755 0.06862
0 0.70077 0.17080 0.11482 0.06458
0 0.85326 0.23020 0.12863 0.06433
0 0.16516 0.28961 0.18367 0.04512
0 0.35579 0.34901 0.13414 0.07819
0 0.52005 0.40841 0.15779 0.07474
0 0.64876 0.46781 0.15729 0.07378
0 0.79094 0.52722 0.17596 0.05558
0 0.23871 0.58662 0.14762 0.07906
0 0.39153 0.64602 0.17615 0.04984
0 0.53136 0.70542 0.13111 0.05156
0 0.68631 0.76482 0.12934 0.05455
0 0.84657 0.82423 0.17304 0.04624
0 0.16348 0.88363 0.14968 0.06976
0 0.35539 0.94206 0.11899 0.07995
0 0.49807 0.05449 0.18449 0.04746
0 0.62447 0.11140 0.18294 0.04999
0 0.80898 0.17080 0.16365 0.05902
0 0.24103 0.23020 0.15899 0.06789
0 0.38386 0.28961 0.11066 0.05224
0 0.52635 0.34901 0.19289 0.04864
0 0.70076 0.40841 0.17636 0.07929
0 0.84351 0.46781 0.18467 0.05928
0 0.13841 0.52722 0.12552 0.05324
0 0.32978 0.58662 0.19978 0.05873
0 0.49957 0.64602 0.1987 0.05279
0 0.62256 0.70542 0.17161 0.04927
0 0.80663 0.76482 0.19904 0.07214
0 0.23181 0.82423 0.19715 0.07403
0 0.39964 0.88363 0.17269 0.07384
0 0.53965 0.94206 0.12445 0.05439
0 0.69746 0.05449 0.17357 0.06376
0 0.83675 0.11140 0.18951 0.05258
0 0.15391 0.17080 0.13614 0.07882
0 0.36123 0.23020 0.13071 0.0655
0 0.4982 0.28961 0.1995 0.04398
0 0.64036 0.34901 0.16382 0.05174
0 0.80312 0.40841 0.11418 0.06491
0 0.2264 0.46781 0.19786 0.06087
0 0.40073 0.52722 0.13074 0.06183
0 0.5334 0.58662 0.16275 0.07054
0 0.67788 0.64602 0.11734 0.07692
0 0.84139 0.70542 0.18204 0.04716
0 0.17969 0.76482 0.18731 0.06242
0 0.36289 0.82423 0.11411 0.07488
0 0.5025 0.88363 0.12213 0.07425
0 0.63213 0.94206 0.13987 0.06913
0 0.78989 0.05449 0.15697 0.07287
0 0.24134 0.11140 0.12606 0.05258
0 0.39958 0.17080 0.12723 0.05211
0 0.53604 0.23020 0.17867 0.05435
0 0.66795 0.28961 0.19055 0.05967
0 0.85341 0.34901 0.10787 0.05454
0 0.18388 0.40841 0.18372 0.0569
0 0.34282 0.46781 0.16164 0.06518
0 0.49858 0.52722 0.19873 0.07969
0 0.65024 0.58662 0.11108 0.04459
0 0.82488 0.64602 0.142 0.07498
0 0.23709 0.70542 0.12466 0.05666
0 0.38175 0.76482 0.16321 0.04478
0 0.55221 0.82423 0.11645 0.04683
0 0.71506 0.88363 0.18272 0.04391
0 0.83543 0.94206 0.10838 0.07633