0 0.1649 0.05511 0.12836 0.05849
0 0.31579 0.11008 0.11526 0.05376
0 0.47873 0.17146 0.1447 0.07595
0 0.625 0.23285 0.11843 0.04308
0 0.82713 0.29423 0.17721 0.04801
0 0.23701 0.35562 0.13889 0.0786
0 0.38893 0.41700 0.14847 0.06937
0 0.53598 0.47839 0.12486 0.05398
0 0.69226 0.53977 0.17551 0.07366
0 0.84896 0.60116 0.12524 0.07289
0 0.16448 0.66254 0.17849 0.07672
0 0.32871 0.72393 0.12881 0.06667
0 0.45924 0.78531 0.16393 0.06614
0 0.62345 0.84670 0.13867 0.04689
0 0.82238 0.90808 0.1742 0.07708
0 0.23412 0.96310 0.11712 0.06596
0 0.40764 0.05511 0.12311 0.05214
0 0.53782 0.11008 0.12434 0.0783
0 0.67117 0.17146 0.14006 0.04417
0 0.84752 0.23285 0.14419 0.04322
0 0.1639 0.29423 0.12735 0.04575
0 0.35587 0.35562 0.16915 0.06196
0 0.51722 0.41700 0.19631 0.07556
0 0.64663 0.47839 0.14676 0.05759
0 0.77686 0.53977 0.18185 0.0636
0 0.24313 0.60116 0.18132 0.06498
0 0.39559 0.66254 0.1999 0.04526
0 0.54314 0.72393 0.12604 0.05719
0 0.68505 0.78531 0.13709 0.05581
0 0.83632 0.84670 0.17794 0.05166
0 0.17156 0.90808 0.17741 0.0465
0 0.35509 0.96310 0.1967 0.04666
0 0.4839 0.05511 0.1598 0.0525
0 0.62797 0.11008 0.16344 0.05247
0 0.78033 0.17146 0.14049 0.07773
0 0.23277 0.23285 0.13846 0.04945
0 0.38112 0.29423 0.16263 0.06156
0 0.52522 0.35562 0.15562 0.04799
0 0.67951 0.41700 0.15179 0.07715
0 0.82168 0.47839 0.16788 0.07748
0 0.14105 0.53977 0.10967 0.04758
0 0.34263 0.60116 0.12397 0.0753
0 0.48422 0.66254 0.19363 0.04289
0 0.63716 0.72393 0.16103 0.06966
0 0.81649 0.78531 0.10752 0.07556
0 0.23268 0.84670 0.13375 0.05704
0 0.4093 0.90808 0.11033 0.05172
0 0.55474 0.96310 0.18099 0.04664
0 0.66696 0.05511 0.17313 0.07436
0 0.8346 0.11008 0.15663 0.0673
0 0.15255 0.17146 0.16139 0.07183
0 0.3704 0.23285 0.12595 0.05595
0 0.51497 0.29423 0.14509 0.04937
0 0.63156 0.35562 0.1547 0.04281
0 0.7964 0.41700 0.1851 0.04567
0 0.21892 0.47839 0.16828 0.05485
0 0.40693 0.53977 0.15143 0.05377
0 0.54199 0.60116 0.18647 0.06153
0 0.67565 0.66254 0.15146 0.05701
0 0.83882 0.72393 0.13174 0.07777
0 0.17864 0.78531 0.175 0.04844
0 0.36985 0.84670 0.19747 0.07183
0 0.50579 0.90808 0.14148 0.04912
0 0.64599 0.96310 0.12856 0.0728
0 0.81596 0.05511 0.12895 0.06364
0 0.23348 0.11008 0.10785 0.06015
0 0.39328 0.17146 0.19871 0.05599
0 0.54035 0.23285 0.18174 0.05645
0 0.67301 0.29423 0.15919 0.05687
0 0.85763 0.35562 0.14273 0.05209
0 0.18493 0.41700 0.16759 0.07908
0 0.34463 0.47839 0.19975 0.06734
0 0.50466 0.53977 0.17336 0.06148
0 0.65561 0.60116 0.11572 0.04989
0 0.82324 0.66254 0.14824 0.04636
0 0.232 0.72393 0.17138 0.07593
0 0.39549 0.78531 0.13746 0.05611
0 0.54585 0.84670 0.19297 0.05954
0 0.69547 0.90808 0.1657 0.04487
0 0.86331 0.96310 0.19395 0.07451