0 0.16423 0.05590 0.17215 0.07526
0 0.32226 0.11043 0.14433 0.04667
0 0.48081 0.17162 0.11327 0.07576
0 0.63581 0.23282 0.12352 0.07182
0 0.80314 0.29402 0.1626 0.06709
0 0.23645 0.35521 0.15901 0.04842
0 0.38672 0.41641 0.13139 0.07769
0 0.54439 0.47760 0.12806 0.0517
0 0.70465 0.53880 0.17177 0.06633
0 0.83601 0.60000 0.16479 0.05233
0 0.1686 0.66119 0.11388 0.06128
0 0.32386 0.72239 0.17425 0.07318
0 0.45751 0.78358 0.16344 0.07707
0 0.61777 0.84478 0.16018 0.04855
0 0.80978 0.90598 0.17904 0.06099
0 0.23945 0.95846 0.13799 0.08004
0 0.40334 0.05590 0.10648 0.06594
0 0.54512 0.11043 0.19045 0.05897
0 0.67989 0.17162 0.19206 0.05523
0 0.83246 0.23282 0.14533 0.05289
0 0.17162 0.29402 0.18216 0.04459
0 0.36516 0.35521 0.15137 0.07235
0 0.51253 0.41641 0.11172 0.06132
0 0.6657 0.47760 0.13954 0.07659
0 0.79556 0.53880 0.12779 0.06983
0 0.23516 0.60000 0.11148 0.06851
0 0.39756 0.66119 0.17009 0.04764
0 0.53725 0.72239 0.16894 0.05349
0 0.67603 0.78358 0.10696 0.06609
0 0.83307 0.84478 0.13834 0.07663
0 0.16816 0.90598 0.1952 0.05813
0 0.35539 0.95846 0.12866 0.05767
0 0.4839 0.05590 0.11565 0.07379
0 0.61724 0.11043 0.15246 0.04666
0 0.81083 0.17162 0.10973 0.05606
0 0.24266 0.23282 0.12223 0.05736
0 0.39848 0.29402 0.17917 0.06253
0 0.52491 0.35521 0.19143 0.08009
0 0.68487 0.41641 0.19469 0.06436
0 0.82771 0.47760 0.16742 0.08008
0 0.14195 0.53880 0.16739 0.06426
0 0.33665 0.60000 0.18086 0.07759
0 0.49704 0.66119 0.17088 0.05153
0 0.62452 0.72239 0.17253 0.06617
0 0.81531 0.78358 0.14993 0.04726
0 0.23653 0.84478 0.16961 0.05181
0 0.39757 0.90598 0.10905 0.05215
0 0.54611 0.95846 0.18343 0.04841
0 0.6916 0.05590 0.15092 0.0688
0 0.84 0.11043 0.15608 0.07684
0 0.15006 0.17162 0.1584 0.05505
0 0.35841 0.23282 0.13594 0.04558
0 0.49115 0.29402 0.16316 0.0648
0 0.64767 0.35521 0.15659 0.04656
0 0.82419 0.41641 0.16563 0.06182
0 0.21817 0.47760 0.13073 0.04508
0 0.41067 0.53880 0.1995 0.07354
0 0.55705 0.60000 0.11772 0.07938
0 0.69599 0.66119 0.11721 0.05624
0 0.87117 0.72239 0.15103 0.06237
0 0.17934 0.78358 0.19436 0.06232
0 0.35899 0.84478 0.11864 0.0511
0 0.50444 0.90598 0.11282 0.07706
0 0.64807 0.95846 0.19701 0.05052
0 0.8104 0.05590 0.19639 0.05665
0 0.23543 0.11043 0.12265 0.07132
0 0.38668 0.17162 0.1065 0.0664
0 0.53791 0.23282 0.13537 0.07271
0 0.70022 0.29402 0.12178 0.06155
0 0.84534 0.35521 0.14805 0.04503
0 0.17818 0.41641 0.11065 0.05773
0 0.35276 0.47760 0.1984 0.05404
0 0.49575 0.53880 0.15518 0.07609
0 0.64109 0.60000 0.15274 0.05742
0 0.82166 0.66119 0.18964 0.06884
0 0.24113 0.72239 0.18114 0.04438
0 0.39011 0.78358 0.13148 0.04547
0 0.5458 0.84478 0.19541 0.047
0 0.6905 0.90598 0.16925 0.07969
0 0.85332 0.95846 0.18207 0.05856