0 0.16834 0.05558 0.1806 0.05958
0 0.32815 0.11001 0.16754 0.05865
0 0.47261 0.17104 0.15761 0.06882
0 0.62284 0.23208 0.15472 0.04361
0 0.81985 0.29312 0.11703 0.05559
0 0.2379 0.35416 0.15354 0.05382
0 0.3866 0.41520 0.13458 0.0505
0 0.54669 0.47624 0.14816 0.07712
0 0.71124 0.53728 0.19283 0.06272
0 0.84455 0.59832 0.1953 0.07597
0 0.16564 0.65935 0.162 0.04911
0 0.31416 0.72039 0.13805 0.05777
0 0.46478 0.78143 0.18148 0.07182
0 0.60215 0.84247 0.15398 0.04417
0 0.82329 0.90351 0.12849 0.07921
0 0.23814 0.95009 0.17725 0.07651
0 0.40848 0.05558 0.19524 0.06662
0 0.54451 0.11001 0.1809 0.06429
0 0.66903 0.17104 0.17566 0.07137
0 0.86621 0.23208 0.18882 0.04841
0 0.16774 0.29312 0.16191 0.05266
0 0.35904 0.35416 0.15622 0.04495
0 0.52193 0.41520 0.12284 0.04564
0 0.64253 0.47624 0.15211 0.07042
0 0.78578 0.53728 0.13877 0.04662
0 0.23325 0.59832 0.16927 0.06178
0 0.39879 0.65935 0.16036 0.05034
0 0.51723 0.72039 0.16389 0.05547
0 0.67684 0.78143 0.1297 0.05486
0 0.83258 0.84247 0.16498 0.0485
0 0.16693 0.90351 0.1535 0.04982
0 0.34098 0.95009 0.16122 0.05661
0 0.49309 0.05558 0.17876 0.04613
0 0.6235 0.11001 0.16646 0.06458
0 0.79586 0.17104 0.16948 0.05012
0 0.23356 0.23208 0.10766 0.07776
0 0.39766 0.29312 0.19068 0.07434
0 0.54024 0.35416 0.18855 0.04907
0 0.68968 0.41520 0.13518 0.06768
0 0.82045 0.47624 0.14721 0.07815
0 0.13834 0.53728 0.19245 0.04557
0 0.33872 0.59832 0.16188 0.0645
0 0.49199 0.65935 0.13445 0.04818
0 0.62352 0.72039 0.19465 0.08008
0 0.80956 0.78143 0.1915 0.07946
0 0.24007 0.84247 0.15755 0.07482
0 0.4052 0.90351 0.14858 0.05933
0 0.55274 0.95009 0.1955 0.06035
0 0.68738 0.05558 0.11798 0.05885
0 0.83109 0.11001 0.15934 0.07692
0 0.15163 0.17104 0.12301 0.04402
0 0.35548 0.23208 0.11491 0.04665
0 0.49634 0.29312 0.1167 0.05004
0 0.65039 0.35416 0.19325 0.07625
0 0.80716 0.41520 0.11421 0.04616
0 0.22386 0.47624 0.16525 0.04885
0 0.41093 0.53728 0.14718 0.05533
0 0.54541 0.59832 0.11024 0.05976
0 0.70024 0.65935 0.19773 0.06864
0 0.83901 0.72039 0.167 0.05706
0 0.18529 0.78143 0.16287 0.07517
0 0.35577 0.84247 0.17367 0.05566
0 0.49331 0.90351 0.19653 0.07004
0 0.64602 0.95009 0.18754 0.04279
0 0.80905 0.05558 0.13974 0.05993
0 0.24277 0.11001 0.13921 0.07757
0 0.39541 0.17104 0.15961 0.0707
0 0.52333 0.23208 0.18629 0.07209
0 0.68905 0.29312 0.12202 0.06438
0 0.83712 0.35416 0.16598 0.07987
0 0.1772 0.41520 0.14328 0.07488
0 0.35534 0.47624 0.14591 0.04378
0 0.49404 0.53728 0.18404 0.05337
0 0.66548 0.59832 0.19328 0.04413
0 0.79286 0.65935 0.17333 0.06622
0 0.23423 0.72039 0.16479 0.06727
0 0.38459 0.78143 0.16207 0.06285
0 0.55419 0.84247 0.16618 0.04326
0 0.69402 0.90351 0.12356 0.05221
0 0.8547 0.95009 0.19833 0.05048