0 0.16667 0.05603 0.14053 0.06735
0 0.31592 0.10910 0.14706 0.0646
0 0.48323 0.17015 0.18817 0.05214
0 0.64029 0.23120 0.11461 0.06809
0 0.80995 0.29226 0.19646 0.07619
0 0.23408 0.35331 0.15546 0.0568
0 0.39915 0.41436 0.13696 0.05428
0 0.53627 0.47541 0.15236 0.04838
0 0.70388 0.53647 0.17293 0.06773
0 0.8502 0.59752 0.12407 0.06248
0 0.17035 0.65857 0.1591 0.07301
0 0.31346 0.71962 0.1643 0.06185
0 0.45951 0.78068 0.1204 0.04954
0 0.61169 0.84173 0.19588 0.07179
0 0.79133 0.90278 0.12586 0.07655
0 0.24232 0.96427 0.18869 0.06368
0 0.41412 0.05603 0.12798 0.06504
0 0.53724 0.10910 0.14931 0.0658
0 0.67961 0.17015 0.19136 0.06696
0 0.85822 0.23120 0.16136 0.0474
0 0.16588 0.29226 0.10982 0.05191
0 0.37071 0.35331 0.13222 0.06848
0 0.50844 0.41436 0.12977 0.0568
0 0.66297 0.47541 0.12632 0.06352
0 0.77994 0.53647 0.16981 0.04987
0 0.23508 0.59752 0.15823 0.07202
0 0.39647 0.65857 0.12518 0.06583
0 0.52103 0.71962 0.19904 0.05109
0 0.66382 0.78068 0.10875 0.04579
0 0.8486 0.84173 0.1674 0.07945
0 0.16583 0.90278 0.11523 0.06683
0 0.35135 0.96427 0.14215 0.06979
0 0.49405 0.05603 0.13664 0.06561
0 0.6206 0.10910 0.11451 0.07925
0 0.80216 0.17015 0.13159 0.05188
0 0.23546 0.23120 0.19071 0.05303
0 0.39564 0.29226 0.1699 0.06318
0 0.53777 0.35331 0.15304 0.07847
0 0.68999 0.41436 0.14951 0.05192
0 0.82438 0.47541 0.15799 0.06272
0 0.13823 0.53647 0.13724 0.06441
0 0.3319 0.59752 0.12365 0.06067
0 0.50065 0.65857 0.11692 0.06058
0 0.63706 0.71962 0.1613 0.05342
0 0.81766 0.78068 0.14042 0.04927
0 0.24124 0.84173 0.11317 0.0512
0 0.40209 0.90278 0.13724 0.06084
0 0.5533 0.96427 0.16208 0.06749
0 0.69303 0.05603 0.15338 0.04401
0 0.8577 0.10910 0.17973 0.07827
0 0.14996 0.17015 0.1837 0.05924
0 0.37194 0.23120 0.19066 0.05866
0 0.50942 0.29226 0.15977 0.07062
0 0.63657 0.35331 0.10984 0.05167
0 0.79117 0.41436 0.19634 0.07044
0 0.22291 0.47541 0.19086 0.05316
0 0.40626 0.53647 0.12043 0.04474
0 0.54511 0.59752 0.16887 0.06554
0 0.67563 0.65857 0.1115 0.0567
0 0.86458 0.71962 0.18791 0.0733
0 0.18376 0.78068 0.15965 0.04434
0 0.36668 0.84173 0.13538 0.07572
0 0.51053 0.90278 0.11581 0.04548
0 0.63675 0.96427 0.11108 0.07396
0 0.80912 0.05603 0.19753 0.0687
0 0.24297 0.10910 0.11495 0.06518
0 0.39949 0.17015 0.16791 0.0618
0 0.52125 0.23120 0.14103 0.05177
0 0.70079 0.29226 0.15872 0.06898
0 0.85684 0.35331 0.18615 0.06304
0 0.17769 0.41436 0.18112 0.07567
0 0.34802 0.47541 0.17425 0.0475
0 0.49765 0.53647 0.15992 0.07519
0 0.65437 0.59752 0.14238 0.07942
0 0.80041 0.65857 0.18877 0.05638
0 0.23421 0.71962 0.17645 0.04976
0 0.39972 0.78068 0.11244 0.06067
0 0.55359 0.84173 0.10995 0.05895
0 0.71118 0.90278 0.18636 0.04844
0 0.86953 0.96427 0.16141 0.07725