0 0.16434 0.05561 0.17424 0.04986
0 0.32659 0.10965 0.11753 0.0747
0 0.46428 0.17095 0.14943 0.0635
0 0.63941 0.23225 0.14323 0.06014
0 0.79175 0.29355 0.1629 0.06134
0 0.24299 0.35485 0.19459 0.07455
0 0.39082 0.41615 0.15919 0.04611
0 0.54282 0.47745 0.1633 0.0703
0 0.69571 0.53875 0.17029 0.04879
0 0.84263 0.60004 0.12985 0.04912
0 0.16602 0.66134 0.15663 0.05488
0 0.32882 0.72264 0.11946 0.05052
0 0.47199 0.78394 0.16485 0.04306
0 0.60103 0.84524 0.15628 0.06765
0 0.80636 0.90654 0.11248 0.06095
0 0.23782 0.96091 0.10878 0.05813
0 0.40083 0.05561 0.12397 0.05591
0 0.53793 0.10965 0.12587 0.06152
0 0.67891 0.17095 0.14701 0.046
0 0.8626 0.23225 0.15364 0.06347
0 0.16484 0.29355 0.10777 0.06433
0 0.35389 0.35485 0.17146 0.06178
0 0.51619 0.41615 0.1197 0.05836
0 0.64886 0.47745 0.19911 0.05994
0 0.79229 0.53875 0.19649 0.04865
0 0.24188 0.60004 0.14507 0.06033
0 0.38122 0.66134 0.12944 0.05749
0 0.53974 0.72264 0.15136 0.08014
0 0.66528 0.78394 0.19479 0.05059
0 0.83859 0.84524 0.12406 0.05464
0 0.17018 0.90654 0.11222 0.05305
0 0.35667 0.96091 0.12521 0.05253
0 0.47996 0.05561 0.13067 0.06758
0 0.62829 0.10965 0.10992 0.05216
0 0.80847 0.17095 0.19236 0.065
0 0.23855 0.23225 0.13861 0.06873
0 0.38753 0.29355 0.16542 0.05865
0 0.53708 0.35485 0.19687 0.04368
0 0.69629 0.41615 0.10749 0.06183
0 0.83572 0.47745 0.14503 0.04972
0 0.13941 0.53875 0.18999 0.06608
0 0.32726 0.60004 0.1885 0.05412
0 0.49728 0.66134 0.18248 0.05103
0 0.62708 0.72264 0.1496 0.04577
0 0.80962 0.78394 0.12812 0.04494
0 0.24048 0.84524 0.1672 0.0527
0 0.41204 0.90654 0.12363 0.06598
0 0.53363 0.96091 0.12617 0.05252
0 0.68501 0.05561 0.11903 0.07496
0 0.87246 0.10965 0.20006 0.07646
0 0.15513 0.17095 0.18309 0.06018
0 0.3668 0.23225 0.16784 0.06496
0 0.50699 0.29355 0.16163 0.06652
0 0.6454 0.35485 0.16199 0.05185
0 0.80716 0.41615 0.1467 0.06112
0 0.21939 0.47745 0.15581 0.06696
0 0.40185 0.53875 0.13718 0.04274
0 0.53655 0.60004 0.12882 0.06221
0 0.67396 0.66134 0.1863 0.07285
0 0.85986 0.72264 0.19224 0.0536
0 0.17857 0.78394 0.14178 0.04553
0 0.36241 0.84524 0.14204 0.06878
0 0.51086 0.90654 0.15552 0.07127
0 0.65342 0.96091 0.12657 0.04493
0 0.82603 0.05561 0.19655 0.07848
0 0.24033 0.10965 0.12383 0.06557
0 0.38258 0.17095 0.16304 0.06055
0 0.54143 0.23225 0.18931 0.04346
0 0.6913 0.29355 0.14546 0.07122
0 0.85892 0.35485 0.13692 0.07752
0 0.1818 0.41615 0.13279 0.04847
0 0.35746 0.47745 0.14064 0.07766
0 0.49311 0.53875 0.17975 0.05318
0 0.66884 0.60004 0.13417 0.05191
0 0.79046 0.66134 0.19207 0.05177
0 0.2366 0.72264 0.13012 0.04943
0 0.38136 0.78394 0.16032 0.0733
0 0.54947 0.84524 0.11443 0.06252
0 0.70316 0.90654 0.15484 0.06764
0 0.8534 0.96091 0.19651 0.04792