0 0.16855 0.05578 0.11652 0.07949
0 0.3279 0.10980 0.18455 0.06655
0 0.4671 0.17013 0.13755 0.05145
0 0.632 0.23047 0.18436 0.07021
0 0.79595 0.29080 0.11414 0.0797
0 0.23989 0.35113 0.12992 0.05154
0 0.39848 0.41147 0.19441 0.06514
0 0.54538 0.47180 0.12908 0.07419
0 0.68852 0.53213 0.13453 0.06167
0 0.87099 0.59247 0.16335 0.07134
0 0.16815 0.65280 0.17304 0.04576
0 0.31725 0.71313 0.18589 0.04714
0 0.45207 0.77347 0.13622 0.0708
0 0.61478 0.83380 0.18843 0.0532
0 0.80248 0.89413 0.1943 0.07278
0 0.23715 0.93859 0.11759 0.05879
0 0.40785 0.05578 0.13704 0.04972
0 0.54182 0.10980 0.19334 0.04948
0 0.69125 0.17013 0.16124 0.04976
0 0.85462 0.23047 0.1364 0.07676
0 0.16998 0.29080 0.11377 0.04911
0 0.35787 0.35113 0.10738 0.04676
0 0.51043 0.41147 0.11343 0.07334
0 0.65032 0.47180 0.15149 0.0661
0 0.80069 0.53213 0.13773 0.07125
0 0.2315 0.59247 0.15932 0.06492
0 0.39727 0.65280 0.11332 0.05234
0 0.52534 0.71313 0.16209 0.06529
0 0.67601 0.77347 0.1798 0.07366
0 0.83922 0.83380 0.11653 0.07684
0 0.16385 0.89413 0.12595 0.07149
0 0.34986 0.93859 0.1171 0.07989
0 0.48125 0.05578 0.16996 0.0756
0 0.60736 0.10980 0.16288 0.04691
0 0.77911 0.17013 0.1589 0.056
0 0.23354 0.23047 0.12821 0.07054
0 0.38396 0.29080 0.16979 0.05823
0 0.52649 0.35113 0.17806 0.04682
0 0.67927 0.41147 0.11487 0.06817
0 0.82522 0.47180 0.14568 0.05799
0 0.14014 0.53213 0.16497 0.06589
0 0.33564 0.59247 0.20008 0.07783
0 0.49564 0.65280 0.18161 0.06398
0 0.62156 0.71313 0.16833 0.05774
0 0.82798 0.77347 0.14915 0.04332
0 0.23233 0.83380 0.19682 0.05759
0 0.40987 0.89413 0.10748 0.06825
0 0.53343 0.93859 0.12711 0.0653
0 0.67858 0.05578 0.13823 0.04275
0 0.84389 0.10980 0.11016 0.05443
0 0.15239 0.17013 0.11654 0.07492
0 0.36277 0.23047 0.10655 0.0702
0 0.50469 0.29080 0.13334 0.05128
0 0.63262 0.35113 0.17885 0.05496
0 0.80042 0.41147 0.17277 0.07569
0 0.22044 0.47180 0.19518 0.07218
0 0.41204 0.53213 0.17112 0.06579
0 0.55114 0.59247 0.11876 0.04265
0 0.67766 0.65280 0.11211 0.0641
0 0.85186 0.71313 0.17565 0.06377
0 0.18401 0.77347 0.18831 0.05047
0 0.36061 0.83380 0.16179 0.04443
0 0.50974 0.89413 0.13349 0.0777
0 0.63277 0.93859 0.18707 0.06735
0 0.79428 0.05578 0.16287 0.05549
0 0.23567 0.10980 0.14319 0.06217
0 0.39093 0.17013 0.17932 0.07603
0 0.53073 0.23047 0.15691 0.04362
0 0.69619 0.29080 0.13195 0.06513
0 0.83226 0.35113 0.12548 0.07593
0 0.18328 0.41147 0.16937 0.06337
0 0.35422 0.47180 0.1229 0.07787
0 0.49269 0.53213 0.14716 0.05661
0 0.66784 0.59247 0.16735 0.0615
0 0.80596 0.65280 0.19175 0.05326
0 0.23809 0.71313 0.17911 0.04971
0 0.39826 0.77347 0.1501 0.06627
0 0.55563 0.83380 0.1644 0.07801
0 0.70597 0.89413 0.18239 0.04667
0 0.8667 0.93859 0.14579 0.07027