0 0.16726 0.05602 0.13695 0.06558
0 0.32319 0.10967 0.12551 0.06166
0 0.4651 0.17044 0.18682 0.04552
0 0.63579 0.23120 0.12051 0.0628
0 0.82094 0.29197 0.14249 0.06881
0 0.23893 0.35274 0.18046 0.04478
0 0.38916 0.41350 0.15559 0.05092
0 0.55352 0.47427 0.19966 0.04661
0 0.68996 0.53504 0.19063 0.07534
0 0.87263 0.59580 0.16876 0.06752
0 0.16576 0.65657 0.11187 0.06362
0 0.32745 0.71734 0.1854 0.05332
0 0.46569 0.77810 0.1653 0.06389
0 0.60476 0.83887 0.10807 0.07034
0 0.80848 0.89964 0.13517 0.06045
0 0.24028 0.94584 0.18938 0.06028
0 0.40981 0.05602 0.18054 0.07267
0 0.55319 0.10967 0.14922 0.04868
0 0.68283 0.17044 0.1831 0.04376
0 0.84975 0.23120 0.13853 0.06933
0 0.16577 0.29197 0.16181 0.05803
0 0.35559 0.35274 0.16504 0.07547
0 0.516 0.41350 0.17457 0.07684
0 0.67116 0.47427 0.19945 0.07468
0 0.79063 0.53504 0.11781 0.05725
0 0.23655 0.59580 0.13898 0.05334
0 0.38689 0.65657 0.20025 0.05968
0 0.52897 0.71734 0.19492 0.06833
0 0.66357 0.77810 0.13051 0.0431
0 0.82819 0.83887 0.16813 0.05689
0 0.16754 0.89964 0.1587 0.06154
0 0.35694 0.94584 0.15366 0.06538
0 0.48223 0.05602 0.16093 0.06326
0 0.62076 0.10967 0.19407 0.07323
0 0.79531 0.17044 0.14707 0.06731
0 0.23153 0.23120 0.15516 0.07131
0 0.39524 0.29197 0.14259 0.07038
0 0.53786 0.35274 0.13298 0.05987
0 0.69816 0.41350 0.15686 0.04714
0 0.85601 0.47427 0.1477 0.0714
0 0.13642 0.53504 0.12497 0.05267
0 0.33583 0.59580 0.13008 0.07172
0 0.48299 0.65657 0.18677 0.0584
0 0.62148 0.71734 0.15249 0.07046
0 0.79267 0.77810 0.14263 0.0506
0 0.23563 0.83887 0.12059 0.05352
0 0.40843 0.89964 0.14082 0.04612
0 0.55415 0.94584 0.18925 0.07425
0 0.69533 0.05602 0.16236 0.04252
0 0.8428 0.10967 0.19318 0.05404
0 0.15596 0.17044 0.16733 0.06649
0 0.36605 0.23120 0.18589 0.06021
0 0.49139 0.29197 0.11648 0.06866
0 0.65022 0.35274 0.11459 0.07648
0 0.79028 0.41350 0.14397 0.05889
0 0.22462 0.47427 0.12302 0.04324
0 0.40638 0.53504 0.13074 0.06532
0 0.53878 0.59580 0.12311 0.06931
0 0.6693 0.65657 0.1968 0.05875
0 0.84582 0.71734 0.1207 0.04571
0 0.18 0.77810 0.12865 0.07142
0 0.35911 0.83887 0.1488 0.04577
0 0.5021 0.89964 0.17339 0.06403
0 0.62921 0.94584 0.16029 0.05381
0 0.82561 0.05602 0.12418 0.05403
0 0.23562 0.10967 0.10699 0.06521
0 0.39475 0.17044 0.18276 0.05218
0 0.52933 0.23120 0.16847 0.056
0 0.68019 0.29197 0.12573 0.04552
0 0.86418 0.35274 0.11185 0.04537
0 0.18196 0.41350 0.1499 0.05986
0 0.35068 0.47427 0.17837 0.04722
0 0.50936 0.53504 0.15406 0.06959
0 0.65126 0.59580 0.13209 0.05406
0 0.82823 0.65657 0.18258 0.05673
0 0.23772 0.71734 0.13358 0.05248
0 0.38363 0.77810 0.16631 0.04831
0 0.53638 0.83887 0.14125 0.04931
0 0.6873 0.89964 0.16638 0.0782
0 0.86448 0.94584 0.16725 0.05997