0 0.16882 0.05567 0.1701 0.07869
0 0.32672 0.10891 0.15275 0.04919
0 0.47619 0.16995 0.17651 0.06824
0 0.63798 0.23099 0.17924 0.07069
0 0.80238 0.29203 0.12657 0.04884
0 0.23782 0.35307 0.16334 0.07679
0 0.39963 0.41411 0.17939 0.05172
0 0.55658 0.47515 0.15192 0.06348
0 0.68216 0.53619 0.19505 0.04613
0 0.86111 0.59723 0.16019 0.04746
0 0.1655 0.65827 0.1091 0.06739
0 0.32809 0.71931 0.17349 0.07955
0 0.46348 0.78035 0.17123 0.04605
0 0.61143 0.84139 0.18928 0.07029
0 0.80201 0.90243 0.12411 0.05894
0 0.23682 0.95705 0.19141 0.07579
0 0.40947 0.05567 0.11245 0.05577
0 0.55366 0.10891 0.11312 0.06117
0 0.67222 0.16995 0.14541 0.05346
0 0.85679 0.23099 0.17188 0.07898
0 0.16837 0.29203 0.11413 0.07197
0 0.37012 0.35307 0.11669 0.06083
0 0.52367 0.41411 0.18584 0.05145
0 0.63994 0.47515 0.14226 0.06473
0 0.80784 0.53619 0.13166 0.07957
0 0.23242 0.59723 0.15178 0.06492
0 0.39974 0.65827 0.17766 0.05735
0 0.51751 0.71931 0.14089 0.06686
0 0.66091 0.78035 0.15843 0.07848
0 0.83927 0.84139 0.11591 0.04695
0 0.16873 0.90243 0.19864 0.07646
0 0.34361 0.95705 0.17694 0.06377
0 0.49163 0.05567 0.11214 0.05167
0 0.61532 0.10891 0.19911 0.05783
0 0.81339 0.16995 0.14602 0.04395
0 0.23398 0.23099 0.1088 0.04432
0 0.38825 0.29203 0.11518 0.07029
0 0.52754 0.35307 0.13715 0.06792
0 0.67254 0.41411 0.16932 0.06875
0 0.83614 0.47515 0.19048 0.0656
0 0.13908 0.53619 0.18925 0.05867
0 0.33549 0.59723 0.18843 0.05483
0 0.48904 0.65827 0.16377 0.0728
0 0.62328 0.71931 0.15095 0.07533
0 0.80391 0.78035 0.10952 0.07218
0 0.23921 0.84139 0.11927 0.07733
0 0.4142 0.90243 0.18567 0.074
0 0.54203 0.95705 0.10806 0.05918
0 0.69681 0.05567 0.12574 0.05688
0 0.84096 0.10891 0.1678 0.04989
0 0.15723 0.16995 0.12134 0.06163
0 0.36566 0.23099 0.18276 0.04445
0 0.4954 0.29203 0.18006 0.0697
0 0.63301 0.35307 0.14181 0.05247
0 0.79421 0.41411 0.11333 0.06586
0 0.2196 0.47515 0.17377 0.06074
0 0.40212 0.53619 0.14747 0.05576
0 0.53092 0.59723 0.19475 0.06308
0 0.69477 0.65827 0.15751 0.07274
0 0.84968 0.71931 0.17072 0.06948
0 0.1787 0.78035 0.12433 0.05821
0 0.36825 0.84139 0.17056 0.06834
0 0.49847 0.90243 0.19921 0.05972
0 0.62921 0.95705 0.11327 0.06481
0 0.82577 0.05567 0.15455 0.05292
0 0.24066 0.10891 0.1122 0.07541
0 0.40045 0.16995 0.16995 0.07476
0 0.54188 0.23099 0.13896 0.06506
0 0.6858 0.29203 0.16601 0.05454
0 0.84122 0.35307 0.14058 0.04878
0 0.18148 0.41411 0.11554 0.0715
0 0.34834 0.47515 0.12648 0.04346
0 0.49401 0.53619 0.19777 0.05012
0 0.66894 0.59723 0.16613 0.05148
0 0.7991 0.65827 0.13209 0.05893
0 0.23947 0.71931 0.13074 0.04769
0 0.39201 0.78035 0.1538 0.0582
0 0.55461 0.84139 0.15967 0.04999
0 0.69229 0.90243 0.17429 0.07207
0 0.83389 0.95705 0.12952 0.0592