0 0.17031 0.05540 0.13631 0.04539
0 0.3253 0.11160 0.14774 0.04364
0 0.46574 0.17125 0.14018 0.04877
0 0.6154 0.23090 0.16505 0.06219
0 0.81604 0.29055 0.19458 0.07416
0 0.23585 0.35020 0.13312 0.05398
0 0.38321 0.40985 0.12913 0.04964
0 0.54773 0.46951 0.19288 0.04488
0 0.70214 0.52916 0.19339 0.0781
0 0.8689 0.58881 0.13529 0.05166
0 0.16838 0.64846 0.11328 0.06601
0 0.32081 0.70811 0.17969 0.05022
0 0.46238 0.76776 0.11839 0.05154
0 0.6289 0.82741 0.14957 0.07046
0 0.81033 0.88706 0.14757 0.04831
0 0.23551 0.94513 0.16311 0.07347
0 0.41452 0.05540 0.11804 0.04597
0 0.5577 0.11160 0.16254 0.07938
0 0.69744 0.17125 0.11852 0.06706
0 0.86169 0.23090 0.11694 0.05314
0 0.16887 0.29055 0.14765 0.07513
0 0.36713 0.35020 0.13163 0.04356
0 0.51481 0.40985 0.19508 0.07112
0 0.65277 0.46951 0.15478 0.07622
0 0.78446 0.52916 0.14805 0.06577
0 0.2418 0.58881 0.13516 0.06961
0 0.39943 0.64846 0.15034 0.05992
0 0.54226 0.70811 0.17955 0.07105
0 0.65688 0.76776 0.12198 0.0427
0 0.81908 0.82741 0.10818 0.04972
0 0.1647 0.88706 0.17289 0.04588
0 0.34944 0.94513 0.16312 0.04876
0 0.47808 0.05540 0.14507 0.07796
0 0.5992 0.11160 0.19231 0.07446
0 0.77946 0.17125 0.15106 0.0476
0 0.23856 0.23090 0.19245 0.06734
0 0.3822 0.29055 0.15291 0.04388
0 0.53459 0.35020 0.19352 0.04801
0 0.68654 0.40985 0.17241 0.04939
0 0.81974 0.46951 0.17156 0.06676
0 0.13779 0.52916 0.1065 0.07473
0 0.33252 0.58881 0.157 0.07461
0 0.47947 0.64846 0.145 0.06106
0 0.63561 0.70811 0.16529 0.07188
0 0.8074 0.76776 0.15731 0.05278
0 0.2316 0.82741 0.12643 0.07891
0 0.40845 0.88706 0.15812 0.07978
0 0.55469 0.94513 0.18741 0.04561
0 0.6717 0.05540 0.10653 0.05486
0 0.86463 0.11160 0.11786 0.05254
0 0.15165 0.17125 0.17914 0.05057
0 0.35433 0.23090 0.10799 0.07135
0 0.50327 0.29055 0.11951 0.05619
0 0.65597 0.35020 0.13627 0.04823
0 0.82043 0.40985 0.19137 0.04865
0 0.22228 0.46951 0.16397 0.07612
0 0.40918 0.52916 0.10756 0.07809
0 0.54387 0.58881 0.13542 0.06194
0 0.68196 0.64846 0.12424 0.04312
0 0.8702 0.70811 0.13204 0.05824
0 0.18217 0.76776 0.10858 0.04703
0 0.36804 0.82741 0.18438 0.07832
0 0.50787 0.88706 0.17812 0.05262
0 0.63065 0.94513 0.17406 0.07613
0 0.81735 0.05540 0.18363 0.07619
0 0.23604 0.11160 0.17815 0.07167
0 0.3836 0.17125 0.11743 0.0767
0 0.53413 0.23090 0.1423 0.04306
0 0.68387 0.29055 0.1087 0.0786
0 0.83299 0.35020 0.10619 0.04526
0 0.18167 0.40985 0.10673 0.05318
0 0.34574 0.46951 0.12188 0.06083
0 0.51137 0.52916 0.12025 0.07903
0 0.64002 0.58881 0.15467 0.06385
0 0.7976 0.64846 0.14556 0.05276
0 0.24178 0.70811 0.16205 0.04729
0 0.38535 0.76776 0.13218 0.04828
0 0.53944 0.82741 0.16196 0.05256
0 0.6925 0.88706 0.16123 0.05879
0 0.86417 0.94513 0.11753 0.05736