0 0.16349 0.05562 0.13726 0.07743
0 0.32607 0.11049 0.16771 0.06482
0 0.48526 0.17049 0.18533 0.0739
0 0.62157 0.23048 0.10788 0.04383
0 0.79959 0.29048 0.11605 0.06135
0 0.23506 0.35048 0.18573 0.06812
0 0.39385 0.41048 0.13421 0.05199
0 0.55267 0.47048 0.178 0.07283
0 0.70096 0.53047 0.13544 0.05567
0 0.85943 0.59047 0.16443 0.04953
0 0.17037 0.65047 0.11254 0.07576
0 0.3271 0.71047 0.13258 0.06703
0 0.44964 0.77046 0.12373 0.07227
0 0.61667 0.83046 0.10638 0.04536
0 0.80683 0.89046 0.12015 0.06842
0 0.24111 0.95139 0.11079 0.04786
0 0.40942 0.05562 0.18601 0.06341
0 0.53815 0.11049 0.17033 0.05374
0 0.67852 0.17049 0.20022 0.06379
0 0.85571 0.23048 0.11325 0.04841
0 0.1679 0.29048 0.1636 0.04349
0 0.36882 0.35048 0.11941 0.04869
0 0.51964 0.41048 0.12571 0.06005
0 0.65447 0.47048 0.12375 0.0475
0 0.81273 0.53047 0.15167 0.07658
0 0.23582 0.59047 0.17963 0.06939
0 0.385 0.65047 0.14153 0.07334
0 0.52257 0.71047 0.17982 0.07178
0 0.66416 0.77046 0.16751 0.04723
0 0.84271 0.83046 0.17655 0.04784
0 0.16915 0.89046 0.18517 0.0509
0 0.35294 0.95139 0.18092 0.06541
0 0.4771 0.05562 0.1504 0.05512
0 0.61945 0.11049 0.12654 0.05132
0 0.80979 0.17049 0.15001 0.04575
0 0.23573 0.23048 0.14421 0.07414
0 0.39028 0.29048 0.19354 0.07235
0 0.53884 0.35048 0.17177 0.04579
0 0.68845 0.41048 0.12772 0.05583
0 0.82279 0.47048 0.17311 0.06806
0 0.14285 0.53047 0.19062 0.07844
0 0.33271 0.59047 0.1706 0.04341
0 0.48628 0.65047 0.11798 0.0658
0 0.62258 0.71047 0.11949 0.0713
0 0.82936 0.77046 0.18107 0.06003
0 0.2326 0.83046 0.10883 0.05405
0 0.40173 0.89046 0.1726 0.07019
0 0.54154 0.95139 0.12819 0.06256
0 0.69145 0.05562 0.19706 0.04833
0 0.85886 0.11049 0.11678 0.07072
0 0.15491 0.17049 0.14576 0.04478
0 0.36874 0.23048 0.14347 0.04668
0 0.50745 0.29048 0.12094 0.05265
0 0.63538 0.35048 0.1646 0.07528
0 0.79085 0.41048 0.18366 0.0761
0 0.22583 0.47048 0.16566 0.05494
0 0.41461 0.53047 0.17789 0.04441
0 0.53684 0.59047 0.166 0.06807
0 0.67306 0.65047 0.11973 0.06846
0 0.84517 0.71047 0.18745 0.07593
0 0.18049 0.77046 0.17455 0.05804
0 0.3701 0.83046 0.14003 0.06174
0 0.49463 0.89046 0.14249 0.07456
0 0.63184 0.95139 0.13697 0.0599
0 0.80806 0.05562 0.16837 0.05517
0 0.23757 0.11049 0.12934 0.06313
0 0.39697 0.17049 0.1997 0.06441
0 0.52899 0.23048 0.14242 0.06216
0 0.69576 0.29048 0.13005 0.0474
0 0.83483 0.35048 0.13054 0.04271
0 0.18365 0.41048 0.13796 0.05641
0 0.34221 0.47048 0.1847 0.05795
0 0.5149 0.53047 0.14055 0.07947
0 0.65258 0.59047 0.12784 0.04256
0 0.82393 0.65047 0.16088 0.05623
0 0.24231 0.71047 0.17727 0.04824
0 0.38266 0.77046 0.13713 0.04406
0 0.53266 0.83046 0.12649 0.0457
0 0.6826 0.89046 0.11316 0.05312
0 0.83345 0.95139 0.14078 0.0473