0 0.16472 0.05513 0.13971 0.05995
0 0.32539 0.11139 0.12421 0.05024
0 0.48609 0.17128 0.17113 0.05225
0 0.62712 0.23118 0.1264 0.07032
0 0.80285 0.29107 0.12898 0.05115
0 0.23852 0.35097 0.1745 0.05333
0 0.39445 0.41086 0.19761 0.04884
0 0.5533 0.47076 0.11273 0.0675
0 0.68484 0.53065 0.18759 0.07434
0 0.8608 0.59055 0.13365 0.05635
0 0.16468 0.65044 0.14443 0.07246
0 0.32201 0.71034 0.18169 0.07722
0 0.46034 0.77023 0.17198 0.05826
0 0.60869 0.83013 0.1446 0.07247
0 0.7905 0.89002 0.14083 0.07129
0 0.23326 0.95113 0.18131 0.04816
0 0.41404 0.05513 0.19078 0.04714
0 0.55052 0.11139 0.15273 0.0719
0 0.69879 0.17128 0.19121 0.0644
0 0.86796 0.23118 0.13701 0.07412
0 0.17009 0.29107 0.19899 0.0478
0 0.35816 0.35097 0.19322 0.07801
0 0.52153 0.41086 0.1947 0.05655
0 0.64213 0.47076 0.11774 0.05735
0 0.80678 0.53065 0.15069 0.04376
0 0.2341 0.59055 0.16947 0.05054
0 0.39807 0.65044 0.16577 0.05302
0 0.5185 0.71034 0.14637 0.06508
0 0.66236 0.77023 0.15791 0.06265
0 0.85226 0.83013 0.19663 0.05559
0 0.1674 0.89002 0.12412 0.06106
0 0.34284 0.95113 0.14921 0.07517
0 0.4914 0.05513 0.15283 0.07952
0 0.602 0.11139 0.12546 0.05923
0 0.81248 0.17128 0.16325 0.04996
0 0.2421 0.23118 0.11118 0.05057
0 0.38861 0.29107 0.17339 0.06847
0 0.51942 0.35097 0.15435 0.06456
0 0.66851 0.41086 0.12546 0.06422
0 0.85565 0.47076 0.19496 0.0626
0 0.1394 0.53065 0.13642 0.0609
0 0.34164 0.59055 0.13145 0.0628
0 0.49097 0.65044 0.1132 0.04903
0 0.61281 0.71034 0.13201 0.07725
0 0.79033 0.77023 0.12706 0.0709
0 0.23778 0.83013 0.17397 0.07247
0 0.40182 0.89002 0.17322 0.07875
0 0.55129 0.95113 0.10767 0.07334
0 0.67727 0.05513 0.1809 0.05514
0 0.86332 0.11139 0.15794 0.05086
0 0.15519 0.17128 0.16736 0.05068
0 0.35982 0.23118 0.17429 0.07555
0 0.50931 0.29107 0.15489 0.05092
0 0.63019 0.35097 0.19696 0.07008
0 0.81265 0.41086 0.18296 0.04249
0 0.22173 0.47076 0.19231 0.06049
0 0.40918 0.53065 0.16905 0.05704
0 0.54893 0.59055 0.1804 0.07122
0 0.67113 0.65044 0.13992 0.06593
0 0.85755 0.71034 0.16385 0.06533
0 0.18187 0.77023 0.11828 0.07993
0 0.35447 0.83013 0.12044 0.07604
0 0.49083 0.89002 0.14383 0.07941
0 0.64054 0.95113 0.11726 0.05263
0 0.81417 0.05513 0.11148 0.07944
0 0.23487 0.11139 0.12179 0.05416
0 0.3886 0.17128 0.18245 0.07792
0 0.52032 0.23118 0.12022 0.06735
0 0.68818 0.29107 0.15637 0.04959
0 0.85029 0.35097 0.132 0.05801
0 0.18535 0.41086 0.14832 0.07818
0 0.35739 0.47076 0.16334 0.04657
0 0.50231 0.53065 0.19796 0.07567
0 0.67023 0.59055 0.15417 0.05264
0 0.82091 0.65044 0.11641 0.05334
0 0.23428 0.71034 0.18359 0.06678
0 0.39324 0.77023 0.1505 0.04355
0 0.53352 0.83013 0.1719 0.04949
0 0.69013 0.89002 0.16518 0.07912
0 0.87132 0.95113 0.15825 0.04356