0 0.16807 0.05528 0.14127 0.0798
0 0.32275 0.10948 0.18078 0.06567
0 0.47363 0.17022 0.13188 0.06429
0 0.63213 0.23096 0.19865 0.06432
0 0.81824 0.29170 0.12 0.06567
0 0.23433 0.35244 0.17637 0.06691
0 0.39423 0.41318 0.16889 0.0484
0 0.54295 0.47392 0.16762 0.05033
0 0.68304 0.53466 0.14459 0.05273
0 0.86039 0.59539 0.13221 0.06906
0 0.16418 0.65613 0.18981 0.05123
0 0.31699 0.71687 0.11568 0.05507
0 0.45958 0.77761 0.17039 0.06211
0 0.60622 0.83835 0.114 0.04393
0 0.79598 0.89909 0.18128 0.06099
0 0.23759 0.94623 0.17687 0.07659
0 0.39485 0.05528 0.12426 0.04907
0 0.55054 0.10948 0.10806 0.07522
0 0.69462 0.17022 0.10723 0.06955
0 0.84289 0.23096 0.12708 0.06711
0 0.16688 0.29170 0.19242 0.07832
0 0.36495 0.35244 0.16837 0.05189
0 0.51874 0.41318 0.17347 0.05187
0 0.65043 0.47392 0.17052 0.06472
0 0.80979 0.53466 0.15558 0.05667
0 0.24057 0.59539 0.16391 0.0766
0 0.39896 0.65613 0.13766 0.04732
0 0.52922 0.71687 0.15445 0.05645
0 0.68447 0.77761 0.11421 0.0682
0 0.84187 0.83835 0.1072 0.0469
0 0.16683 0.89909 0.15517 0.06577
0 0.35693 0.94623 0.18199 0.07998
0 0.4847 0.05528 0.16553 0.05459
0 0.62538 0.10948 0.11685 0.0503
0 0.78019 0.17022 0.14319 0.04915
0 0.23146 0.23096 0.13455 0.04508
0 0.39254 0.29170 0.1792 0.06788
0 0.52696 0.35244 0.19726 0.07758
0 0.68447 0.41318 0.11912 0.0733
0 0.84868 0.47392 0.1316 0.06441
0 0.13813 0.53466 0.19297 0.06373
0 0.34286 0.59539 0.17949 0.07308
0 0.48703 0.65613 0.17021 0.05031
0 0.6329 0.71687 0.1939 0.04941
0 0.82507 0.77761 0.12867 0.05497
0 0.23443 0.83835 0.17858 0.06188
0 0.41152 0.89909 0.12501 0.05665
0 0.55624 0.94623 0.1103 0.06784
0 0.69611 0.05528 0.15204 0.05467
0 0.84053 0.10948 0.13819 0.06682
0 0.15065 0.17022 0.14475 0.06602
0 0.35621 0.23096 0.13595 0.07393
0 0.50072 0.29170 0.17821 0.06686
0 0.63815 0.35244 0.14044 0.05004
0 0.79211 0.41318 0.14876 0.07667
0 0.21979 0.47392 0.19514 0.077
0 0.41092 0.53466 0.11743 0.06237
0 0.53309 0.59539 0.1398 0.07946
0 0.69815 0.65613 0.1417 0.04557
0 0.84997 0.71687 0.12319 0.04415
0 0.17782 0.77761 0.17418 0.07676
0 0.36675 0.83835 0.16334 0.06388
0 0.51227 0.89909 0.20002 0.05906
0 0.64221 0.94623 0.15685 0.05706
0 0.8218 0.05528 0.16709 0.05886
0 0.23445 0.10948 0.19269 0.04312
0 0.38791 0.17022 0.17498 0.06287
0 0.52457 0.23096 0.16174 0.06037
0 0.69185 0.29170 0.14976 0.05449
0 0.85651 0.35244 0.13628 0.06071
0 0.1847 0.41318 0.15639 0.05429
0 0.3576 0.47392 0.11821 0.04545
0 0.49975 0.53466 0.13514 0.07177
0 0.64849 0.59539 0.16473 0.05603
0 0.80276 0.65613 0.12149 0.07063
0 0.23529 0.71687 0.12438 0.07513
0 0.39287 0.77761 0.19077 0.0549
0 0.53585 0.83835 0.1826 0.06695
0 0.68678 0.89909 0.17659 0.0446
0 0.85352 0.94623 0.10726 0.04375