0 0.16537 0.05505 0.12793 0.04626
0 0.32624 0.11217 0.18752 0.05422
0 0.46886 0.17161 0.13432 0.04812
0 0.61632 0.23106 0.18849 0.05771
0 0.8182 0.29050 0.16807 0.07287
0 0.24113 0.34994 0.15827 0.05809
0 0.39988 0.40939 0.19176 0.0634
0 0.54694 0.46883 0.15336 0.06832
0 0.70266 0.52828 0.19721 0.07485
0 0.87118 0.58772 0.14676 0.07419
0 0.16806 0.64716 0.13591 0.05747
0 0.31409 0.70661 0.11515 0.04417
0 0.45034 0.76605 0.18128 0.05054
0 0.62487 0.82550 0.18578 0.06229
0 0.82499 0.88494 0.16434 0.07324
0 0.24256 0.93726 0.11434 0.07035
0 0.41332 0.05505 0.13139 0.05075
0 0.54112 0.11217 0.12627 0.06543
0 0.6966 0.17161 0.13576 0.07308
0 0.85468 0.23106 0.13302 0.04558
0 0.1649 0.29050 0.14783 0.07131
0 0.37182 0.34994 0.19599 0.0512
0 0.52654 0.40939 0.14201 0.04484
0 0.64041 0.46883 0.11186 0.04569
0 0.79258 0.52828 0.19193 0.05329
0 0.24123 0.58772 0.15715 0.05064
0 0.39377 0.64716 0.13274 0.048
0 0.5283 0.70661 0.15551 0.06421
0 0.67834 0.76605 0.19709 0.04919
0 0.8195 0.82550 0.17208 0.0425
0 0.16629 0.88494 0.19534 0.04249
0 0.3569 0.93726 0.12895 0.06127
0 0.49923 0.05505 0.15892 0.05312
0 0.61244 0.11217 0.15574 0.06206
0 0.779 0.17161 0.18662 0.0777
0 0.23575 0.23106 0.14107 0.05354
0 0.38205 0.29050 0.19467 0.04687
0 0.52772 0.34994 0.10744 0.0714
0 0.68268 0.40939 0.16158 0.06501
0 0.84223 0.46883 0.15677 0.06095
0 0.13858 0.52828 0.12468 0.05684
0 0.33989 0.58772 0.11117 0.05286
0 0.50054 0.64716 0.11999 0.05234
0 0.64051 0.70661 0.10726 0.07035
0 0.79454 0.76605 0.16265 0.07631
0 0.23676 0.82550 0.15839 0.07677
0 0.39525 0.88494 0.1623 0.05998
0 0.55727 0.93726 0.12724 0.07075
0 0.69039 0.05505 0.18381 0.06557
0 0.83599 0.11217 0.13355 0.06578
0 0.15173 0.17161 0.11241 0.06534
0 0.37115 0.23106 0.13098 0.0555
0 0.50573 0.29050 0.19037 0.06308
0 0.64468 0.34994 0.13839 0.04741
0 0.79451 0.40939 0.11984 0.07135
0 0.22531 0.46883 0.16574 0.06708
0 0.40579 0.52828 0.16641 0.06302
0 0.54515 0.58772 0.19118 0.07276
0 0.69094 0.64716 0.14097 0.04678
0 0.8399 0.70661 0.17511 0.04734
0 0.1846 0.76605 0.15192 0.07201
0 0.36295 0.82550 0.19509 0.07483
0 0.50522 0.88494 0.19039 0.04795
0 0.64401 0.93726 0.12172 0.0671
0 0.8274 0.05505 0.18614 0.06198
0 0.23281 0.11217 0.18483 0.04263
0 0.39511 0.17161 0.15047 0.06869
0 0.54167 0.23106 0.18832 0.07124
0 0.6823 0.29050 0.18512 0.06146
0 0.86319 0.34994 0.13363 0.07674
0 0.17911 0.40939 0.11086 0.04819
0 0.34552 0.46883 0.1119 0.05081
0 0.51327 0.52828 0.12412 0.04278
0 0.65492 0.58772 0.19061 0.073
0 0.79877 0.64716 0.16079 0.07766
0 0.23235 0.70661 0.18862 0.04565
0 0.38985 0.76605 0.14796 0.06688
0 0.5431 0.82550 0.18134 0.04639
0 0.71114 0.88494 0.13597 0.06638
0 0.87124 0.93726 0.10842 0.05343