0 0.16929 0.05492 0.14508 0.07952
0 0.32474 0.10934 0.14215 0.04701
0 0.46818 0.16993 0.13478 0.05742
0 0.63401 0.23051 0.19757 0.06952
0 0.82014 0.29110 0.18457 0.06956
0 0.23552 0.35169 0.17835 0.06818
0 0.38589 0.41228 0.12241 0.06196
0 0.53688 0.47287 0.10766 0.04537
0 0.68913 0.53346 0.12242 0.06399
0 0.86124 0.59405 0.1473 0.05677
0 0.17004 0.65464 0.11855 0.07216
0 0.32546 0.71523 0.18106 0.07014
0 0.45289 0.77582 0.17441 0.04405
0 0.6095 0.83640 0.11443 0.064
0 0.79068 0.89699 0.11291 0.05464
0 0.2318 0.95216 0.10796 0.05822
0 0.40439 0.05492 0.14961 0.04967
0 0.53148 0.10934 0.11794 0.04998
0 0.69678 0.16993 0.1768 0.06062
0 0.85901 0.23051 0.16681 0.05145
0 0.17016 0.29110 0.18235 0.04884
0 0.35743 0.35169 0.15275 0.07764
0 0.51535 0.41228 0.19866 0.06811
0 0.65438 0.47287 0.14309 0.07103
0 0.78489 0.53346 0.1531 0.06038
0 0.2327 0.59405 0.14094 0.07802
0 0.39248 0.65464 0.13001 0.06781
0 0.5325 0.71523 0.13532 0.06039
0 0.6781 0.77582 0.18224 0.04915
0 0.84886 0.83640 0.13675 0.06759
0 0.16773 0.89699 0.15242 0.05817
0 0.34649 0.95216 0.19716 0.04734
0 0.48465 0.05492 0.10678 0.06817
0 0.62645 0.10934 0.13031 0.06355
0 0.80252 0.16993 0.19149 0.07624
0 0.23523 0.23051 0.14687 0.05235
0 0.39782 0.29110 0.15594 0.06436
0 0.53579 0.35169 0.12873 0.06404
0 0.69823 0.41228 0.15655 0.04495
0 0.84199 0.47287 0.14668 0.06792
0 0.13832 0.53346 0.16877 0.04271
0 0.33514 0.59405 0.16668 0.06418
0 0.49736 0.65464 0.15985 0.07119
0 0.61274 0.71523 0.17305 0.05569
0 0.8131 0.77582 0.12262 0.07359
0 0.24141 0.83640 0.11063 0.0727
0 0.39776 0.89699 0.19973 0.04637
0 0.53992 0.95216 0.18833 0.04484
0 0.67402 0.05492 0.17675 0.05025
0 0.85173 0.10934 0.18298 0.05235
0 0.15589 0.16993 0.18555 0.06084
0 0.3543 0.23051 0.18954 0.07138
0 0.51413 0.29110 0.17059 0.07976
0 0.63718 0.35169 0.14416 0.05573
0 0.81308 0.41228 0.19663 0.05683
0 0.22104 0.47287 0.18122 0.07905
0 0.3973 0.53346 0.17027 0.05991
0 0.53088 0.59405 0.19345 0.06117
0 0.67313 0.65464 0.14644 0.04859
0 0.84175 0.71523 0.15258 0.04465
0 0.17806 0.77582 0.14871 0.06099
0 0.36722 0.83640 0.10712 0.04864
0 0.51023 0.89699 0.19488 0.07225
0 0.64317 0.95216 0.17986 0.0519
0 0.82574 0.05492 0.19672 0.04941
0 0.23249 0.10934 0.1548 0.05401
0 0.38292 0.16993 0.18685 0.07544
0 0.53299 0.23051 0.16672 0.04593
0 0.69333 0.29110 0.1211 0.06644
0 0.86652 0.35169 0.15919 0.04844
0 0.18437 0.41228 0.19521 0.04573
0 0.34539 0.47287 0.19896 0.07116
0 0.50714 0.53346 0.14458 0.06256
0 0.64381 0.59405 0.19563 0.06913
0 0.81572 0.65464 0.16227 0.04698
0 0.23461 0.71523 0.1384 0.05672
0 0.39971 0.77582 0.19781 0.06453
0 0.54208 0.83640 0.14867 0.06586
0 0.70079 0.89699 0.13313 0.0523
0 0.86 0.95216 0.14316 0.07082