0 0.16661 0.05553 0.15491 0.04722
0 0.32643 0.11056 0.19747 0.07734
0 0.47533 0.17173 0.15767 0.07152
0 0.63676 0.23290 0.1075 0.06117
0 0.8026 0.29407 0.11406 0.07124
0 0.23896 0.35524 0.17052 0.05962
0 0.39903 0.41641 0.12576 0.06539
0 0.53534 0.47757 0.14465 0.066
0 0.69273 0.53874 0.11031 0.06826
0 0.85863 0.59991 0.1087 0.043
0 0.16448 0.66108 0.13906 0.05768
0 0.31924 0.72225 0.15929 0.06152
0 0.45881 0.78342 0.18883 0.0667
0 0.61284 0.84459 0.17673 0.05488
0 0.79061 0.90576 0.19949 0.07456
0 0.23491 0.95890 0.17462 0.05524
0 0.40399 0.05553 0.19671 0.04376
0 0.55491 0.11056 0.17287 0.06047
0 0.69618 0.17173 0.12323 0.06936
0 0.8592 0.23290 0.12506 0.04281
0 0.16924 0.29407 0.13449 0.07855
0 0.35553 0.35524 0.10714 0.04974
0 0.52031 0.41641 0.17948 0.06674
0 0.6711 0.47757 0.14443 0.05011
0 0.80997 0.53874 0.14323 0.04909
0 0.24106 0.59991 0.11503 0.05701
0 0.39912 0.66108 0.14583 0.07872
0 0.52813 0.72225 0.16911 0.04357
0 0.65675 0.78342 0.17865 0.07865
0 0.84986 0.84459 0.12645 0.04246
0 0.17074 0.90576 0.15961 0.07435
0 0.34468 0.95890 0.16547 0.04707
0 0.4973 0.05553 0.1075 0.04476
0 0.62459 0.11056 0.16599 0.06207
0 0.79406 0.17173 0.14025 0.07122
0 0.23249 0.23290 0.12512 0.0713
0 0.40014 0.29407 0.15418 0.04397
0 0.53638 0.35524 0.15057 0.06073
0 0.6883 0.41641 0.16706 0.04716
0 0.83123 0.47757 0.15008 0.07978
0 0.14237 0.53874 0.17124 0.05052
0 0.33505 0.59991 0.13308 0.08012
0 0.48369 0.66108 0.15733 0.07302
0 0.61635 0.72225 0.19365 0.06802
0 0.79595 0.78342 0.14147 0.07535
0 0.23693 0.84459 0.11969 0.0797
0 0.39878 0.90576 0.16835 0.05757
0 0.55015 0.95890 0.14805 0.04724
0 0.67023 0.05553 0.1809 0.07698
0 0.83669 0.11056 0.19452 0.04284
0 0.15728 0.17173 0.18248 0.0801
0 0.36477 0.23290 0.19961 0.06023
0 0.51287 0.29407 0.14093 0.04451
0 0.63912 0.35524 0.13089 0.04833
0 0.82654 0.41641 0.18998 0.05764
0 0.21959 0.47757 0.16373 0.06293
0 0.39661 0.53874 0.16402 0.07832
0 0.54151 0.59991 0.19847 0.07459
0 0.69162 0.66108 0.13781 0.05411
0 0.85407 0.72225 0.19847 0.07411
0 0.17719 0.78342 0.13441 0.06605
0 0.36162 0.84459 0.19783 0.05274
0 0.49217 0.90576 0.11913 0.06175
0 0.6515 0.95890 0.13559 0.07169
0 0.8223 0.05553 0.14325 0.06625
0 0.23254 0.11056 0.15207 0.04822
0 0.38543 0.17173 0.16303 0.05398
0 0.51955 0.23290 0.12526 0.07921
0 0.68256 0.29407 0.14178 0.05781
0 0.84047 0.35524 0.11252 0.06306
0 0.17783 0.41641 0.19825 0.07962
0 0.35718 0.47757 0.11439 0.0499
0 0.4972 0.53874 0.13227 0.07225
0 0.64497 0.59991 0.14009 0.07531
0 0.7984 0.66108 0.1458 0.06467
0 0.23528 0.72225 0.11302 0.07803
0 0.39165 0.78342 0.18369 0.06459
0 0.54299 0.84459 0.12653 0.04589
0 0.69726 0.90576 0.15993 0.07201
0 0.84081 0.95890 0.12683 0.05842