0 0.16407 0.05496 0.17593 0.05467
0 0.31977 0.11064 0.18663 0.04402
0 0.46406 0.17127 0.1699 0.05738
0 0.6437 0.23190 0.17286 0.06996
0 0.79709 0.29252 0.11518 0.06532
0 0.23456 0.35315 0.14245 0.06954
0 0.38323 0.41377 0.11118 0.05189
0 0.55658 0.47440 0.18051 0.04444
0 0.70338 0.53503 0.12358 0.07105
0 0.86742 0.59565 0.1384 0.07207
0 0.17094 0.65628 0.11364 0.04562
0 0.31352 0.71690 0.18325 0.07132
0 0.45965 0.77753 0.12123 0.07184
0 0.61187 0.83816 0.17965 0.07228
0 0.80908 0.89878 0.19753 0.07314
0 0.24211 0.93921 0.14153 0.06475
0 0.4129 0.05496 0.18184 0.06126
0 0.54788 0.11064 0.12014 0.06431
0 0.69639 0.17127 0.18912 0.04713
0 0.85854 0.23190 0.15279 0.07226
0 0.16626 0.29252 0.12075 0.05252
0 0.35794 0.35315 0.17022 0.07186
0 0.50801 0.41377 0.16412 0.07511
0 0.63985 0.47440 0.16328 0.07289
0 0.79518 0.53503 0.17876 0.0553
0 0.23706 0.59565 0.13184 0.0506
0 0.3865 0.65628 0.198 0.04644
0 0.53746 0.71690 0.14881 0.07273
0 0.67851 0.77753 0.14658 0.06174
0 0.82916 0.83816 0.15313 0.0593
0 0.16736 0.89878 0.11151 0.06448
0 0.34721 0.93921 0.14781 0.05421
0 0.48559 0.05496 0.12835 0.05012
0 0.61441 0.11064 0.12481 0.06648
0 0.80622 0.17127 0.15433 0.06074
0 0.23596 0.23190 0.16633 0.0463
0 0.39361 0.29252 0.11897 0.04482
0 0.52532 0.35315 0.13092 0.06966
0 0.68098 0.41377 0.17379 0.05157
0 0.82172 0.47440 0.15329 0.0689
0 0.1411 0.53503 0.12129 0.06305
0 0.33538 0.59565 0.14027 0.07144
0 0.48579 0.65628 0.11745 0.06992
0 0.62823 0.71690 0.17388 0.06357
0 0.7923 0.77753 0.13176 0.05256
0 0.23843 0.83816 0.17009 0.05549
0 0.40752 0.89878 0.16988 0.07124
0 0.54006 0.93921 0.13069 0.06356
0 0.67471 0.05496 0.15159 0.04676
0 0.84577 0.11064 0.15156 0.06485
0 0.15001 0.17127 0.1444 0.05813
0 0.35713 0.23190 0.18801 0.05858
0 0.49296 0.29252 0.18855 0.04713
0 0.64824 0.35315 0.14045 0.05527
0 0.81861 0.41377 0.1612 0.05613
0 0.21778 0.47440 0.182 0.0652
0 0.40813 0.53503 0.17652 0.06784
0 0.55656 0.59565 0.12524 0.05054
0 0.68954 0.65628 0.12343 0.04811
0 0.83132 0.71690 0.12928 0.04707
0 0.1774 0.77753 0.18838 0.05213
0 0.36152 0.83816 0.14688 0.04374
0 0.49361 0.89878 0.13398 0.07449
0 0.63673 0.93921 0.14699 0.06986
0 0.80064 0.05496 0.16146 0.058
0 0.24284 0.11064 0.17347 0.04793
0 0.38628 0.17127 0.12286 0.06308
0 0.52788 0.23190 0.18996 0.07288
0 0.67607 0.29252 0.13948 0.05613
0 0.86333 0.35315 0.19105 0.06028
0 0.18336 0.41377 0.16012 0.05935
0 0.35343 0.47440 0.14863 0.06929
0 0.49587 0.53503 0.1512 0.0729
0 0.65367 0.59565 0.17552 0.05077
0 0.79568 0.65628 0.16133 0.0537
0 0.2316 0.71690 0.17458 0.0794
0 0.392 0.77753 0.14306 0.06898
0 0.54163 0.83816 0.18961 0.05754
0 0.68677 0.89878 0.1966 0.05664
0 0.86354 0.93921 0.16056 0.05495