0 0.16924 0.05481 0.13765 0.0598
0 0.31777 0.10953 0.18515 0.06006
0 0.47994 0.16958 0.14003 0.05803
0 0.62051 0.22963 0.10924 0.04295
0 0.82593 0.28969 0.11951 0.0503
0 0.23304 0.34974 0.13454 0.06444
0 0.39451 0.40979 0.1409 0.06341
0 0.53304 0.46984 0.12557 0.05717
0 0.71494 0.52990 0.19439 0.07563
0 0.85315 0.58995 0.19684 0.06402
0 0.16382 0.65000 0.1889 0.07756
0 0.32512 0.71005 0.16866 0.06487
0 0.44994 0.77011 0.10799 0.06277
0 0.62746 0.83016 0.13232 0.05448
0 0.826 0.89021 0.10995 0.07991
0 0.23557 0.94418 0.20034 0.07566
0 0.40062 0.05481 0.17554 0.06118
0 0.55568 0.10953 0.14512 0.06133
0 0.66984 0.16958 0.1451 0.06526
0 0.86489 0.22963 0.18628 0.07165
0 0.16678 0.28969 0.12591 0.07603
0 0.35831 0.34974 0.12607 0.07118
0 0.50565 0.40979 0.18942 0.06847
0 0.64297 0.46984 0.12272 0.07739
0 0.77963 0.52990 0.13235 0.05105
0 0.23594 0.58995 0.1411 0.05916
0 0.38181 0.65000 0.12144 0.06483
0 0.52308 0.71005 0.1215 0.07058
0 0.68185 0.77011 0.15797 0.06953
0 0.85768 0.83016 0.1061 0.06716
0 0.16688 0.89021 0.12179 0.06459
0 0.35727 0.94418 0.15884 0.07771
0 0.49115 0.05481 0.17257 0.06652
0 0.61967 0.10953 0.15066 0.05086
0 0.81064 0.16958 0.11451 0.04881
0 0.23281 0.22963 0.14014 0.05717
0 0.38592 0.28969 0.16517 0.05974
0 0.53983 0.34974 0.18848 0.07431
0 0.67823 0.40979 0.15941 0.06254
0 0.84715 0.46984 0.15457 0.04511
0 0.14198 0.52990 0.14385 0.05576
0 0.33147 0.58995 0.16647 0.07742
0 0.48269 0.65000 0.17944 0.05805
0 0.6242 0.71005 0.12113 0.05634
0 0.82323 0.77011 0.15632 0.07452
0 0.2315 0.83016 0.13141 0.07251
0 0.40503 0.89021 0.17843 0.05563
0 0.55141 0.94418 0.18859 0.07171
0 0.67999 0.05481 0.15886 0.04425
0 0.84166 0.10953 0.13311 0.06469
0 0.15662 0.16958 0.14207 0.04839
0 0.37116 0.22963 0.14933 0.07779
0 0.51038 0.28969 0.12121 0.05029
0 0.63959 0.34974 0.16429 0.05781
0 0.81034 0.40979 0.14532 0.06357
0 0.22764 0.46984 0.18216 0.05799
0 0.39824 0.52990 0.16278 0.05257
0 0.55023 0.58995 0.16719 0.07129
0 0.67937 0.65000 0.19265 0.05021
0 0.86285 0.71005 0.17349 0.06561
0 0.18267 0.77011 0.17465 0.07791
0 0.36884 0.83016 0.13028 0.05791
0 0.50991 0.89021 0.12027 0.04343
0 0.64042 0.94418 0.10636 0.06144
0 0.81031 0.05481 0.16118 0.04329
0 0.23218 0.10953 0.15776 0.0522
0 0.3825 0.16958 0.14118 0.04874
0 0.52864 0.22963 0.19623 0.07373
0 0.67131 0.28969 0.16474 0.05849
0 0.85897 0.34974 0.1719 0.0499
0 0.17769 0.40979 0.15009 0.07292
0 0.35235 0.46984 0.20001 0.06615
0 0.49594 0.52990 0.15054 0.05128
0 0.66019 0.58995 0.1993 0.04306
0 0.81374 0.65000 0.19481 0.05523
0 0.23587 0.71005 0.11897 0.05636
0 0.39944 0.77011 0.13644 0.07286
0 0.53093 0.83016 0.17892 0.06239
0 0.70583 0.89021 0.10659 0.04937
0 0.8532 0.94418 0.19451 0.06667