0 0.16876 0.05483 0.16575 0.0609
0 0.31539 0.11207 0.10904 0.05074
0 0.47916 0.17306 0.19281 0.04786
0 0.63205 0.23406 0.15035 0.06638
0 0.79121 0.29506 0.15508 0.07269
0 0.24081 0.35606 0.17831 0.06768
0 0.40029 0.41705 0.13776 0.06021
0 0.54266 0.47805 0.16508 0.07804
0 0.69253 0.53905 0.13689 0.06473
0 0.83235 0.60005 0.1354 0.05098
0 0.16521 0.66104 0.16698 0.06822
0 0.32234 0.72204 0.14695 0.05452
0 0.46295 0.78304 0.11577 0.07067
0 0.6066 0.84404 0.12833 0.08007
0 0.8158 0.90503 0.19769 0.0526
0 0.2321 0.94730 0.17196 0.07757
0 0.41366 0.05483 0.16824 0.06869
0 0.53334 0.11207 0.13681 0.04602
0 0.67831 0.17306 0.10793 0.0517
0 0.85786 0.23406 0.15985 0.07767
0 0.16753 0.29506 0.10949 0.06052
0 0.36348 0.35606 0.13103 0.07571
0 0.51335 0.41705 0.12404 0.07182
0 0.66482 0.47805 0.14843 0.04312
0 0.78702 0.53905 0.17854 0.07149
0 0.23905 0.60005 0.16527 0.06829
0 0.39904 0.66104 0.13574 0.07515
0 0.52595 0.72204 0.1336 0.06432
0 0.68045 0.78304 0.11344 0.06604
0 0.84948 0.84404 0.12228 0.04662
0 0.16437 0.90503 0.17407 0.05049
0 0.34301 0.94730 0.1145 0.0438
0 0.48648 0.05483 0.1926 0.05919
0 0.61989 0.11207 0.14658 0.05474
0 0.80187 0.17306 0.11358 0.05326
0 0.23942 0.23406 0.16001 0.06115
0 0.38129 0.29506 0.18449 0.04928
0 0.52062 0.35606 0.13882 0.07764
0 0.69294 0.41705 0.17959 0.07788
0 0.85175 0.47805 0.17285 0.06473
0 0.1413 0.53905 0.16178 0.04246
0 0.34241 0.60005 0.14161 0.07648
0 0.49874 0.66104 0.1432 0.06818
0 0.61947 0.72204 0.14645 0.04521
0 0.80998 0.78304 0.14595 0.08
0 0.24069 0.84404 0.12671 0.05429
0 0.40524 0.90503 0.1529 0.07294
0 0.54755 0.94730 0.10982 0.05983
0 0.68594 0.05483 0.15932 0.06457
0 0.86124 0.11207 0.1107 0.06044
0 0.15021 0.17306 0.18831 0.06326
0 0.36279 0.23406 0.18715 0.04904
0 0.49575 0.29506 0.13796 0.06457
0 0.63689 0.35606 0.1979 0.04826
0 0.81166 0.41705 0.19608 0.05923
0 0.22604 0.47805 0.19927 0.0627
0 0.40303 0.53905 0.12094 0.05985
0 0.54458 0.60005 0.10634 0.07388
0 0.67133 0.66104 0.12946 0.07999
0 0.83938 0.72204 0.13871 0.07909
0 0.17959 0.78304 0.12807 0.07056
0 0.36201 0.84404 0.17733 0.04997
0 0.49601 0.90503 0.12737 0.0438
0 0.63452 0.94730 0.14835 0.04954
0 0.82536 0.05483 0.13053 0.06421
0 0.23831 0.11207 0.13867 0.06612
0 0.39936 0.17306 0.1912 0.05618
0 0.53353 0.23406 0.10726 0.06643
0 0.67548 0.29506 0.11853 0.07604
0 0.83462 0.35606 0.14265 0.05199
0 0.18188 0.41705 0.18532 0.05323
0 0.34796 0.47805 0.12617 0.04716
0 0.50729 0.53905 0.19424 0.06236
0 0.66451 0.60005 0.1975 0.07338
0 0.80553 0.66104 0.14145 0.05373
0 0.23809 0.72204 0.19892 0.07213
0 0.38511 0.78304 0.11758 0.05891
0 0.55639 0.84404 0.17781 0.06319
0 0.69836 0.90503 0.16069 0.07962
0 0.84198 0.94730 0.16463 0.06844