0 0.16717 0.05542 0.18554 0.0472
0 0.32842 0.11111 0.12829 0.07467
0 0.46642 0.17167 0.12639 0.07502
0 0.61596 0.23224 0.16956 0.06312
0 0.80492 0.29280 0.1582 0.07304
0 0.23609 0.35336 0.19478 0.04346
0 0.39886 0.41392 0.19956 0.07217
0 0.54257 0.47448 0.1686 0.06406
0 0.69823 0.53504 0.17974 0.05988
0 0.85432 0.59560 0.16556 0.04754
0 0.16472 0.65617 0.17457 0.05268
0 0.31499 0.71673 0.15613 0.06145
0 0.45892 0.77729 0.19716 0.06289
0 0.61347 0.83785 0.17348 0.05911
0 0.8052 0.89841 0.17769 0.04254
0 0.24119 0.95439 0.16112 0.07176
0 0.40758 0.05542 0.12789 0.05877
0 0.54169 0.11111 0.11118 0.06746
0 0.68629 0.17167 0.18704 0.0748
0 0.87176 0.23224 0.12598 0.05185
0 0.16534 0.29280 0.18811 0.05139
0 0.36549 0.35336 0.18926 0.04845
0 0.52806 0.41392 0.18927 0.068
0 0.66767 0.47448 0.18195 0.05442
0 0.78712 0.53504 0.13011 0.04545
0 0.23399 0.59560 0.17661 0.04296
0 0.38578 0.65617 0.19737 0.07084
0 0.53961 0.71673 0.17019 0.0599
0 0.65758 0.77729 0.19277 0.04918
0 0.81683 0.83785 0.12459 0.05376
0 0.16668 0.89841 0.12901 0.07466
0 0.35685 0.95439 0.14075 0.05989
0 0.48294 0.05542 0.16454 0.07992
0 0.6126 0.11111 0.15085 0.06223
0 0.77766 0.17167 0.19437 0.05256
0 0.24286 0.23224 0.11705 0.07814
0 0.38701 0.29280 0.1653 0.0695
0 0.53199 0.35336 0.11331 0.04888
0 0.66946 0.41392 0.1607 0.05273
0 0.84035 0.47448 0.18925 0.05295
0 0.13721 0.53504 0.14458 0.06015
0 0.33052 0.59560 0.13128 0.0431
0 0.49522 0.65617 0.10668 0.06721
0 0.63742 0.71673 0.11326 0.08011
0 0.80606 0.77729 0.19865 0.05271
0 0.24036 0.83785 0.18016 0.07919
0 0.41225 0.89841 0.1458 0.05451
0 0.55236 0.95439 0.13904 0.05261
0 0.68278 0.05542 0.1368 0.06994
0 0.83239 0.11111 0.12498 0.07472
0 0.15384 0.17167 0.12809 0.06037
0 0.36963 0.23224 0.10621 0.06261
0 0.5115 0.29280 0.15176 0.04963
0 0.64346 0.35336 0.10746 0.05328
0 0.81101 0.41392 0.13853 0.07239
0 0.22587 0.47448 0.17531 0.06395
0 0.40661 0.53504 0.11686 0.06004
0 0.54678 0.59560 0.19505 0.0429
0 0.67094 0.65617 0.1597 0.07598
0 0.83516 0.71673 0.11804 0.04585
0 0.1825 0.77729 0.17305 0.05798
0 0.36961 0.83785 0.12631 0.07751
0 0.50789 0.89841 0.12718 0.07985
0 0.65694 0.95439 0.14617 0.06951
0 0.82324 0.05542 0.14481 0.07888
0 0.23553 0.11111 0.13125 0.07661
0 0.38691 0.17167 0.14455 0.06833
0 0.52972 0.23224 0.16109 0.0463
0 0.67902 0.29280 0.12961 0.06934
0 0.84022 0.35336 0.12471 0.05076
0 0.18577 0.41392 0.1557 0.07921
0 0.34277 0.47448 0.15959 0.05404
0 0.49188 0.53504 0.16304 0.06501
0 0.65187 0.59560 0.15171 0.06687
0 0.81165 0.65617 0.10717 0.07464
0 0.2413 0.71673 0.128 0.06532
0 0.38425 0.77729 0.16216 0.07079
0 0.54775 0.83785 0.12182 0.07621
0 0.69122 0.89841 0.16327 0.06398
0 0.84385 0.95439 0.18222 0.0745