0 0.17059 0.05567 0.18787 0.05283
0 0.32527 0.10909 0.1538 0.06028
0 0.47444 0.17030 0.1601 0.0449
0 0.63126 0.23150 0.11869 0.07189
0 0.79199 0.29271 0.19351 0.05307
0 0.23394 0.35392 0.10673 0.0777
0 0.38437 0.41512 0.12494 0.07697
0 0.53214 0.47633 0.12245 0.06413
0 0.69935 0.53754 0.19787 0.07941
0 0.87048 0.59874 0.16403 0.05228
0 0.16576 0.65995 0.15182 0.05665
0 0.3207 0.72115 0.15761 0.07193
0 0.45494 0.78236 0.17187 0.07913
0 0.60867 0.84357 0.11814 0.06734
0 0.81415 0.90477 0.13992 0.04589
0 0.24008 0.94512 0.1329 0.07186
0 0.41469 0.05567 0.18964 0.06271
0 0.53137 0.10909 0.12129 0.07038
0 0.6978 0.17030 0.14482 0.07966
0 0.86138 0.23150 0.17219 0.04922
0 0.16474 0.29271 0.14293 0.04649
0 0.37091 0.35392 0.18459 0.06306
0 0.50973 0.41512 0.18701 0.05017
0 0.67027 0.47633 0.17184 0.06452
0 0.78931 0.53754 0.13566 0.07529
0 0.2343 0.59874 0.18617 0.06675
0 0.39314 0.65995 0.18827 0.06255
0 0.54163 0.72115 0.12963 0.05073
0 0.67456 0.78236 0.19467 0.05376
0 0.85747 0.84357 0.10791 0.05628
0 0.17002 0.90477 0.11904 0.07367
0 0.34866 0.94512 0.1216 0.07356
0 0.49065 0.05567 0.10626 0.06405
0 0.62363 0.10909 0.15329 0.04278
0 0.79107 0.17030 0.18848 0.05871
0 0.23917 0.23150 0.13295 0.06693
0 0.39297 0.29271 0.1318 0.0444
0 0.53166 0.35392 0.15099 0.06936
0 0.67384 0.41512 0.11523 0.06406
0 0.83877 0.47633 0.17042 0.04612
0 0.14014 0.53754 0.18931 0.0637
0 0.33055 0.59874 0.19288 0.04824
0 0.50066 0.65995 0.19689 0.05957
0 0.62234 0.72115 0.18751 0.06981
0 0.79761 0.78236 0.19067 0.05542
0 0.23448 0.84357 0.15222 0.05365
0 0.41116 0.90477 0.12785 0.04386
0 0.55459 0.94512 0.14137 0.06285
0 0.68871 0.05567 0.12349 0.05066
0 0.86888 0.10909 0.1375 0.07903
0 0.15404 0.17030 0.15534 0.04421
0 0.36421 0.23150 0.18045 0.06187
0 0.50842 0.29271 0.16293 0.04256
0 0.62976 0.35392 0.11225 0.07152
0 0.80353 0.41512 0.16994 0.04828
0 0.22318 0.47633 0.11104 0.07698
0 0.39701 0.53754 0.13028 0.05653
0 0.55074 0.59874 0.19932 0.06091
0 0.68547 0.65995 0.18223 0.07634
0 0.83576 0.72115 0.12957 0.05191
0 0.17748 0.78236 0.14452 0.06484
0 0.35578 0.84357 0.12293 0.07325
0 0.49172 0.90477 0.17295 0.0467
0 0.63762 0.94512 0.1877 0.06263
0 0.8073 0.05567 0.13873 0.07338
0 0.23529 0.10909 0.13397 0.06662
0 0.38402 0.17030 0.1269 0.06418
0 0.54029 0.23150 0.19232 0.06799
0 0.68649 0.29271 0.13986 0.07887
0 0.87242 0.35392 0.15236 0.04448
0 0.17935 0.41512 0.12732 0.07714
0 0.34426 0.47633 0.17178 0.05368
0 0.50264 0.53754 0.18238 0.06463
0 0.65428 0.59874 0.15851 0.0498
0 0.81302 0.65995 0.13043 0.06551
0 0.24129 0.72115 0.12774 0.06642
0 0.38884 0.78236 0.13076 0.05258
0 0.55251 0.84357 0.16447 0.05955
0 0.69049 0.90477 0.11448 0.07137
0 0.83624 0.94512 0.13565 0.07308