0 0.17102 0.05541 0.14741 0.06457
0 0.31902 0.10912 0.19279 0.04541
0 0.48613 0.16903 0.13615 0.0497
0 0.62948 0.22894 0.13287 0.07167
0 0.81213 0.28885 0.14036 0.05575
0 0.23361 0.34876 0.15314 0.07407
0 0.3853 0.40867 0.18277 0.04748
0 0.54398 0.46858 0.1282 0.06876
0 0.68818 0.52848 0.10817 0.0496
0 0.86996 0.58839 0.13446 0.05739
0 0.16565 0.64830 0.13417 0.05521
0 0.32828 0.70821 0.18394 0.07722
0 0.46784 0.76812 0.11893 0.07404
0 0.60957 0.82803 0.18287 0.06617
0 0.79031 0.88794 0.18725 0.07507
0 0.23541 0.94305 0.1582 0.05058
0 0.40246 0.05541 0.10781 0.04487
0 0.53336 0.10912 0.15394 0.068
0 0.69993 0.16903 0.17335 0.06261
0 0.83833 0.22894 0.17185 0.06194
0 0.16471 0.28885 0.1903 0.05207
0 0.36304 0.34876 0.17217 0.07459
0 0.51667 0.40867 0.19443 0.07347
0 0.6414 0.46858 0.10709 0.04305
0 0.79036 0.52848 0.18335 0.06033
0 0.23829 0.58839 0.1093 0.07803
0 0.40045 0.64830 0.15473 0.05972
0 0.5287 0.70821 0.16766 0.07448
0 0.67653 0.76812 0.17717 0.06262
0 0.81735 0.82803 0.13246 0.0588
0 0.1646 0.88794 0.16292 0.04335
0 0.35589 0.94305 0.18986 0.06145
0 0.47752 0.05541 0.16671 0.07548
0 0.59978 0.10912 0.18018 0.07668
0 0.79857 0.16903 0.15237 0.05318
0 0.23541 0.22894 0.1441 0.04743
0 0.38538 0.28885 0.18879 0.04243
0 0.54108 0.34876 0.17283 0.05442
0 0.69019 0.40867 0.18399 0.06242
0 0.83215 0.46858 0.10707 0.0737
0 0.1389 0.52848 0.11508 0.06783
0 0.33008 0.58839 0.15729 0.07686
0 0.48217 0.64830 0.18679 0.07094
0 0.64014 0.70821 0.13099 0.04878
0 0.82655 0.76812 0.17919 0.07878
0 0.24062 0.82803 0.16621 0.05556
0 0.39959 0.88794 0.17443 0.065
0 0.54664 0.94305 0.19041 0.07001
0 0.67381 0.05541 0.17847 0.07527
0 0.83566 0.10912 0.12557 0.055
0 0.15498 0.16903 0.11015 0.05989
0 0.37033 0.22894 0.12054 0.04872
0 0.50877 0.28885 0.17379 0.06002
0 0.6524 0.34876 0.11819 0.05964
0 0.79851 0.40867 0.12688 0.04725
0 0.22207 0.46858 0.14883 0.06656
0 0.40315 0.52848 0.14993 0.07624
0 0.55618 0.58839 0.11453 0.05855
0 0.67054 0.64830 0.15384 0.04906
0 0.85278 0.70821 0.11328 0.05355
0 0.18255 0.76812 0.12177 0.04464
0 0.35895 0.82803 0.17656 0.0447
0 0.49494 0.88794 0.13761 0.04343
0 0.63916 0.94305 0.13483 0.06319
0 0.80405 0.05541 0.18327 0.06366
0 0.2333 0.10912 0.19865 0.05391
0 0.39849 0.16903 0.19742 0.07088
0 0.52885 0.22894 0.16043 0.06774
0 0.68975 0.28885 0.12808 0.07787
0 0.83919 0.34876 0.13361 0.06072
0 0.1812 0.40867 0.16959 0.06196
0 0.34114 0.46858 0.16016 0.07219
0 0.5024 0.52848 0.12489 0.06397
0 0.64853 0.58839 0.19641 0.07133
0 0.817 0.64830 0.13776 0.07713
0 0.24022 0.70821 0.12018 0.05036
0 0.38873 0.76812 0.13703 0.06536
0 0.54597 0.82803 0.11673 0.05999
0 0.70598 0.88794 0.17884 0.06568
0 0.85619 0.94305 0.18079 0.05009