0 0.10501 0.13281 0.41939 0.08351
0 0.10501 0.18586 0.42009 0.0826
0 0.10501 0.23891 0.39193 0.07485
0 0.10501 0.29196 0.43385 0.08043
0 0.10501 0.34501 0.39312 0.0843
0 0.10501 0.39806 0.38839 0.0866
0 0.10501 0.45111 0.39602 0.07487
0 0.10501 0.50416 0.40645 0.07576
0 0.10501 0.55721 0.38093 0.08564
0 0.10501 0.61026 0.41189 0.07742
0 0.10501 0.66331 0.41228 0.08606
0 0.10501 0.71636 0.43706 0.08388
0 0.10501 0.76941 0.42567 0.08143
0 0.10501 0.82246 0.43302 0.07644
0 0.10501 0.87551 0.4234 0.08359
0 0.10501 0.92856 0.36978 0.0856
0 0.3148 0.14609 0.43251 0.07671
0 0.3148 0.20444 0.38954 0.08065
0 0.3148 0.26280 0.38555 0.0754
0 0.3148 0.32115 0.39549 0.08526
0 0.3148 0.37951 0.42332 0.07927
0 0.3148 0.43786 0.41147 0.07719
0 0.3148 0.49622 0.38482 0.08579
0 0.3148 0.55457 0.43308 0.07506
0 0.3148 0.61293 0.43739 0.07446
0 0.3148 0.67129 0.39785 0.08077
0 0.3148 0.72964 0.39114 0.08119
0 0.3148 0.78800 0.40006 0.08381
0 0.3148 0.84635 0.41904 0.08092
0 0.3148 0.90471 0.399 0.07956
0 0.3148 0.96306 0.41013 0.07739
0 0.52459 0.13281 0.4062 0.07879
0 0.52459 0.18586 0.42222 0.07445
0 0.52459 0.23891 0.40673 0.08588
0 0.52459 0.29196 0.40098 0.08067
0 0.52459 0.34501 0.38191 0.08281
0 0.52459 0.39806 0.41877 0.07443
0 0.52459 0.45111 0.41451 0.0823
0 0.52459 0.50416 0.39427 0.07586
0 0.52459 0.55721 0.43745 0.0741
0 0.52459 0.61026 0.40013 0.07653
0 0.52459 0.66331 0.39596 0.07987
0 0.52459 0.71636 0.38864 0.07807
0 0.52459 0.76941 0.39182 0.07547
0 0.52459 0.82246 0.39525 0.07304
0 0.52459 0.87551 0.37749 0.07787
0 0.52459 0.92856 0.38002 0.08236
0 0.73438 0.11953 0.40634 0.07381
0 0.73438 0.16727 0.39069 0.08501
0 0.73438 0.21502 0.43471 0.0736
0 0.73438 0.26276 0.41285 0.08162
0 0.73438 0.31051 0.37815 0.07345
0 0.73438 0.35825 0.37747 0.07967
0 0.73438 0.40600 0.42744 0.08503
0 0.73438 0.45374 0.42426 0.08488
0 0.73438 0.50149 0.42236 0.08202
0 0.73438 0.54923 0.39621 0.08535
0 0.73438 0.59698 0.37016 0.07582
0 0.73438 0.64472 0.38969 0.08615
0 0.73438 0.69247 0.3989 0.08405
0 0.73438 0.74021 0.37763 0.0831
0 0.73438 0.78796 0.36932 0.07632
0 0.73438 0.83571 0.43932 0.07799
0 0.90921 0.13281 0.3911 0.08464
0 0.90921 0.18586 0.42365 0.07753
0 0.90921 0.23891 0.41341 0.0802
0 0.90921 0.29196 0.42325 0.08455
0 0.90921 0.34501 0.37488 0.0744
0 0.90921 0.39806 0.43324 0.07845
0 0.90921 0.45111 0.42989 0.08314
0 0.90921 0.50416 0.38783 0.07429
0 0.90921 0.55721 0.39483 0.07856
0 0.90921 0.61026 0.39735 0.07411
0 0.90921 0.66331 0.39503 0.07569
0 0.90921 0.71636 0.43034 0.07634
0 0.90921 0.76941 0.40364 0.07467
0 0.90921 0.82246 0.40228 0.07625
0 0.90921 0.87551 0.38966 0.07766
0 0.90921 0.92856 0.43591 0.07807