0 0.10501 0.13281 0.38468 0.07412
0 0.10501 0.18586 0.41863 0.07888
0 0.10501 0.23891 0.41505 0.07538
0 0.10501 0.29196 0.39945 0.07743
0 0.10501 0.34501 0.41089 0.08244
0 0.10501 0.39806 0.38536 0.08646
0 0.10501 0.45111 0.40296 0.08305
0 0.10501 0.50416 0.44203 0.08283
0 0.10501 0.55721 0.36998 0.08222
0 0.10501 0.61026 0.39039 0.07389
0 0.10501 0.66331 0.42285 0.08472
0 0.10501 0.71636 0.37309 0.08077
0 0.10501 0.76941 0.38977 0.08299
0 0.10501 0.82246 0.38714 0.07973
0 0.10501 0.87551 0.41445 0.0758
0 0.10501 0.92856 0.41471 0.07466
0 0.3148 0.14609 0.42625 0.07475
0 0.3148 0.20444 0.43297 0.08348
0 0.3148 0.26280 0.39823 0.08385
0 0.3148 0.32115 0.38191 0.0833
0 0.3148 0.37951 0.38045 0.07846
0 0.3148 0.43786 0.40703 0.08412
0 0.3148 0.49622 0.43878 0.08472
0 0.3148 0.55457 0.3788 0.08687
0 0.3148 0.61293 0.42658 0.07968
0 0.3148 0.67129 0.40711 0.08005
0 0.3148 0.72964 0.43822 0.07727
0 0.3148 0.78800 0.40797 0.08461
0 0.3148 0.84635 0.41761 0.08658
0 0.3148 0.90471 0.405 0.07497
0 0.3148 0.96306 0.40908 0.08139
0 0.52459 0.13281 0.39849 0.08309
0 0.52459 0.18586 0.38532 0.08752
0 0.52459 0.23891 0.41725 0.08557
0 0.52459 0.29196 0.40786 0.08017
0 0.52459 0.34501 0.38519 0.08634
0 0.52459 0.39806 0.38951 0.0818
0 0.52459 0.45111 0.43091 0.07865
0 0.52459 0.50416 0.43669 0.07592
0 0.52459 0.55721 0.42538 0.08396
0 0.52459 0.61026 0.43078 0.08549
0 0.52459 0.66331 0.39691 0.08463
0 0.52459 0.71636 0.42931 0.08273
0 0.52459 0.76941 0.37986 0.07673
0 0.52459 0.82246 0.41371 0.0739
0 0.52459 0.87551 0.43888 0.07322
0 0.52459 0.92856 0.39913 0.0859
0 0.73438 0.11953 0.41806 0.08365
0 0.73438 0.16727 0.37958 0.08453
0 0.73438 0.21502 0.37289 0.07648
0 0.73438 0.26276 0.4418 0.07705
0 0.73438 0.31051 0.42514 0.07638
0 0.73438 0.35825 0.41712 0.0741
0 0.73438 0.40600 0.37365 0.07694
0 0.73438 0.45374 0.38602 0.08508
0 0.73438 0.50149 0.40565 0.07627
0 0.73438 0.54923 0.43673 0.07624
0 0.73438 0.59698 0.43269 0.0871
0 0.73438 0.64472 0.3978 0.08697
0 0.73438 0.69247 0.38425 0.08721
0 0.73438 0.74021 0.38563 0.08344
0 0.73438 0.78796 0.38855 0.07525
0 0.73438 0.83571 0.41361 0.08464
0 0.90921 0.13281 0.386 0.07346
0 0.90921 0.18586 0.39054 0.07861
0 0.90921 0.23891 0.39523 0.07835
0 0.90921 0.29196 0.40497 0.07866
0 0.90921 0.34501 0.43504 0.08032
0 0.90921 0.39806 0.37671 0.07517
0 0.90921 0.45111 0.39023 0.07619
0 0.90921 0.50416 0.37285 0.08707
0 0.90921 0.55721 0.43115 0.07936
0 0.90921 0.61026 0.37704 0.08283
0 0.90921 0.66331 0.3746 0.08269
0 0.90921 0.71636 0.42829 0.08493
0 0.90921 0.76941 0.40347 0.07461
0 0.90921 0.82246 0.40028 0.08365
0 0.90921 0.87551 0.42149 0.08464
0 0.90921 0.92856 0.37758 0.07396