0 0.10501 0.13281 0.39445 0.07848
0 0.10501 0.18586 0.37304 0.08099
0 0.10501 0.23891 0.41365 0.08399
0 0.10501 0.29196 0.43544 0.0819
0 0.10501 0.34501 0.37163 0.07773
0 0.10501 0.39806 0.38664 0.08202
0 0.10501 0.45111 0.40876 0.07895
0 0.10501 0.50416 0.37786 0.08603
0 0.10501 0.55721 0.39357 0.08403
0 0.10501 0.61026 0.4061 0.08027
0 0.10501 0.66331 0.39985 0.07953
0 0.10501 0.71636 0.4216 0.07812
0 0.10501 0.76941 0.38661 0.08357
0 0.10501 0.82246 0.39619 0.08285
0 0.10501 0.87551 0.39248 0.08634
0 0.10501 0.92856 0.36957 0.08086
0 0.3148 0.14609 0.42899 0.07621
0 0.3148 0.20444 0.42172 0.07791
0 0.3148 0.26280 0.38879 0.08022
0 0.3148 0.32115 0.43634 0.07627
0 0.3148 0.37951 0.43535 0.08611
0 0.3148 0.43786 0.40694 0.0795
0 0.3148 0.49622 0.3969 0.07474
0 0.3148 0.55457 0.38204 0.07902
0 0.3148 0.61293 0.41919 0.07375
0 0.3148 0.67129 0.37739 0.07977
0 0.3148 0.72964 0.39587 0.08595
0 0.3148 0.78800 0.37017 0.07773
0 0.3148 0.84635 0.40271 0.08626
0 0.3148 0.90471 0.43572 0.07493
0 0.3148 0.96306 0.44147 0.08301
0 0.52459 0.13281 0.43432 0.0869
0 0.52459 0.18586 0.4198 0.07601
0 0.52459 0.23891 0.38638 0.07399
0 0.52459 0.29196 0.42735 0.08664
0 0.52459 0.34501 0.37174 0.08417
0 0.52459 0.39806 0.38449 0.0852
0 0.52459 0.45111 0.38735 0.08063
0 0.52459 0.50416 0.40139 0.07512
0 0.52459 0.55721 0.40105 0.08138
0 0.52459 0.61026 0.37585 0.0814
0 0.52459 0.66331 0.42358 0.07682
0 0.52459 0.71636 0.38113 0.08067
0 0.52459 0.76941 0.41866 0.07511
0 0.52459 0.82246 0.37735 0.07774
0 0.52459 0.87551 0.41508 0.07466
0 0.52459 0.92856 0.43999 0.07339
0 0.73438 0.11953 0.38395 0.07382
0 0.73438 0.16727 0.37063 0.0827
0 0.73438 0.21502 0.44041 0.0802
0 0.73438 0.26276 0.38769 0.08527
0 0.73438 0.31051 0.40073 0.07924
0 0.73438 0.35825 0.42104 0.07623
0 0.73438 0.40600 0.41381 0.07613
0 0.73438 0.45374 0.42111 0.08586
0 0.73438 0.50149 0.41348 0.08195
0 0.73438 0.54923 0.39132 0.07556
0 0.73438 0.59698 0.36996 0.08415
0 0.73438 0.64472 0.4104 0.07607
0 0.73438 0.69247 0.40729 0.08542
0 0.73438 0.74021 0.39032 0.07372
0 0.73438 0.78796 0.37617 0.07913
0 0.73438 0.83571 0.38288 0.0819
0 0.90921 0.13281 0.37854 0.07888
0 0.90921 0.18586 0.39592 0.0734
0 0.90921 0.23891 0.38232 0.0757
0 0.90921 0.29196 0.43216 0.08238
0 0.90921 0.34501 0.44119 0.0745
0 0.90921 0.39806 0.4337 0.07947
0 0.90921 0.45111 0.40352 0.08
0 0.90921 0.50416 0.43521 0.07331
0 0.90921 0.55721 0.41715 0.0767
0 0.90921 0.61026 0.42278 0.07835
0 0.90921 0.66331 0.38093 0.07619
0 0.90921 0.71636 0.37654 0.07712
0 0.90921 0.76941 0.38408 0.07718
0 0.90921 0.82246 0.39673 0.08582
0 0.90921 0.87551 0.37747 0.08296
0 0.90921 0.92856 0.43831 0.07569