0 0.10501 0.13281 0.40436 0.08605
0 0.10501 0.18586 0.43294 0.08531
0 0.10501 0.23891 0.42754 0.07741
0 0.10501 0.29196 0.40338 0.08235
0 0.10501 0.34501 0.42752 0.08421
0 0.10501 0.39806 0.40397 0.07522
0 0.10501 0.45111 0.38343 0.0794
0 0.10501 0.50416 0.38356 0.07493
0 0.10501 0.55721 0.41062 0.07709
0 0.10501 0.61026 0.40037 0.07605
0 0.10501 0.66331 0.42806 0.0801
0 0.10501 0.71636 0.40853 0.08349
0 0.10501 0.76941 0.42693 0.0763
0 0.10501 0.82246 0.39349 0.07629
0 0.10501 0.87551 0.396 0.07522
0 0.10501 0.92856 0.42576 0.07719
0 0.3148 0.14609 0.37839 0.07929
0 0.3148 0.20444 0.39439 0.07645
0 0.3148 0.26280 0.41998 0.07834
0 0.3148 0.32115 0.41724 0.07616
0 0.3148 0.37951 0.37602 0.08628
0 0.3148 0.43786 0.40338 0.07809
0 0.3148 0.49622 0.42445 0.08537
0 0.3148 0.55457 0.44166 0.07665
0 0.3148 0.61293 0.39847 0.08735
0 0.3148 0.67129 0.41036 0.07547
0 0.3148 0.72964 0.37931 0.08663
0 0.3148 0.78800 0.39243 0.07513
0 0.3148 0.84635 0.43357 0.0832
0 0.3148 0.90471 0.38791 0.08648
0 0.3148 0.96306 0.4116 0.07945
0 0.52459 0.13281 0.38816 0.07877
0 0.52459 0.18586 0.43239 0.07552
0 0.52459 0.23891 0.38473 0.0763
0 0.52459 0.29196 0.4083 0.07985
0 0.52459 0.34501 0.37413 0.07954
0 0.52459 0.39806 0.43187 0.07683
0 0.52459 0.45111 0.41854 0.07461
0 0.52459 0.50416 0.42125 0.07472
0 0.52459 0.55721 0.42608 0.08011
0 0.52459 0.61026 0.43321 0.0786
0 0.52459 0.66331 0.4086 0.07495
0 0.52459 0.71636 0.43312 0.0868
0 0.52459 0.76941 0.38352 0.07606
0 0.52459 0.82246 0.37262 0.08342
0 0.52459 0.87551 0.37305 0.08748
0 0.52459 0.92856 0.3731 0.08722
0 0.73438 0.11953 0.41854 0.07822
0 0.73438 0.16727 0.40973 0.08581
0 0.73438 0.21502 0.40272 0.07909
0 0.73438 0.26276 0.40951 0.07384
0 0.73438 0.31051 0.43527 0.07319
0 0.73438 0.35825 0.40413 0.08262
0 0.73438 0.40600 0.4091 0.07853
0 0.73438 0.45374 0.37456 0.07801
0 0.73438 0.50149 0.37862 0.07785
0 0.73438 0.54923 0.4086 0.08013
0 0.73438 0.59698 0.41716 0.0813
0 0.73438 0.64472 0.39043 0.07994
0 0.73438 0.69247 0.43865 0.08278
0 0.73438 0.74021 0.41579 0.07688
0 0.73438 0.78796 0.40661 0.08564
0 0.73438 0.83571 0.43337 0.08277
0 0.90921 0.13281 0.40732 0.08161
0 0.90921 0.18586 0.41224 0.08211
0 0.90921 0.23891 0.41584 0.08292
0 0.90921 0.29196 0.40825 0.0785
0 0.90921 0.34501 0.40803 0.07912
0 0.90921 0.39806 0.4183 0.07965
0 0.90921 0.45111 0.40644 0.07512
0 0.90921 0.50416 0.41765 0.0839
0 0.90921 0.55721 0.43874 0.07512
0 0.90921 0.61026 0.42982 0.07439
0 0.90921 0.66331 0.42899 0.07474
0 0.90921 0.71636 0.37309 0.08476
0 0.90921 0.76941 0.40154 0.0847
0 0.90921 0.82246 0.37608 0.08092
0 0.90921 0.87551 0.39193 0.07369
0 0.90921 0.92856 0.40235 0.07417