0 0.10501 0.13281 0.43989 0.08071
0 0.10501 0.18586 0.41325 0.083
0 0.10501 0.23891 0.43107 0.08363
0 0.10501 0.29196 0.40059 0.07635
0 0.10501 0.34501 0.40305 0.07362
0 0.10501 0.39806 0.40982 0.07427
0 0.10501 0.45111 0.4345 0.08332
0 0.10501 0.50416 0.39498 0.07339
0 0.10501 0.55721 0.41236 0.07888
0 0.10501 0.61026 0.41978 0.07882
0 0.10501 0.66331 0.42344 0.07466
0 0.10501 0.71636 0.44036 0.0864
0 0.10501 0.76941 0.42166 0.08576
0 0.10501 0.82246 0.39977 0.07608
0 0.10501 0.87551 0.39951 0.08745
0 0.10501 0.92856 0.39609 0.0831
0 0.3148 0.14609 0.36948 0.07524
0 0.3148 0.20444 0.37222 0.07799
0 0.3148 0.26280 0.42966 0.08184
0 0.3148 0.32115 0.43513 0.07443
0 0.3148 0.37951 0.4258 0.07579
0 0.3148 0.43786 0.37627 0.08666
0 0.3148 0.49622 0.40043 0.08063
0 0.3148 0.55457 0.3994 0.07544
0 0.3148 0.61293 0.41716 0.08116
0 0.3148 0.67129 0.40275 0.08415
0 0.3148 0.72964 0.3806 0.07829
0 0.3148 0.78800 0.4138 0.07508
0 0.3148 0.84635 0.37993 0.08562
0 0.3148 0.90471 0.43835 0.07362
0 0.3148 0.96306 0.38672 0.07487
0 0.52459 0.13281 0.4107 0.08107
0 0.52459 0.18586 0.37979 0.07415
0 0.52459 0.23891 0.38588 0.0786
0 0.52459 0.29196 0.41595 0.08498
0 0.52459 0.34501 0.43788 0.07563
0 0.52459 0.39806 0.3924 0.07982
0 0.52459 0.45111 0.41678 0.08413
0 0.52459 0.50416 0.41804 0.08293
0 0.52459 0.55721 0.43976 0.07359
0 0.52459 0.61026 0.44137 0.08378
0 0.52459 0.66331 0.41907 0.07788
0 0.52459 0.71636 0.401 0.08425
0 0.52459 0.76941 0.3942 0.07591
0 0.52459 0.82246 0.38228 0.08519
0 0.52459 0.87551 0.38131 0.07496
0 0.52459 0.92856 0.42033 0.07715
0 0.73438 0.11953 0.39666 0.07616
0 0.73438 0.16727 0.40992 0.07738
0 0.73438 0.21502 0.40805 0.07402
0 0.73438 0.26276 0.39458 0.07889
0 0.73438 0.31051 0.43464 0.08148
0 0.73438 0.35825 0.39363 0.07508
0 0.73438 0.40600 0.41956 0.07412
0 0.73438 0.45374 0.41616 0.08363
0 0.73438 0.50149 0.41169 0.07639
0 0.73438 0.54923 0.43903 0.08033
0 0.73438 0.59698 0.38942 0.07467
0 0.73438 0.64472 0.43114 0.07341
0 0.73438 0.69247 0.38703 0.08617
0 0.73438 0.74021 0.40435 0.08304
0 0.73438 0.78796 0.41305 0.0741
0 0.73438 0.83571 0.43313 0.07407
0 0.90921 0.13281 0.39842 0.08355
0 0.90921 0.18586 0.3944 0.07683
0 0.90921 0.23891 0.40414 0.07328
0 0.90921 0.29196 0.42424 0.08459
0 0.90921 0.34501 0.42735 0.08698
0 0.90921 0.39806 0.42861 0.08151
0 0.90921 0.45111 0.44035 0.0786
0 0.90921 0.50416 0.42714 0.08003
0 0.90921 0.55721 0.43498 0.07868
0 0.90921 0.61026 0.38301 0.08412
0 0.90921 0.66331 0.38477 0.08153
0 0.90921 0.71636 0.39074 0.08028
0 0.90921 0.76941 0.42715 0.07481
0 0.90921 0.82246 0.44075 0.08677
0 0.90921 0.87551 0.39022 0.07635
0 0.90921 0.92856 0.43221 0.07894