0 0.10501 0.13281 0.40507 0.08714
0 0.10501 0.18586 0.43882 0.08212
0 0.10501 0.23891 0.37624 0.07427
0 0.10501 0.29196 0.39475 0.07448
0 0.10501 0.34501 0.38718 0.08613
0 0.10501 0.39806 0.40986 0.07709
0 0.10501 0.45111 0.38386 0.08297
0 0.10501 0.50416 0.43053 0.07444
0 0.10501 0.55721 0.39828 0.07657
0 0.10501 0.61026 0.43034 0.07901
0 0.10501 0.66331 0.40993 0.07503
0 0.10501 0.71636 0.38001 0.07297
0 0.10501 0.76941 0.39258 0.08199
0 0.10501 0.82246 0.42249 0.08167
0 0.10501 0.87551 0.42364 0.07387
0 0.10501 0.92856 0.3962 0.07609
0 0.3148 0.14609 0.38594 0.0834
0 0.3148 0.20444 0.41789 0.07546
0 0.3148 0.26280 0.36937 0.07919
0 0.3148 0.32115 0.39484 0.0821
0 0.3148 0.37951 0.41421 0.07533
0 0.3148 0.43786 0.37163 0.07681
0 0.3148 0.49622 0.43546 0.08214
0 0.3148 0.55457 0.43597 0.08129
0 0.3148 0.61293 0.42833 0.08201
0 0.3148 0.67129 0.38572 0.08735
0 0.3148 0.72964 0.43415 0.08642
0 0.3148 0.78800 0.40739 0.07411
0 0.3148 0.84635 0.41 0.08516
0 0.3148 0.90471 0.42378 0.08155
0 0.3148 0.96306 0.43928 0.07827
0 0.52459 0.13281 0.39583 0.07596
0 0.52459 0.18586 0.44044 0.08162
0 0.52459 0.23891 0.37257 0.07997
0 0.52459 0.29196 0.39385 0.08338
0 0.52459 0.34501 0.38349 0.07621
0 0.52459 0.39806 0.43884 0.08719
0 0.52459 0.45111 0.37638 0.08565
0 0.52459 0.50416 0.39491 0.0842
0 0.52459 0.55721 0.37151 0.08302
0 0.52459 0.61026 0.43541 0.08648
0 0.52459 0.66331 0.40717 0.08636
0 0.52459 0.71636 0.38318 0.07506
0 0.52459 0.76941 0.37091 0.07969
0 0.52459 0.82246 0.38621 0.08001
0 0.52459 0.87551 0.38301 0.08091
0 0.52459 0.92856 0.42192 0.08356
0 0.73438 0.11953 0.40923 0.07322
0 0.73438 0.16727 0.39497 0.07401
0 0.73438 0.21502 0.38175 0.07464
0 0.73438 0.26276 0.40652 0.086
0 0.73438 0.31051 0.37189 0.07353
0 0.73438 0.35825 0.41291 0.07699
0 0.73438 0.40600 0.38477 0.07834
0 0.73438 0.45374 0.40011 0.08019
0 0.73438 0.50149 0.40121 0.08211
0 0.73438 0.54923 0.42617 0.08752
0 0.73438 0.59698 0.39822 0.08231
0 0.73438 0.64472 0.42816 0.07991
0 0.73438 0.69247 0.40962 0.08444
0 0.73438 0.74021 0.3809 0.08305
0 0.73438 0.78796 0.41984 0.07728
0 0.73438 0.83571 0.4242 0.07964
0 0.90921 0.13281 0.37575 0.07354
0 0.90921 0.18586 0.43913 0.07403
0 0.90921 0.23891 0.38218 0.08341
0 0.90921 0.29196 0.37437 0.08534
0 0.90921 0.34501 0.40371 0.07969
0 0.90921 0.39806 0.4176 0.07681
0 0.90921 0.45111 0.43456 0.07429
0 0.90921 0.50416 0.41261 0.08004
0 0.90921 0.55721 0.43587 0.07307
0 0.90921 0.61026 0.37117 0.07369
0 0.90921 0.66331 0.43053 0.07932
0 0.90921 0.71636 0.43267 0.08665
0 0.90921 0.76941 0.39607 0.08545
0 0.90921 0.82246 0.39246 0.07977
0 0.90921 0.87551 0.38489 0.08342
0 0.90921 0.92856 0.4372 0.08192