0 0.10501 0.13281 0.37664 0.08252
0 0.10501 0.18586 0.37243 0.07826
0 0.10501 0.23891 0.41128 0.08719
0 0.10501 0.29196 0.41584 0.08117
0 0.10501 0.34501 0.39569 0.08336
0 0.10501 0.39806 0.37491 0.07722
0 0.10501 0.45111 0.41385 0.08336
0 0.10501 0.50416 0.38125 0.08661
0 0.10501 0.55721 0.38656 0.08111
0 0.10501 0.61026 0.37892 0.08337
0 0.10501 0.66331 0.41 0.07719
0 0.10501 0.71636 0.39559 0.0822
0 0.10501 0.76941 0.38437 0.08229
0 0.10501 0.82246 0.40721 0.0788
0 0.10501 0.87551 0.43618 0.08364
0 0.10501 0.92856 0.43997 0.07341
0 0.3148 0.14609 0.42576 0.07403
0 0.3148 0.20444 0.39451 0.07532
0 0.3148 0.26280 0.4393 0.08415
0 0.3148 0.32115 0.36888 0.082
0 0.3148 0.37951 0.37957 0.07683
0 0.3148 0.43786 0.37513 0.08515
0 0.3148 0.49622 0.44237 0.08708
0 0.3148 0.55457 0.38061 0.07357
0 0.3148 0.61293 0.42405 0.0868
0 0.3148 0.67129 0.40049 0.0747
0 0.3148 0.72964 0.3698 0.0819
0 0.3148 0.78800 0.42071 0.07926
0 0.3148 0.84635 0.3899 0.08443
0 0.3148 0.90471 0.40981 0.07338
0 0.3148 0.96306 0.38572 0.08539
0 0.52459 0.13281 0.44114 0.08602
0 0.52459 0.18586 0.40499 0.08257
0 0.52459 0.23891 0.39726 0.07639
0 0.52459 0.29196 0.37297 0.08113
0 0.52459 0.34501 0.38479 0.0775
0 0.52459 0.39806 0.44179 0.08345
0 0.52459 0.45111 0.3958 0.08641
0 0.52459 0.50416 0.4207 0.08009
0 0.52459 0.55721 0.42953 0.08142
0 0.52459 0.61026 0.37931 0.07581
0 0.52459 0.66331 0.38012 0.07906
0 0.52459 0.71636 0.44123 0.073
0 0.52459 0.76941 0.39898 0.07766
0 0.52459 0.82246 0.38522 0.08534
0 0.52459 0.87551 0.38361 0.07596
0 0.52459 0.92856 0.41613 0.07635
0 0.73438 0.11953 0.39783 0.08285
0 0.73438 0.16727 0.43595 0.08149
0 0.73438 0.21502 0.41577 0.07807
0 0.73438 0.26276 0.38107 0.08219
0 0.73438 0.31051 0.36905 0.07669
0 0.73438 0.35825 0.42367 0.0741
0 0.73438 0.40600 0.43813 0.07929
0 0.73438 0.45374 0.40492 0.08365
0 0.73438 0.50149 0.41513 0.08053
0 0.73438 0.54923 0.4252 0.07623
0 0.73438 0.59698 0.36921 0.08647
0 0.73438 0.64472 0.43769 0.08336
0 0.73438 0.69247 0.39163 0.0782
0 0.73438 0.74021 0.42063 0.07487
0 0.73438 0.78796 0.42295 0.08067
0 0.73438 0.83571 0.42758 0.08333
0 0.90921 0.13281 0.40091 0.08308
0 0.90921 0.18586 0.42196 0.07733
0 0.90921 0.23891 0.41474 0.08213
0 0.90921 0.29196 0.41852 0.07612
0 0.90921 0.34501 0.39972 0.07927
0 0.90921 0.39806 0.38572 0.0811
0 0.90921 0.45111 0.39094 0.08316
0 0.90921 0.50416 0.43945 0.07413
0 0.90921 0.55721 0.37365 0.07762
0 0.90921 0.61026 0.43489 0.08112
0 0.90921 0.66331 0.43433 0.08754
0 0.90921 0.71636 0.42662 0.07535
0 0.90921 0.76941 0.3966 0.08593
0 0.90921 0.82246 0.38513 0.08639
0 0.90921 0.87551 0.42328 0.07454
0 0.90921 0.92856 0.42709 0.07601