0 0.10501 0.13281 0.40799 0.07646
0 0.10501 0.18586 0.38269 0.08036
0 0.10501 0.23891 0.42119 0.07395
0 0.10501 0.29196 0.43219 0.07793
0 0.10501 0.34501 0.42332 0.07387
0 0.10501 0.39806 0.41641 0.07761
0 0.10501 0.45111 0.39772 0.08306
0 0.10501 0.50416 0.40737 0.07428
0 0.10501 0.55721 0.42182 0.0832
0 0.10501 0.61026 0.41296 0.08359
0 0.10501 0.66331 0.38446 0.07724
0 0.10501 0.71636 0.37802 0.08746
0 0.10501 0.76941 0.3745 0.07922
0 0.10501 0.82246 0.42633 0.08628
0 0.10501 0.87551 0.38834 0.07446
0 0.10501 0.92856 0.41289 0.0853
0 0.3148 0.14609 0.40884 0.07925
0 0.3148 0.20444 0.37291 0.08368
0 0.3148 0.26280 0.43239 0.07836
0 0.3148 0.32115 0.41417 0.08014
0 0.3148 0.37951 0.39203 0.07652
0 0.3148 0.43786 0.39188 0.08331
0 0.3148 0.49622 0.40504 0.08066
0 0.3148 0.55457 0.39928 0.08308
0 0.3148 0.61293 0.41255 0.08083
0 0.3148 0.67129 0.38119 0.08024
0 0.3148 0.72964 0.38876 0.07626
0 0.3148 0.78800 0.39855 0.07677
0 0.3148 0.84635 0.40852 0.07761
0 0.3148 0.90471 0.38223 0.08656
0 0.3148 0.96306 0.39061 0.0787
0 0.52459 0.13281 0.43203 0.08536
0 0.52459 0.18586 0.40557 0.07586
0 0.52459 0.23891 0.40264 0.08507
0 0.52459 0.29196 0.38367 0.08414
0 0.52459 0.34501 0.43164 0.07499
0 0.52459 0.39806 0.38942 0.07655
0 0.52459 0.45111 0.44005 0.07951
0 0.52459 0.50416 0.41521 0.08096
0 0.52459 0.55721 0.40824 0.07365
0 0.52459 0.61026 0.41874 0.08612
0 0.52459 0.66331 0.38341 0.08756
0 0.52459 0.71636 0.44246 0.08466
0 0.52459 0.76941 0.39263 0.08007
0 0.52459 0.82246 0.42884 0.07475
0 0.52459 0.87551 0.39135 0.0777
0 0.52459 0.92856 0.36966 0.08048
0 0.73438 0.11953 0.44196 0.07854
0 0.73438 0.16727 0.37878 0.07909
0 0.73438 0.21502 0.38272 0.07526
0 0.73438 0.26276 0.40858 0.08584
0 0.73438 0.31051 0.43517 0.08253
0 0.73438 0.35825 0.44096 0.08062
0 0.73438 0.40600 0.38858 0.07472
0 0.73438 0.45374 0.38123 0.07622
0 0.73438 0.50149 0.41483 0.07538
0 0.73438 0.54923 0.41308 0.07985
0 0.73438 0.59698 0.39317 0.08558
0 0.73438 0.64472 0.37314 0.07944
0 0.73438 0.69247 0.38433 0.07581
0 0.73438 0.74021 0.38638 0.07506
0 0.73438 0.78796 0.3773 0.07829
0 0.73438 0.83571 0.41495 0.07762
0 0.90921 0.13281 0.43903 0.07636
0 0.90921 0.18586 0.38139 0.08066
0 0.90921 0.23891 0.39592 0.08705
0 0.90921 0.29196 0.41708 0.07963
0 0.90921 0.34501 0.40692 0.07775
0 0.90921 0.39806 0.4002 0.07361
0 0.90921 0.45111 0.37066 0.08543
0 0.90921 0.50416 0.36904 0.07885
0 0.90921 0.55721 0.3788 0.0797
0 0.90921 0.61026 0.4162 0.07567
0 0.90921 0.66331 0.37768 0.08397
0 0.90921 0.71636 0.38173 0.08322
0 0.90921 0.76941 0.44167 0.07304
0 0.90921 0.82246 0.40965 0.08471
0 0.90921 0.87551 0.43062 0.08679
0 0.90921 0.92856 0.39944 0.08643