0 0.10501 0.13281 0.42016 0.08144
0 0.10501 0.18586 0.41123 0.08592
0 0.10501 0.23891 0.38998 0.0854
0 0.10501 0.29196 0.43684 0.08543
0 0.10501 0.34501 0.40752 0.07737
0 0.10501 0.39806 0.41665 0.08282
0 0.10501 0.45111 0.4207 0.07587
0 0.10501 0.50416 0.40908 0.07593
0 0.10501 0.55721 0.38254 0.07852
0 0.10501 0.61026 0.40634 0.0813
0 0.10501 0.66331 0.42625 0.08634
0 0.10501 0.71636 0.41637 0.08304
0 0.10501 0.76941 0.43503 0.07897
0 0.10501 0.82246 0.41064 0.0773
0 0.10501 0.87551 0.37227 0.08705
0 0.10501 0.92856 0.38016 0.08165
0 0.3148 0.14609 0.38394 0.07962
0 0.3148 0.20444 0.4066 0.08211
0 0.3148 0.26280 0.43734 0.07586
0 0.3148 0.32115 0.42878 0.08068
0 0.3148 0.37951 0.41454 0.08309
0 0.3148 0.43786 0.42524 0.08337
0 0.3148 0.49622 0.39772 0.0832
0 0.3148 0.55457 0.37308 0.08028
0 0.3148 0.61293 0.43296 0.08128
0 0.3148 0.67129 0.4149 0.07397
0 0.3148 0.72964 0.38291 0.07701
0 0.3148 0.78800 0.39766 0.07758
0 0.3148 0.84635 0.41177 0.08135
0 0.3148 0.90471 0.40126 0.07435
0 0.3148 0.96306 0.38707 0.08721
0 0.52459 0.13281 0.38006 0.0755
0 0.52459 0.18586 0.40505 0.08688
0 0.52459 0.23891 0.42948 0.08474
0 0.52459 0.29196 0.41026 0.08296
0 0.52459 0.34501 0.36923 0.08174
0 0.52459 0.39806 0.38488 0.08267
0 0.52459 0.45111 0.37514 0.07353
0 0.52459 0.50416 0.43783 0.08659
0 0.52459 0.55721 0.37439 0.08053
0 0.52459 0.61026 0.37098 0.0807
0 0.52459 0.66331 0.42906 0.07925
0 0.52459 0.71636 0.43877 0.08436
0 0.52459 0.76941 0.43195 0.07355
0 0.52459 0.82246 0.39353 0.07351
0 0.52459 0.87551 0.40819 0.08652
0 0.52459 0.92856 0.38187 0.08557
0 0.73438 0.11953 0.44023 0.0745
0 0.73438 0.16727 0.40009 0.08741
0 0.73438 0.21502 0.40037 0.07849
0 0.73438 0.26276 0.38855 0.08663
0 0.73438 0.31051 0.37489 0.0748
0 0.73438 0.35825 0.40717 0.07747
0 0.73438 0.40600 0.3839 0.0736
0 0.73438 0.45374 0.42444 0.07403
0 0.73438 0.50149 0.39865 0.07328
0 0.73438 0.54923 0.39187 0.08053
0 0.73438 0.59698 0.42304 0.08193
0 0.73438 0.64472 0.40021 0.07729
0 0.73438 0.69247 0.37237 0.07618
0 0.73438 0.74021 0.43285 0.07519
0 0.73438 0.78796 0.43225 0.08723
0 0.73438 0.83571 0.42953 0.08638
0 0.90921 0.13281 0.43474 0.08591
0 0.90921 0.18586 0.42494 0.07545
0 0.90921 0.23891 0.39032 0.0843
0 0.90921 0.29196 0.40692 0.07787
0 0.90921 0.34501 0.38128 0.08073
0 0.90921 0.39806 0.40202 0.08555
0 0.90921 0.45111 0.40772 0.07506
0 0.90921 0.50416 0.38738 0.08746
0 0.90921 0.55721 0.39571 0.08354
0 0.90921 0.61026 0.42314 0.07773
0 0.90921 0.66331 0.37632 0.0759
0 0.90921 0.71636 0.39993 0.07869
0 0.90921 0.76941 0.38308 0.08051
0 0.90921 0.82246 0.42122 0.07514
0 0.90921 0.87551 0.37175 0.08679
0 0.90921 0.92856 0.43807 0.0811