0 0.10501 0.13281 0.42399 0.08206
0 0.10501 0.18586 0.3944 0.08221
0 0.10501 0.23891 0.43709 0.08456
0 0.10501 0.29196 0.42082 0.07866
0 0.10501 0.34501 0.3927 0.07395
0 0.10501 0.39806 0.40637 0.07558
0 0.10501 0.45111 0.39775 0.07585
0 0.10501 0.50416 0.36966 0.08459
0 0.10501 0.55721 0.44248 0.0822
0 0.10501 0.61026 0.3891 0.08459
0 0.10501 0.66331 0.38661 0.08572
0 0.10501 0.71636 0.39571 0.0806
0 0.10501 0.76941 0.40559 0.08431
0 0.10501 0.82246 0.37233 0.07911
0 0.10501 0.87551 0.37034 0.07718
0 0.10501 0.92856 0.42767 0.08606
0 0.3148 0.14609 0.38854 0.07739
0 0.3148 0.20444 0.43896 0.07766
0 0.3148 0.26280 0.43395 0.07554
0 0.3148 0.32115 0.37835 0.07535
0 0.3148 0.37951 0.38245 0.08606
0 0.3148 0.43786 0.40072 0.08055
0 0.3148 0.49622 0.39781 0.07502
0 0.3148 0.55457 0.43491 0.08709
0 0.3148 0.61293 0.42374 0.08399
0 0.3148 0.67129 0.41884 0.08343
0 0.3148 0.72964 0.41553 0.07969
0 0.3148 0.78800 0.41899 0.08198
0 0.3148 0.84635 0.40559 0.0852
0 0.3148 0.90471 0.42745 0.08513
0 0.3148 0.96306 0.42836 0.07395
0 0.52459 0.13281 0.37867 0.08352
0 0.52459 0.18586 0.42015 0.07321
0 0.52459 0.23891 0.43826 0.08606
0 0.52459 0.29196 0.37175 0.08336
0 0.52459 0.34501 0.40292 0.08114
0 0.52459 0.39806 0.40721 0.07949
0 0.52459 0.45111 0.43828 0.07499
0 0.52459 0.50416 0.38881 0.08177
0 0.52459 0.55721 0.40372 0.08724
0 0.52459 0.61026 0.38251 0.08344
0 0.52459 0.66331 0.43096 0.0847
0 0.52459 0.71636 0.3946 0.07549
0 0.52459 0.76941 0.42089 0.07508
0 0.52459 0.82246 0.41954 0.082
0 0.52459 0.87551 0.42495 0.08039
0 0.52459 0.92856 0.41181 0.07426
0 0.73438 0.11953 0.40805 0.07815
0 0.73438 0.16727 0.3983 0.07392
0 0.73438 0.21502 0.38674 0.07733
0 0.73438 0.26276 0.4029 0.08642
0 0.73438 0.31051 0.41548 0.08079
0 0.73438 0.35825 0.40316 0.07326
0 0.73438 0.40600 0.41601 0.07588
0 0.73438 0.45374 0.40627 0.07713
0 0.73438 0.50149 0.38842 0.07955
0 0.73438 0.54923 0.37199 0.07527
0 0.73438 0.59698 0.38194 0.08649
0 0.73438 0.64472 0.37574 0.08085
0 0.73438 0.69247 0.39079 0.08491
0 0.73438 0.74021 0.43285 0.07778
0 0.73438 0.78796 0.39149 0.08152
0 0.73438 0.83571 0.42248 0.07369
0 0.90921 0.13281 0.37783 0.07937
0 0.90921 0.18586 0.38197 0.07897
0 0.90921 0.23891 0.38008 0.07816
0 0.90921 0.29196 0.39004 0.08667
0 0.90921 0.34501 0.37234 0.08632
0 0.90921 0.39806 0.42254 0.07677
0 0.90921 0.45111 0.36914 0.08531
0 0.90921 0.50416 0.43555 0.07954
0 0.90921 0.55721 0.41787 0.07802
0 0.90921 0.61026 0.38796 0.08097
0 0.90921 0.66331 0.41227 0.0753
0 0.90921 0.71636 0.42791 0.07965
0 0.90921 0.76941 0.38972 0.0736
0 0.90921 0.82246 0.37934 0.0811
0 0.90921 0.87551 0.36898 0.07978
0 0.90921 0.92856 0.40236 0.07628