0 0.10501 0.13281 0.40505 0.08163
0 0.10501 0.18586 0.40356 0.07796
0 0.10501 0.23891 0.43663 0.08632
0 0.10501 0.29196 0.37962 0.07961
0 0.10501 0.34501 0.37231 0.08649
0 0.10501 0.39806 0.39229 0.07936
0 0.10501 0.45111 0.40194 0.073
0 0.10501 0.50416 0.40483 0.07903
0 0.10501 0.55721 0.37803 0.07906
0 0.10501 0.61026 0.38518 0.08062
0 0.10501 0.66331 0.39041 0.07401
0 0.10501 0.71636 0.40441 0.08082
0 0.10501 0.76941 0.44255 0.08724
0 0.10501 0.82246 0.44061 0.08295
0 0.10501 0.87551 0.4159 0.08455
0 0.10501 0.92856 0.36889 0.08383
0 0.3148 0.14609 0.41712 0.07943
0 0.3148 0.20444 0.41467 0.08754
0 0.3148 0.26280 0.43032 0.07775
0 0.3148 0.32115 0.38677 0.0749
0 0.3148 0.37951 0.37159 0.0732
0 0.3148 0.43786 0.42043 0.08092
0 0.3148 0.49622 0.39792 0.08652
0 0.3148 0.55457 0.4395 0.08183
0 0.3148 0.61293 0.40954 0.07434
0 0.3148 0.67129 0.40168 0.07682
0 0.3148 0.72964 0.42563 0.07643
0 0.3148 0.78800 0.4393 0.08324
0 0.3148 0.84635 0.37683 0.07618
0 0.3148 0.90471 0.37632 0.07308
0 0.3148 0.96306 0.4219 0.07379
0 0.52459 0.13281 0.42992 0.0798
0 0.52459 0.18586 0.41534 0.0834
0 0.52459 0.23891 0.42362 0.08211
0 0.52459 0.29196 0.4242 0.08385
0 0.52459 0.34501 0.42421 0.08015
0 0.52459 0.39806 0.39707 0.07688
0 0.52459 0.45111 0.41137 0.07887
0 0.52459 0.50416 0.40406 0.07299
0 0.52459 0.55721 0.37555 0.08555
0 0.52459 0.61026 0.42841 0.08072
0 0.52459 0.66331 0.43653 0.08559
0 0.52459 0.71636 0.43521 0.0823
0 0.52459 0.76941 0.38989 0.07728
0 0.52459 0.82246 0.41362 0.07545
0 0.52459 0.87551 0.40216 0.07305
0 0.52459 0.92856 0.38923 0.07545
0 0.73438 0.11953 0.4173 0.08742
0 0.73438 0.16727 0.41846 0.07347
0 0.73438 0.21502 0.37736 0.08714
0 0.73438 0.26276 0.38231 0.08233
0 0.73438 0.31051 0.42448 0.07658
0 0.73438 0.35825 0.3957 0.08505
0 0.73438 0.40600 0.42802 0.0875
0 0.73438 0.45374 0.42401 0.07406
0 0.73438 0.50149 0.42644 0.07559
0 0.73438 0.54923 0.39331 0.08266
0 0.73438 0.59698 0.3958 0.08178
0 0.73438 0.64472 0.42223 0.08047
0 0.73438 0.69247 0.43664 0.08756
0 0.73438 0.74021 0.40065 0.08705
0 0.73438 0.78796 0.43206 0.08112
0 0.73438 0.83571 0.41494 0.08037
0 0.90921 0.13281 0.43007 0.07596
0 0.90921 0.18586 0.43583 0.07897
0 0.90921 0.23891 0.43381 0.07584
0 0.90921 0.29196 0.40151 0.08449
0 0.90921 0.34501 0.41702 0.07313
0 0.90921 0.39806 0.43376 0.07651
0 0.90921 0.45111 0.39193 0.07806
0 0.90921 0.50416 0.43708 0.07735
0 0.90921 0.55721 0.37431 0.08272
0 0.90921 0.61026 0.41577 0.08467
0 0.90921 0.66331 0.38186 0.07866
0 0.90921 0.71636 0.43687 0.08208
0 0.90921 0.76941 0.4404 0.08733
0 0.90921 0.82246 0.38782 0.08456
0 0.90921 0.87551 0.3823 0.08706
0 0.90921 0.92856 0.41235 0.07796