0 0.10501 0.13281 0.40984 0.08166
0 0.10501 0.18586 0.43977 0.07655
0 0.10501 0.23891 0.39681 0.08703
0 0.10501 0.29196 0.414 0.08199
0 0.10501 0.34501 0.42291 0.07896
0 0.10501 0.39806 0.40107 0.08488
0 0.10501 0.45111 0.4154 0.08074
0 0.10501 0.50416 0.37584 0.08161
0 0.10501 0.55721 0.40749 0.08216
0 0.10501 0.61026 0.41021 0.08471
0 0.10501 0.66331 0.3789 0.08467
0 0.10501 0.71636 0.42195 0.08653
0 0.10501 0.76941 0.42264 0.08404
0 0.10501 0.82246 0.42691 0.08191
0 0.10501 0.87551 0.43199 0.08461
0 0.10501 0.92856 0.40712 0.08417
0 0.3148 0.14609 0.40015 0.082
0 0.3148 0.20444 0.4083 0.07642
0 0.3148 0.26280 0.43428 0.07716
0 0.3148 0.32115 0.43806 0.07691
0 0.3148 0.37951 0.38977 0.08114
0 0.3148 0.43786 0.4231 0.07973
0 0.3148 0.49622 0.3724 0.07431
0 0.3148 0.55457 0.44108 0.0752
0 0.3148 0.61293 0.42352 0.07681
0 0.3148 0.67129 0.43198 0.07733
0 0.3148 0.72964 0.41579 0.08346
0 0.3148 0.78800 0.39357 0.07807
0 0.3148 0.84635 0.3808 0.07597
0 0.3148 0.90471 0.41325 0.07785
0 0.3148 0.96306 0.41044 0.07868
0 0.52459 0.13281 0.36896 0.07744
0 0.52459 0.18586 0.43534 0.07767
0 0.52459 0.23891 0.43348 0.07501
0 0.52459 0.29196 0.39837 0.07638
0 0.52459 0.34501 0.41837 0.08095
0 0.52459 0.39806 0.37356 0.0863
0 0.52459 0.45111 0.38914 0.0737
0 0.52459 0.50416 0.42074 0.07328
0 0.52459 0.55721 0.38828 0.07569
0 0.52459 0.61026 0.37199 0.08683
0 0.52459 0.66331 0.43019 0.08299
0 0.52459 0.71636 0.40633 0.08468
0 0.52459 0.76941 0.40174 0.08072
0 0.52459 0.82246 0.38529 0.08387
0 0.52459 0.87551 0.39358 0.08142
0 0.52459 0.92856 0.43913 0.08125
0 0.73438 0.11953 0.4338 0.07397
0 0.73438 0.16727 0.37936 0.08358
0 0.73438 0.21502 0.36969 0.07493
0 0.73438 0.26276 0.43039 0.07841
0 0.73438 0.31051 0.39239 0.07782
0 0.73438 0.35825 0.40782 0.08692
0 0.73438 0.40600 0.41545 0.07588
0 0.73438 0.45374 0.43515 0.07327
0 0.73438 0.50149 0.37899 0.08516
0 0.73438 0.54923 0.37364 0.07301
0 0.73438 0.59698 0.38108 0.07691
0 0.73438 0.64472 0.40015 0.0733
0 0.73438 0.69247 0.42599 0.08588
0 0.73438 0.74021 0.40232 0.08289
0 0.73438 0.78796 0.40508 0.07681
0 0.73438 0.83571 0.38379 0.08126
0 0.90921 0.13281 0.39104 0.08231
0 0.90921 0.18586 0.3982 0.08115
0 0.90921 0.23891 0.39678 0.07909
0 0.90921 0.29196 0.43882 0.08355
0 0.90921 0.34501 0.42178 0.08319
0 0.90921 0.39806 0.39496 0.08472
0 0.90921 0.45111 0.3715 0.07755
0 0.90921 0.50416 0.36944 0.0773
0 0.90921 0.55721 0.39316 0.08409
0 0.90921 0.61026 0.39633 0.08181
0 0.90921 0.66331 0.42936 0.08563
0 0.90921 0.71636 0.40191 0.08221
0 0.90921 0.76941 0.42865 0.07382
0 0.90921 0.82246 0.41582 0.08632
0 0.90921 0.87551 0.38346 0.08443
0 0.90921 0.92856 0.38642 0.08494