0 0.10501 0.13281 0.36908 0.07816
0 0.10501 0.18586 0.42704 0.07348
0 0.10501 0.23891 0.3778 0.083
0 0.10501 0.29196 0.42897 0.07731
0 0.10501 0.34501 0.38745 0.07849
0 0.10501 0.39806 0.38516 0.0843
0 0.10501 0.45111 0.41362 0.08167
0 0.10501 0.50416 0.41241 0.07629
0 0.10501 0.55721 0.38657 0.08323
0 0.10501 0.61026 0.4383 0.08215
0 0.10501 0.66331 0.43926 0.08031
0 0.10501 0.71636 0.41563 0.07613
0 0.10501 0.76941 0.42462 0.07856
0 0.10501 0.82246 0.39162 0.081
0 0.10501 0.87551 0.42874 0.08197
0 0.10501 0.92856 0.42878 0.07988
0 0.3148 0.14609 0.38776 0.0839
0 0.3148 0.20444 0.41227 0.07945
0 0.3148 0.26280 0.37272 0.07963
0 0.3148 0.32115 0.37323 0.07643
0 0.3148 0.37951 0.38396 0.08432
0 0.3148 0.43786 0.39963 0.07709
0 0.3148 0.49622 0.39741 0.08233
0 0.3148 0.55457 0.40972 0.08058
0 0.3148 0.61293 0.4235 0.07818
0 0.3148 0.67129 0.38126 0.08385
0 0.3148 0.72964 0.40318 0.08289
0 0.3148 0.78800 0.40701 0.08117
0 0.3148 0.84635 0.43754 0.07971
0 0.3148 0.90471 0.43916 0.08689
0 0.3148 0.96306 0.38666 0.08621
0 0.52459 0.13281 0.42665 0.08607
0 0.52459 0.18586 0.39817 0.08286
0 0.52459 0.23891 0.37831 0.08562
0 0.52459 0.29196 0.38981 0.074
0 0.52459 0.34501 0.36934 0.08592
0 0.52459 0.39806 0.42266 0.0735
0 0.52459 0.45111 0.37992 0.07672
0 0.52459 0.50416 0.37713 0.0761
0 0.52459 0.55721 0.37714 0.07685
0 0.52459 0.61026 0.42949 0.07602
0 0.52459 0.66331 0.39142 0.07903
0 0.52459 0.71636 0.38233 0.08176
0 0.52459 0.76941 0.38555 0.07424
0 0.52459 0.82246 0.43397 0.08275
0 0.52459 0.87551 0.39561 0.08595
0 0.52459 0.92856 0.38337 0.07777
0 0.73438 0.11953 0.37067 0.08194
0 0.73438 0.16727 0.42472 0.08295
0 0.73438 0.21502 0.38428 0.07624
0 0.73438 0.26276 0.42402 0.07696
0 0.73438 0.31051 0.40966 0.0755
0 0.73438 0.35825 0.44235 0.07638
0 0.73438 0.40600 0.42536 0.08082
0 0.73438 0.45374 0.38576 0.07721
0 0.73438 0.50149 0.38991 0.08622
0 0.73438 0.54923 0.3831 0.08426
0 0.73438 0.59698 0.38392 0.08173
0 0.73438 0.64472 0.41476 0.08672
0 0.73438 0.69247 0.42221 0.07902
0 0.73438 0.74021 0.38797 0.0821
0 0.73438 0.78796 0.38818 0.07439
0 0.73438 0.83571 0.39352 0.07408
0 0.90921 0.13281 0.43678 0.0782
0 0.90921 0.18586 0.41276 0.08456
0 0.90921 0.23891 0.41146 0.07499
0 0.90921 0.29196 0.3733 0.07384
0 0.90921 0.34501 0.43014 0.08076
0 0.90921 0.39806 0.40083 0.08093
0 0.90921 0.45111 0.42531 0.07488
0 0.90921 0.50416 0.39949 0.07977
0 0.90921 0.55721 0.39357 0.08737
0 0.90921 0.61026 0.43664 0.07467
0 0.90921 0.66331 0.37677 0.08321
0 0.90921 0.71636 0.42483 0.0732
0 0.90921 0.76941 0.36931 0.08704
0 0.90921 0.82246 0.39142 0.07809
0 0.90921 0.87551 0.41084 0.07686
0 0.90921 0.92856 0.37869 0.07759