0 0.10501 0.13281 0.42922 0.07314
0 0.10501 0.18586 0.42723 0.08519
0 0.10501 0.23891 0.40919 0.0745
0 0.10501 0.29196 0.41561 0.08604
0 0.10501 0.34501 0.39604 0.08493
0 0.10501 0.39806 0.4156 0.07692
0 0.10501 0.45111 0.42282 0.07975
0 0.10501 0.50416 0.42756 0.08346
0 0.10501 0.55721 0.43146 0.0731
0 0.10501 0.61026 0.40525 0.0815
0 0.10501 0.66331 0.42543 0.0734
0 0.10501 0.71636 0.44045 0.07376
0 0.10501 0.76941 0.39294 0.07436
0 0.10501 0.82246 0.37791 0.08121
0 0.10501 0.87551 0.4347 0.07672
0 0.10501 0.92856 0.38443 0.07561
0 0.3148 0.14609 0.38713 0.0812
0 0.3148 0.20444 0.37409 0.08107
0 0.3148 0.26280 0.37087 0.07491
0 0.3148 0.32115 0.38547 0.07601
0 0.3148 0.37951 0.44049 0.07857
0 0.3148 0.43786 0.37337 0.07499
0 0.3148 0.49622 0.41749 0.07803
0 0.3148 0.55457 0.40417 0.08245
0 0.3148 0.61293 0.4063 0.07473
0 0.3148 0.67129 0.38643 0.08028
0 0.3148 0.72964 0.38538 0.0865
0 0.3148 0.78800 0.42138 0.07422
0 0.3148 0.84635 0.42045 0.08202
0 0.3148 0.90471 0.41403 0.08502
0 0.3148 0.96306 0.41384 0.08188
0 0.52459 0.13281 0.411 0.07863
0 0.52459 0.18586 0.39189 0.07691
0 0.52459 0.23891 0.42647 0.08614
0 0.52459 0.29196 0.44002 0.08622
0 0.52459 0.34501 0.37874 0.08516
0 0.52459 0.39806 0.41691 0.08565
0 0.52459 0.45111 0.37088 0.08553
0 0.52459 0.50416 0.4197 0.08475
0 0.52459 0.55721 0.39324 0.0779
0 0.52459 0.61026 0.41515 0.08208
0 0.52459 0.66331 0.37625 0.07354
0 0.52459 0.71636 0.38187 0.0748
0 0.52459 0.76941 0.39905 0.07606
0 0.52459 0.82246 0.42024 0.08497
0 0.52459 0.87551 0.40891 0.08255
0 0.52459 0.92856 0.3778 0.07923
0 0.73438 0.11953 0.40804 0.07563
0 0.73438 0.16727 0.4228 0.075
0 0.73438 0.21502 0.39941 0.07826
0 0.73438 0.26276 0.37056 0.08163
0 0.73438 0.31051 0.43832 0.07531
0 0.73438 0.35825 0.4368 0.08004
0 0.73438 0.40600 0.43076 0.07521
0 0.73438 0.45374 0.38525 0.08639
0 0.73438 0.50149 0.37054 0.08341
0 0.73438 0.54923 0.42306 0.07641
0 0.73438 0.59698 0.39843 0.07662
0 0.73438 0.64472 0.37597 0.07991
0 0.73438 0.69247 0.39371 0.08561
0 0.73438 0.74021 0.3715 0.08335
0 0.73438 0.78796 0.37415 0.07943
0 0.73438 0.83571 0.44198 0.07412
0 0.90921 0.13281 0.37075 0.08403
0 0.90921 0.18586 0.42796 0.08391
0 0.90921 0.23891 0.38215 0.07568
0 0.90921 0.29196 0.44076 0.08626
0 0.90921 0.34501 0.43197 0.07493
0 0.90921 0.39806 0.38849 0.08002
0 0.90921 0.45111 0.37436 0.08077
0 0.90921 0.50416 0.43135 0.07427
0 0.90921 0.55721 0.44209 0.08732
0 0.90921 0.61026 0.40269 0.08141
0 0.90921 0.66331 0.37281 0.07831
0 0.90921 0.71636 0.43937 0.08045
0 0.90921 0.76941 0.38042 0.07748
0 0.90921 0.82246 0.4142 0.07466
0 0.90921 0.87551 0.41841 0.07764
0 0.90921 0.92856 0.38274 0.07547