0 0.10501 0.13281 0.44054 0.07628
0 0.10501 0.18586 0.38774 0.07388
0 0.10501 0.23891 0.42786 0.07637
0 0.10501 0.29196 0.42317 0.0764
0 0.10501 0.34501 0.42334 0.0789
0 0.10501 0.39806 0.39739 0.07642
0 0.10501 0.45111 0.37024 0.07625
0 0.10501 0.50416 0.37283 0.08328
0 0.10501 0.55721 0.36955 0.08566
0 0.10501 0.61026 0.43026 0.08662
0 0.10501 0.66331 0.38777 0.07701
0 0.10501 0.71636 0.43107 0.08394
0 0.10501 0.76941 0.42786 0.08502
0 0.10501 0.82246 0.40747 0.07541
0 0.10501 0.87551 0.44213 0.08424
0 0.10501 0.92856 0.39098 0.08444
0 0.3148 0.14609 0.39348 0.08282
0 0.3148 0.20444 0.39192 0.07615
0 0.3148 0.26280 0.419 0.07324
0 0.3148 0.32115 0.3781 0.07822
0 0.3148 0.37951 0.44078 0.07414
0 0.3148 0.43786 0.40987 0.07491
0 0.3148 0.49622 0.39084 0.08166
0 0.3148 0.55457 0.41263 0.08047
0 0.3148 0.61293 0.40269 0.076
0 0.3148 0.67129 0.43086 0.07666
0 0.3148 0.72964 0.37716 0.08156
0 0.3148 0.78800 0.41092 0.08333
0 0.3148 0.84635 0.41237 0.08734
0 0.3148 0.90471 0.41348 0.08361
0 0.3148 0.96306 0.42415 0.073
0 0.52459 0.13281 0.39569 0.08028
0 0.52459 0.18586 0.41043 0.07888
0 0.52459 0.23891 0.43687 0.08701
0 0.52459 0.29196 0.38153 0.07392
0 0.52459 0.34501 0.39089 0.07528
0 0.52459 0.39806 0.38727 0.07739
0 0.52459 0.45111 0.40168 0.07888
0 0.52459 0.50416 0.37543 0.08597
0 0.52459 0.55721 0.39449 0.08463
0 0.52459 0.61026 0.39615 0.07857
0 0.52459 0.66331 0.43814 0.07756
0 0.52459 0.71636 0.4195 0.08081
0 0.52459 0.76941 0.42513 0.07497
0 0.52459 0.82246 0.40282 0.08449
0 0.52459 0.87551 0.43617 0.08681
0 0.52459 0.92856 0.39682 0.07705
0 0.73438 0.11953 0.41552 0.07715
0 0.73438 0.16727 0.42254 0.08462
0 0.73438 0.21502 0.38249 0.07462
0 0.73438 0.26276 0.41558 0.07928
0 0.73438 0.31051 0.42864 0.07837
0 0.73438 0.35825 0.44055 0.08318
0 0.73438 0.40600 0.38246 0.07452
0 0.73438 0.45374 0.3912 0.08679
0 0.73438 0.50149 0.3728 0.08271
0 0.73438 0.54923 0.43796 0.07297
0 0.73438 0.59698 0.38925 0.08162
0 0.73438 0.64472 0.44064 0.07857
0 0.73438 0.69247 0.37679 0.07963
0 0.73438 0.74021 0.41445 0.07463
0 0.73438 0.78796 0.39533 0.07993
0 0.73438 0.83571 0.38801 0.07852
0 0.90921 0.13281 0.40871 0.07513
0 0.90921 0.18586 0.38182 0.0818
0 0.90921 0.23891 0.39323 0.08241
0 0.90921 0.29196 0.4071 0.08332
0 0.90921 0.34501 0.37867 0.07964
0 0.90921 0.39806 0.41006 0.07645
0 0.90921 0.45111 0.39346 0.08475
0 0.90921 0.50416 0.43371 0.07976
0 0.90921 0.55721 0.4363 0.07926
0 0.90921 0.61026 0.37815 0.07381
0 0.90921 0.66331 0.40115 0.08236
0 0.90921 0.71636 0.4106 0.08109
0 0.90921 0.76941 0.4243 0.07402
0 0.90921 0.82246 0.44031 0.08471
0 0.90921 0.87551 0.41763 0.0869
0 0.90921 0.92856 0.37209 0.07584