0 0.10501 0.13281 0.4004 0.07639
0 0.10501 0.18586 0.41959 0.08588
0 0.10501 0.23891 0.39473 0.08148
0 0.10501 0.29196 0.37593 0.07794
0 0.10501 0.34501 0.39938 0.08066
0 0.10501 0.39806 0.43786 0.08112
0 0.10501 0.45111 0.39933 0.08043
0 0.10501 0.50416 0.40657 0.08431
0 0.10501 0.55721 0.43009 0.08485
0 0.10501 0.61026 0.41494 0.07483
0 0.10501 0.66331 0.38822 0.08228
0 0.10501 0.71636 0.42028 0.08464
0 0.10501 0.76941 0.43888 0.08684
0 0.10501 0.82246 0.42698 0.08044
0 0.10501 0.87551 0.43909 0.08169
0 0.10501 0.92856 0.37705 0.07958
0 0.3148 0.14609 0.43595 0.07653
0 0.3148 0.20444 0.41703 0.08298
0 0.3148 0.26280 0.4255 0.07332
0 0.3148 0.32115 0.41954 0.08382
0 0.3148 0.37951 0.37725 0.0794
0 0.3148 0.43786 0.39534 0.0832
0 0.3148 0.49622 0.38982 0.07962
0 0.3148 0.55457 0.38748 0.08221
0 0.3148 0.61293 0.44209 0.07545
0 0.3148 0.67129 0.39916 0.07562
0 0.3148 0.72964 0.43784 0.07953
0 0.3148 0.78800 0.3778 0.08014
0 0.3148 0.84635 0.44148 0.07499
0 0.3148 0.90471 0.44222 0.07648
0 0.3148 0.96306 0.38174 0.07332
0 0.52459 0.13281 0.38118 0.0844
0 0.52459 0.18586 0.41565 0.08406
0 0.52459 0.23891 0.4069 0.08095
0 0.52459 0.29196 0.43835 0.07709
0 0.52459 0.34501 0.38339 0.08326
0 0.52459 0.39806 0.3929 0.0798
0 0.52459 0.45111 0.43333 0.07358
0 0.52459 0.50416 0.43664 0.08056
0 0.52459 0.55721 0.44207 0.07584
0 0.52459 0.61026 0.37883 0.07961
0 0.52459 0.66331 0.41713 0.0818
0 0.52459 0.71636 0.42953 0.08187
0 0.52459 0.76941 0.40635 0.08031
0 0.52459 0.82246 0.37063 0.08704
0 0.52459 0.87551 0.39086 0.07929
0 0.52459 0.92856 0.40307 0.07678
0 0.73438 0.11953 0.3696 0.07796
0 0.73438 0.16727 0.40018 0.08756
0 0.73438 0.21502 0.44042 0.07461
0 0.73438 0.26276 0.37211 0.08093
0 0.73438 0.31051 0.39236 0.08231
0 0.73438 0.35825 0.42524 0.08728
0 0.73438 0.40600 0.40368 0.07871
0 0.73438 0.45374 0.44185 0.08306
0 0.73438 0.50149 0.39745 0.0819
0 0.73438 0.54923 0.43179 0.07841
0 0.73438 0.59698 0.37797 0.07435
0 0.73438 0.64472 0.3853 0.08029
0 0.73438 0.69247 0.40932 0.0737
0 0.73438 0.74021 0.40857 0.08617
0 0.73438 0.78796 0.36905 0.08614
0 0.73438 0.83571 0.39562 0.07499
0 0.90921 0.13281 0.39773 0.08058
0 0.90921 0.18586 0.42415 0.08137
0 0.90921 0.23891 0.38459 0.07499
0 0.90921 0.29196 0.44059 0.07333
0 0.90921 0.34501 0.43923 0.07345
0 0.90921 0.39806 0.39769 0.08529
0 0.90921 0.45111 0.38922 0.0772
0 0.90921 0.50416 0.42961 0.0824
0 0.90921 0.55721 0.43426 0.08386
0 0.90921 0.61026 0.41888 0.08432
0 0.90921 0.66331 0.39605 0.07987
0 0.90921 0.71636 0.42404 0.08518
0 0.90921 0.76941 0.40593 0.08525
0 0.90921 0.82246 0.42413 0.07541
0 0.90921 0.87551 0.3708 0.07909
0 0.90921 0.92856 0.4155 0.07479