0 0.10501 0.13281 0.42582 0.07319
0 0.10501 0.18586 0.4209 0.07369
0 0.10501 0.23891 0.37412 0.08675
0 0.10501 0.29196 0.39003 0.07337
0 0.10501 0.34501 0.37722 0.07715
0 0.10501 0.39806 0.37044 0.08142
0 0.10501 0.45111 0.42182 0.07932
0 0.10501 0.50416 0.42177 0.07861
0 0.10501 0.55721 0.40021 0.08404
0 0.10501 0.61026 0.43186 0.08488
0 0.10501 0.66331 0.37186 0.08504
0 0.10501 0.71636 0.37222 0.07833
0 0.10501 0.76941 0.40503 0.07614
0 0.10501 0.82246 0.42798 0.08309
0 0.10501 0.87551 0.39987 0.08539
0 0.10501 0.92856 0.40734 0.07356
0 0.3148 0.14609 0.37221 0.07665
0 0.3148 0.20444 0.43476 0.08129
0 0.3148 0.26280 0.43459 0.07409
0 0.3148 0.32115 0.42503 0.07925
0 0.3148 0.37951 0.43011 0.08371
0 0.3148 0.43786 0.39461 0.08378
0 0.3148 0.49622 0.4052 0.08503
0 0.3148 0.55457 0.39018 0.07335
0 0.3148 0.61293 0.42724 0.07975
0 0.3148 0.67129 0.43029 0.08608
0 0.3148 0.72964 0.434 0.07943
0 0.3148 0.78800 0.39809 0.07327
0 0.3148 0.84635 0.40581 0.07756
0 0.3148 0.90471 0.41357 0.08124
0 0.3148 0.96306 0.39425 0.08174
0 0.52459 0.13281 0.38917 0.07918
0 0.52459 0.18586 0.43714 0.08691
0 0.52459 0.23891 0.38874 0.0754
0 0.52459 0.29196 0.42077 0.0778
0 0.52459 0.34501 0.39219 0.07544
0 0.52459 0.39806 0.37123 0.08175
0 0.52459 0.45111 0.40745 0.0752
0 0.52459 0.50416 0.38339 0.07902
0 0.52459 0.55721 0.42473 0.08285
0 0.52459 0.61026 0.41934 0.0738
0 0.52459 0.66331 0.38996 0.0791
0 0.52459 0.71636 0.4008 0.08038
0 0.52459 0.76941 0.38717 0.073
0 0.52459 0.82246 0.38987 0.08078
0 0.52459 0.87551 0.42906 0.08611
0 0.52459 0.92856 0.41499 0.08638
0 0.73438 0.11953 0.38207 0.07364
0 0.73438 0.16727 0.42104 0.08341
0 0.73438 0.21502 0.42734 0.07695
0 0.73438 0.26276 0.41482 0.08101
0 0.73438 0.31051 0.39121 0.07586
0 0.73438 0.35825 0.39087 0.0741
0 0.73438 0.40600 0.41492 0.07569
0 0.73438 0.45374 0.41106 0.08201
0 0.73438 0.50149 0.37958 0.08734
0 0.73438 0.54923 0.42366 0.07354
0 0.73438 0.59698 0.42169 0.08097
0 0.73438 0.64472 0.43889 0.08482
0 0.73438 0.69247 0.42934 0.07983
0 0.73438 0.74021 0.38985 0.07458
0 0.73438 0.78796 0.38875 0.07939
0 0.73438 0.83571 0.40126 0.07312
0 0.90921 0.13281 0.39599 0.0774
0 0.90921 0.18586 0.43847 0.08706
0 0.90921 0.23891 0.39775 0.07868
0 0.90921 0.29196 0.37899 0.08645
0 0.90921 0.34501 0.37296 0.07812
0 0.90921 0.39806 0.39263 0.08405
0 0.90921 0.45111 0.41773 0.08074
0 0.90921 0.50416 0.40575 0.0734
0 0.90921 0.55721 0.38904 0.08031
0 0.90921 0.61026 0.42712 0.08226
0 0.90921 0.66331 0.44095 0.08111
0 0.90921 0.71636 0.38474 0.08376
0 0.90921 0.76941 0.38488 0.08174
0 0.90921 0.82246 0.42813 0.07879
0 0.90921 0.87551 0.43862 0.08028
0 0.90921 0.92856 0.42019 0.07583