0 0.10501 0.13281 0.41102 0.08283
0 0.10501 0.18586 0.40733 0.07422
0 0.10501 0.23891 0.38156 0.07669
0 0.10501 0.29196 0.41693 0.08077
0 0.10501 0.34501 0.38716 0.08591
0 0.10501 0.39806 0.37905 0.08678
0 0.10501 0.45111 0.37439 0.0814
0 0.10501 0.50416 0.42574 0.07862
0 0.10501 0.55721 0.43574 0.08609
0 0.10501 0.61026 0.42928 0.08299
0 0.10501 0.66331 0.3933 0.07612
0 0.10501 0.71636 0.38757 0.08451
0 0.10501 0.76941 0.42195 0.07546
0 0.10501 0.82246 0.39514 0.08461
0 0.10501 0.87551 0.38804 0.08734
0 0.10501 0.92856 0.37957 0.08071
0 0.3148 0.14609 0.42604 0.07502
0 0.3148 0.20444 0.3817 0.07655
0 0.3148 0.26280 0.40759 0.0831
0 0.3148 0.32115 0.42101 0.07592
0 0.3148 0.37951 0.41926 0.07312
0 0.3148 0.43786 0.41971 0.07634
0 0.3148 0.49622 0.41418 0.08323
0 0.3148 0.55457 0.39925 0.08604
0 0.3148 0.61293 0.42096 0.07965
0 0.3148 0.67129 0.37373 0.07539
0 0.3148 0.72964 0.43278 0.07504
0 0.3148 0.78800 0.38784 0.08535
0 0.3148 0.84635 0.40429 0.08311
0 0.3148 0.90471 0.43474 0.08597
0 0.3148 0.96306 0.38556 0.07761
0 0.52459 0.13281 0.39389 0.08164
0 0.52459 0.18586 0.43556 0.07491
0 0.52459 0.23891 0.39324 0.08237
0 0.52459 0.29196 0.43423 0.08249
0 0.52459 0.34501 0.40595 0.07643
0 0.52459 0.39806 0.42655 0.08474
0 0.52459 0.45111 0.39216 0.07578
0 0.52459 0.50416 0.39647 0.08376
0 0.52459 0.55721 0.3744 0.07837
0 0.52459 0.61026 0.37902 0.0785
0 0.52459 0.66331 0.43139 0.07374
0 0.52459 0.71636 0.39646 0.08438
0 0.52459 0.76941 0.41542 0.08387
0 0.52459 0.82246 0.42268 0.07529
0 0.52459 0.87551 0.38738 0.08511
0 0.52459 0.92856 0.43807 0.07445
0 0.73438 0.11953 0.4376 0.08653
0 0.73438 0.16727 0.42282 0.07306
0 0.73438 0.21502 0.37416 0.08132
0 0.73438 0.26276 0.39625 0.07664
0 0.73438 0.31051 0.38864 0.08522
0 0.73438 0.35825 0.39582 0.07878
0 0.73438 0.40600 0.37458 0.08083
0 0.73438 0.45374 0.39783 0.08344
0 0.73438 0.50149 0.37817 0.07435
0 0.73438 0.54923 0.43026 0.07532
0 0.73438 0.59698 0.42439 0.08345
0 0.73438 0.64472 0.43211 0.07896
0 0.73438 0.69247 0.40949 0.08707
0 0.73438 0.74021 0.4149 0.07676
0 0.73438 0.78796 0.4093 0.07797
0 0.73438 0.83571 0.40908 0.08235
0 0.90921 0.13281 0.41581 0.08275
0 0.90921 0.18586 0.3758 0.07518
0 0.90921 0.23891 0.38021 0.0788
0 0.90921 0.29196 0.42151 0.07434
0 0.90921 0.34501 0.40294 0.07343
0 0.90921 0.39806 0.38294 0.07649
0 0.90921 0.45111 0.43356 0.07342
0 0.90921 0.50416 0.39635 0.07329
0 0.90921 0.55721 0.42999 0.08441
0 0.90921 0.61026 0.37957 0.07374
0 0.90921 0.66331 0.41824 0.08494
0 0.90921 0.71636 0.41002 0.08147
0 0.90921 0.76941 0.38299 0.07488
0 0.90921 0.82246 0.40508 0.07999
0 0.90921 0.87551 0.39857 0.08595
0 0.90921 0.92856 0.42131 0.08188