0 0.10501 0.13281 0.40274 0.0871
0 0.10501 0.18586 0.43649 0.08708
0 0.10501 0.23891 0.37136 0.08645
0 0.10501 0.29196 0.40487 0.07977
0 0.10501 0.34501 0.39859 0.0761
0 0.10501 0.39806 0.41577 0.07524
0 0.10501 0.45111 0.43679 0.08543
0 0.10501 0.50416 0.40358 0.08334
0 0.10501 0.55721 0.40945 0.08179
0 0.10501 0.61026 0.40504 0.08577
0 0.10501 0.66331 0.43842 0.07679
0 0.10501 0.71636 0.38829 0.07544
0 0.10501 0.76941 0.42435 0.07859
0 0.10501 0.82246 0.42401 0.07471
0 0.10501 0.87551 0.4054 0.0748
0 0.10501 0.92856 0.40551 0.08514
0 0.3148 0.14609 0.38936 0.07298
0 0.3148 0.20444 0.4313 0.08182
0 0.3148 0.26280 0.38954 0.07658
0 0.3148 0.32115 0.42219 0.08613
0 0.3148 0.37951 0.37076 0.0828
0 0.3148 0.43786 0.40079 0.08318
0 0.3148 0.49622 0.42997 0.07527
0 0.3148 0.55457 0.38847 0.07606
0 0.3148 0.61293 0.42781 0.07576
0 0.3148 0.67129 0.40633 0.08052
0 0.3148 0.72964 0.38512 0.07405
0 0.3148 0.78800 0.39661 0.07427
0 0.3148 0.84635 0.36897 0.08246
0 0.3148 0.90471 0.44001 0.07326
0 0.3148 0.96306 0.43463 0.07403
0 0.52459 0.13281 0.43477 0.08369
0 0.52459 0.18586 0.38165 0.07899
0 0.52459 0.23891 0.37924 0.0783
0 0.52459 0.29196 0.37632 0.07667
0 0.52459 0.34501 0.43178 0.08459
0 0.52459 0.39806 0.39856 0.08058
0 0.52459 0.45111 0.3884 0.0794
0 0.52459 0.50416 0.41 0.07569
0 0.52459 0.55721 0.43574 0.07757
0 0.52459 0.61026 0.42637 0.08643
0 0.52459 0.66331 0.38604 0.08621
0 0.52459 0.71636 0.40845 0.08403
0 0.52459 0.76941 0.40629 0.07637
0 0.52459 0.82246 0.39521 0.0817
0 0.52459 0.87551 0.40342 0.08215
0 0.52459 0.92856 0.37824 0.08226
0 0.73438 0.11953 0.40089 0.07315
0 0.73438 0.16727 0.39547 0.08289
0 0.73438 0.21502 0.38761 0.07455
0 0.73438 0.26276 0.42063 0.08343
0 0.73438 0.31051 0.3945 0.08514
0 0.73438 0.35825 0.40619 0.07678
0 0.73438 0.40600 0.38764 0.08007
0 0.73438 0.45374 0.37918 0.07977
0 0.73438 0.50149 0.3742 0.0846
0 0.73438 0.54923 0.43645 0.07841
0 0.73438 0.59698 0.41798 0.07399
0 0.73438 0.64472 0.38168 0.0859
0 0.73438 0.69247 0.40421 0.07797
0 0.73438 0.74021 0.43325 0.07567
0 0.73438 0.78796 0.41238 0.08344
0 0.73438 0.83571 0.43515 0.07789
0 0.90921 0.13281 0.37163 0.07969
0 0.90921 0.18586 0.41632 0.0771
0 0.90921 0.23891 0.3749 0.08527
0 0.90921 0.29196 0.41358 0.07479
0 0.90921 0.34501 0.39542 0.08127
0 0.90921 0.39806 0.39833 0.08201
0 0.90921 0.45111 0.3844 0.08742
0 0.90921 0.50416 0.44133 0.08119
0 0.90921 0.55721 0.38281 0.08003
0 0.90921 0.61026 0.41283 0.07462
0 0.90921 0.66331 0.41959 0.07801
0 0.90921 0.71636 0.41739 0.08248
0 0.90921 0.76941 0.41119 0.07593
0 0.90921 0.82246 0.44078 0.082
0 0.90921 0.87551 0.37759 0.08346
0 0.90921 0.92856 0.42358 0.08239