0 0.10501 0.13281 0.41574 0.08316
0 0.10501 0.18586 0.40469 0.0759
0 0.10501 0.23891 0.39992 0.07921
0 0.10501 0.29196 0.40598 0.07325
0 0.10501 0.34501 0.43523 0.07414
0 0.10501 0.39806 0.40881 0.08217
0 0.10501 0.45111 0.3692 0.08614
0 0.10501 0.50416 0.44001 0.08485
0 0.10501 0.55721 0.3897 0.07487
0 0.10501 0.61026 0.40165 0.08538
0 0.10501 0.66331 0.43683 0.08026
0 0.10501 0.71636 0.38135 0.08753
0 0.10501 0.76941 0.40581 0.07457
0 0.10501 0.82246 0.36914 0.08006
0 0.10501 0.87551 0.38368 0.0822
0 0.10501 0.92856 0.40592 0.08557
0 0.3148 0.14609 0.40835 0.08512
0 0.3148 0.20444 0.4126 0.08588
0 0.3148 0.26280 0.4349 0.07498
0 0.3148 0.32115 0.40446 0.07319
0 0.3148 0.37951 0.38408 0.08257
0 0.3148 0.43786 0.37875 0.08435
0 0.3148 0.49622 0.43613 0.07403
0 0.3148 0.55457 0.43872 0.07454
0 0.3148 0.61293 0.44245 0.08113
0 0.3148 0.67129 0.38993 0.08048
0 0.3148 0.72964 0.38778 0.08643
0 0.3148 0.78800 0.43387 0.07547
0 0.3148 0.84635 0.42103 0.07791
0 0.3148 0.90471 0.40959 0.07815
0 0.3148 0.96306 0.43611 0.08152
0 0.52459 0.13281 0.41631 0.08584
0 0.52459 0.18586 0.37857 0.07895
0 0.52459 0.23891 0.39827 0.07713
0 0.52459 0.29196 0.41676 0.0749
0 0.52459 0.34501 0.3774 0.07931
0 0.52459 0.39806 0.41124 0.07884
0 0.52459 0.45111 0.43372 0.08397
0 0.52459 0.50416 0.42868 0.08384
0 0.52459 0.55721 0.41074 0.08373
0 0.52459 0.61026 0.43043 0.08092
0 0.52459 0.66331 0.42931 0.07776
0 0.52459 0.71636 0.4397 0.07657
0 0.52459 0.76941 0.43638 0.07405
0 0.52459 0.82246 0.38667 0.08149
0 0.52459 0.87551 0.39862 0.08281
0 0.52459 0.92856 0.37377 0.08592
0 0.73438 0.11953 0.42062 0.07897
0 0.73438 0.16727 0.42706 0.08196
0 0.73438 0.21502 0.43742 0.07874
0 0.73438 0.26276 0.41174 0.07379
0 0.73438 0.31051 0.38743 0.08459
0 0.73438 0.35825 0.3895 0.08266
0 0.73438 0.40600 0.41849 0.07526
0 0.73438 0.45374 0.38097 0.08408
0 0.73438 0.50149 0.41966 0.07739
0 0.73438 0.54923 0.4092 0.07319
0 0.73438 0.59698 0.42677 0.07983
0 0.73438 0.64472 0.37143 0.08642
0 0.73438 0.69247 0.38413 0.08188
0 0.73438 0.74021 0.37131 0.07405
0 0.73438 0.78796 0.38559 0.0868
0 0.73438 0.83571 0.41871 0.07879
0 0.90921 0.13281 0.41237 0.08631
0 0.90921 0.18586 0.37308 0.07317
0 0.90921 0.23891 0.37692 0.08216
0 0.90921 0.29196 0.40506 0.0856
0 0.90921 0.34501 0.39157 0.08513
0 0.90921 0.39806 0.42792 0.07889
0 0.90921 0.45111 0.44111 0.07965
0 0.90921 0.50416 0.41089 0.07904
0 0.90921 0.55721 0.37229 0.07553
0 0.90921 0.61026 0.43353 0.08732
0 0.90921 0.66331 0.42412 0.07849
0 0.90921 0.71636 0.40264 0.08611
0 0.90921 0.76941 0.41961 0.08318
0 0.90921 0.82246 0.41996 0.08301
0 0.90921 0.87551 0.4005 0.07482
0 0.90921 0.92856 0.40412 0.08388