0 0.10501 0.13281 0.4279 0.0836
0 0.10501 0.18586 0.38279 0.07394
0 0.10501 0.23891 0.41895 0.08152
0 0.10501 0.29196 0.43379 0.07695
0 0.10501 0.34501 0.42764 0.0852
0 0.10501 0.39806 0.43614 0.08473
0 0.10501 0.45111 0.38919 0.08003
0 0.10501 0.50416 0.40373 0.08277
0 0.10501 0.55721 0.37639 0.07869
0 0.10501 0.61026 0.37433 0.07348
0 0.10501 0.66331 0.41619 0.08009
0 0.10501 0.71636 0.43103 0.08642
0 0.10501 0.76941 0.37253 0.07595
0 0.10501 0.82246 0.39198 0.07846
0 0.10501 0.87551 0.42281 0.08187
0 0.10501 0.92856 0.42303 0.08241
0 0.3148 0.14609 0.3777 0.07392
0 0.3148 0.20444 0.4031 0.08476
0 0.3148 0.26280 0.39789 0.07657
0 0.3148 0.32115 0.43396 0.08521
0 0.3148 0.37951 0.44117 0.07498
0 0.3148 0.43786 0.37179 0.0823
0 0.3148 0.49622 0.41288 0.07601
0 0.3148 0.55457 0.4296 0.0849
0 0.3148 0.61293 0.37803 0.08581
0 0.3148 0.67129 0.42693 0.07376
0 0.3148 0.72964 0.42834 0.08438
0 0.3148 0.78800 0.43234 0.07953
0 0.3148 0.84635 0.3973 0.0809
0 0.3148 0.90471 0.39326 0.0837
0 0.3148 0.96306 0.3747 0.08609
0 0.52459 0.13281 0.38883 0.08686
0 0.52459 0.18586 0.41203 0.07363
0 0.52459 0.23891 0.40851 0.08596
0 0.52459 0.29196 0.42183 0.0758
0 0.52459 0.34501 0.43723 0.08027
0 0.52459 0.39806 0.40994 0.07479
0 0.52459 0.45111 0.41708 0.07883
0 0.52459 0.50416 0.39107 0.07642
0 0.52459 0.55721 0.43746 0.07669
0 0.52459 0.61026 0.41109 0.082
0 0.52459 0.66331 0.3836 0.07528
0 0.52459 0.71636 0.41288 0.07552
0 0.52459 0.76941 0.40927 0.08576
0 0.52459 0.82246 0.3967 0.08008
0 0.52459 0.87551 0.3869 0.08322
0 0.52459 0.92856 0.43554 0.07512
0 0.73438 0.11953 0.4155 0.08445
0 0.73438 0.16727 0.40831 0.08224
0 0.73438 0.21502 0.40488 0.08086
0 0.73438 0.26276 0.38874 0.07451
0 0.73438 0.31051 0.42349 0.08153
0 0.73438 0.35825 0.40536 0.07749
0 0.73438 0.40600 0.40347 0.08012
0 0.73438 0.45374 0.38648 0.07835
0 0.73438 0.50149 0.38267 0.07326
0 0.73438 0.54923 0.43362 0.07594
0 0.73438 0.59698 0.38541 0.07737
0 0.73438 0.64472 0.39225 0.07775
0 0.73438 0.69247 0.38899 0.08024
0 0.73438 0.74021 0.4425 0.07713
0 0.73438 0.78796 0.38841 0.08243
0 0.73438 0.83571 0.39097 0.08658
0 0.90921 0.13281 0.41074 0.08093
0 0.90921 0.18586 0.41258 0.08145
0 0.90921 0.23891 0.38432 0.08622
0 0.90921 0.29196 0.41021 0.07756
0 0.90921 0.34501 0.39162 0.07745
0 0.90921 0.39806 0.39971 0.07717
0 0.90921 0.45111 0.38703 0.08377
0 0.90921 0.50416 0.38475 0.08076
0 0.90921 0.55721 0.42097 0.07402
0 0.90921 0.61026 0.37504 0.0864
0 0.90921 0.66331 0.43406 0.08256
0 0.90921 0.71636 0.39097 0.07816
0 0.90921 0.76941 0.3994 0.07518
0 0.90921 0.82246 0.39204 0.08542
0 0.90921 0.87551 0.42616 0.07952
0 0.90921 0.92856 0.42469 0.07952