0 0.10501 0.13281 0.40169 0.07427
0 0.10501 0.18586 0.432 0.08083
0 0.10501 0.23891 0.39351 0.07996
0 0.10501 0.29196 0.38283 0.07804
0 0.10501 0.34501 0.39186 0.08011
0 0.10501 0.39806 0.37053 0.0871
0 0.10501 0.45111 0.4292 0.07525
0 0.10501 0.50416 0.40636 0.07631
0 0.10501 0.55721 0.40123 0.08016
0 0.10501 0.61026 0.42695 0.07451
0 0.10501 0.66331 0.43003 0.08075
0 0.10501 0.71636 0.42175 0.08265
0 0.10501 0.76941 0.39433 0.07714
0 0.10501 0.82246 0.39825 0.08055
0 0.10501 0.87551 0.38104 0.0815
0 0.10501 0.92856 0.43155 0.08526
0 0.3148 0.14609 0.36948 0.08666
0 0.3148 0.20444 0.39857 0.07478
0 0.3148 0.26280 0.39708 0.07708
0 0.3148 0.32115 0.37951 0.08701
0 0.3148 0.37951 0.43793 0.07901
0 0.3148 0.43786 0.42502 0.08594
0 0.3148 0.49622 0.43573 0.08374
0 0.3148 0.55457 0.40317 0.07406
0 0.3148 0.61293 0.39805 0.08109
0 0.3148 0.67129 0.39808 0.08236
0 0.3148 0.72964 0.37349 0.07988
0 0.3148 0.78800 0.3689 0.08672
0 0.3148 0.84635 0.4189 0.07727
0 0.3148 0.90471 0.39029 0.08065
0 0.3148 0.96306 0.43901 0.08648
0 0.52459 0.13281 0.41496 0.08057
0 0.52459 0.18586 0.39056 0.0832
0 0.52459 0.23891 0.37618 0.08554
0 0.52459 0.29196 0.43606 0.07989
0 0.52459 0.34501 0.3813 0.07763
0 0.52459 0.39806 0.40522 0.07614
0 0.52459 0.45111 0.3725 0.08339
0 0.52459 0.50416 0.43337 0.08684
0 0.52459 0.55721 0.40435 0.07439
0 0.52459 0.61026 0.41807 0.07611
0 0.52459 0.66331 0.40819 0.08585
0 0.52459 0.71636 0.37398 0.08589
0 0.52459 0.76941 0.39402 0.08442
0 0.52459 0.82246 0.42399 0.08301
0 0.52459 0.87551 0.37774 0.07891
0 0.52459 0.92856 0.39373 0.08507
0 0.73438 0.11953 0.38036 0.08279
0 0.73438 0.16727 0.37435 0.08313
0 0.73438 0.21502 0.43599 0.08049
0 0.73438 0.26276 0.43083 0.08537
0 0.73438 0.31051 0.37815 0.08307
0 0.73438 0.35825 0.39962 0.08566
0 0.73438 0.40600 0.37015 0.08083
0 0.73438 0.45374 0.37533 0.07942
0 0.73438 0.50149 0.39913 0.07387
0 0.73438 0.54923 0.42586 0.08645
0 0.73438 0.59698 0.40439 0.07879
0 0.73438 0.64472 0.38871 0.08348
0 0.73438 0.69247 0.41302 0.08009
0 0.73438 0.74021 0.43226 0.08698
0 0.73438 0.78796 0.38041 0.0791
0 0.73438 0.83571 0.38102 0.07934
0 0.90921 0.13281 0.41651 0.07954
0 0.90921 0.18586 0.43067 0.07655
0 0.90921 0.23891 0.41475 0.08243
0 0.90921 0.29196 0.38578 0.08614
0 0.90921 0.34501 0.43654 0.08007
0 0.90921 0.39806 0.43812 0.08262
0 0.90921 0.45111 0.42625 0.08003
0 0.90921 0.50416 0.43586 0.07626
0 0.90921 0.55721 0.39425 0.07601
0 0.90921 0.61026 0.42992 0.07799
0 0.90921 0.66331 0.40102 0.08138
0 0.90921 0.71636 0.4181 0.07516
0 0.90921 0.76941 0.40647 0.07972
0 0.90921 0.82246 0.37112 0.0861
0 0.90921 0.87551 0.40882 0.07737
0 0.90921 0.92856 0.42319 0.08561