0 0.10501 0.13281 0.40967 0.07469
0 0.10501 0.18586 0.40577 0.08035
0 0.10501 0.23891 0.42945 0.07405
0 0.10501 0.29196 0.43628 0.0859
0 0.10501 0.34501 0.42336 0.07763
0 0.10501 0.39806 0.37721 0.0874
0 0.10501 0.45111 0.37566 0.07783
0 0.10501 0.50416 0.38455 0.08448
0 0.10501 0.55721 0.40528 0.08557
0 0.10501 0.61026 0.42087 0.08368
0 0.10501 0.66331 0.41868 0.08452
0 0.10501 0.71636 0.41979 0.07355
0 0.10501 0.76941 0.4017 0.08392
0 0.10501 0.82246 0.43409 0.0751
0 0.10501 0.87551 0.3995 0.07811
0 0.10501 0.92856 0.40671 0.07769
0 0.3148 0.14609 0.40169 0.08741
0 0.3148 0.20444 0.37983 0.08131
0 0.3148 0.26280 0.42525 0.07902
0 0.3148 0.32115 0.37404 0.0799
0 0.3148 0.37951 0.37152 0.07421
0 0.3148 0.43786 0.42041 0.08141
0 0.3148 0.49622 0.40582 0.07535
0 0.3148 0.55457 0.40966 0.0734
0 0.3148 0.61293 0.41301 0.07388
0 0.3148 0.67129 0.38658 0.07412
0 0.3148 0.72964 0.40988 0.07454
0 0.3148 0.78800 0.36904 0.07975
0 0.3148 0.84635 0.3993 0.07926
0 0.3148 0.90471 0.37687 0.08345
0 0.3148 0.96306 0.42368 0.08121
0 0.52459 0.13281 0.3998 0.08734
0 0.52459 0.18586 0.37855 0.07729
0 0.52459 0.23891 0.4208 0.084
0 0.52459 0.29196 0.39744 0.08523
0 0.52459 0.34501 0.43705 0.08384
0 0.52459 0.39806 0.4335 0.0808
0 0.52459 0.45111 0.37566 0.08545
0 0.52459 0.50416 0.4189 0.08734
0 0.52459 0.55721 0.41867 0.08337
0 0.52459 0.61026 0.44043 0.07335
0 0.52459 0.66331 0.41852 0.08558
0 0.52459 0.71636 0.41379 0.08095
0 0.52459 0.76941 0.37533 0.07544
0 0.52459 0.82246 0.44185 0.07548
0 0.52459 0.87551 0.41015 0.0823
0 0.52459 0.92856 0.39886 0.07614
0 0.73438 0.11953 0.43787 0.07938
0 0.73438 0.16727 0.43737 0.08605
0 0.73438 0.21502 0.37961 0.08729
0 0.73438 0.26276 0.41613 0.07463
0 0.73438 0.31051 0.41254 0.08101
0 0.73438 0.35825 0.44035 0.07565
0 0.73438 0.40600 0.43308 0.07795
0 0.73438 0.45374 0.37648 0.08199
0 0.73438 0.50149 0.38439 0.0774
0 0.73438 0.54923 0.39436 0.08416
0 0.73438 0.59698 0.38729 0.07413
0 0.73438 0.64472 0.44241 0.0846
0 0.73438 0.69247 0.42531 0.07595
0 0.73438 0.74021 0.41152 0.08256
0 0.73438 0.78796 0.38345 0.0841
0 0.73438 0.83571 0.39026 0.08047
0 0.90921 0.13281 0.39932 0.08305
0 0.90921 0.18586 0.41104 0.08085
0 0.90921 0.23891 0.3717 0.08744
0 0.90921 0.29196 0.38996 0.07382
0 0.90921 0.34501 0.38133 0.08536
0 0.90921 0.39806 0.42994 0.07517
0 0.90921 0.45111 0.4205 0.08584
0 0.90921 0.50416 0.39595 0.0775
0 0.90921 0.55721 0.38516 0.07721
0 0.90921 0.61026 0.42147 0.08026
0 0.90921 0.66331 0.42966 0.075
0 0.90921 0.71636 0.37096 0.08096
0 0.90921 0.76941 0.41564 0.08449
0 0.90921 0.82246 0.40539 0.08073
0 0.90921 0.87551 0.42769 0.08728
0 0.90921 0.92856 0.38995 0.08207