0 0.10501 0.13281 0.37125 0.07665
0 0.10501 0.18586 0.39638 0.07544
0 0.10501 0.23891 0.43851 0.07848
0 0.10501 0.29196 0.39097 0.0844
0 0.10501 0.34501 0.39103 0.0792
0 0.10501 0.39806 0.4072 0.08082
0 0.10501 0.45111 0.43592 0.08316
0 0.10501 0.50416 0.40418 0.08055
0 0.10501 0.55721 0.39777 0.08301
0 0.10501 0.61026 0.43517 0.07661
0 0.10501 0.66331 0.39392 0.07421
0 0.10501 0.71636 0.41512 0.0862
0 0.10501 0.76941 0.37256 0.07844
0 0.10501 0.82246 0.39154 0.0767
0 0.10501 0.87551 0.38736 0.08693
0 0.10501 0.92856 0.43748 0.0838
0 0.3148 0.14609 0.41189 0.08746
0 0.3148 0.20444 0.40349 0.08426
0 0.3148 0.26280 0.37377 0.0763
0 0.3148 0.32115 0.38898 0.07404
0 0.3148 0.37951 0.40322 0.07847
0 0.3148 0.43786 0.40988 0.07685
0 0.3148 0.49622 0.4057 0.07723
0 0.3148 0.55457 0.37389 0.08363
0 0.3148 0.61293 0.42857 0.07388
0 0.3148 0.67129 0.37224 0.08493
0 0.3148 0.72964 0.38122 0.07931
0 0.3148 0.78800 0.37564 0.08057
0 0.3148 0.84635 0.3939 0.07927
0 0.3148 0.90471 0.40834 0.07499
0 0.3148 0.96306 0.3758 0.07493
0 0.52459 0.13281 0.41624 0.08624
0 0.52459 0.18586 0.40651 0.08645
0 0.52459 0.23891 0.43803 0.08437
0 0.52459 0.29196 0.43227 0.08228
0 0.52459 0.34501 0.40262 0.0837
0 0.52459 0.39806 0.42726 0.08301
0 0.52459 0.45111 0.42297 0.07929
0 0.52459 0.50416 0.3789 0.08118
0 0.52459 0.55721 0.39201 0.08119
0 0.52459 0.61026 0.36998 0.07762
0 0.52459 0.66331 0.42318 0.07972
0 0.52459 0.71636 0.38363 0.08742
0 0.52459 0.76941 0.4034 0.07585
0 0.52459 0.82246 0.38028 0.08569
0 0.52459 0.87551 0.39227 0.07927
0 0.52459 0.92856 0.42042 0.07913
0 0.73438 0.11953 0.37287 0.08654
0 0.73438 0.16727 0.44006 0.08138
0 0.73438 0.21502 0.38224 0.08179
0 0.73438 0.26276 0.38012 0.07833
0 0.73438 0.31051 0.42391 0.08101
0 0.73438 0.35825 0.37002 0.075
0 0.73438 0.40600 0.42837 0.0752
0 0.73438 0.45374 0.40152 0.08167
0 0.73438 0.50149 0.42684 0.08144
0 0.73438 0.54923 0.39453 0.0839
0 0.73438 0.59698 0.42612 0.08577
0 0.73438 0.64472 0.43498 0.0837
0 0.73438 0.69247 0.3815 0.07724
0 0.73438 0.74021 0.3836 0.07493
0 0.73438 0.78796 0.40242 0.08277
0 0.73438 0.83571 0.37449 0.07942
0 0.90921 0.13281 0.39338 0.07617
0 0.90921 0.18586 0.37002 0.07612
0 0.90921 0.23891 0.43833 0.07913
0 0.90921 0.29196 0.39263 0.08129
0 0.90921 0.34501 0.43143 0.07382
0 0.90921 0.39806 0.43973 0.08257
0 0.90921 0.45111 0.37524 0.08127
0 0.90921 0.50416 0.39439 0.07408
0 0.90921 0.55721 0.38495 0.07841
0 0.90921 0.61026 0.39508 0.07473
0 0.90921 0.66331 0.39344 0.08127
0 0.90921 0.71636 0.37022 0.08127
0 0.90921 0.76941 0.40811 0.07981
0 0.90921 0.82246 0.37247 0.07689
0 0.90921 0.87551 0.40951 0.08198
0 0.90921 0.92856 0.39642 0.08697