0 0.10501 0.13281 0.42618 0.08564
0 0.10501 0.18586 0.40198 0.08454
0 0.10501 0.23891 0.39698 0.07544
0 0.10501 0.29196 0.41926 0.07495
0 0.10501 0.34501 0.43723 0.08513
0 0.10501 0.39806 0.44256 0.08548
0 0.10501 0.45111 0.43465 0.07639
0 0.10501 0.50416 0.39818 0.07328
0 0.10501 0.55721 0.43507 0.08081
0 0.10501 0.61026 0.40961 0.08207
0 0.10501 0.66331 0.39321 0.08466
0 0.10501 0.71636 0.37643 0.07609
0 0.10501 0.76941 0.43792 0.08019
0 0.10501 0.82246 0.38299 0.08553
0 0.10501 0.87551 0.41463 0.08069
0 0.10501 0.92856 0.41828 0.07765
0 0.3148 0.14609 0.40203 0.08616
0 0.3148 0.20444 0.44183 0.08094
0 0.3148 0.26280 0.40239 0.07371
0 0.3148 0.32115 0.44101 0.08384
0 0.3148 0.37951 0.42054 0.08043
0 0.3148 0.43786 0.40389 0.08744
0 0.3148 0.49622 0.36939 0.07999
0 0.3148 0.55457 0.38282 0.08153
0 0.3148 0.61293 0.42653 0.07607
0 0.3148 0.67129 0.40277 0.08525
0 0.3148 0.72964 0.43773 0.07742
0 0.3148 0.78800 0.379 0.07944
0 0.3148 0.84635 0.36918 0.08079
0 0.3148 0.90471 0.37578 0.08213
0 0.3148 0.96306 0.42379 0.07602
0 0.52459 0.13281 0.40105 0.08624
0 0.52459 0.18586 0.42479 0.07763
0 0.52459 0.23891 0.3788 0.07506
0 0.52459 0.29196 0.37218 0.08345
0 0.52459 0.34501 0.3859 0.08315
0 0.52459 0.39806 0.38749 0.0783
0 0.52459 0.45111 0.37584 0.08071
0 0.52459 0.50416 0.40527 0.0743
0 0.52459 0.55721 0.40116 0.08647
0 0.52459 0.61026 0.39853 0.0804
0 0.52459 0.66331 0.40012 0.0793
0 0.52459 0.71636 0.39213 0.08729
0 0.52459 0.76941 0.38241 0.07755
0 0.52459 0.82246 0.40764 0.08405
0 0.52459 0.87551 0.42884 0.08556
0 0.52459 0.92856 0.38036 0.08044
0 0.73438 0.11953 0.41108 0.08094
0 0.73438 0.16727 0.38625 0.08154
0 0.73438 0.21502 0.42223 0.0785
0 0.73438 0.26276 0.3781 0.07628
0 0.73438 0.31051 0.42058 0.07942
0 0.73438 0.35825 0.42238 0.07674
0 0.73438 0.40600 0.37422 0.08203
0 0.73438 0.45374 0.38862 0.07785
0 0.73438 0.50149 0.42082 0.0849
0 0.73438 0.54923 0.41569 0.08265
0 0.73438 0.59698 0.43017 0.07302
0 0.73438 0.64472 0.38932 0.08297
0 0.73438 0.69247 0.44229 0.08604
0 0.73438 0.74021 0.40502 0.08255
0 0.73438 0.78796 0.40745 0.07608
0 0.73438 0.83571 0.43049 0.07655
0 0.90921 0.13281 0.42981 0.0762
0 0.90921 0.18586 0.37791 0.07349
0 0.90921 0.23891 0.40696 0.07981
0 0.90921 0.29196 0.40315 0.07587
0 0.90921 0.34501 0.40555 0.07875
0 0.90921 0.39806 0.42808 0.07991
0 0.90921 0.45111 0.38827 0.08624
0 0.90921 0.50416 0.41714 0.08532
0 0.90921 0.55721 0.41222 0.07866
0 0.90921 0.61026 0.4341 0.07798
0 0.90921 0.66331 0.41495 0.08062
0 0.90921 0.71636 0.38283 0.08599
0 0.90921 0.76941 0.41826 0.08205
0 0.90921 0.82246 0.42048 0.07971
0 0.90921 0.87551 0.41359 0.08374
0 0.90921 0.92856 0.42442 0.07347