0 0.10501 0.13281 0.43906 0.07515
0 0.10501 0.18586 0.38995 0.08412
0 0.10501 0.23891 0.42669 0.07684
0 0.10501 0.29196 0.36947 0.07764
0 0.10501 0.34501 0.37837 0.07682
0 0.10501 0.39806 0.3732 0.07783
0 0.10501 0.45111 0.3695 0.08377
0 0.10501 0.50416 0.43728 0.08697
0 0.10501 0.55721 0.39449 0.07685
0 0.10501 0.61026 0.40366 0.0845
0 0.10501 0.66331 0.37943 0.07539
0 0.10501 0.71636 0.37277 0.08385
0 0.10501 0.76941 0.43283 0.085
0 0.10501 0.82246 0.44073 0.07894
0 0.10501 0.87551 0.41994 0.08426
0 0.10501 0.92856 0.43519 0.07412
0 0.3148 0.14609 0.44106 0.07522
0 0.3148 0.20444 0.39336 0.08411
0 0.3148 0.26280 0.3981 0.08741
0 0.3148 0.32115 0.42585 0.07827
0 0.3148 0.37951 0.44176 0.07554
0 0.3148 0.43786 0.37597 0.08353
0 0.3148 0.49622 0.40532 0.08365
0 0.3148 0.55457 0.40185 0.08313
0 0.3148 0.61293 0.37894 0.07909
0 0.3148 0.67129 0.43544 0.0842
0 0.3148 0.72964 0.42039 0.07866
0 0.3148 0.78800 0.37491 0.08301
0 0.3148 0.84635 0.43006 0.07371
0 0.3148 0.90471 0.42012 0.07864
0 0.3148 0.96306 0.3708 0.07663
0 0.52459 0.13281 0.3835 0.08251
0 0.52459 0.18586 0.42533 0.0764
0 0.52459 0.23891 0.39199 0.08546
0 0.52459 0.29196 0.37822 0.07981
0 0.52459 0.34501 0.39114 0.08582
0 0.52459 0.39806 0.421 0.08416
0 0.52459 0.45111 0.41552 0.07541
0 0.52459 0.50416 0.44161 0.07997
0 0.52459 0.55721 0.39224 0.08655
0 0.52459 0.61026 0.38946 0.08111
0 0.52459 0.66331 0.43411 0.08668
0 0.52459 0.71636 0.38419 0.07671
0 0.52459 0.76941 0.37184 0.07364
0 0.52459 0.82246 0.42541 0.08625
0 0.52459 0.87551 0.40169 0.08407
0 0.52459 0.92856 0.43041 0.07715
0 0.73438 0.11953 0.37109 0.08166
0 0.73438 0.16727 0.43179 0.08719
0 0.73438 0.21502 0.39752 0.07404
0 0.73438 0.26276 0.40509 0.08714
0 0.73438 0.31051 0.39308 0.07765
0 0.73438 0.35825 0.3752 0.07344
0 0.73438 0.40600 0.38576 0.07883
0 0.73438 0.45374 0.42293 0.08465
0 0.73438 0.50149 0.39951 0.08708
0 0.73438 0.54923 0.39691 0.07535
0 0.73438 0.59698 0.38902 0.07395
0 0.73438 0.64472 0.42371 0.07895
0 0.73438 0.69247 0.40442 0.08307
0 0.73438 0.74021 0.42516 0.07344
0 0.73438 0.78796 0.38444 0.08087
0 0.73438 0.83571 0.43566 0.08449
0 0.90921 0.13281 0.41664 0.08702
0 0.90921 0.18586 0.41044 0.07712
0 0.90921 0.23891 0.42365 0.08062
0 0.90921 0.29196 0.39292 0.08406
0 0.90921 0.34501 0.37699 0.083
0 0.90921 0.39806 0.4327 0.08552
0 0.90921 0.45111 0.43633 0.08314
0 0.90921 0.50416 0.37851 0.07329
0 0.90921 0.55721 0.37958 0.08532
0 0.90921 0.61026 0.42029 0.07624
0 0.90921 0.66331 0.37164 0.08081
0 0.90921 0.71636 0.43237 0.07835
0 0.90921 0.76941 0.40917 0.07385
0 0.90921 0.82246 0.36922 0.08613
0 0.90921 0.87551 0.42506 0.07298
0 0.90921 0.92856 0.39462 0.08637