0 0.10501 0.13281 0.39524 0.07869
0 0.10501 0.18586 0.40713 0.08576
0 0.10501 0.23891 0.42526 0.07628
0 0.10501 0.29196 0.43679 0.08072
0 0.10501 0.34501 0.36936 0.08082
0 0.10501 0.39806 0.39861 0.07834
0 0.10501 0.45111 0.41605 0.07408
0 0.10501 0.50416 0.38479 0.086
0 0.10501 0.55721 0.39813 0.0759
0 0.10501 0.61026 0.40875 0.08021
0 0.10501 0.66331 0.42233 0.08125
0 0.10501 0.71636 0.3691 0.08178
0 0.10501 0.76941 0.40595 0.08752
0 0.10501 0.82246 0.39701 0.08325
0 0.10501 0.87551 0.43107 0.07548
0 0.10501 0.92856 0.43807 0.076
0 0.3148 0.14609 0.39518 0.08289
0 0.3148 0.20444 0.41678 0.07401
0 0.3148 0.26280 0.37877 0.08222
0 0.3148 0.32115 0.42464 0.08168
0 0.3148 0.37951 0.39504 0.07346
0 0.3148 0.43786 0.42952 0.07687
0 0.3148 0.49622 0.40314 0.07809
0 0.3148 0.55457 0.41563 0.0787
0 0.3148 0.61293 0.4026 0.07324
0 0.3148 0.67129 0.38359 0.08467
0 0.3148 0.72964 0.37823 0.0792
0 0.3148 0.78800 0.42791 0.07488
0 0.3148 0.84635 0.38105 0.08323
0 0.3148 0.90471 0.37919 0.08221
0 0.3148 0.96306 0.44177 0.08552
0 0.52459 0.13281 0.44134 0.07576
0 0.52459 0.18586 0.37018 0.07592
0 0.52459 0.23891 0.39971 0.07893
0 0.52459 0.29196 0.4203 0.07681
0 0.52459 0.34501 0.41555 0.07692
0 0.52459 0.39806 0.38418 0.08235
0 0.52459 0.45111 0.37371 0.08111
0 0.52459 0.50416 0.37054 0.08259
0 0.52459 0.55721 0.43857 0.0816
0 0.52459 0.61026 0.4188 0.07467
0 0.52459 0.66331 0.42373 0.08411
0 0.52459 0.71636 0.4106 0.0859
0 0.52459 0.76941 0.41799 0.0842
0 0.52459 0.82246 0.43895 0.08332
0 0.52459 0.87551 0.37861 0.07653
0 0.52459 0.92856 0.39621 0.08032
0 0.73438 0.11953 0.42921 0.084
0 0.73438 0.16727 0.43179 0.0853
0 0.73438 0.21502 0.39808 0.07386
0 0.73438 0.26276 0.3882 0.08332
0 0.73438 0.31051 0.39876 0.08451
0 0.73438 0.35825 0.43944 0.08499
0 0.73438 0.40600 0.42714 0.07749
0 0.73438 0.45374 0.41537 0.07665
0 0.73438 0.50149 0.40948 0.08694
0 0.73438 0.54923 0.39567 0.08706
0 0.73438 0.59698 0.38029 0.08359
0 0.73438 0.64472 0.36994 0.08555
0 0.73438 0.69247 0.42172 0.0766
0 0.73438 0.74021 0.4031 0.07687
0 0.73438 0.78796 0.37464 0.08102
0 0.73438 0.83571 0.40727 0.08531
0 0.90921 0.13281 0.43204 0.07804
0 0.90921 0.18586 0.38623 0.08459
0 0.90921 0.23891 0.42735 0.07365
0 0.90921 0.29196 0.37775 0.07637
0 0.90921 0.34501 0.39645 0.0744
0 0.90921 0.39806 0.40067 0.08613
0 0.90921 0.45111 0.43063 0.08032
0 0.90921 0.50416 0.42344 0.08491
0 0.90921 0.55721 0.39868 0.07748
0 0.90921 0.61026 0.42052 0.07976
0 0.90921 0.66331 0.44239 0.07336
0 0.90921 0.71636 0.43951 0.07686
0 0.90921 0.76941 0.43825 0.08146
0 0.90921 0.82246 0.38039 0.08572
0 0.90921 0.87551 0.38788 0.07756
0 0.90921 0.92856 0.4007 0.08102