0 0.10501 0.13281 0.3991 0.07859
0 0.10501 0.18586 0.39125 0.07961
0 0.10501 0.23891 0.43762 0.07389
0 0.10501 0.29196 0.4198 0.08323
0 0.10501 0.34501 0.43354 0.07863
0 0.10501 0.39806 0.39743 0.0856
0 0.10501 0.45111 0.42674 0.08373
0 0.10501 0.50416 0.38328 0.08167
0 0.10501 0.55721 0.42367 0.08352
0 0.10501 0.61026 0.40379 0.07732
0 0.10501 0.66331 0.41912 0.07918
0 0.10501 0.71636 0.40868 0.08349
0 0.10501 0.76941 0.43072 0.07865
0 0.10501 0.82246 0.38867 0.08581
0 0.10501 0.87551 0.37908 0.08296
0 0.10501 0.92856 0.43177 0.08025
0 0.3148 0.14609 0.39602 0.08613
0 0.3148 0.20444 0.42298 0.07964
0 0.3148 0.26280 0.40022 0.07654
0 0.3148 0.32115 0.37727 0.08257
0 0.3148 0.37951 0.41923 0.0831
0 0.3148 0.43786 0.42549 0.08526
0 0.3148 0.49622 0.37148 0.07514
0 0.3148 0.55457 0.39851 0.08476
0 0.3148 0.61293 0.43417 0.07432
0 0.3148 0.67129 0.42191 0.08634
0 0.3148 0.72964 0.44164 0.08706
0 0.3148 0.78800 0.38212 0.07758
0 0.3148 0.84635 0.40743 0.08237
0 0.3148 0.90471 0.37741 0.08519
0 0.3148 0.96306 0.40608 0.07383
0 0.52459 0.13281 0.38699 0.08285
0 0.52459 0.18586 0.39836 0.07352
0 0.52459 0.23891 0.4144 0.07511
0 0.52459 0.29196 0.44057 0.08394
0 0.52459 0.34501 0.41823 0.08643
0 0.52459 0.39806 0.44256 0.07761
0 0.52459 0.45111 0.41369 0.08619
0 0.52459 0.50416 0.43173 0.07888
0 0.52459 0.55721 0.38897 0.08675
0 0.52459 0.61026 0.39199 0.08276
0 0.52459 0.66331 0.42201 0.08238
0 0.52459 0.71636 0.39686 0.08251
0 0.52459 0.76941 0.37259 0.07988
0 0.52459 0.82246 0.41373 0.07744
0 0.52459 0.87551 0.40623 0.07921
0 0.52459 0.92856 0.40052 0.07631
0 0.73438 0.11953 0.43515 0.08697
0 0.73438 0.16727 0.43 0.07846
0 0.73438 0.21502 0.40326 0.07664
0 0.73438 0.26276 0.43536 0.08179
0 0.73438 0.31051 0.38388 0.08303
0 0.73438 0.35825 0.37468 0.0855
0 0.73438 0.40600 0.42318 0.08281
0 0.73438 0.45374 0.43355 0.0736
0 0.73438 0.50149 0.40235 0.07359
0 0.73438 0.54923 0.4167 0.07654
0 0.73438 0.59698 0.41828 0.07307
0 0.73438 0.64472 0.42513 0.08299
0 0.73438 0.69247 0.42368 0.07297
0 0.73438 0.74021 0.43788 0.08384
0 0.73438 0.78796 0.43369 0.07627
0 0.73438 0.83571 0.4401 0.08147
0 0.90921 0.13281 0.39892 0.08303
0 0.90921 0.18586 0.42005 0.0757
0 0.90921 0.23891 0.40403 0.08532
0 0.90921 0.29196 0.37989 0.07609
0 0.90921 0.34501 0.3822 0.07332
0 0.90921 0.39806 0.3774 0.07899
0 0.90921 0.45111 0.40676 0.07411
0 0.90921 0.50416 0.43114 0.07804
0 0.90921 0.55721 0.40673 0.07634
0 0.90921 0.61026 0.41731 0.08568
0 0.90921 0.66331 0.39273 0.0815
0 0.90921 0.71636 0.43945 0.0793
0 0.90921 0.76941 0.41064 0.0792
0 0.90921 0.82246 0.39894 0.07728
0 0.90921 0.87551 0.37903 0.07912
0 0.90921 0.92856 0.39659 0.08116