0 0.10501 0.13281 0.38089 0.07816
0 0.10501 0.18586 0.42701 0.07378
0 0.10501 0.23891 0.43902 0.08709
0 0.10501 0.29196 0.37072 0.08749
0 0.10501 0.34501 0.37336 0.08198
0 0.10501 0.39806 0.41848 0.07317
0 0.10501 0.45111 0.37933 0.08497
0 0.10501 0.50416 0.40065 0.07727
0 0.10501 0.55721 0.38876 0.08437
0 0.10501 0.61026 0.38869 0.07737
0 0.10501 0.66331 0.39855 0.07988
0 0.10501 0.71636 0.37612 0.07352
0 0.10501 0.76941 0.39984 0.08134
0 0.10501 0.82246 0.41096 0.07951
0 0.10501 0.87551 0.40754 0.07585
0 0.10501 0.92856 0.37548 0.07925
0 0.3148 0.14609 0.37378 0.0853
0 0.3148 0.20444 0.42032 0.08455
0 0.3148 0.26280 0.38407 0.07566
0 0.3148 0.32115 0.42775 0.07678
0 0.3148 0.37951 0.42267 0.08595
0 0.3148 0.43786 0.39557 0.07701
0 0.3148 0.49622 0.4001 0.08721
0 0.3148 0.55457 0.43798 0.07412
0 0.3148 0.61293 0.38775 0.0736
0 0.3148 0.67129 0.40522 0.07618
0 0.3148 0.72964 0.41324 0.08505
0 0.3148 0.78800 0.39371 0.08557
0 0.3148 0.84635 0.42424 0.0742
0 0.3148 0.90471 0.42906 0.08386
0 0.3148 0.96306 0.42732 0.07969
0 0.52459 0.13281 0.43375 0.08481
0 0.52459 0.18586 0.41754 0.077
0 0.52459 0.23891 0.43497 0.07844
0 0.52459 0.29196 0.44045 0.07688
0 0.52459 0.34501 0.42979 0.0784
0 0.52459 0.39806 0.42121 0.07629
0 0.52459 0.45111 0.42114 0.08634
0 0.52459 0.50416 0.41026 0.08002
0 0.52459 0.55721 0.43389 0.07992
0 0.52459 0.61026 0.41826 0.07746
0 0.52459 0.66331 0.41438 0.07828
0 0.52459 0.71636 0.37526 0.08068
0 0.52459 0.76941 0.40443 0.08495
0 0.52459 0.82246 0.39222 0.08207
0 0.52459 0.87551 0.42546 0.07663
0 0.52459 0.92856 0.43327 0.07715
0 0.73438 0.11953 0.37732 0.07947
0 0.73438 0.16727 0.44256 0.0858
0 0.73438 0.21502 0.40066 0.07576
0 0.73438 0.26276 0.36921 0.08698
0 0.73438 0.31051 0.40809 0.08308
0 0.73438 0.35825 0.43071 0.08121
0 0.73438 0.40600 0.38907 0.0767
0 0.73438 0.45374 0.44107 0.08286
0 0.73438 0.50149 0.42826 0.08744
0 0.73438 0.54923 0.41876 0.08373
0 0.73438 0.59698 0.41166 0.07816
0 0.73438 0.64472 0.38153 0.07405
0 0.73438 0.69247 0.38519 0.08635
0 0.73438 0.74021 0.38245 0.07829
0 0.73438 0.78796 0.40914 0.08644
0 0.73438 0.83571 0.39377 0.08165
0 0.90921 0.13281 0.38947 0.08236
0 0.90921 0.18586 0.43921 0.0792
0 0.90921 0.23891 0.42273 0.08737
0 0.90921 0.29196 0.39068 0.08464
0 0.90921 0.34501 0.38905 0.07408
0 0.90921 0.39806 0.40224 0.08586
0 0.90921 0.45111 0.37064 0.07979
0 0.90921 0.50416 0.3852 0.0859
0 0.90921 0.55721 0.42227 0.07855
0 0.90921 0.61026 0.37176 0.08598
0 0.90921 0.66331 0.43185 0.08653
0 0.90921 0.71636 0.37292 0.07966
0 0.90921 0.76941 0.37143 0.07685
0 0.90921 0.82246 0.38259 0.07406
0 0.90921 0.87551 0.42685 0.08003
0 0.90921 0.92856 0.37848 0.07651