0 0.10501 0.13281 0.37697 0.07603
0 0.10501 0.18586 0.39073 0.07958
0 0.10501 0.23891 0.36988 0.081
0 0.10501 0.29196 0.43202 0.0819
0 0.10501 0.34501 0.3694 0.08248
0 0.10501 0.39806 0.4016 0.07955
0 0.10501 0.45111 0.36949 0.08372
0 0.10501 0.50416 0.37192 0.07457
0 0.10501 0.55721 0.42168 0.08256
0 0.10501 0.61026 0.36907 0.07414
0 0.10501 0.66331 0.41995 0.07714
0 0.10501 0.71636 0.41486 0.07653
0 0.10501 0.76941 0.36979 0.08576
0 0.10501 0.82246 0.41546 0.07401
0 0.10501 0.87551 0.41339 0.07394
0 0.10501 0.92856 0.37289 0.08073
0 0.3148 0.14609 0.38159 0.0795
0 0.3148 0.20444 0.42607 0.08355
0 0.3148 0.26280 0.3981 0.07431
0 0.3148 0.32115 0.40676 0.07709
0 0.3148 0.37951 0.42068 0.0759
0 0.3148 0.43786 0.42764 0.07964
0 0.3148 0.49622 0.41357 0.07497
0 0.3148 0.55457 0.40436 0.08734
0 0.3148 0.61293 0.38475 0.07353
0 0.3148 0.67129 0.39725 0.08457
0 0.3148 0.72964 0.44027 0.07644
0 0.3148 0.78800 0.4 0.08099
0 0.3148 0.84635 0.44117 0.07718
0 0.3148 0.90471 0.38881 0.08436
0 0.3148 0.96306 0.392 0.08041
0 0.52459 0.13281 0.42502 0.08671
0 0.52459 0.18586 0.38492 0.0852
0 0.52459 0.23891 0.39455 0.08636
0 0.52459 0.29196 0.44106 0.07887
0 0.52459 0.34501 0.40984 0.08708
0 0.52459 0.39806 0.40766 0.08118
0 0.52459 0.45111 0.43459 0.08005
0 0.52459 0.50416 0.42775 0.08183
0 0.52459 0.55721 0.41277 0.07997
0 0.52459 0.61026 0.38693 0.07648
0 0.52459 0.66331 0.42728 0.08519
0 0.52459 0.71636 0.41971 0.07832
0 0.52459 0.76941 0.37897 0.07478
0 0.52459 0.82246 0.43671 0.08713
0 0.52459 0.87551 0.40283 0.07747
0 0.52459 0.92856 0.4278 0.07858
0 0.73438 0.11953 0.3818 0.07805
0 0.73438 0.16727 0.39639 0.07402
0 0.73438 0.21502 0.41672 0.08205
0 0.73438 0.26276 0.38822 0.08487
0 0.73438 0.31051 0.36887 0.07783
0 0.73438 0.35825 0.40988 0.08086
0 0.73438 0.40600 0.38344 0.07931
0 0.73438 0.45374 0.39518 0.07758
0 0.73438 0.50149 0.42656 0.0805
0 0.73438 0.54923 0.42943 0.08404
0 0.73438 0.59698 0.39897 0.0794
0 0.73438 0.64472 0.43596 0.08481
0 0.73438 0.69247 0.41494 0.0741
0 0.73438 0.74021 0.41019 0.07829
0 0.73438 0.78796 0.4347 0.08376
0 0.73438 0.83571 0.42376 0.07351
0 0.90921 0.13281 0.39091 0.08713
0 0.90921 0.18586 0.40353 0.07364
0 0.90921 0.23891 0.44044 0.08098
0 0.90921 0.29196 0.37524 0.08004
0 0.90921 0.34501 0.38056 0.08434
0 0.90921 0.39806 0.41101 0.08676
0 0.90921 0.45111 0.41909 0.0802
0 0.90921 0.50416 0.42551 0.07392
0 0.90921 0.55721 0.42281 0.08617
0 0.90921 0.61026 0.40423 0.07728
0 0.90921 0.66331 0.38648 0.08425
0 0.90921 0.71636 0.37348 0.08401
0 0.90921 0.76941 0.4048 0.07809
0 0.90921 0.82246 0.4087 0.07862
0 0.90921 0.87551 0.38176 0.08525
0 0.90921 0.92856 0.40683 0.08152