0 0.10501 0.13281 0.40412 0.08038
0 0.10501 0.18586 0.40873 0.08579
0 0.10501 0.23891 0.39245 0.08059
0 0.10501 0.29196 0.4136 0.07578
0 0.10501 0.34501 0.41313 0.07615
0 0.10501 0.39806 0.42491 0.08417
0 0.10501 0.45111 0.41006 0.07669
0 0.10501 0.50416 0.44127 0.07585
0 0.10501 0.55721 0.37622 0.0864
0 0.10501 0.61026 0.38563 0.07368
0 0.10501 0.66331 0.41417 0.07749
0 0.10501 0.71636 0.36891 0.08071
0 0.10501 0.76941 0.37445 0.07298
0 0.10501 0.82246 0.3763 0.07439
0 0.10501 0.87551 0.39894 0.07422
0 0.10501 0.92856 0.4333 0.08401
0 0.3148 0.14609 0.40016 0.08072
0 0.3148 0.20444 0.3811 0.08691
0 0.3148 0.26280 0.39627 0.08207
0 0.3148 0.32115 0.42122 0.084
0 0.3148 0.37951 0.3697 0.08305
0 0.3148 0.43786 0.39624 0.07696
0 0.3148 0.49622 0.3727 0.07442
0 0.3148 0.55457 0.42681 0.07609
0 0.3148 0.61293 0.42006 0.07975
0 0.3148 0.67129 0.43526 0.08303
0 0.3148 0.72964 0.43224 0.07394
0 0.3148 0.78800 0.37881 0.08253
0 0.3148 0.84635 0.38109 0.07887
0 0.3148 0.90471 0.40648 0.08142
0 0.3148 0.96306 0.43184 0.07673
0 0.52459 0.13281 0.40981 0.0745
0 0.52459 0.18586 0.40335 0.08118
0 0.52459 0.23891 0.42643 0.07459
0 0.52459 0.29196 0.43907 0.07995
0 0.52459 0.34501 0.39382 0.08687
0 0.52459 0.39806 0.40461 0.07443
0 0.52459 0.45111 0.3953 0.08095
0 0.52459 0.50416 0.40547 0.08221
0 0.52459 0.55721 0.37471 0.08032
0 0.52459 0.61026 0.39868 0.07973
0 0.52459 0.66331 0.36949 0.08262
0 0.52459 0.71636 0.43063 0.0747
0 0.52459 0.76941 0.3961 0.08533
0 0.52459 0.82246 0.40651 0.07393
0 0.52459 0.87551 0.40229 0.07961
0 0.52459 0.92856 0.37429 0.07979
0 0.73438 0.11953 0.37682 0.07359
0 0.73438 0.16727 0.41942 0.08007
0 0.73438 0.21502 0.41056 0.08283
0 0.73438 0.26276 0.42358 0.07683
0 0.73438 0.31051 0.41533 0.07382
0 0.73438 0.35825 0.42925 0.0861
0 0.73438 0.40600 0.37394 0.08052
0 0.73438 0.45374 0.37938 0.07677
0 0.73438 0.50149 0.3776 0.08438
0 0.73438 0.54923 0.3762 0.08241
0 0.73438 0.59698 0.3918 0.07924
0 0.73438 0.64472 0.42296 0.07462
0 0.73438 0.69247 0.39761 0.07484
0 0.73438 0.74021 0.4172 0.0863
0 0.73438 0.78796 0.38788 0.07636
0 0.73438 0.83571 0.43187 0.0799
0 0.90921 0.13281 0.42641 0.08598
0 0.90921 0.18586 0.42538 0.08237
0 0.90921 0.23891 0.39361 0.0839
0 0.90921 0.29196 0.39165 0.07691
0 0.90921 0.34501 0.40201 0.07355
0 0.90921 0.39806 0.43856 0.07967
0 0.90921 0.45111 0.37546 0.07813
0 0.90921 0.50416 0.43947 0.07463
0 0.90921 0.55721 0.37908 0.08628
0 0.90921 0.61026 0.386 0.08446
0 0.90921 0.66331 0.38934 0.08676
0 0.90921 0.71636 0.39868 0.08471
0 0.90921 0.76941 0.391 0.08344
0 0.90921 0.82246 0.36985 0.08161
0 0.90921 0.87551 0.4355 0.07376
0 0.90921 0.92856 0.37777 0.08177