0 0.10501 0.13281 0.40389 0.07714
0 0.10501 0.18586 0.40032 0.07584
0 0.10501 0.23891 0.4232 0.08235
0 0.10501 0.29196 0.41141 0.07997
0 0.10501 0.34501 0.38236 0.07831
0 0.10501 0.39806 0.39828 0.07704
0 0.10501 0.45111 0.38409 0.07387
0 0.10501 0.50416 0.38157 0.08451
0 0.10501 0.55721 0.42148 0.08092
0 0.10501 0.61026 0.37919 0.07883
0 0.10501 0.66331 0.39935 0.07323
0 0.10501 0.71636 0.38703 0.07662
0 0.10501 0.76941 0.42034 0.08467
0 0.10501 0.82246 0.42099 0.08269
0 0.10501 0.87551 0.42779 0.07741
0 0.10501 0.92856 0.42145 0.07733
0 0.3148 0.14609 0.41009 0.08264
0 0.3148 0.20444 0.42934 0.07528
0 0.3148 0.26280 0.39605 0.07661
0 0.3148 0.32115 0.37603 0.07531
0 0.3148 0.37951 0.38783 0.07414
0 0.3148 0.43786 0.38025 0.07478
0 0.3148 0.49622 0.37898 0.08745
0 0.3148 0.55457 0.39781 0.08443
0 0.3148 0.61293 0.42499 0.08458
0 0.3148 0.67129 0.4061 0.08239
0 0.3148 0.72964 0.39456 0.07769
0 0.3148 0.78800 0.39901 0.08703
0 0.3148 0.84635 0.41038 0.08477
0 0.3148 0.90471 0.41222 0.07924
0 0.3148 0.96306 0.40418 0.07746
0 0.52459 0.13281 0.41229 0.07842
0 0.52459 0.18586 0.4069 0.07464
0 0.52459 0.23891 0.41676 0.08536
0 0.52459 0.29196 0.40292 0.08385
0 0.52459 0.34501 0.40541 0.08675
0 0.52459 0.39806 0.39641 0.0791
0 0.52459 0.45111 0.40185 0.08742
0 0.52459 0.50416 0.40808 0.08194
0 0.52459 0.55721 0.42547 0.0856
0 0.52459 0.61026 0.43289 0.07311
0 0.52459 0.66331 0.41514 0.0814
0 0.52459 0.71636 0.38724 0.07492
0 0.52459 0.76941 0.41613 0.08032
0 0.52459 0.82246 0.38799 0.0804
0 0.52459 0.87551 0.43586 0.07697
0 0.52459 0.92856 0.43873 0.0866
0 0.73438 0.11953 0.37732 0.07791
0 0.73438 0.16727 0.41007 0.07556
0 0.73438 0.21502 0.43939 0.07507
0 0.73438 0.26276 0.42251 0.08564
0 0.73438 0.31051 0.37441 0.08018
0 0.73438 0.35825 0.39991 0.074
0 0.73438 0.40600 0.42846 0.07552
0 0.73438 0.45374 0.41874 0.07629
0 0.73438 0.50149 0.42357 0.07985
0 0.73438 0.54923 0.41395 0.07543
0 0.73438 0.59698 0.40661 0.08317
0 0.73438 0.64472 0.4018 0.0829
0 0.73438 0.69247 0.42223 0.07655
0 0.73438 0.74021 0.38736 0.07659
0 0.73438 0.78796 0.38519 0.08288
0 0.73438 0.83571 0.40301 0.08498
0 0.90921 0.13281 0.43695 0.08086
0 0.90921 0.18586 0.43632 0.08408
0 0.90921 0.23891 0.39879 0.08692
0 0.90921 0.29196 0.37333 0.0765
0 0.90921 0.34501 0.43285 0.07736
0 0.90921 0.39806 0.39974 0.08027
0 0.90921 0.45111 0.4002 0.07337
0 0.90921 0.50416 0.38877 0.0864
0 0.90921 0.55721 0.42095 0.08562
0 0.90921 0.61026 0.39067 0.07688
0 0.90921 0.66331 0.43948 0.07488
0 0.90921 0.71636 0.40127 0.0758
0 0.90921 0.76941 0.38097 0.08383
0 0.90921 0.82246 0.39666 0.08378
0 0.90921 0.87551 0.4154 0.08196
0 0.90921 0.92856 0.39584 0.07353