0 0.10501 0.13281 0.3886 0.07524
0 0.10501 0.18586 0.37546 0.08117
0 0.10501 0.23891 0.44244 0.08421
0 0.10501 0.29196 0.43288 0.0826
0 0.10501 0.34501 0.42281 0.08443
0 0.10501 0.39806 0.42769 0.0738
0 0.10501 0.45111 0.41075 0.08118
0 0.10501 0.50416 0.39182 0.08098
0 0.10501 0.55721 0.41933 0.07866
0 0.10501 0.61026 0.39619 0.08163
0 0.10501 0.66331 0.38333 0.07546
0 0.10501 0.71636 0.40644 0.07852
0 0.10501 0.76941 0.44107 0.07893
0 0.10501 0.82246 0.44224 0.08598
0 0.10501 0.87551 0.42915 0.0819
0 0.10501 0.92856 0.41968 0.07729
0 0.3148 0.14609 0.37507 0.07342
0 0.3148 0.20444 0.42871 0.08034
0 0.3148 0.26280 0.40441 0.07468
0 0.3148 0.32115 0.4014 0.07317
0 0.3148 0.37951 0.38052 0.07687
0 0.3148 0.43786 0.41588 0.07388
0 0.3148 0.49622 0.44082 0.08426
0 0.3148 0.55457 0.43717 0.08572
0 0.3148 0.61293 0.41566 0.08254
0 0.3148 0.67129 0.40629 0.07322
0 0.3148 0.72964 0.39878 0.07722
0 0.3148 0.78800 0.41662 0.0775
0 0.3148 0.84635 0.37153 0.08422
0 0.3148 0.90471 0.42996 0.08451
0 0.3148 0.96306 0.42999 0.07954
0 0.52459 0.13281 0.41485 0.08352
0 0.52459 0.18586 0.42826 0.08556
0 0.52459 0.23891 0.43748 0.07449
0 0.52459 0.29196 0.39866 0.0818
0 0.52459 0.34501 0.38767 0.07656
0 0.52459 0.39806 0.41638 0.07747
0 0.52459 0.45111 0.42235 0.07484
0 0.52459 0.50416 0.40009 0.07866
0 0.52459 0.55721 0.42883 0.08388
0 0.52459 0.61026 0.39073 0.08549
0 0.52459 0.66331 0.41108 0.08326
0 0.52459 0.71636 0.39491 0.07771
0 0.52459 0.76941 0.42385 0.07681
0 0.52459 0.82246 0.37236 0.08332
0 0.52459 0.87551 0.44217 0.08611
0 0.52459 0.92856 0.42659 0.07391
0 0.73438 0.11953 0.42379 0.07821
0 0.73438 0.16727 0.42897 0.08623
0 0.73438 0.21502 0.4261 0.08545
0 0.73438 0.26276 0.40808 0.08339
0 0.73438 0.31051 0.40967 0.07794
0 0.73438 0.35825 0.43023 0.0748
0 0.73438 0.40600 0.41741 0.07805
0 0.73438 0.45374 0.40045 0.07408
0 0.73438 0.50149 0.37678 0.08388
0 0.73438 0.54923 0.38554 0.07998
0 0.73438 0.59698 0.42635 0.08532
0 0.73438 0.64472 0.41583 0.08099
0 0.73438 0.69247 0.44052 0.08093
0 0.73438 0.74021 0.39353 0.08243
0 0.73438 0.78796 0.43037 0.08165
0 0.73438 0.83571 0.39662 0.07618
0 0.90921 0.13281 0.42645 0.08415
0 0.90921 0.18586 0.42403 0.0747
0 0.90921 0.23891 0.37708 0.08494
0 0.90921 0.29196 0.4119 0.07683
0 0.90921 0.34501 0.42205 0.07549
0 0.90921 0.39806 0.4198 0.08208
0 0.90921 0.45111 0.39813 0.08584
0 0.90921 0.50416 0.42603 0.07471
0 0.90921 0.55721 0.38818 0.08439
0 0.90921 0.61026 0.37202 0.08057
0 0.90921 0.66331 0.41886 0.07433
0 0.90921 0.71636 0.43855 0.07703
0 0.90921 0.76941 0.37654 0.07633
0 0.90921 0.82246 0.4302 0.07356
0 0.90921 0.87551 0.37859 0.08032
0 0.90921 0.92856 0.41808 0.08377