0 0.10501 0.13281 0.37353 0.07684
0 0.10501 0.18586 0.39892 0.07392
0 0.10501 0.23891 0.41987 0.07368
0 0.10501 0.29196 0.43841 0.0849
0 0.10501 0.34501 0.44161 0.08299
0 0.10501 0.39806 0.38948 0.08654
0 0.10501 0.45111 0.41284 0.08316
0 0.10501 0.50416 0.44009 0.07601
0 0.10501 0.55721 0.39294 0.08213
0 0.10501 0.61026 0.39129 0.07574
0 0.10501 0.66331 0.40418 0.08162
0 0.10501 0.71636 0.40783 0.07563
0 0.10501 0.76941 0.4133 0.08729
0 0.10501 0.82246 0.41123 0.08324
0 0.10501 0.87551 0.3775 0.07906
0 0.10501 0.92856 0.43722 0.07823
0 0.3148 0.14609 0.41464 0.07879
0 0.3148 0.20444 0.39587 0.07357
0 0.3148 0.26280 0.4193 0.08285
0 0.3148 0.32115 0.40923 0.08548
0 0.3148 0.37951 0.3804 0.08193
0 0.3148 0.43786 0.41816 0.087
0 0.3148 0.49622 0.40543 0.08185
0 0.3148 0.55457 0.37647 0.08565
0 0.3148 0.61293 0.37705 0.07733
0 0.3148 0.67129 0.42872 0.08476
0 0.3148 0.72964 0.42716 0.08387
0 0.3148 0.78800 0.41411 0.08583
0 0.3148 0.84635 0.41655 0.07982
0 0.3148 0.90471 0.39675 0.07634
0 0.3148 0.96306 0.39123 0.08604
0 0.52459 0.13281 0.39945 0.0736
0 0.52459 0.18586 0.3953 0.07702
0 0.52459 0.23891 0.38838 0.07956
0 0.52459 0.29196 0.38706 0.08168
0 0.52459 0.34501 0.38702 0.08698
0 0.52459 0.39806 0.37187 0.08518
0 0.52459 0.45111 0.39869 0.0766
0 0.52459 0.50416 0.43541 0.08392
0 0.52459 0.55721 0.37796 0.08301
0 0.52459 0.61026 0.38882 0.07899
0 0.52459 0.66331 0.42521 0.08561
0 0.52459 0.71636 0.39717 0.0799
0 0.52459 0.76941 0.38728 0.07321
0 0.52459 0.82246 0.42441 0.08422
0 0.52459 0.87551 0.43013 0.08385
0 0.52459 0.92856 0.43779 0.07957
0 0.73438 0.11953 0.37038 0.08313
0 0.73438 0.16727 0.37692 0.08746
0 0.73438 0.21502 0.4206 0.08261
0 0.73438 0.26276 0.40805 0.07632
0 0.73438 0.31051 0.41918 0.08377
0 0.73438 0.35825 0.37547 0.0749
0 0.73438 0.40600 0.41002 0.08171
0 0.73438 0.45374 0.42923 0.08061
0 0.73438 0.50149 0.41883 0.08477
0 0.73438 0.54923 0.4119 0.08586
0 0.73438 0.59698 0.43873 0.07385
0 0.73438 0.64472 0.41518 0.08056
0 0.73438 0.69247 0.37076 0.08278
0 0.73438 0.74021 0.40052 0.08082
0 0.73438 0.78796 0.42577 0.07412
0 0.73438 0.83571 0.376 0.07487
0 0.90921 0.13281 0.44165 0.07724
0 0.90921 0.18586 0.41746 0.0873
0 0.90921 0.23891 0.40018 0.0847
0 0.90921 0.29196 0.39311 0.0786
0 0.90921 0.34501 0.39169 0.0852
0 0.90921 0.39806 0.42806 0.07309
0 0.90921 0.45111 0.37101 0.08653
0 0.90921 0.50416 0.42106 0.07364
0 0.90921 0.55721 0.40451 0.07844
0 0.90921 0.61026 0.43033 0.08106
0 0.90921 0.66331 0.41321 0.08544
0 0.90921 0.71636 0.41242 0.08648
0 0.90921 0.76941 0.41649 0.08315
0 0.90921 0.82246 0.38326 0.07879
0 0.90921 0.87551 0.39353 0.07427
0 0.90921 0.92856 0.37124 0.07807