0 0.10501 0.13281 0.37119 0.07596
0 0.10501 0.18586 0.36892 0.07791
0 0.10501 0.23891 0.38319 0.08217
0 0.10501 0.29196 0.41367 0.0813
0 0.10501 0.34501 0.3959 0.08651
0 0.10501 0.39806 0.43249 0.08446
0 0.10501 0.45111 0.3885 0.07746
0 0.10501 0.50416 0.38905 0.08119
0 0.10501 0.55721 0.4345 0.07804
0 0.10501 0.61026 0.37613 0.08297
0 0.10501 0.66331 0.38989 0.08735
0 0.10501 0.71636 0.38894 0.08234
0 0.10501 0.76941 0.37741 0.08086
0 0.10501 0.82246 0.36971 0.08049
0 0.10501 0.87551 0.38354 0.07503
0 0.10501 0.92856 0.41452 0.0874
0 0.3148 0.14609 0.40602 0.07565
0 0.3148 0.20444 0.39382 0.08244
0 0.3148 0.26280 0.43112 0.07394
0 0.3148 0.32115 0.37291 0.08017
0 0.3148 0.37951 0.42429 0.07481
0 0.3148 0.43786 0.41232 0.08138
0 0.3148 0.49622 0.38105 0.08547
0 0.3148 0.55457 0.43324 0.07829
0 0.3148 0.61293 0.37018 0.08527
0 0.3148 0.67129 0.40942 0.08642
0 0.3148 0.72964 0.37224 0.07911
0 0.3148 0.78800 0.42661 0.07685
0 0.3148 0.84635 0.44206 0.08617
0 0.3148 0.90471 0.39085 0.08756
0 0.3148 0.96306 0.44084 0.08659
0 0.52459 0.13281 0.41813 0.07557
0 0.52459 0.18586 0.42806 0.08545
0 0.52459 0.23891 0.41324 0.08427
0 0.52459 0.29196 0.39094 0.07824
0 0.52459 0.34501 0.42218 0.08475
0 0.52459 0.39806 0.40234 0.0738
0 0.52459 0.45111 0.41189 0.08603
0 0.52459 0.50416 0.42027 0.08453
0 0.52459 0.55721 0.37947 0.07474
0 0.52459 0.61026 0.40506 0.0809
0 0.52459 0.66331 0.43138 0.08731
0 0.52459 0.71636 0.38009 0.08474
0 0.52459 0.76941 0.38883 0.07377
0 0.52459 0.82246 0.37803 0.08539
0 0.52459 0.87551 0.40617 0.08328
0 0.52459 0.92856 0.4082 0.078
0 0.73438 0.11953 0.41133 0.0861
0 0.73438 0.16727 0.43219 0.08289
0 0.73438 0.21502 0.43658 0.07958
0 0.73438 0.26276 0.38285 0.08489
0 0.73438 0.31051 0.43697 0.08284
0 0.73438 0.35825 0.4196 0.08109
0 0.73438 0.40600 0.44061 0.07432
0 0.73438 0.45374 0.4175 0.08387
0 0.73438 0.50149 0.38677 0.07413
0 0.73438 0.54923 0.42829 0.07684
0 0.73438 0.59698 0.43073 0.0747
0 0.73438 0.64472 0.43491 0.07338
0 0.73438 0.69247 0.42552 0.084
0 0.73438 0.74021 0.41981 0.07859
0 0.73438 0.78796 0.38166 0.07434
0 0.73438 0.83571 0.42893 0.07732
0 0.90921 0.13281 0.39145 0.07672
0 0.90921 0.18586 0.4407 0.08714
0 0.90921 0.23891 0.37652 0.08702
0 0.90921 0.29196 0.37404 0.08022
0 0.90921 0.34501 0.41528 0.08448
0 0.90921 0.39806 0.43924 0.07738
0 0.90921 0.45111 0.40784 0.08033
0 0.90921 0.50416 0.38616 0.07705
0 0.90921 0.55721 0.43799 0.08396
0 0.90921 0.61026 0.42456 0.08285
0 0.90921 0.66331 0.43766 0.08221
0 0.90921 0.71636 0.39668 0.0807
0 0.90921 0.76941 0.38683 0.0849
0 0.90921 0.82246 0.43864 0.07374
0 0.90921 0.87551 0.36959 0.07765
0 0.90921 0.92856 0.38004 0.07369