0 0.10501 0.13281 0.3738 0.08182
0 0.10501 0.18586 0.37457 0.08039
0 0.10501 0.23891 0.42467 0.08334
0 0.10501 0.29196 0.37345 0.07742
0 0.10501 0.34501 0.42453 0.0845
0 0.10501 0.39806 0.41909 0.08156
0 0.10501 0.45111 0.37118 0.0865
0 0.10501 0.50416 0.37003 0.08225
0 0.10501 0.55721 0.40844 0.08074
0 0.10501 0.61026 0.39159 0.07546
0 0.10501 0.66331 0.43698 0.07757
0 0.10501 0.71636 0.37421 0.08525
0 0.10501 0.76941 0.40415 0.08
0 0.10501 0.82246 0.37558 0.07666
0 0.10501 0.87551 0.39019 0.0809
0 0.10501 0.92856 0.41912 0.08418
0 0.3148 0.14609 0.41884 0.08337
0 0.3148 0.20444 0.3789 0.07392
0 0.3148 0.26280 0.42616 0.08464
0 0.3148 0.32115 0.39352 0.08361
0 0.3148 0.37951 0.39962 0.08043
0 0.3148 0.43786 0.40349 0.08359
0 0.3148 0.49622 0.43078 0.07406
0 0.3148 0.55457 0.37386 0.07594
0 0.3148 0.61293 0.41628 0.08351
0 0.3148 0.67129 0.38327 0.07587
0 0.3148 0.72964 0.40004 0.07394
0 0.3148 0.78800 0.38014 0.08265
0 0.3148 0.84635 0.37041 0.08145
0 0.3148 0.90471 0.37531 0.07665
0 0.3148 0.96306 0.43509 0.08046
0 0.52459 0.13281 0.43799 0.08032
0 0.52459 0.18586 0.44248 0.08407
0 0.52459 0.23891 0.42232 0.08623
0 0.52459 0.29196 0.41048 0.08299
0 0.52459 0.34501 0.39035 0.07522
0 0.52459 0.39806 0.42194 0.08242
0 0.52459 0.45111 0.39024 0.08735
0 0.52459 0.50416 0.41128 0.07429
0 0.52459 0.55721 0.3837 0.07461
0 0.52459 0.61026 0.39975 0.07371
0 0.52459 0.66331 0.37974 0.08368
0 0.52459 0.71636 0.37632 0.0809
0 0.52459 0.76941 0.4186 0.08041
0 0.52459 0.82246 0.39404 0.08041
0 0.52459 0.87551 0.3775 0.07307
0 0.52459 0.92856 0.3873 0.08118
0 0.73438 0.11953 0.38953 0.07585
0 0.73438 0.16727 0.38692 0.08308
0 0.73438 0.21502 0.43247 0.08339
0 0.73438 0.26276 0.39669 0.08448
0 0.73438 0.31051 0.39602 0.07805
0 0.73438 0.35825 0.38477 0.08425
0 0.73438 0.40600 0.43889 0.07668
0 0.73438 0.45374 0.37881 0.07642
0 0.73438 0.50149 0.38327 0.07801
0 0.73438 0.54923 0.38617 0.08031
0 0.73438 0.59698 0.42018 0.08299
0 0.73438 0.64472 0.41042 0.08163
0 0.73438 0.69247 0.3899 0.08435
0 0.73438 0.74021 0.40496 0.086
0 0.73438 0.78796 0.39613 0.07968
0 0.73438 0.83571 0.40585 0.07986
0 0.90921 0.13281 0.42239 0.07897
0 0.90921 0.18586 0.43291 0.08424
0 0.90921 0.23891 0.38102 0.08154
0 0.90921 0.29196 0.39505 0.08552
0 0.90921 0.34501 0.40551 0.0748
0 0.90921 0.39806 0.37566 0.07853
0 0.90921 0.45111 0.37557 0.07529
0 0.90921 0.50416 0.39616 0.0825
0 0.90921 0.55721 0.37862 0.07369
0 0.90921 0.61026 0.37397 0.07437
0 0.90921 0.66331 0.43422 0.07493
0 0.90921 0.71636 0.38302 0.0854
0 0.90921 0.76941 0.41964 0.08439
0 0.90921 0.82246 0.39178 0.07487
0 0.90921 0.87551 0.39412 0.0858
0 0.90921 0.92856 0.39042 0.07348