0 0.10501 0.13281 0.37688 0.07317
0 0.10501 0.18586 0.43941 0.08709
0 0.10501 0.23891 0.38387 0.08628
0 0.10501 0.29196 0.4012 0.07392
0 0.10501 0.34501 0.37854 0.08562
0 0.10501 0.39806 0.42153 0.07985
0 0.10501 0.45111 0.41256 0.08284
0 0.10501 0.50416 0.41555 0.07633
0 0.10501 0.55721 0.41212 0.07383
0 0.10501 0.61026 0.40266 0.0753
0 0.10501 0.66331 0.38691 0.07326
0 0.10501 0.71636 0.42042 0.07834
0 0.10501 0.76941 0.37697 0.0751
0 0.10501 0.82246 0.38669 0.07687
0 0.10501 0.87551 0.38756 0.07444
0 0.10501 0.92856 0.42673 0.07899
0 0.3148 0.14609 0.41974 0.07318
0 0.3148 0.20444 0.40218 0.07838
0 0.3148 0.26280 0.41353 0.07881
0 0.3148 0.32115 0.40072 0.07606
0 0.3148 0.37951 0.39401 0.0748
0 0.3148 0.43786 0.42178 0.08188
0 0.3148 0.49622 0.42986 0.08161
0 0.3148 0.55457 0.40776 0.08668
0 0.3148 0.61293 0.38522 0.07883
0 0.3148 0.67129 0.42402 0.0838
0 0.3148 0.72964 0.37976 0.08103
0 0.3148 0.78800 0.37413 0.08239
0 0.3148 0.84635 0.42964 0.07335
0 0.3148 0.90471 0.37069 0.08625
0 0.3148 0.96306 0.38714 0.07745
0 0.52459 0.13281 0.40348 0.08417
0 0.52459 0.18586 0.41801 0.08527
0 0.52459 0.23891 0.4134 0.07813
0 0.52459 0.29196 0.39692 0.08486
0 0.52459 0.34501 0.38768 0.0832
0 0.52459 0.39806 0.40662 0.08118
0 0.52459 0.45111 0.39636 0.07444
0 0.52459 0.50416 0.37724 0.07938
0 0.52459 0.55721 0.37869 0.08488
0 0.52459 0.61026 0.40988 0.07829
0 0.52459 0.66331 0.3915 0.07734
0 0.52459 0.71636 0.41551 0.07646
0 0.52459 0.76941 0.38044 0.08729
0 0.52459 0.82246 0.41096 0.0762
0 0.52459 0.87551 0.42472 0.0758
0 0.52459 0.92856 0.4062 0.0795
0 0.73438 0.11953 0.43036 0.08043
0 0.73438 0.16727 0.39653 0.08396
0 0.73438 0.21502 0.37353 0.07813
0 0.73438 0.26276 0.37404 0.07822
0 0.73438 0.31051 0.409 0.08476
0 0.73438 0.35825 0.37802 0.07417
0 0.73438 0.40600 0.43428 0.07953
0 0.73438 0.45374 0.41996 0.0736
0 0.73438 0.50149 0.4089 0.08316
0 0.73438 0.54923 0.37892 0.08732
0 0.73438 0.59698 0.38834 0.08331
0 0.73438 0.64472 0.38903 0.08029
0 0.73438 0.69247 0.38502 0.08674
0 0.73438 0.74021 0.43831 0.08074
0 0.73438 0.78796 0.40628 0.08151
0 0.73438 0.83571 0.43245 0.08261
0 0.90921 0.13281 0.44178 0.08012
0 0.90921 0.18586 0.37633 0.0744
0 0.90921 0.23891 0.39238 0.08131
0 0.90921 0.29196 0.36912 0.08175
0 0.90921 0.34501 0.38248 0.08482
0 0.90921 0.39806 0.38883 0.07829
0 0.90921 0.45111 0.43055 0.08173
0 0.90921 0.50416 0.40615 0.0847
0 0.90921 0.55721 0.43976 0.08572
0 0.90921 0.61026 0.42727 0.07754
0 0.90921 0.66331 0.39237 0.08052
0 0.90921 0.71636 0.40794 0.07531
0 0.90921 0.76941 0.39387 0.08341
0 0.90921 0.82246 0.42535 0.07865
0 0.90921 0.87551 0.44108 0.08133
0 0.90921 0.92856 0.44188 0.08236