0 0.10501 0.13281 0.4198 0.08046
0 0.10501 0.18586 0.41851 0.08679
0 0.10501 0.23891 0.43425 0.08086
0 0.10501 0.29196 0.37833 0.08407
0 0.10501 0.34501 0.42789 0.0806
0 0.10501 0.39806 0.38647 0.07418
0 0.10501 0.45111 0.39118 0.08422
0 0.10501 0.50416 0.39886 0.07645
0 0.10501 0.55721 0.38216 0.07891
0 0.10501 0.61026 0.37607 0.08161
0 0.10501 0.66331 0.38667 0.08591
0 0.10501 0.71636 0.42904 0.08072
0 0.10501 0.76941 0.40252 0.08344
0 0.10501 0.82246 0.43772 0.08489
0 0.10501 0.87551 0.39213 0.0843
0 0.10501 0.92856 0.37502 0.08715
0 0.3148 0.14609 0.3794 0.07991
0 0.3148 0.20444 0.42556 0.08223
0 0.3148 0.26280 0.38096 0.0851
0 0.3148 0.32115 0.43857 0.08366
0 0.3148 0.37951 0.3728 0.07443
0 0.3148 0.43786 0.41996 0.08254
0 0.3148 0.49622 0.39916 0.07678
0 0.3148 0.55457 0.43591 0.07411
0 0.3148 0.61293 0.43118 0.08622
0 0.3148 0.67129 0.39838 0.08396
0 0.3148 0.72964 0.37993 0.08622
0 0.3148 0.78800 0.42033 0.07519
0 0.3148 0.84635 0.43456 0.08509
0 0.3148 0.90471 0.40944 0.07315
0 0.3148 0.96306 0.39 0.07748
0 0.52459 0.13281 0.43844 0.0835
0 0.52459 0.18586 0.41418 0.08086
0 0.52459 0.23891 0.40186 0.08079
0 0.52459 0.29196 0.39038 0.08138
0 0.52459 0.34501 0.42388 0.07999
0 0.52459 0.39806 0.43945 0.07482
0 0.52459 0.45111 0.42952 0.07828
0 0.52459 0.50416 0.36969 0.08726
0 0.52459 0.55721 0.42808 0.08686
0 0.52459 0.61026 0.4131 0.08213
0 0.52459 0.66331 0.37856 0.0763
0 0.52459 0.71636 0.42901 0.08461
0 0.52459 0.76941 0.42592 0.07416
0 0.52459 0.82246 0.43915 0.07506
0 0.52459 0.87551 0.41501 0.08373
0 0.52459 0.92856 0.37595 0.07814
0 0.73438 0.11953 0.37625 0.07341
0 0.73438 0.16727 0.3989 0.08263
0 0.73438 0.21502 0.43278 0.08409
0 0.73438 0.26276 0.37066 0.07677
0 0.73438 0.31051 0.37781 0.08112
0 0.73438 0.35825 0.41416 0.08027
0 0.73438 0.40600 0.40898 0.08746
0 0.73438 0.45374 0.44119 0.07886
0 0.73438 0.50149 0.3819 0.08294
0 0.73438 0.54923 0.40735 0.08404
0 0.73438 0.59698 0.39963 0.07913
0 0.73438 0.64472 0.37588 0.08185
0 0.73438 0.69247 0.42773 0.07781
0 0.73438 0.74021 0.41338 0.07455
0 0.73438 0.78796 0.41396 0.08245
0 0.73438 0.83571 0.43756 0.08209
0 0.90921 0.13281 0.37975 0.07868
0 0.90921 0.18586 0.37247 0.0733
0 0.90921 0.23891 0.38305 0.08065
0 0.90921 0.29196 0.40993 0.08154
0 0.90921 0.34501 0.419 0.08678
0 0.90921 0.39806 0.38441 0.08433
0 0.90921 0.45111 0.37871 0.08643
0 0.90921 0.50416 0.38761 0.07607
0 0.90921 0.55721 0.38895 0.08184
0 0.90921 0.61026 0.39424 0.08717
0 0.90921 0.66331 0.40241 0.07767
0 0.90921 0.71636 0.41848 0.08368
0 0.90921 0.76941 0.41446 0.07823
0 0.90921 0.82246 0.42508 0.07715
0 0.90921 0.87551 0.43765 0.07326
0 0.90921 0.92856 0.37067 0.08637