0 0.10501 0.13281 0.44026 0.0869
0 0.10501 0.18586 0.40117 0.074
0 0.10501 0.23891 0.36967 0.07538
0 0.10501 0.29196 0.40583 0.07558
0 0.10501 0.34501 0.44133 0.08074
0 0.10501 0.39806 0.44162 0.08453
0 0.10501 0.45111 0.41905 0.08237
0 0.10501 0.50416 0.39713 0.07448
0 0.10501 0.55721 0.38052 0.08721
0 0.10501 0.61026 0.43276 0.08542
0 0.10501 0.66331 0.38462 0.07415
0 0.10501 0.71636 0.37288 0.07609
0 0.10501 0.76941 0.41165 0.08536
0 0.10501 0.82246 0.38853 0.08748
0 0.10501 0.87551 0.41029 0.08586
0 0.10501 0.92856 0.4217 0.07443
0 0.3148 0.14609 0.38593 0.07523
0 0.3148 0.20444 0.43839 0.08257
0 0.3148 0.26280 0.41013 0.0734
0 0.3148 0.32115 0.3909 0.08231
0 0.3148 0.37951 0.40176 0.07975
0 0.3148 0.43786 0.3766 0.08423
0 0.3148 0.49622 0.38024 0.08349
0 0.3148 0.55457 0.37478 0.07932
0 0.3148 0.61293 0.4231 0.08202
0 0.3148 0.67129 0.42254 0.08453
0 0.3148 0.72964 0.3778 0.08094
0 0.3148 0.78800 0.44095 0.0811
0 0.3148 0.84635 0.43031 0.08633
0 0.3148 0.90471 0.4287 0.08631
0 0.3148 0.96306 0.44244 0.0746
0 0.52459 0.13281 0.41739 0.07451
0 0.52459 0.18586 0.40038 0.07352
0 0.52459 0.23891 0.37047 0.0777
0 0.52459 0.29196 0.39649 0.08107
0 0.52459 0.34501 0.43748 0.07774
0 0.52459 0.39806 0.38281 0.07606
0 0.52459 0.45111 0.40813 0.07314
0 0.52459 0.50416 0.3829 0.078
0 0.52459 0.55721 0.3946 0.08072
0 0.52459 0.61026 0.3811 0.0868
0 0.52459 0.66331 0.38269 0.07563
0 0.52459 0.71636 0.42381 0.07468
0 0.52459 0.76941 0.38505 0.0872
0 0.52459 0.82246 0.40546 0.08527
0 0.52459 0.87551 0.43094 0.07667
0 0.52459 0.92856 0.38817 0.08331
0 0.73438 0.11953 0.40162 0.07327
0 0.73438 0.16727 0.37774 0.07804
0 0.73438 0.21502 0.38555 0.07663
0 0.73438 0.26276 0.43644 0.07533
0 0.73438 0.31051 0.37621 0.08203
0 0.73438 0.35825 0.37226 0.08004
0 0.73438 0.40600 0.37656 0.07453
0 0.73438 0.45374 0.42481 0.07707
0 0.73438 0.50149 0.41333 0.07465
0 0.73438 0.54923 0.37698 0.07485
0 0.73438 0.59698 0.41106 0.08212
0 0.73438 0.64472 0.38296 0.07619
0 0.73438 0.69247 0.38054 0.08679
0 0.73438 0.74021 0.4336 0.07978
0 0.73438 0.78796 0.41098 0.07354
0 0.73438 0.83571 0.38267 0.07566
0 0.90921 0.13281 0.41712 0.07629
0 0.90921 0.18586 0.41493 0.07512
0 0.90921 0.23891 0.40289 0.07615
0 0.90921 0.29196 0.43553 0.07928
0 0.90921 0.34501 0.39738 0.08652
0 0.90921 0.39806 0.42078 0.08465
0 0.90921 0.45111 0.37174 0.07622
0 0.90921 0.50416 0.39166 0.083
0 0.90921 0.55721 0.39764 0.0852
0 0.90921 0.61026 0.40567 0.07757
0 0.90921 0.66331 0.41294 0.08266
0 0.90921 0.71636 0.41947 0.08187
0 0.90921 0.76941 0.37311 0.07312
0 0.90921 0.82246 0.4288 0.07669
0 0.90921 0.87551 0.41675 0.08027
0 0.90921 0.92856 0.42271 0.07527