0 0.10501 0.13281 0.44082 0.07372
0 0.10501 0.18586 0.41289 0.08705
0 0.10501 0.23891 0.39836 0.07676
0 0.10501 0.29196 0.39717 0.08312
0 0.10501 0.34501 0.37203 0.08179
0 0.10501 0.39806 0.37799 0.08589
0 0.10501 0.45111 0.40269 0.07991
0 0.10501 0.50416 0.38001 0.0744
0 0.10501 0.55721 0.38313 0.08271
0 0.10501 0.61026 0.37732 0.08209
0 0.10501 0.66331 0.37805 0.08081
0 0.10501 0.71636 0.43869 0.07442
0 0.10501 0.76941 0.44237 0.07473
0 0.10501 0.82246 0.41325 0.08303
0 0.10501 0.87551 0.43413 0.08471
0 0.10501 0.92856 0.39913 0.07881
0 0.3148 0.14609 0.39835 0.08153
0 0.3148 0.20444 0.4245 0.08224
0 0.3148 0.26280 0.41629 0.07425
0 0.3148 0.32115 0.38175 0.08366
0 0.3148 0.37951 0.40454 0.08268
0 0.3148 0.43786 0.37604 0.08453
0 0.3148 0.49622 0.43953 0.08097
0 0.3148 0.55457 0.37355 0.07697
0 0.3148 0.61293 0.41756 0.08022
0 0.3148 0.67129 0.39289 0.08716
0 0.3148 0.72964 0.42545 0.08545
0 0.3148 0.78800 0.41763 0.08171
0 0.3148 0.84635 0.42137 0.07883
0 0.3148 0.90471 0.40491 0.08249
0 0.3148 0.96306 0.40286 0.08099
0 0.52459 0.13281 0.38881 0.07654
0 0.52459 0.18586 0.39363 0.07544
0 0.52459 0.23891 0.37036 0.08067
0 0.52459 0.29196 0.39732 0.08509
0 0.52459 0.34501 0.42737 0.08229
0 0.52459 0.39806 0.40322 0.08222
0 0.52459 0.45111 0.37056 0.07339
0 0.52459 0.50416 0.41991 0.08264
0 0.52459 0.55721 0.37808 0.07829
0 0.52459 0.61026 0.42458 0.08232
0 0.52459 0.66331 0.38568 0.08278
0 0.52459 0.71636 0.40354 0.07788
0 0.52459 0.76941 0.42078 0.0836
0 0.52459 0.82246 0.40869 0.07826
0 0.52459 0.87551 0.425 0.07985
0 0.52459 0.92856 0.42382 0.07671
0 0.73438 0.11953 0.43671 0.07886
0 0.73438 0.16727 0.41738 0.08214
0 0.73438 0.21502 0.42662 0.08526
0 0.73438 0.26276 0.41271 0.0741
0 0.73438 0.31051 0.42699 0.07958
0 0.73438 0.35825 0.38764 0.08146
0 0.73438 0.40600 0.40069 0.07671
0 0.73438 0.45374 0.43931 0.08606
0 0.73438 0.50149 0.4258 0.08685
0 0.73438 0.54923 0.43986 0.07405
0 0.73438 0.59698 0.40148 0.08692
0 0.73438 0.64472 0.37257 0.08431
0 0.73438 0.69247 0.43237 0.08224
0 0.73438 0.74021 0.40964 0.07514
0 0.73438 0.78796 0.41095 0.08405
0 0.73438 0.83571 0.37666 0.08554
0 0.90921 0.13281 0.39961 0.08325
0 0.90921 0.18586 0.40038 0.07937
0 0.90921 0.23891 0.38249 0.08141
0 0.90921 0.29196 0.37096 0.0788
0 0.90921 0.34501 0.38814 0.07517
0 0.90921 0.39806 0.43574 0.0811
0 0.90921 0.45111 0.41922 0.08447
0 0.90921 0.50416 0.38412 0.07706
0 0.90921 0.55721 0.39458 0.07741
0 0.90921 0.61026 0.42368 0.08087
0 0.90921 0.66331 0.37545 0.07604
0 0.90921 0.71636 0.41064 0.07952
0 0.90921 0.76941 0.3722 0.07405
0 0.90921 0.82246 0.43555 0.08279
0 0.90921 0.87551 0.37914 0.08162
0 0.90921 0.92856 0.37754 0.08469