0 0.10501 0.13281 0.39151 0.0873
0 0.10501 0.18586 0.42107 0.07998
0 0.10501 0.23891 0.38287 0.08015
0 0.10501 0.29196 0.44115 0.07326
0 0.10501 0.34501 0.39961 0.07414
0 0.10501 0.39806 0.37838 0.07625
0 0.10501 0.45111 0.39433 0.07978
0 0.10501 0.50416 0.38324 0.07803
0 0.10501 0.55721 0.43133 0.07531
0 0.10501 0.61026 0.37355 0.08341
0 0.10501 0.66331 0.39524 0.08421
0 0.10501 0.71636 0.41491 0.08623
0 0.10501 0.76941 0.43459 0.07796
0 0.10501 0.82246 0.37851 0.08279
0 0.10501 0.87551 0.4403 0.07354
0 0.10501 0.92856 0.42809 0.07321
0 0.3148 0.14609 0.42253 0.07649
0 0.3148 0.20444 0.39001 0.08615
0 0.3148 0.26280 0.41892 0.08409
0 0.3148 0.32115 0.38919 0.08619
0 0.3148 0.37951 0.38001 0.0738
0 0.3148 0.43786 0.43729 0.07642
0 0.3148 0.49622 0.40175 0.08411
0 0.3148 0.55457 0.44008 0.0852
0 0.3148 0.61293 0.3745 0.07695
0 0.3148 0.67129 0.41866 0.07785
0 0.3148 0.72964 0.39058 0.08079
0 0.3148 0.78800 0.40771 0.07598
0 0.3148 0.84635 0.37534 0.08676
0 0.3148 0.90471 0.37738 0.07718
0 0.3148 0.96306 0.41588 0.08237
0 0.52459 0.13281 0.43991 0.07579
0 0.52459 0.18586 0.43177 0.08717
0 0.52459 0.23891 0.43222 0.07452
0 0.52459 0.29196 0.42167 0.07931
0 0.52459 0.34501 0.43148 0.08312
0 0.52459 0.39806 0.4401 0.0797
0 0.52459 0.45111 0.41012 0.07567
0 0.52459 0.50416 0.43215 0.08277
0 0.52459 0.55721 0.40399 0.07543
0 0.52459 0.61026 0.36953 0.08602
0 0.52459 0.66331 0.37098 0.08271
0 0.52459 0.71636 0.39652 0.0828
0 0.52459 0.76941 0.4361 0.07567
0 0.52459 0.82246 0.37776 0.08629
0 0.52459 0.87551 0.39989 0.08507
0 0.52459 0.92856 0.43701 0.07827
0 0.73438 0.11953 0.43158 0.07361
0 0.73438 0.16727 0.37165 0.07921
0 0.73438 0.21502 0.43665 0.07867
0 0.73438 0.26276 0.38441 0.07764
0 0.73438 0.31051 0.38667 0.08075
0 0.73438 0.35825 0.38982 0.08549
0 0.73438 0.40600 0.40895 0.0859
0 0.73438 0.45374 0.39923 0.076
0 0.73438 0.50149 0.38047 0.08754
0 0.73438 0.54923 0.37008 0.07389
0 0.73438 0.59698 0.37316 0.07455
0 0.73438 0.64472 0.39937 0.08639
0 0.73438 0.69247 0.41865 0.08164
0 0.73438 0.74021 0.36981 0.08688
0 0.73438 0.78796 0.43186 0.08085
0 0.73438 0.83571 0.4228 0.08
0 0.90921 0.13281 0.37987 0.08063
0 0.90921 0.18586 0.40141 0.08168
0 0.90921 0.23891 0.4037 0.0838
0 0.90921 0.29196 0.43298 0.07505
0 0.90921 0.34501 0.41647 0.07817
0 0.90921 0.39806 0.40715 0.07943
0 0.90921 0.45111 0.42818 0.07931
0 0.90921 0.50416 0.38357 0.07399
0 0.90921 0.55721 0.3693 0.08169
0 0.90921 0.61026 0.43548 0.07907
0 0.90921 0.66331 0.40075 0.07906
0 0.90921 0.71636 0.43855 0.08007
0 0.90921 0.76941 0.41419 0.07651
0 0.90921 0.82246 0.40746 0.08589
0 0.90921 0.87551 0.3819 0.07939
0 0.90921 0.92856 0.43878 0.07404