0 0.10501 0.13281 0.4173 0.07436
0 0.10501 0.18586 0.4328 0.08172
0 0.10501 0.23891 0.43498 0.07644
0 0.10501 0.29196 0.41804 0.07705
0 0.10501 0.34501 0.40774 0.0798
0 0.10501 0.39806 0.42923 0.08326
0 0.10501 0.45111 0.42689 0.08622
0 0.10501 0.50416 0.41215 0.07677
0 0.10501 0.55721 0.41784 0.07489
0 0.10501 0.61026 0.42946 0.08178
0 0.10501 0.66331 0.4393 0.08584
0 0.10501 0.71636 0.43693 0.07458
0 0.10501 0.76941 0.38986 0.08366
0 0.10501 0.82246 0.43852 0.08055
0 0.10501 0.87551 0.41076 0.08625
0 0.10501 0.92856 0.39565 0.08753
0 0.3148 0.14609 0.39039 0.07522
0 0.3148 0.20444 0.41456 0.08676
0 0.3148 0.26280 0.42886 0.07307
0 0.3148 0.32115 0.40375 0.08315
0 0.3148 0.37951 0.38254 0.07981
0 0.3148 0.43786 0.44137 0.08218
0 0.3148 0.49622 0.44196 0.07749
0 0.3148 0.55457 0.38448 0.08066
0 0.3148 0.61293 0.44118 0.08296
0 0.3148 0.67129 0.3853 0.07399
0 0.3148 0.72964 0.39777 0.07609
0 0.3148 0.78800 0.43322 0.08348
0 0.3148 0.84635 0.43162 0.08296
0 0.3148 0.90471 0.38463 0.0787
0 0.3148 0.96306 0.40599 0.0811
0 0.52459 0.13281 0.36953 0.07309
0 0.52459 0.18586 0.38173 0.08284
0 0.52459 0.23891 0.37998 0.08598
0 0.52459 0.29196 0.37719 0.08314
0 0.52459 0.34501 0.39072 0.08251
0 0.52459 0.39806 0.3913 0.07367
0 0.52459 0.45111 0.43353 0.07918
0 0.52459 0.50416 0.41086 0.08127
0 0.52459 0.55721 0.42577 0.07933
0 0.52459 0.61026 0.37232 0.08589
0 0.52459 0.66331 0.37903 0.08078
0 0.52459 0.71636 0.37027 0.08173
0 0.52459 0.76941 0.42856 0.07859
0 0.52459 0.82246 0.39021 0.0852
0 0.52459 0.87551 0.43066 0.07584
0 0.52459 0.92856 0.43762 0.08646
0 0.73438 0.11953 0.42895 0.07508
0 0.73438 0.16727 0.37111 0.07989
0 0.73438 0.21502 0.40208 0.08201
0 0.73438 0.26276 0.44147 0.08425
0 0.73438 0.31051 0.43932 0.07627
0 0.73438 0.35825 0.4302 0.08535
0 0.73438 0.40600 0.40591 0.08546
0 0.73438 0.45374 0.37134 0.08316
0 0.73438 0.50149 0.37541 0.07903
0 0.73438 0.54923 0.3727 0.0859
0 0.73438 0.59698 0.40362 0.08615
0 0.73438 0.64472 0.40174 0.07943
0 0.73438 0.69247 0.37001 0.07704
0 0.73438 0.74021 0.37098 0.08214
0 0.73438 0.78796 0.43382 0.08138
0 0.73438 0.83571 0.43723 0.07719
0 0.90921 0.13281 0.38362 0.0859
0 0.90921 0.18586 0.39297 0.0863
0 0.90921 0.23891 0.3757 0.08354
0 0.90921 0.29196 0.39387 0.08186
0 0.90921 0.34501 0.38088 0.08615
0 0.90921 0.39806 0.38346 0.0804
0 0.90921 0.45111 0.42963 0.08174
0 0.90921 0.50416 0.442 0.07762
0 0.90921 0.55721 0.39656 0.0814
0 0.90921 0.61026 0.43848 0.08666
0 0.90921 0.66331 0.39527 0.08137
0 0.90921 0.71636 0.37116 0.08059
0 0.90921 0.76941 0.41215 0.07579
0 0.90921 0.82246 0.4263 0.08615
0 0.90921 0.87551 0.37152 0.08146
0 0.90921 0.92856 0.37596 0.08693