0 0.10501 0.13281 0.42743 0.08228
0 0.10501 0.18586 0.392 0.0818
0 0.10501 0.23891 0.37441 0.08441
0 0.10501 0.29196 0.38034 0.07508
0 0.10501 0.34501 0.38294 0.08188
0 0.10501 0.39806 0.37677 0.08489
0 0.10501 0.45111 0.40962 0.08087
0 0.10501 0.50416 0.41448 0.07557
0 0.10501 0.55721 0.38733 0.07869
0 0.10501 0.61026 0.43811 0.07624
0 0.10501 0.66331 0.40183 0.07467
0 0.10501 0.71636 0.4055 0.0832
0 0.10501 0.76941 0.42772 0.08738
0 0.10501 0.82246 0.39777 0.08658
0 0.10501 0.87551 0.42168 0.07843
0 0.10501 0.92856 0.41858 0.0786
0 0.3148 0.14609 0.40288 0.07965
0 0.3148 0.20444 0.38243 0.07801
0 0.3148 0.26280 0.40972 0.08255
0 0.3148 0.32115 0.40568 0.07488
0 0.3148 0.37951 0.40179 0.07852
0 0.3148 0.43786 0.39119 0.08232
0 0.3148 0.49622 0.3857 0.07443
0 0.3148 0.55457 0.41741 0.08163
0 0.3148 0.61293 0.39841 0.08165
0 0.3148 0.67129 0.40498 0.08141
0 0.3148 0.72964 0.38417 0.07757
0 0.3148 0.78800 0.3946 0.08682
0 0.3148 0.84635 0.43023 0.07636
0 0.3148 0.90471 0.42071 0.08488
0 0.3148 0.96306 0.38695 0.08129
0 0.52459 0.13281 0.44057 0.08174
0 0.52459 0.18586 0.39324 0.08105
0 0.52459 0.23891 0.40074 0.07726
0 0.52459 0.29196 0.41053 0.07648
0 0.52459 0.34501 0.42045 0.08168
0 0.52459 0.39806 0.42602 0.08113
0 0.52459 0.45111 0.43947 0.08098
0 0.52459 0.50416 0.44139 0.08054
0 0.52459 0.55721 0.393 0.08087
0 0.52459 0.61026 0.40037 0.07912
0 0.52459 0.66331 0.40998 0.0771
0 0.52459 0.71636 0.37068 0.0765
0 0.52459 0.76941 0.39622 0.08032
0 0.52459 0.82246 0.41866 0.08277
0 0.52459 0.87551 0.38468 0.0855
0 0.52459 0.92856 0.41829 0.08517
0 0.73438 0.11953 0.40237 0.08515
0 0.73438 0.16727 0.41511 0.07534
0 0.73438 0.21502 0.38024 0.08412
0 0.73438 0.26276 0.37401 0.08109
0 0.73438 0.31051 0.38396 0.08576
0 0.73438 0.35825 0.3886 0.08593
0 0.73438 0.40600 0.39886 0.07586
0 0.73438 0.45374 0.40602 0.08381
0 0.73438 0.50149 0.43844 0.07751
0 0.73438 0.54923 0.39144 0.07818
0 0.73438 0.59698 0.41108 0.07734
0 0.73438 0.64472 0.42172 0.08725
0 0.73438 0.69247 0.39181 0.07501
0 0.73438 0.74021 0.40215 0.07844
0 0.73438 0.78796 0.42472 0.0809
0 0.73438 0.83571 0.42343 0.08653
0 0.90921 0.13281 0.41202 0.08628
0 0.90921 0.18586 0.3908 0.08393
0 0.90921 0.23891 0.40595 0.08136
0 0.90921 0.29196 0.38303 0.08631
0 0.90921 0.34501 0.42374 0.07926
0 0.90921 0.39806 0.43325 0.07527
0 0.90921 0.45111 0.38624 0.07957
0 0.90921 0.50416 0.3718 0.07572
0 0.90921 0.55721 0.37563 0.07495
0 0.90921 0.61026 0.43501 0.08533
0 0.90921 0.66331 0.38014 0.08713
0 0.90921 0.71636 0.37071 0.0804
0 0.90921 0.76941 0.42139 0.07713
0 0.90921 0.82246 0.44026 0.08009
0 0.90921 0.87551 0.42671 0.08356
0 0.90921 0.92856 0.37509 0.08079