0 0.10501 0.13281 0.37513 0.08176
0 0.10501 0.18586 0.43791 0.08482
0 0.10501 0.23891 0.41303 0.07628
0 0.10501 0.29196 0.41338 0.07768
0 0.10501 0.34501 0.3827 0.08103
0 0.10501 0.39806 0.43242 0.08117
0 0.10501 0.45111 0.42326 0.0756
0 0.10501 0.50416 0.42492 0.0745
0 0.10501 0.55721 0.37419 0.08546
0 0.10501 0.61026 0.41415 0.08025
0 0.10501 0.66331 0.38638 0.0755
0 0.10501 0.71636 0.41674 0.08274
0 0.10501 0.76941 0.40337 0.08604
0 0.10501 0.82246 0.41935 0.08333
0 0.10501 0.87551 0.41437 0.07438
0 0.10501 0.92856 0.40921 0.07431
0 0.3148 0.14609 0.37857 0.07576
0 0.3148 0.20444 0.38417 0.08143
0 0.3148 0.26280 0.40639 0.08316
0 0.3148 0.32115 0.39121 0.07395
0 0.3148 0.37951 0.39115 0.07595
0 0.3148 0.43786 0.38529 0.08447
0 0.3148 0.49622 0.41375 0.07909
0 0.3148 0.55457 0.4104 0.07965
0 0.3148 0.61293 0.3705 0.08524
0 0.3148 0.67129 0.40922 0.08106
0 0.3148 0.72964 0.37517 0.083
0 0.3148 0.78800 0.44134 0.07478
0 0.3148 0.84635 0.43667 0.07684
0 0.3148 0.90471 0.40404 0.07882
0 0.3148 0.96306 0.38466 0.08537
0 0.52459 0.13281 0.42177 0.0817
0 0.52459 0.18586 0.39189 0.08198
0 0.52459 0.23891 0.40476 0.07553
0 0.52459 0.29196 0.37478 0.07386
0 0.52459 0.34501 0.37932 0.08367
0 0.52459 0.39806 0.43164 0.07714
0 0.52459 0.45111 0.42378 0.07643
0 0.52459 0.50416 0.40881 0.0852
0 0.52459 0.55721 0.43166 0.07351
0 0.52459 0.61026 0.40756 0.08304
0 0.52459 0.66331 0.42741 0.07672
0 0.52459 0.71636 0.38926 0.08293
0 0.52459 0.76941 0.40248 0.08006
0 0.52459 0.82246 0.37663 0.07805
0 0.52459 0.87551 0.42245 0.085
0 0.52459 0.92856 0.43625 0.08636
0 0.73438 0.11953 0.41202 0.07371
0 0.73438 0.16727 0.37231 0.07725
0 0.73438 0.21502 0.42173 0.07919
0 0.73438 0.26276 0.38593 0.07894
0 0.73438 0.31051 0.38173 0.08396
0 0.73438 0.35825 0.38761 0.08519
0 0.73438 0.40600 0.41037 0.07603
0 0.73438 0.45374 0.41982 0.08599
0 0.73438 0.50149 0.37485 0.07469
0 0.73438 0.54923 0.37984 0.0797
0 0.73438 0.59698 0.39131 0.07358
0 0.73438 0.64472 0.39658 0.07357
0 0.73438 0.69247 0.42972 0.0737
0 0.73438 0.74021 0.38217 0.08076
0 0.73438 0.78796 0.38134 0.08312
0 0.73438 0.83571 0.41018 0.07737
0 0.90921 0.13281 0.39599 0.08639
0 0.90921 0.18586 0.40457 0.08135
0 0.90921 0.23891 0.39906 0.08214
0 0.90921 0.29196 0.43825 0.08273
0 0.90921 0.34501 0.36917 0.0784
0 0.90921 0.39806 0.41247 0.08077
0 0.90921 0.45111 0.42753 0.08583
0 0.90921 0.50416 0.3814 0.0801
0 0.90921 0.55721 0.38542 0.08378
0 0.90921 0.61026 0.44236 0.07877
0 0.90921 0.66331 0.4131 0.07598
0 0.90921 0.71636 0.39524 0.08159
0 0.90921 0.76941 0.40473 0.08372
0 0.90921 0.82246 0.37349 0.07546
0 0.90921 0.87551 0.40532 0.08274
0 0.90921 0.92856 0.37202 0.08039