0 0.10501 0.13281 0.41515 0.07313
0 0.10501 0.18586 0.37516 0.08218
0 0.10501 0.23891 0.37816 0.07637
0 0.10501 0.29196 0.41388 0.07318
0 0.10501 0.34501 0.38856 0.07566
0 0.10501 0.39806 0.41724 0.07544
0 0.10501 0.45111 0.40439 0.07529
0 0.10501 0.50416 0.42496 0.07486
0 0.10501 0.55721 0.37556 0.08506
0 0.10501 0.61026 0.41802 0.07536
0 0.10501 0.66331 0.39767 0.07823
0 0.10501 0.71636 0.39391 0.07752
0 0.10501 0.76941 0.37096 0.07362
0 0.10501 0.82246 0.42779 0.08269
0 0.10501 0.87551 0.42683 0.08517
0 0.10501 0.92856 0.43928 0.08207
0 0.3148 0.14609 0.40223 0.08674
0 0.3148 0.20444 0.41898 0.08237
0 0.3148 0.26280 0.3915 0.08334
0 0.3148 0.32115 0.39403 0.07846
0 0.3148 0.37951 0.40162 0.08257
0 0.3148 0.43786 0.40686 0.07925
0 0.3148 0.49622 0.37241 0.08252
0 0.3148 0.55457 0.43305 0.08242
0 0.3148 0.61293 0.37211 0.08572
0 0.3148 0.67129 0.39217 0.08458
0 0.3148 0.72964 0.38302 0.0859
0 0.3148 0.78800 0.411 0.08405
0 0.3148 0.84635 0.38206 0.07946
0 0.3148 0.90471 0.39772 0.0833
0 0.3148 0.96306 0.41146 0.07799
0 0.52459 0.13281 0.39049 0.0733
0 0.52459 0.18586 0.38279 0.07501
0 0.52459 0.23891 0.40971 0.08112
0 0.52459 0.29196 0.42885 0.08615
0 0.52459 0.34501 0.41276 0.07836
0 0.52459 0.39806 0.42523 0.07809
0 0.52459 0.45111 0.41871 0.08103
0 0.52459 0.50416 0.37903 0.08076
0 0.52459 0.55721 0.37068 0.08159
0 0.52459 0.61026 0.40026 0.0852
0 0.52459 0.66331 0.40953 0.07772
0 0.52459 0.71636 0.43215 0.07551
0 0.52459 0.76941 0.39254 0.07823
0 0.52459 0.82246 0.41059 0.07781
0 0.52459 0.87551 0.37651 0.08538
0 0.52459 0.92856 0.39727 0.08507
0 0.73438 0.11953 0.42078 0.08581
0 0.73438 0.16727 0.43086 0.08412
0 0.73438 0.21502 0.3841 0.075
0 0.73438 0.26276 0.39369 0.08195
0 0.73438 0.31051 0.43991 0.07532
0 0.73438 0.35825 0.37344 0.07448
0 0.73438 0.40600 0.39746 0.07992
0 0.73438 0.45374 0.43481 0.07923
0 0.73438 0.50149 0.38636 0.07562
0 0.73438 0.54923 0.37882 0.0739
0 0.73438 0.59698 0.37259 0.08303
0 0.73438 0.64472 0.39265 0.08418
0 0.73438 0.69247 0.38453 0.07523
0 0.73438 0.74021 0.40528 0.07392
0 0.73438 0.78796 0.42669 0.07701
0 0.73438 0.83571 0.43834 0.08364
0 0.90921 0.13281 0.38227 0.08409
0 0.90921 0.18586 0.39072 0.08001
0 0.90921 0.23891 0.40324 0.08226
0 0.90921 0.29196 0.41877 0.07971
0 0.90921 0.34501 0.40062 0.0798
0 0.90921 0.39806 0.43597 0.07366
0 0.90921 0.45111 0.43735 0.08182
0 0.90921 0.50416 0.43818 0.08215
0 0.90921 0.55721 0.42736 0.08465
0 0.90921 0.61026 0.42514 0.07782
0 0.90921 0.66331 0.42926 0.08583
0 0.90921 0.71636 0.44164 0.08071
0 0.90921 0.76941 0.43705 0.08478
0 0.90921 0.82246 0.41097 0.08612
0 0.90921 0.87551 0.44036 0.08557
0 0.90921 0.92856 0.38708 0.08175