0 0.10501 0.13281 0.40233 0.07414
0 0.10501 0.18586 0.42595 0.07515
0 0.10501 0.23891 0.43458 0.07914
0 0.10501 0.29196 0.40365 0.07905
0 0.10501 0.34501 0.41038 0.08167
0 0.10501 0.39806 0.37451 0.08138
0 0.10501 0.45111 0.41 0.0747
0 0.10501 0.50416 0.38629 0.07998
0 0.10501 0.55721 0.39449 0.07383
0 0.10501 0.61026 0.39785 0.07917
0 0.10501 0.66331 0.3913 0.08237
0 0.10501 0.71636 0.44203 0.07892
0 0.10501 0.76941 0.42987 0.07693
0 0.10501 0.82246 0.42595 0.07881
0 0.10501 0.87551 0.41006 0.08501
0 0.10501 0.92856 0.37917 0.07745
0 0.3148 0.14609 0.4079 0.0828
0 0.3148 0.20444 0.40212 0.07791
0 0.3148 0.26280 0.44045 0.07715
0 0.3148 0.32115 0.41136 0.08303
0 0.3148 0.37951 0.3821 0.08618
0 0.3148 0.43786 0.38691 0.07913
0 0.3148 0.49622 0.39654 0.08053
0 0.3148 0.55457 0.41954 0.08312
0 0.3148 0.61293 0.38816 0.08068
0 0.3148 0.67129 0.42398 0.08071
0 0.3148 0.72964 0.40006 0.076
0 0.3148 0.78800 0.39056 0.07848
0 0.3148 0.84635 0.40109 0.07967
0 0.3148 0.90471 0.38505 0.08697
0 0.3148 0.96306 0.38827 0.08254
0 0.52459 0.13281 0.37265 0.0856
0 0.52459 0.18586 0.4132 0.08455
0 0.52459 0.23891 0.43313 0.08142
0 0.52459 0.29196 0.37308 0.08192
0 0.52459 0.34501 0.4347 0.07853
0 0.52459 0.39806 0.39699 0.08324
0 0.52459 0.45111 0.38314 0.07921
0 0.52459 0.50416 0.39992 0.08484
0 0.52459 0.55721 0.37838 0.07827
0 0.52459 0.61026 0.40019 0.08559
0 0.52459 0.66331 0.40159 0.0736
0 0.52459 0.71636 0.42547 0.08199
0 0.52459 0.76941 0.37858 0.0859
0 0.52459 0.82246 0.38012 0.08124
0 0.52459 0.87551 0.39325 0.0772
0 0.52459 0.92856 0.3924 0.07708
0 0.73438 0.11953 0.39077 0.08178
0 0.73438 0.16727 0.37993 0.08364
0 0.73438 0.21502 0.37562 0.08511
0 0.73438 0.26276 0.42733 0.07554
0 0.73438 0.31051 0.3704 0.08366
0 0.73438 0.35825 0.39745 0.07544
0 0.73438 0.40600 0.37629 0.08488
0 0.73438 0.45374 0.39249 0.07405
0 0.73438 0.50149 0.37847 0.07781
0 0.73438 0.54923 0.4248 0.08412
0 0.73438 0.59698 0.40575 0.08372
0 0.73438 0.64472 0.38607 0.08748
0 0.73438 0.69247 0.39975 0.0824
0 0.73438 0.74021 0.43114 0.07548
0 0.73438 0.78796 0.37726 0.0785
0 0.73438 0.83571 0.38538 0.07535
0 0.90921 0.13281 0.4313 0.0807
0 0.90921 0.18586 0.42525 0.08609
0 0.90921 0.23891 0.39312 0.07442
0 0.90921 0.29196 0.40625 0.08018
0 0.90921 0.34501 0.42495 0.08377
0 0.90921 0.39806 0.41567 0.07834
0 0.90921 0.45111 0.37402 0.08253
0 0.90921 0.50416 0.40122 0.07851
0 0.90921 0.55721 0.42974 0.07417
0 0.90921 0.61026 0.37262 0.08283
0 0.90921 0.66331 0.42154 0.08753
0 0.90921 0.71636 0.38195 0.0754
0 0.90921 0.76941 0.39104 0.08371
0 0.90921 0.82246 0.38394 0.08661
0 0.90921 0.87551 0.38684 0.07901
0 0.90921 0.92856 0.39124 0.07509