0 0.10501 0.13281 0.39491 0.08416
0 0.10501 0.18586 0.38426 0.08469
0 0.10501 0.23891 0.43449 0.08577
0 0.10501 0.29196 0.37437 0.07533
0 0.10501 0.34501 0.38626 0.07747
0 0.10501 0.39806 0.38401 0.07714
0 0.10501 0.45111 0.37166 0.08695
0 0.10501 0.50416 0.37782 0.08151
0 0.10501 0.55721 0.42622 0.08656
0 0.10501 0.61026 0.39219 0.07508
0 0.10501 0.66331 0.38312 0.07386
0 0.10501 0.71636 0.39693 0.07359
0 0.10501 0.76941 0.43938 0.07417
0 0.10501 0.82246 0.43435 0.08738
0 0.10501 0.87551 0.41308 0.08534
0 0.10501 0.92856 0.41274 0.08703
0 0.3148 0.14609 0.41545 0.07911
0 0.3148 0.20444 0.38698 0.08076
0 0.3148 0.26280 0.39153 0.08379
0 0.3148 0.32115 0.44133 0.07337
0 0.3148 0.37951 0.3906 0.07503
0 0.3148 0.43786 0.37789 0.07573
0 0.3148 0.49622 0.40151 0.08238
0 0.3148 0.55457 0.38488 0.075
0 0.3148 0.61293 0.44064 0.07749
0 0.3148 0.67129 0.38982 0.08159
0 0.3148 0.72964 0.40995 0.07953
0 0.3148 0.78800 0.4303 0.07524
0 0.3148 0.84635 0.44037 0.07635
0 0.3148 0.90471 0.38941 0.08386
0 0.3148 0.96306 0.42069 0.08614
0 0.52459 0.13281 0.42281 0.07576
0 0.52459 0.18586 0.41848 0.08279
0 0.52459 0.23891 0.39824 0.08158
0 0.52459 0.29196 0.3716 0.07376
0 0.52459 0.34501 0.38681 0.08307
0 0.52459 0.39806 0.41165 0.07687
0 0.52459 0.45111 0.41281 0.07532
0 0.52459 0.50416 0.42338 0.08136
0 0.52459 0.55721 0.39592 0.08626
0 0.52459 0.61026 0.3986 0.083
0 0.52459 0.66331 0.37591 0.07337
0 0.52459 0.71636 0.37095 0.07397
0 0.52459 0.76941 0.41745 0.08215
0 0.52459 0.82246 0.39561 0.07343
0 0.52459 0.87551 0.41902 0.07627
0 0.52459 0.92856 0.40842 0.08457
0 0.73438 0.11953 0.41513 0.07829
0 0.73438 0.16727 0.42798 0.07981
0 0.73438 0.21502 0.42395 0.08084
0 0.73438 0.26276 0.40453 0.07683
0 0.73438 0.31051 0.38768 0.08477
0 0.73438 0.35825 0.42809 0.07706
0 0.73438 0.40600 0.42541 0.08509
0 0.73438 0.45374 0.41301 0.07337
0 0.73438 0.50149 0.40715 0.08618
0 0.73438 0.54923 0.43563 0.08388
0 0.73438 0.59698 0.41195 0.0743
0 0.73438 0.64472 0.43955 0.07348
0 0.73438 0.69247 0.42704 0.07719
0 0.73438 0.74021 0.43076 0.08625
0 0.73438 0.78796 0.40806 0.08269
0 0.73438 0.83571 0.40886 0.07755
0 0.90921 0.13281 0.43841 0.08704
0 0.90921 0.18586 0.39682 0.07641
0 0.90921 0.23891 0.40934 0.08145
0 0.90921 0.29196 0.39964 0.08637
0 0.90921 0.34501 0.43849 0.08133
0 0.90921 0.39806 0.43576 0.07483
0 0.90921 0.45111 0.39132 0.08336
0 0.90921 0.50416 0.42365 0.07419
0 0.90921 0.55721 0.4085 0.08177
0 0.90921 0.61026 0.40156 0.08311
0 0.90921 0.66331 0.43097 0.07298
0 0.90921 0.71636 0.4039 0.08653
0 0.90921 0.76941 0.40951 0.08232
0 0.90921 0.82246 0.36993 0.08408
0 0.90921 0.87551 0.3944 0.08
0 0.90921 0.92856 0.42635 0.08269