0 0.10501 0.13281 0.39997 0.07393
0 0.10501 0.18586 0.41976 0.08648
0 0.10501 0.23891 0.3772 0.07927
0 0.10501 0.29196 0.40866 0.08084
0 0.10501 0.34501 0.40592 0.07522
0 0.10501 0.39806 0.39093 0.08408
0 0.10501 0.45111 0.39392 0.0815
0 0.10501 0.50416 0.41704 0.07571
0 0.10501 0.55721 0.37839 0.08174
0 0.10501 0.61026 0.39364 0.0806
0 0.10501 0.66331 0.42687 0.07602
0 0.10501 0.71636 0.42678 0.07631
0 0.10501 0.76941 0.4001 0.08436
0 0.10501 0.82246 0.44235 0.07626
0 0.10501 0.87551 0.41445 0.08123
0 0.10501 0.92856 0.40382 0.07896
0 0.3148 0.14609 0.41612 0.07686
0 0.3148 0.20444 0.40662 0.08316
0 0.3148 0.26280 0.39966 0.08254
0 0.3148 0.32115 0.39124 0.07407
0 0.3148 0.37951 0.38421 0.07976
0 0.3148 0.43786 0.39861 0.07469
0 0.3148 0.49622 0.43544 0.0775
0 0.3148 0.55457 0.39513 0.08403
0 0.3148 0.61293 0.40858 0.08316
0 0.3148 0.67129 0.41389 0.08062
0 0.3148 0.72964 0.39498 0.08297
0 0.3148 0.78800 0.38137 0.08243
0 0.3148 0.84635 0.3772 0.07778
0 0.3148 0.90471 0.41101 0.08412
0 0.3148 0.96306 0.37627 0.07602
0 0.52459 0.13281 0.43898 0.08685
0 0.52459 0.18586 0.44043 0.07728
0 0.52459 0.23891 0.41648 0.08666
0 0.52459 0.29196 0.4045 0.08595
0 0.52459 0.34501 0.37197 0.073
0 0.52459 0.39806 0.3751 0.08036
0 0.52459 0.45111 0.38837 0.07687
0 0.52459 0.50416 0.41842 0.0763
0 0.52459 0.55721 0.42233 0.07553
0 0.52459 0.61026 0.44064 0.07799
0 0.52459 0.66331 0.38721 0.08693
0 0.52459 0.71636 0.41756 0.08645
0 0.52459 0.76941 0.37844 0.07299
0 0.52459 0.82246 0.43175 0.08361
0 0.52459 0.87551 0.3997 0.08046
0 0.52459 0.92856 0.42958 0.08666
0 0.73438 0.11953 0.41013 0.08377
0 0.73438 0.16727 0.44158 0.08079
0 0.73438 0.21502 0.37057 0.08126
0 0.73438 0.26276 0.43983 0.08642
0 0.73438 0.31051 0.37304 0.07366
0 0.73438 0.35825 0.38216 0.07627
0 0.73438 0.40600 0.40697 0.08537
0 0.73438 0.45374 0.3805 0.08738
0 0.73438 0.50149 0.37499 0.08361
0 0.73438 0.54923 0.41709 0.07365
0 0.73438 0.59698 0.40802 0.07532
0 0.73438 0.64472 0.38112 0.08567
0 0.73438 0.69247 0.40487 0.08387
0 0.73438 0.74021 0.43248 0.08273
0 0.73438 0.78796 0.38061 0.08116
0 0.73438 0.83571 0.42144 0.08324
0 0.90921 0.13281 0.37541 0.0784
0 0.90921 0.18586 0.4133 0.08447
0 0.90921 0.23891 0.42261 0.08661
0 0.90921 0.29196 0.37179 0.08371
0 0.90921 0.34501 0.37422 0.08137
0 0.90921 0.39806 0.40424 0.07868
0 0.90921 0.45111 0.38952 0.07447
0 0.90921 0.50416 0.38628 0.07581
0 0.90921 0.55721 0.43164 0.08709
0 0.90921 0.61026 0.38516 0.08124
0 0.90921 0.66331 0.40114 0.08025
0 0.90921 0.71636 0.37453 0.07798
0 0.90921 0.76941 0.38025 0.0798
0 0.90921 0.82246 0.40468 0.08006
0 0.90921 0.87551 0.38351 0.07628
0 0.90921 0.92856 0.40487 0.07643