0 0.10501 0.13281 0.41596 0.08192
0 0.10501 0.18586 0.42038 0.0732
0 0.10501 0.23891 0.41358 0.07959
0 0.10501 0.29196 0.38895 0.07624
0 0.10501 0.34501 0.37797 0.07929
0 0.10501 0.39806 0.41211 0.08341
0 0.10501 0.45111 0.43818 0.0746
0 0.10501 0.50416 0.38769 0.08201
0 0.10501 0.55721 0.37527 0.07919
0 0.10501 0.61026 0.42539 0.07645
0 0.10501 0.66331 0.40566 0.07668
0 0.10501 0.71636 0.39343 0.07552
0 0.10501 0.76941 0.41813 0.07598
0 0.10501 0.82246 0.42 0.08275
0 0.10501 0.87551 0.42853 0.07312
0 0.10501 0.92856 0.41265 0.08025
0 0.3148 0.14609 0.37983 0.07862
0 0.3148 0.20444 0.4234 0.08153
0 0.3148 0.26280 0.40837 0.07492
0 0.3148 0.32115 0.42976 0.08403
0 0.3148 0.37951 0.37867 0.07874
0 0.3148 0.43786 0.37271 0.07468
0 0.3148 0.49622 0.42406 0.08298
0 0.3148 0.55457 0.43527 0.08101
0 0.3148 0.61293 0.40941 0.08483
0 0.3148 0.67129 0.41342 0.08692
0 0.3148 0.72964 0.38434 0.07836
0 0.3148 0.78800 0.43474 0.07738
0 0.3148 0.84635 0.42431 0.07831
0 0.3148 0.90471 0.39744 0.08515
0 0.3148 0.96306 0.39182 0.08215
0 0.52459 0.13281 0.3885 0.08756
0 0.52459 0.18586 0.42075 0.08626
0 0.52459 0.23891 0.4045 0.07883
0 0.52459 0.29196 0.40423 0.08253
0 0.52459 0.34501 0.38829 0.07384
0 0.52459 0.39806 0.43167 0.08175
0 0.52459 0.45111 0.4349 0.08697
0 0.52459 0.50416 0.42249 0.07917
0 0.52459 0.55721 0.40753 0.07927
0 0.52459 0.61026 0.37402 0.07694
0 0.52459 0.66331 0.40664 0.07417
0 0.52459 0.71636 0.38783 0.0809
0 0.52459 0.76941 0.41564 0.0803
0 0.52459 0.82246 0.43082 0.08334
0 0.52459 0.87551 0.41629 0.07614
0 0.52459 0.92856 0.41203 0.08455
0 0.73438 0.11953 0.44057 0.08514
0 0.73438 0.16727 0.40001 0.0732
0 0.73438 0.21502 0.38212 0.07928
0 0.73438 0.26276 0.40254 0.08231
0 0.73438 0.31051 0.41062 0.08729
0 0.73438 0.35825 0.4239 0.07552
0 0.73438 0.40600 0.43231 0.07403
0 0.73438 0.45374 0.4041 0.07911
0 0.73438 0.50149 0.37103 0.08674
0 0.73438 0.54923 0.39067 0.07397
0 0.73438 0.59698 0.4114 0.08662
0 0.73438 0.64472 0.40959 0.07721
0 0.73438 0.69247 0.41549 0.07764
0 0.73438 0.74021 0.39005 0.0754
0 0.73438 0.78796 0.43528 0.07955
0 0.73438 0.83571 0.37368 0.08009
0 0.90921 0.13281 0.37974 0.07527
0 0.90921 0.18586 0.44106 0.07505
0 0.90921 0.23891 0.42287 0.07354
0 0.90921 0.29196 0.41905 0.08221
0 0.90921 0.34501 0.39567 0.07411
0 0.90921 0.39806 0.42858 0.08285
0 0.90921 0.45111 0.3963 0.08064
0 0.90921 0.50416 0.37167 0.08281
0 0.90921 0.55721 0.43666 0.08497
0 0.90921 0.61026 0.37089 0.08516
0 0.90921 0.66331 0.42896 0.08401
0 0.90921 0.71636 0.42677 0.0866
0 0.90921 0.76941 0.44247 0.08423
0 0.90921 0.82246 0.43228 0.07378
0 0.90921 0.87551 0.39828 0.08089
0 0.90921 0.92856 0.4263 0.08479