0 0.10501 0.13281 0.42637 0.0754
0 0.10501 0.18586 0.37061 0.0833
0 0.10501 0.23891 0.41354 0.07558
0 0.10501 0.29196 0.38138 0.08617
0 0.10501 0.34501 0.37558 0.08552
0 0.10501 0.39806 0.41319 0.08241
0 0.10501 0.45111 0.40127 0.0829
0 0.10501 0.50416 0.40882 0.07411
0 0.10501 0.55721 0.43576 0.08262
0 0.10501 0.61026 0.37102 0.08509
0 0.10501 0.66331 0.43927 0.0734
0 0.10501 0.71636 0.41109 0.08701
0 0.10501 0.76941 0.38544 0.08394
0 0.10501 0.82246 0.41455 0.07774
0 0.10501 0.87551 0.3829 0.0796
0 0.10501 0.92856 0.43479 0.07883
0 0.3148 0.14609 0.3803 0.07938
0 0.3148 0.20444 0.43609 0.07893
0 0.3148 0.26280 0.40551 0.0783
0 0.3148 0.32115 0.37375 0.07527
0 0.3148 0.37951 0.43822 0.08554
0 0.3148 0.43786 0.41978 0.07854
0 0.3148 0.49622 0.38777 0.07795
0 0.3148 0.55457 0.42645 0.07629
0 0.3148 0.61293 0.41448 0.07983
0 0.3148 0.67129 0.37563 0.08689
0 0.3148 0.72964 0.41157 0.07851
0 0.3148 0.78800 0.369 0.08589
0 0.3148 0.84635 0.42963 0.08701
0 0.3148 0.90471 0.39866 0.07821
0 0.3148 0.96306 0.39363 0.08589
0 0.52459 0.13281 0.37645 0.0738
0 0.52459 0.18586 0.37438 0.08345
0 0.52459 0.23891 0.39478 0.08497
0 0.52459 0.29196 0.37922 0.08629
0 0.52459 0.34501 0.37342 0.07737
0 0.52459 0.39806 0.41837 0.08543
0 0.52459 0.45111 0.42781 0.08179
0 0.52459 0.50416 0.41413 0.07816
0 0.52459 0.55721 0.39878 0.08347
0 0.52459 0.61026 0.41853 0.08611
0 0.52459 0.66331 0.44046 0.0827
0 0.52459 0.71636 0.42672 0.08535
0 0.52459 0.76941 0.40724 0.08632
0 0.52459 0.82246 0.41633 0.08166
0 0.52459 0.87551 0.37691 0.08133
0 0.52459 0.92856 0.38936 0.08571
0 0.73438 0.11953 0.37807 0.08683
0 0.73438 0.16727 0.37629 0.07615
0 0.73438 0.21502 0.44184 0.08716
0 0.73438 0.26276 0.44095 0.08577
0 0.73438 0.31051 0.42853 0.08599
0 0.73438 0.35825 0.41228 0.08563
0 0.73438 0.40600 0.44253 0.07646
0 0.73438 0.45374 0.44118 0.08195
0 0.73438 0.50149 0.44031 0.08695
0 0.73438 0.54923 0.39141 0.0769
0 0.73438 0.59698 0.39644 0.07674
0 0.73438 0.64472 0.42717 0.08085
0 0.73438 0.69247 0.43403 0.07536
0 0.73438 0.74021 0.42721 0.07953
0 0.73438 0.78796 0.43137 0.07444
0 0.73438 0.83571 0.43683 0.08207
0 0.90921 0.13281 0.39863 0.07972
0 0.90921 0.18586 0.40223 0.07438
0 0.90921 0.23891 0.4273 0.08659
0 0.90921 0.29196 0.44219 0.08702
0 0.90921 0.34501 0.40206 0.07408
0 0.90921 0.39806 0.3807 0.0736
0 0.90921 0.45111 0.39321 0.0815
0 0.90921 0.50416 0.41358 0.08282
0 0.90921 0.55721 0.38081 0.08496
0 0.90921 0.61026 0.41281 0.07811
0 0.90921 0.66331 0.4161 0.08259
0 0.90921 0.71636 0.37639 0.0779
0 0.90921 0.76941 0.37748 0.082
0 0.90921 0.82246 0.41614 0.0744
0 0.90921 0.87551 0.43466 0.07958
0 0.90921 0.92856 0.37552 0.08329