0 0.10501 0.13281 0.37348 0.08545
0 0.10501 0.18586 0.37746 0.08584
0 0.10501 0.23891 0.42139 0.07691
0 0.10501 0.29196 0.38004 0.0836
0 0.10501 0.34501 0.39196 0.08393
0 0.10501 0.39806 0.38367 0.07364
0 0.10501 0.45111 0.38309 0.07526
0 0.10501 0.50416 0.41689 0.08577
0 0.10501 0.55721 0.38903 0.07645
0 0.10501 0.61026 0.378 0.08361
0 0.10501 0.66331 0.43439 0.08724
0 0.10501 0.71636 0.40975 0.08214
0 0.10501 0.76941 0.4304 0.07566
0 0.10501 0.82246 0.43934 0.08665
0 0.10501 0.87551 0.38781 0.07903
0 0.10501 0.92856 0.38546 0.07733
0 0.3148 0.14609 0.40564 0.07416
0 0.3148 0.20444 0.39323 0.08152
0 0.3148 0.26280 0.42108 0.078
0 0.3148 0.32115 0.41372 0.07298
0 0.3148 0.37951 0.42006 0.08122
0 0.3148 0.43786 0.43934 0.07587
0 0.3148 0.49622 0.4021 0.07691
0 0.3148 0.55457 0.414 0.07888
0 0.3148 0.61293 0.3884 0.07614
0 0.3148 0.67129 0.36946 0.07425
0 0.3148 0.72964 0.36906 0.08625
0 0.3148 0.78800 0.38979 0.08069
0 0.3148 0.84635 0.44196 0.08394
0 0.3148 0.90471 0.4354 0.08219
0 0.3148 0.96306 0.43373 0.0763
0 0.52459 0.13281 0.41905 0.08493
0 0.52459 0.18586 0.37694 0.08663
0 0.52459 0.23891 0.39802 0.07635
0 0.52459 0.29196 0.41726 0.0756
0 0.52459 0.34501 0.43604 0.08281
0 0.52459 0.39806 0.4241 0.08176
0 0.52459 0.45111 0.43216 0.07757
0 0.52459 0.50416 0.39476 0.07322
0 0.52459 0.55721 0.39006 0.08605
0 0.52459 0.61026 0.38849 0.0839
0 0.52459 0.66331 0.41181 0.07467
0 0.52459 0.71636 0.40779 0.08742
0 0.52459 0.76941 0.43371 0.08702
0 0.52459 0.82246 0.38347 0.07935
0 0.52459 0.87551 0.39914 0.07771
0 0.52459 0.92856 0.38824 0.08733
0 0.73438 0.11953 0.39345 0.08119
0 0.73438 0.16727 0.42701 0.08644
0 0.73438 0.21502 0.40804 0.07303
0 0.73438 0.26276 0.37804 0.08101
0 0.73438 0.31051 0.37324 0.08574
0 0.73438 0.35825 0.41589 0.08259
0 0.73438 0.40600 0.42229 0.07474
0 0.73438 0.45374 0.37707 0.08393
0 0.73438 0.50149 0.3757 0.08092
0 0.73438 0.54923 0.4196 0.08162
0 0.73438 0.59698 0.38771 0.07465
0 0.73438 0.64472 0.43055 0.08592
0 0.73438 0.69247 0.39463 0.07857
0 0.73438 0.74021 0.4236 0.0797
0 0.73438 0.78796 0.41833 0.08147
0 0.73438 0.83571 0.38586 0.07876
0 0.90921 0.13281 0.3846 0.0844
0 0.90921 0.18586 0.3804 0.08714
0 0.90921 0.23891 0.3987 0.08646
0 0.90921 0.29196 0.3993 0.07361
0 0.90921 0.34501 0.37 0.0833
0 0.90921 0.39806 0.40579 0.08251
0 0.90921 0.45111 0.3747 0.08192
0 0.90921 0.50416 0.4172 0.08616
0 0.90921 0.55721 0.41344 0.07447
0 0.90921 0.61026 0.39336 0.08047
0 0.90921 0.66331 0.43246 0.07966
0 0.90921 0.71636 0.38564 0.08053
0 0.90921 0.76941 0.41709 0.07742
0 0.90921 0.82246 0.38411 0.0845
0 0.90921 0.87551 0.38149 0.07878
0 0.90921 0.92856 0.41668 0.08242