0 0.10501 0.13281 0.39961 0.07459
0 0.10501 0.18586 0.3854 0.08234
0 0.10501 0.23891 0.40255 0.08014
0 0.10501 0.29196 0.38698 0.07688
0 0.10501 0.34501 0.39355 0.07402
0 0.10501 0.39806 0.38598 0.08206
0 0.10501 0.45111 0.399 0.08187
0 0.10501 0.50416 0.43585 0.0854
0 0.10501 0.55721 0.43344 0.07707
0 0.10501 0.61026 0.3937 0.08682
0 0.10501 0.66331 0.43908 0.07297
0 0.10501 0.71636 0.40742 0.08471
0 0.10501 0.76941 0.43624 0.08548
0 0.10501 0.82246 0.38552 0.08339
0 0.10501 0.87551 0.41447 0.08709
0 0.10501 0.92856 0.3739 0.07461
0 0.3148 0.14609 0.39096 0.07893
0 0.3148 0.20444 0.38487 0.08289
0 0.3148 0.26280 0.37903 0.07678
0 0.3148 0.32115 0.39902 0.0803
0 0.3148 0.37951 0.43071 0.07645
0 0.3148 0.43786 0.40833 0.08413
0 0.3148 0.49622 0.40141 0.08088
0 0.3148 0.55457 0.42481 0.07638
0 0.3148 0.61293 0.41373 0.07585
0 0.3148 0.67129 0.43533 0.07678
0 0.3148 0.72964 0.39038 0.07388
0 0.3148 0.78800 0.42961 0.08441
0 0.3148 0.84635 0.44036 0.07833
0 0.3148 0.90471 0.4397 0.07524
0 0.3148 0.96306 0.43893 0.08708
0 0.52459 0.13281 0.42143 0.07873
0 0.52459 0.18586 0.41331 0.0792
0 0.52459 0.23891 0.40871 0.08465
0 0.52459 0.29196 0.38649 0.07421
0 0.52459 0.34501 0.43069 0.0738
0 0.52459 0.39806 0.37363 0.07719
0 0.52459 0.45111 0.38494 0.08464
0 0.52459 0.50416 0.43435 0.07402
0 0.52459 0.55721 0.42939 0.08183
0 0.52459 0.61026 0.43071 0.08165
0 0.52459 0.66331 0.37588 0.07675
0 0.52459 0.71636 0.42281 0.0808
0 0.52459 0.76941 0.42829 0.07483
0 0.52459 0.82246 0.40363 0.0826
0 0.52459 0.87551 0.39047 0.07388
0 0.52459 0.92856 0.375 0.07873
0 0.73438 0.11953 0.41921 0.0832
0 0.73438 0.16727 0.42935 0.07557
0 0.73438 0.21502 0.42843 0.08438
0 0.73438 0.26276 0.42469 0.08703
0 0.73438 0.31051 0.43093 0.07878
0 0.73438 0.35825 0.37051 0.07841
0 0.73438 0.40600 0.39451 0.07684
0 0.73438 0.45374 0.41369 0.07391
0 0.73438 0.50149 0.42887 0.08262
0 0.73438 0.54923 0.37428 0.08461
0 0.73438 0.59698 0.42896 0.08287
0 0.73438 0.64472 0.42205 0.08176
0 0.73438 0.69247 0.40524 0.07327
0 0.73438 0.74021 0.40815 0.08546
0 0.73438 0.78796 0.39125 0.08212
0 0.73438 0.83571 0.41439 0.08322
0 0.90921 0.13281 0.41547 0.08673
0 0.90921 0.18586 0.39118 0.08442
0 0.90921 0.23891 0.39376 0.08513
0 0.90921 0.29196 0.44113 0.08661
0 0.90921 0.34501 0.42576 0.0798
0 0.90921 0.39806 0.44245 0.08733
0 0.90921 0.45111 0.41945 0.08467
0 0.90921 0.50416 0.37175 0.08138
0 0.90921 0.55721 0.42495 0.0854
0 0.90921 0.61026 0.38246 0.08362
0 0.90921 0.66331 0.41842 0.08319
0 0.90921 0.71636 0.42817 0.07302
0 0.90921 0.76941 0.38089 0.07624
0 0.90921 0.82246 0.43263 0.07797
0 0.90921 0.87551 0.43696 0.07762
0 0.90921 0.92856 0.40349 0.08201