0 0.10501 0.13281 0.41108 0.07885
0 0.10501 0.18586 0.41342 0.07346
0 0.10501 0.23891 0.42704 0.07376
0 0.10501 0.29196 0.40712 0.07395
0 0.10501 0.34501 0.42307 0.08191
0 0.10501 0.39806 0.40665 0.07563
0 0.10501 0.45111 0.37106 0.07299
0 0.10501 0.50416 0.41474 0.07571
0 0.10501 0.55721 0.37663 0.07532
0 0.10501 0.61026 0.37229 0.0738
0 0.10501 0.66331 0.38646 0.07956
0 0.10501 0.71636 0.40984 0.08169
0 0.10501 0.76941 0.37193 0.085
0 0.10501 0.82246 0.4228 0.08081
0 0.10501 0.87551 0.39292 0.07554
0 0.10501 0.92856 0.4156 0.08182
0 0.3148 0.14609 0.43221 0.08276
0 0.3148 0.20444 0.41568 0.07821
0 0.3148 0.26280 0.37396 0.07694
0 0.3148 0.32115 0.38109 0.07573
0 0.3148 0.37951 0.42571 0.07313
0 0.3148 0.43786 0.43116 0.08747
0 0.3148 0.49622 0.38345 0.08291
0 0.3148 0.55457 0.42538 0.08736
0 0.3148 0.61293 0.37304 0.08151
0 0.3148 0.67129 0.37722 0.08081
0 0.3148 0.72964 0.38141 0.07429
0 0.3148 0.78800 0.38728 0.07842
0 0.3148 0.84635 0.39838 0.08225
0 0.3148 0.90471 0.41606 0.07729
0 0.3148 0.96306 0.41723 0.07817
0 0.52459 0.13281 0.42262 0.0799
0 0.52459 0.18586 0.38589 0.07418
0 0.52459 0.23891 0.41781 0.07635
0 0.52459 0.29196 0.40389 0.07677
0 0.52459 0.34501 0.39966 0.08701
0 0.52459 0.39806 0.42239 0.08663
0 0.52459 0.45111 0.40936 0.07349
0 0.52459 0.50416 0.37717 0.07591
0 0.52459 0.55721 0.37233 0.07996
0 0.52459 0.61026 0.37794 0.08057
0 0.52459 0.66331 0.38923 0.08105
0 0.52459 0.71636 0.37506 0.08732
0 0.52459 0.76941 0.39975 0.07311
0 0.52459 0.82246 0.40752 0.07467
0 0.52459 0.87551 0.36891 0.07694
0 0.52459 0.92856 0.40988 0.07775
0 0.73438 0.11953 0.36882 0.0816
0 0.73438 0.16727 0.43947 0.07387
0 0.73438 0.21502 0.39038 0.07652
0 0.73438 0.26276 0.38498 0.08017
0 0.73438 0.31051 0.39328 0.08264
0 0.73438 0.35825 0.43285 0.08016
0 0.73438 0.40600 0.40091 0.08061
0 0.73438 0.45374 0.43599 0.08044
0 0.73438 0.50149 0.38462 0.073
0 0.73438 0.54923 0.43896 0.07441
0 0.73438 0.59698 0.38176 0.08196
0 0.73438 0.64472 0.43416 0.07563
0 0.73438 0.69247 0.41735 0.07897
0 0.73438 0.74021 0.38423 0.07361
0 0.73438 0.78796 0.42405 0.08149
0 0.73438 0.83571 0.41112 0.08736
0 0.90921 0.13281 0.41519 0.07836
0 0.90921 0.18586 0.40466 0.08236
0 0.90921 0.23891 0.43114 0.07439
0 0.90921 0.29196 0.42108 0.07874
0 0.90921 0.34501 0.42562 0.08646
0 0.90921 0.39806 0.37269 0.08357
0 0.90921 0.45111 0.42482 0.0751
0 0.90921 0.50416 0.41627 0.07582
0 0.90921 0.55721 0.4248 0.07647
0 0.90921 0.61026 0.44046 0.0785
0 0.90921 0.66331 0.43508 0.07459
0 0.90921 0.71636 0.40197 0.08727
0 0.90921 0.76941 0.43683 0.07421
0 0.90921 0.82246 0.38764 0.08195
0 0.90921 0.87551 0.43305 0.08406
0 0.90921 0.92856 0.40402 0.08079