0 0.10501 0.13281 0.42835 0.07807
0 0.10501 0.18586 0.42521 0.0772
0 0.10501 0.23891 0.40332 0.08675
0 0.10501 0.29196 0.42768 0.08739
0 0.10501 0.34501 0.41298 0.07982
0 0.10501 0.39806 0.39406 0.08076
0 0.10501 0.45111 0.39608 0.0771
0 0.10501 0.50416 0.442 0.07307
0 0.10501 0.55721 0.37732 0.07882
0 0.10501 0.61026 0.41046 0.0735
0 0.10501 0.66331 0.41293 0.08151
0 0.10501 0.71636 0.39858 0.084
0 0.10501 0.76941 0.37179 0.07487
0 0.10501 0.82246 0.40876 0.07499
0 0.10501 0.87551 0.42985 0.07666
0 0.10501 0.92856 0.38591 0.08153
0 0.3148 0.14609 0.39396 0.08452
0 0.3148 0.20444 0.4261 0.08395
0 0.3148 0.26280 0.36888 0.08072
0 0.3148 0.32115 0.38043 0.07839
0 0.3148 0.37951 0.41224 0.08255
0 0.3148 0.43786 0.40536 0.07527
0 0.3148 0.49622 0.43993 0.08632
0 0.3148 0.55457 0.39216 0.08648
0 0.3148 0.61293 0.43882 0.07621
0 0.3148 0.67129 0.43321 0.08121
0 0.3148 0.72964 0.37642 0.08411
0 0.3148 0.78800 0.44025 0.08387
0 0.3148 0.84635 0.38385 0.07784
0 0.3148 0.90471 0.40797 0.08319
0 0.3148 0.96306 0.38221 0.07901
0 0.52459 0.13281 0.42595 0.07549
0 0.52459 0.18586 0.38681 0.08482
0 0.52459 0.23891 0.42718 0.08223
0 0.52459 0.29196 0.43869 0.07918
0 0.52459 0.34501 0.44034 0.07899
0 0.52459 0.39806 0.38587 0.07949
0 0.52459 0.45111 0.41834 0.08025
0 0.52459 0.50416 0.37648 0.07938
0 0.52459 0.55721 0.41996 0.08702
0 0.52459 0.61026 0.40402 0.08605
0 0.52459 0.66331 0.40463 0.08734
0 0.52459 0.71636 0.39027 0.0732
0 0.52459 0.76941 0.43861 0.07554
0 0.52459 0.82246 0.37265 0.08339
0 0.52459 0.87551 0.40115 0.08467
0 0.52459 0.92856 0.4056 0.0792
0 0.73438 0.11953 0.43359 0.07878
0 0.73438 0.16727 0.39228 0.08556
0 0.73438 0.21502 0.43206 0.07393
0 0.73438 0.26276 0.38601 0.08007
0 0.73438 0.31051 0.40015 0.07704
0 0.73438 0.35825 0.3799 0.07765
0 0.73438 0.40600 0.43087 0.07476
0 0.73438 0.45374 0.36885 0.07318
0 0.73438 0.50149 0.38354 0.08496
0 0.73438 0.54923 0.42204 0.08423
0 0.73438 0.59698 0.432 0.07386
0 0.73438 0.64472 0.43657 0.08189
0 0.73438 0.69247 0.41301 0.08263
0 0.73438 0.74021 0.37915 0.08512
0 0.73438 0.78796 0.42844 0.08417
0 0.73438 0.83571 0.42609 0.08168
0 0.90921 0.13281 0.38656 0.08251
0 0.90921 0.18586 0.38434 0.07921
0 0.90921 0.23891 0.42902 0.07971
0 0.90921 0.29196 0.38326 0.08001
0 0.90921 0.34501 0.38731 0.07674
0 0.90921 0.39806 0.4417 0.07756
0 0.90921 0.45111 0.4406 0.08033
0 0.90921 0.50416 0.42368 0.0845
0 0.90921 0.55721 0.40218 0.07627
0 0.90921 0.61026 0.3729 0.0875
0 0.90921 0.66331 0.39441 0.07418
0 0.90921 0.71636 0.42837 0.08171
0 0.90921 0.76941 0.39843 0.07966
0 0.90921 0.82246 0.38846 0.07618
0 0.90921 0.87551 0.4127 0.08074
0 0.90921 0.92856 0.37528 0.07858