0 0.10501 0.13281 0.40898 0.08254
0 0.10501 0.18586 0.38916 0.07906
0 0.10501 0.23891 0.39682 0.07892
0 0.10501 0.29196 0.42791 0.08735
0 0.10501 0.34501 0.44227 0.08371
0 0.10501 0.39806 0.43246 0.07691
0 0.10501 0.45111 0.36984 0.07313
0 0.10501 0.50416 0.3755 0.08602
0 0.10501 0.55721 0.38815 0.08296
0 0.10501 0.61026 0.39372 0.07336
0 0.10501 0.66331 0.42167 0.08011
0 0.10501 0.71636 0.37639 0.07861
0 0.10501 0.76941 0.39264 0.08587
0 0.10501 0.82246 0.42573 0.08313
0 0.10501 0.87551 0.38238 0.07702
0 0.10501 0.92856 0.43001 0.07764
0 0.3148 0.14609 0.40411 0.07871
0 0.3148 0.20444 0.37551 0.08286
0 0.3148 0.26280 0.38582 0.07767
0 0.3148 0.32115 0.37704 0.07538
0 0.3148 0.37951 0.43417 0.07385
0 0.3148 0.43786 0.37258 0.08096
0 0.3148 0.49622 0.38662 0.08447
0 0.3148 0.55457 0.38172 0.08024
0 0.3148 0.61293 0.39758 0.07732
0 0.3148 0.67129 0.41275 0.08619
0 0.3148 0.72964 0.37179 0.07859
0 0.3148 0.78800 0.37111 0.08543
0 0.3148 0.84635 0.4349 0.0859
0 0.3148 0.90471 0.38538 0.08647
0 0.3148 0.96306 0.43463 0.07384
0 0.52459 0.13281 0.41869 0.08031
0 0.52459 0.18586 0.37983 0.07814
0 0.52459 0.23891 0.41435 0.07555
0 0.52459 0.29196 0.375 0.07499
0 0.52459 0.34501 0.4036 0.08506
0 0.52459 0.39806 0.41638 0.08604
0 0.52459 0.45111 0.43586 0.08667
0 0.52459 0.50416 0.39225 0.07659
0 0.52459 0.55721 0.38582 0.08149
0 0.52459 0.61026 0.39824 0.07653
0 0.52459 0.66331 0.4364 0.082
0 0.52459 0.71636 0.44247 0.08474
0 0.52459 0.76941 0.43683 0.07341
0 0.52459 0.82246 0.39303 0.07572
0 0.52459 0.87551 0.42268 0.08548
0 0.52459 0.92856 0.39045 0.08269
0 0.73438 0.11953 0.38997 0.08494
0 0.73438 0.16727 0.40171 0.0754
0 0.73438 0.21502 0.37191 0.08453
0 0.73438 0.26276 0.36911 0.07401
0 0.73438 0.31051 0.3942 0.07759
0 0.73438 0.35825 0.41071 0.07977
0 0.73438 0.40600 0.37779 0.07739
0 0.73438 0.45374 0.37515 0.07896
0 0.73438 0.50149 0.40706 0.07875
0 0.73438 0.54923 0.43263 0.08606
0 0.73438 0.59698 0.44071 0.08613
0 0.73438 0.64472 0.42084 0.08682
0 0.73438 0.69247 0.44004 0.07437
0 0.73438 0.74021 0.43495 0.07808
0 0.73438 0.78796 0.37851 0.0826
0 0.73438 0.83571 0.42739 0.07576
0 0.90921 0.13281 0.37034 0.07534
0 0.90921 0.18586 0.40503 0.08348
0 0.90921 0.23891 0.36928 0.0742
0 0.90921 0.29196 0.40564 0.07515
0 0.90921 0.34501 0.37997 0.07307
0 0.90921 0.39806 0.43901 0.07786
0 0.90921 0.45111 0.38088 0.08474
0 0.90921 0.50416 0.43808 0.07789
0 0.90921 0.55721 0.37896 0.0847
0 0.90921 0.61026 0.39631 0.08079
0 0.90921 0.66331 0.43844 0.08368
0 0.90921 0.71636 0.39505 0.08476
0 0.90921 0.76941 0.43261 0.08539
0 0.90921 0.82246 0.38773 0.08234
0 0.90921 0.87551 0.41355 0.08119
0 0.90921 0.92856 0.37501 0.08101