0 0.10501 0.13281 0.44118 0.07641
0 0.10501 0.18586 0.42715 0.07974
0 0.10501 0.23891 0.41816 0.08715
0 0.10501 0.29196 0.4132 0.08603
0 0.10501 0.34501 0.43993 0.08537
0 0.10501 0.39806 0.41356 0.07469
0 0.10501 0.45111 0.42529 0.07665
0 0.10501 0.50416 0.38286 0.07369
0 0.10501 0.55721 0.43162 0.08398
0 0.10501 0.61026 0.39567 0.0756
0 0.10501 0.66331 0.37407 0.0844
0 0.10501 0.71636 0.39222 0.07447
0 0.10501 0.76941 0.409 0.07415
0 0.10501 0.82246 0.39371 0.08421
0 0.10501 0.87551 0.37121 0.07631
0 0.10501 0.92856 0.36949 0.08702
0 0.3148 0.14609 0.36987 0.0854
0 0.3148 0.20444 0.38574 0.08464
0 0.3148 0.26280 0.4157 0.07917
0 0.3148 0.32115 0.3966 0.08444
0 0.3148 0.37951 0.37503 0.07994
0 0.3148 0.43786 0.41968 0.08464
0 0.3148 0.49622 0.40453 0.08671
0 0.3148 0.55457 0.40214 0.08384
0 0.3148 0.61293 0.43763 0.08665
0 0.3148 0.67129 0.39045 0.08107
0 0.3148 0.72964 0.42566 0.08143
0 0.3148 0.78800 0.40973 0.07499
0 0.3148 0.84635 0.37647 0.08319
0 0.3148 0.90471 0.40812 0.0742
0 0.3148 0.96306 0.43771 0.08668
0 0.52459 0.13281 0.37128 0.07652
0 0.52459 0.18586 0.38295 0.08554
0 0.52459 0.23891 0.42959 0.08448
0 0.52459 0.29196 0.41586 0.07927
0 0.52459 0.34501 0.37848 0.08436
0 0.52459 0.39806 0.42247 0.08119
0 0.52459 0.45111 0.43716 0.08368
0 0.52459 0.50416 0.40035 0.07805
0 0.52459 0.55721 0.40377 0.08742
0 0.52459 0.61026 0.39981 0.08307
0 0.52459 0.66331 0.44179 0.07847
0 0.52459 0.71636 0.42517 0.07908
0 0.52459 0.76941 0.37821 0.07994
0 0.52459 0.82246 0.40185 0.0769
0 0.52459 0.87551 0.38791 0.07312
0 0.52459 0.92856 0.38063 0.08071
0 0.73438 0.11953 0.41834 0.08074
0 0.73438 0.16727 0.4035 0.07854
0 0.73438 0.21502 0.38038 0.07778
0 0.73438 0.26276 0.39024 0.08032
0 0.73438 0.31051 0.37488 0.07537
0 0.73438 0.35825 0.39093 0.0759
0 0.73438 0.40600 0.37622 0.0852
0 0.73438 0.45374 0.39244 0.08202
0 0.73438 0.50149 0.39022 0.08105
0 0.73438 0.54923 0.37358 0.07302
0 0.73438 0.59698 0.3897 0.08159
0 0.73438 0.64472 0.4094 0.08753
0 0.73438 0.69247 0.38902 0.08367
0 0.73438 0.74021 0.38678 0.07319
0 0.73438 0.78796 0.39476 0.07828
0 0.73438 0.83571 0.4147 0.07624
0 0.90921 0.13281 0.43083 0.0733
0 0.90921 0.18586 0.39256 0.08628
0 0.90921 0.23891 0.39804 0.08425
0 0.90921 0.29196 0.37509 0.08152
0 0.90921 0.34501 0.42702 0.07903
0 0.90921 0.39806 0.37571 0.07976
0 0.90921 0.45111 0.41831 0.07664
0 0.90921 0.50416 0.41102 0.08152
0 0.90921 0.55721 0.40963 0.07539
0 0.90921 0.61026 0.42872 0.07398
0 0.90921 0.66331 0.37516 0.07316
0 0.90921 0.71636 0.42134 0.0843
0 0.90921 0.76941 0.37983 0.08322
0 0.90921 0.82246 0.38023 0.08039
0 0.90921 0.87551 0.39682 0.08073
0 0.90921 0.92856 0.39522 0.08337