0 0.10501 0.13281 0.37496 0.08064
0 0.10501 0.18586 0.38762 0.08743
0 0.10501 0.23891 0.3797 0.08013
0 0.10501 0.29196 0.37533 0.08685
0 0.10501 0.34501 0.403 0.08344
0 0.10501 0.39806 0.388 0.08317
0 0.10501 0.45111 0.38303 0.08492
0 0.10501 0.50416 0.41031 0.08482
0 0.10501 0.55721 0.38022 0.08491
0 0.10501 0.61026 0.43027 0.08431
0 0.10501 0.66331 0.39089 0.07429
0 0.10501 0.71636 0.43132 0.07585
0 0.10501 0.76941 0.43675 0.08094
0 0.10501 0.82246 0.40458 0.08189
0 0.10501 0.87551 0.36955 0.08736
0 0.10501 0.92856 0.43954 0.08722
0 0.3148 0.14609 0.425 0.07303
0 0.3148 0.20444 0.40047 0.0733
0 0.3148 0.26280 0.40524 0.07652
0 0.3148 0.32115 0.37926 0.07396
0 0.3148 0.37951 0.42378 0.08336
0 0.3148 0.43786 0.37825 0.07424
0 0.3148 0.49622 0.42881 0.07837
0 0.3148 0.55457 0.39852 0.07609
0 0.3148 0.61293 0.40543 0.08085
0 0.3148 0.67129 0.42956 0.08313
0 0.3148 0.72964 0.4009 0.08436
0 0.3148 0.78800 0.42456 0.07633
0 0.3148 0.84635 0.40148 0.08644
0 0.3148 0.90471 0.43634 0.08617
0 0.3148 0.96306 0.42129 0.07703
0 0.52459 0.13281 0.43682 0.08106
0 0.52459 0.18586 0.43253 0.08145
0 0.52459 0.23891 0.40193 0.0813
0 0.52459 0.29196 0.37929 0.0794
0 0.52459 0.34501 0.41354 0.08267
0 0.52459 0.39806 0.43733 0.07906
0 0.52459 0.45111 0.4139 0.07587
0 0.52459 0.50416 0.40597 0.08609
0 0.52459 0.55721 0.39905 0.07897
0 0.52459 0.61026 0.3996 0.07503
0 0.52459 0.66331 0.39535 0.07469
0 0.52459 0.71636 0.42158 0.08269
0 0.52459 0.76941 0.38364 0.07416
0 0.52459 0.82246 0.36903 0.07885
0 0.52459 0.87551 0.39453 0.08707
0 0.52459 0.92856 0.43229 0.07875
0 0.73438 0.11953 0.37315 0.08067
0 0.73438 0.16727 0.37948 0.08624
0 0.73438 0.21502 0.41567 0.07715
0 0.73438 0.26276 0.37563 0.07651
0 0.73438 0.31051 0.36955 0.08515
0 0.73438 0.35825 0.41995 0.08554
0 0.73438 0.40600 0.37003 0.08673
0 0.73438 0.45374 0.38408 0.08585
0 0.73438 0.50149 0.38622 0.08726
0 0.73438 0.54923 0.39434 0.08253
0 0.73438 0.59698 0.41258 0.08346
0 0.73438 0.64472 0.39296 0.07641
0 0.73438 0.69247 0.38064 0.08607
0 0.73438 0.74021 0.41373 0.07464
0 0.73438 0.78796 0.42421 0.0737
0 0.73438 0.83571 0.37676 0.08507
0 0.90921 0.13281 0.42932 0.07646
0 0.90921 0.18586 0.41431 0.08197
0 0.90921 0.23891 0.40733 0.08535
0 0.90921 0.29196 0.37182 0.08256
0 0.90921 0.34501 0.42063 0.08009
0 0.90921 0.39806 0.4016 0.07958
0 0.90921 0.45111 0.4144 0.08043
0 0.90921 0.50416 0.42634 0.08625
0 0.90921 0.55721 0.43083 0.08548
0 0.90921 0.61026 0.38657 0.07321
0 0.90921 0.66331 0.373 0.07933
0 0.90921 0.71636 0.38219 0.08709
0 0.90921 0.76941 0.43417 0.08463
0 0.90921 0.82246 0.3911 0.0818
0 0.90921 0.87551 0.42671 0.07837
0 0.90921 0.92856 0.40167 0.07909