0 0.10501 0.13281 0.43714 0.0825
0 0.10501 0.18586 0.41929 0.07308
0 0.10501 0.23891 0.3757 0.08676
0 0.10501 0.29196 0.38144 0.07996
0 0.10501 0.34501 0.40419 0.07892
0 0.10501 0.39806 0.37819 0.07666
0 0.10501 0.45111 0.41945 0.08438
0 0.10501 0.50416 0.42112 0.08009
0 0.10501 0.55721 0.37526 0.07391
0 0.10501 0.61026 0.40368 0.08273
0 0.10501 0.66331 0.41348 0.08562
0 0.10501 0.71636 0.40385 0.07968
0 0.10501 0.76941 0.37244 0.07867
0 0.10501 0.82246 0.39897 0.08112
0 0.10501 0.87551 0.3914 0.07738
0 0.10501 0.92856 0.37611 0.07718
0 0.3148 0.14609 0.4083 0.08656
0 0.3148 0.20444 0.39339 0.07636
0 0.3148 0.26280 0.43342 0.08618
0 0.3148 0.32115 0.38749 0.08039
0 0.3148 0.37951 0.41594 0.08447
0 0.3148 0.43786 0.37995 0.0858
0 0.3148 0.49622 0.39357 0.07687
0 0.3148 0.55457 0.40689 0.08552
0 0.3148 0.61293 0.41518 0.08336
0 0.3148 0.67129 0.42008 0.08537
0 0.3148 0.72964 0.42589 0.07381
0 0.3148 0.78800 0.37932 0.08007
0 0.3148 0.84635 0.37769 0.08294
0 0.3148 0.90471 0.39623 0.07817
0 0.3148 0.96306 0.40333 0.07859
0 0.52459 0.13281 0.44197 0.07594
0 0.52459 0.18586 0.38914 0.07952
0 0.52459 0.23891 0.41131 0.07659
0 0.52459 0.29196 0.43312 0.08138
0 0.52459 0.34501 0.38984 0.07467
0 0.52459 0.39806 0.40236 0.08227
0 0.52459 0.45111 0.38786 0.08017
0 0.52459 0.50416 0.43144 0.07772
0 0.52459 0.55721 0.43268 0.07723
0 0.52459 0.61026 0.43043 0.08678
0 0.52459 0.66331 0.42555 0.07886
0 0.52459 0.71636 0.38729 0.07731
0 0.52459 0.76941 0.38657 0.07839
0 0.52459 0.82246 0.40058 0.07372
0 0.52459 0.87551 0.41475 0.0812
0 0.52459 0.92856 0.39282 0.07646
0 0.73438 0.11953 0.37918 0.07638
0 0.73438 0.16727 0.42395 0.07963
0 0.73438 0.21502 0.4143 0.08603
0 0.73438 0.26276 0.42728 0.08667
0 0.73438 0.31051 0.42123 0.07534
0 0.73438 0.35825 0.42694 0.086
0 0.73438 0.40600 0.38354 0.07918
0 0.73438 0.45374 0.42104 0.07335
0 0.73438 0.50149 0.41414 0.08269
0 0.73438 0.54923 0.43775 0.08235
0 0.73438 0.59698 0.41755 0.07299
0 0.73438 0.64472 0.40305 0.07518
0 0.73438 0.69247 0.41776 0.07317
0 0.73438 0.74021 0.43828 0.07746
0 0.73438 0.78796 0.40017 0.08132
0 0.73438 0.83571 0.41437 0.08359
0 0.90921 0.13281 0.39167 0.07523
0 0.90921 0.18586 0.37143 0.07643
0 0.90921 0.23891 0.43991 0.08054
0 0.90921 0.29196 0.37493 0.07848
0 0.90921 0.34501 0.43461 0.07516
0 0.90921 0.39806 0.40443 0.07923
0 0.90921 0.45111 0.39406 0.08427
0 0.90921 0.50416 0.38957 0.08699
0 0.90921 0.55721 0.37692 0.08623
0 0.90921 0.61026 0.41098 0.08512
0 0.90921 0.66331 0.44116 0.07394
0 0.90921 0.71636 0.4293 0.07814
0 0.90921 0.76941 0.42819 0.08387
0 0.90921 0.82246 0.40037 0.07337
0 0.90921 0.87551 0.42356 0.0837
0 0.90921 0.92856 0.37042 0.07409