0 0.10501 0.13281 0.42073 0.08713
0 0.10501 0.18586 0.44106 0.07698
0 0.10501 0.23891 0.39201 0.07837
0 0.10501 0.29196 0.41381 0.07608
0 0.10501 0.34501 0.42777 0.08721
0 0.10501 0.39806 0.38419 0.07303
0 0.10501 0.45111 0.43596 0.08114
0 0.10501 0.50416 0.40643 0.08524
0 0.10501 0.55721 0.37762 0.08087
0 0.10501 0.61026 0.41371 0.08199
0 0.10501 0.66331 0.44075 0.07853
0 0.10501 0.71636 0.40853 0.07971
0 0.10501 0.76941 0.38746 0.07729
0 0.10501 0.82246 0.41354 0.08267
0 0.10501 0.87551 0.41362 0.08151
0 0.10501 0.92856 0.38017 0.07934
0 0.3148 0.14609 0.38694 0.08648
0 0.3148 0.20444 0.42509 0.0867
0 0.3148 0.26280 0.37086 0.08583
0 0.3148 0.32115 0.43964 0.07768
0 0.3148 0.37951 0.43143 0.07706
0 0.3148 0.43786 0.38829 0.07382
0 0.3148 0.49622 0.37828 0.08455
0 0.3148 0.55457 0.41502 0.08575
0 0.3148 0.61293 0.3966 0.07606
0 0.3148 0.67129 0.40078 0.08106
0 0.3148 0.72964 0.38622 0.07745
0 0.3148 0.78800 0.42113 0.07828
0 0.3148 0.84635 0.37179 0.07369
0 0.3148 0.90471 0.44149 0.08392
0 0.3148 0.96306 0.41452 0.07824
0 0.52459 0.13281 0.37528 0.08527
0 0.52459 0.18586 0.43257 0.07917
0 0.52459 0.23891 0.37991 0.08299
0 0.52459 0.29196 0.36901 0.07429
0 0.52459 0.34501 0.38475 0.08618
0 0.52459 0.39806 0.43417 0.07439
0 0.52459 0.45111 0.43807 0.0774
0 0.52459 0.50416 0.43866 0.07531
0 0.52459 0.55721 0.42555 0.0856
0 0.52459 0.61026 0.37647 0.08262
0 0.52459 0.66331 0.39124 0.07607
0 0.52459 0.71636 0.39402 0.07977
0 0.52459 0.76941 0.40256 0.07465
0 0.52459 0.82246 0.42004 0.07755
0 0.52459 0.87551 0.3698 0.08304
0 0.52459 0.92856 0.39265 0.08321
0 0.73438 0.11953 0.40003 0.08745
0 0.73438 0.16727 0.38143 0.07307
0 0.73438 0.21502 0.39251 0.07336
0 0.73438 0.26276 0.39226 0.08214
0 0.73438 0.31051 0.42391 0.08225
0 0.73438 0.35825 0.37316 0.08072
0 0.73438 0.40600 0.42446 0.08094
0 0.73438 0.45374 0.37083 0.0875
0 0.73438 0.50149 0.43739 0.08039
0 0.73438 0.54923 0.38416 0.08756
0 0.73438 0.59698 0.37958 0.07374
0 0.73438 0.64472 0.41903 0.07596
0 0.73438 0.69247 0.43788 0.0837
0 0.73438 0.74021 0.37354 0.07317
0 0.73438 0.78796 0.38585 0.07756
0 0.73438 0.83571 0.39118 0.08481
0 0.90921 0.13281 0.4275 0.07752
0 0.90921 0.18586 0.42025 0.07793
0 0.90921 0.23891 0.37496 0.08139
0 0.90921 0.29196 0.43381 0.08568
0 0.90921 0.34501 0.43116 0.08165
0 0.90921 0.39806 0.41113 0.08265
0 0.90921 0.45111 0.36909 0.07526
0 0.90921 0.50416 0.38986 0.0744
0 0.90921 0.55721 0.43785 0.08745
0 0.90921 0.61026 0.43302 0.08526
0 0.90921 0.66331 0.38249 0.07431
0 0.90921 0.71636 0.38059 0.08578
0 0.90921 0.76941 0.39419 0.08455
0 0.90921 0.82246 0.41681 0.0808
0 0.90921 0.87551 0.40934 0.07319
0 0.90921 0.92856 0.39822 0.0775