0 0.10501 0.13281 0.38029 0.07327
0 0.10501 0.18586 0.38619 0.08112
0 0.10501 0.23891 0.41906 0.08715
0 0.10501 0.29196 0.42195 0.08524
0 0.10501 0.34501 0.39269 0.07952
0 0.10501 0.39806 0.37963 0.07992
0 0.10501 0.45111 0.4218 0.08289
0 0.10501 0.50416 0.4082 0.07438
0 0.10501 0.55721 0.38411 0.07797
0 0.10501 0.61026 0.41137 0.08363
0 0.10501 0.66331 0.42225 0.08088
0 0.10501 0.71636 0.39813 0.07356
0 0.10501 0.76941 0.42171 0.08686
0 0.10501 0.82246 0.38384 0.0738
0 0.10501 0.87551 0.37918 0.08537
0 0.10501 0.92856 0.42132 0.07379
0 0.3148 0.14609 0.39493 0.07537
0 0.3148 0.20444 0.40314 0.081
0 0.3148 0.26280 0.40525 0.07299
0 0.3148 0.32115 0.42026 0.08038
0 0.3148 0.37951 0.44129 0.07597
0 0.3148 0.43786 0.38437 0.08282
0 0.3148 0.49622 0.43997 0.07746
0 0.3148 0.55457 0.41661 0.07557
0 0.3148 0.61293 0.43143 0.07541
0 0.3148 0.67129 0.38538 0.07358
0 0.3148 0.72964 0.42178 0.0752
0 0.3148 0.78800 0.42753 0.08159
0 0.3148 0.84635 0.42377 0.08363
0 0.3148 0.90471 0.42716 0.07586
0 0.3148 0.96306 0.42446 0.08296
0 0.52459 0.13281 0.43604 0.07341
0 0.52459 0.18586 0.38396 0.08539
0 0.52459 0.23891 0.42893 0.08354
0 0.52459 0.29196 0.43375 0.07501
0 0.52459 0.34501 0.38718 0.07396
0 0.52459 0.39806 0.41912 0.07961
0 0.52459 0.45111 0.39166 0.07789
0 0.52459 0.50416 0.44248 0.08671
0 0.52459 0.55721 0.38944 0.08675
0 0.52459 0.61026 0.39309 0.08128
0 0.52459 0.66331 0.42164 0.07539
0 0.52459 0.71636 0.42179 0.08733
0 0.52459 0.76941 0.41655 0.07551
0 0.52459 0.82246 0.41911 0.08724
0 0.52459 0.87551 0.4332 0.07973
0 0.52459 0.92856 0.44051 0.07913
0 0.73438 0.11953 0.38749 0.08016
0 0.73438 0.16727 0.39109 0.08695
0 0.73438 0.21502 0.42393 0.07687
0 0.73438 0.26276 0.39134 0.07507
0 0.73438 0.31051 0.37415 0.07678
0 0.73438 0.35825 0.40542 0.08718
0 0.73438 0.40600 0.38986 0.07363
0 0.73438 0.45374 0.38605 0.07789
0 0.73438 0.50149 0.37698 0.0863
0 0.73438 0.54923 0.40783 0.0774
0 0.73438 0.59698 0.3787 0.07778
0 0.73438 0.64472 0.37834 0.07527
0 0.73438 0.69247 0.38232 0.0785
0 0.73438 0.74021 0.39478 0.08285
0 0.73438 0.78796 0.42037 0.0793
0 0.73438 0.83571 0.43296 0.07896
0 0.90921 0.13281 0.42192 0.07366
0 0.90921 0.18586 0.3702 0.08421
0 0.90921 0.23891 0.3944 0.07844
0 0.90921 0.29196 0.38298 0.07602
0 0.90921 0.34501 0.39053 0.08562
0 0.90921 0.39806 0.38428 0.07566
0 0.90921 0.45111 0.42782 0.0848
0 0.90921 0.50416 0.37828 0.0792
0 0.90921 0.55721 0.37801 0.08306
0 0.90921 0.61026 0.42445 0.087
0 0.90921 0.66331 0.43312 0.08205
0 0.90921 0.71636 0.40668 0.07426
0 0.90921 0.76941 0.44096 0.08558
0 0.90921 0.82246 0.37319 0.078
0 0.90921 0.87551 0.43354 0.07438
0 0.90921 0.92856 0.41033 0.07585