0 0.10501 0.13281 0.3958 0.08065
0 0.10501 0.18586 0.42095 0.08374
0 0.10501 0.23891 0.42957 0.08473
0 0.10501 0.29196 0.39044 0.0828
0 0.10501 0.34501 0.38756 0.08265
0 0.10501 0.39806 0.3692 0.07871
0 0.10501 0.45111 0.40193 0.0862
0 0.10501 0.50416 0.42217 0.08389
0 0.10501 0.55721 0.37228 0.07789
0 0.10501 0.61026 0.40656 0.08522
0 0.10501 0.66331 0.39673 0.0836
0 0.10501 0.71636 0.41114 0.08614
0 0.10501 0.76941 0.39619 0.08295
0 0.10501 0.82246 0.3902 0.07488
0 0.10501 0.87551 0.40422 0.08044
0 0.10501 0.92856 0.43583 0.08584
0 0.3148 0.14609 0.39433 0.078
0 0.3148 0.20444 0.4065 0.07474
0 0.3148 0.26280 0.43288 0.07652
0 0.3148 0.32115 0.42103 0.08036
0 0.3148 0.37951 0.40717 0.07941
0 0.3148 0.43786 0.43946 0.08586
0 0.3148 0.49622 0.40707 0.08082
0 0.3148 0.55457 0.4146 0.08155
0 0.3148 0.61293 0.37514 0.08031
0 0.3148 0.67129 0.39844 0.07804
0 0.3148 0.72964 0.44137 0.07691
0 0.3148 0.78800 0.38171 0.07879
0 0.3148 0.84635 0.39246 0.07839
0 0.3148 0.90471 0.40552 0.0827
0 0.3148 0.96306 0.41281 0.07925
0 0.52459 0.13281 0.44231 0.07373
0 0.52459 0.18586 0.40717 0.07731
0 0.52459 0.23891 0.40943 0.08041
0 0.52459 0.29196 0.37291 0.07539
0 0.52459 0.34501 0.40641 0.08495
0 0.52459 0.39806 0.40244 0.08096
0 0.52459 0.45111 0.40476 0.0745
0 0.52459 0.50416 0.37669 0.07927
0 0.52459 0.55721 0.4166 0.08665
0 0.52459 0.61026 0.43902 0.08679
0 0.52459 0.66331 0.38327 0.08042
0 0.52459 0.71636 0.43574 0.07352
0 0.52459 0.76941 0.40515 0.08219
0 0.52459 0.82246 0.37729 0.07645
0 0.52459 0.87551 0.43265 0.08524
0 0.52459 0.92856 0.40957 0.0734
0 0.73438 0.11953 0.42286 0.078
0 0.73438 0.16727 0.40096 0.07412
0 0.73438 0.21502 0.43488 0.07725
0 0.73438 0.26276 0.37984 0.08711
0 0.73438 0.31051 0.41969 0.07939
0 0.73438 0.35825 0.39617 0.08303
0 0.73438 0.40600 0.37881 0.07385
0 0.73438 0.45374 0.43071 0.07682
0 0.73438 0.50149 0.40951 0.08706
0 0.73438 0.54923 0.42474 0.08631
0 0.73438 0.59698 0.39956 0.07993
0 0.73438 0.64472 0.44062 0.07867
0 0.73438 0.69247 0.41649 0.07299
0 0.73438 0.74021 0.39545 0.0824
0 0.73438 0.78796 0.38993 0.0825
0 0.73438 0.83571 0.39216 0.07334
0 0.90921 0.13281 0.39744 0.07992
0 0.90921 0.18586 0.40462 0.07524
0 0.90921 0.23891 0.40609 0.07743
0 0.90921 0.29196 0.40938 0.08086
0 0.90921 0.34501 0.42471 0.08643
0 0.90921 0.39806 0.40168 0.08167
0 0.90921 0.45111 0.3819 0.07863
0 0.90921 0.50416 0.417 0.0848
0 0.90921 0.55721 0.36987 0.07792
0 0.90921 0.61026 0.4324 0.08531
0 0.90921 0.66331 0.37542 0.08022
0 0.90921 0.71636 0.41209 0.08684
0 0.90921 0.76941 0.43892 0.08413
0 0.90921 0.82246 0.40209 0.07878
0 0.90921 0.87551 0.41234 0.08709
0 0.90921 0.92856 0.44119 0.07517