0 0.10501 0.13281 0.39993 0.08706
0 0.10501 0.18586 0.43468 0.08405
0 0.10501 0.23891 0.40268 0.07393
0 0.10501 0.29196 0.37456 0.08265
0 0.10501 0.34501 0.42368 0.07833
0 0.10501 0.39806 0.40332 0.08369
0 0.10501 0.45111 0.36976 0.08494
0 0.10501 0.50416 0.42386 0.07343
0 0.10501 0.55721 0.41824 0.08439
0 0.10501 0.61026 0.42781 0.07455
0 0.10501 0.66331 0.43315 0.07853
0 0.10501 0.71636 0.42209 0.07426
0 0.10501 0.76941 0.40774 0.0816
0 0.10501 0.82246 0.38124 0.07724
0 0.10501 0.87551 0.40252 0.08685
0 0.10501 0.92856 0.37394 0.08224
0 0.3148 0.14609 0.43772 0.07829
0 0.3148 0.20444 0.42497 0.07376
0 0.3148 0.26280 0.40668 0.0852
0 0.3148 0.32115 0.42157 0.08009
0 0.3148 0.37951 0.42167 0.07661
0 0.3148 0.43786 0.3771 0.07727
0 0.3148 0.49622 0.37532 0.07353
0 0.3148 0.55457 0.3718 0.07836
0 0.3148 0.61293 0.40659 0.07987
0 0.3148 0.67129 0.38808 0.08111
0 0.3148 0.72964 0.37955 0.07674
0 0.3148 0.78800 0.38411 0.0801
0 0.3148 0.84635 0.44239 0.08678
0 0.3148 0.90471 0.40978 0.08557
0 0.3148 0.96306 0.43853 0.08143
0 0.52459 0.13281 0.41547 0.07345
0 0.52459 0.18586 0.42516 0.08198
0 0.52459 0.23891 0.43877 0.07881
0 0.52459 0.29196 0.42807 0.0756
0 0.52459 0.34501 0.40667 0.0755
0 0.52459 0.39806 0.43521 0.08223
0 0.52459 0.45111 0.40203 0.08575
0 0.52459 0.50416 0.3805 0.07342
0 0.52459 0.55721 0.39314 0.07558
0 0.52459 0.61026 0.44094 0.07642
0 0.52459 0.66331 0.43959 0.08437
0 0.52459 0.71636 0.40618 0.07793
0 0.52459 0.76941 0.38066 0.07321
0 0.52459 0.82246 0.40134 0.08238
0 0.52459 0.87551 0.43848 0.08125
0 0.52459 0.92856 0.40762 0.08609
0 0.73438 0.11953 0.44079 0.07404
0 0.73438 0.16727 0.39368 0.08284
0 0.73438 0.21502 0.39806 0.08603
0 0.73438 0.26276 0.41719 0.0838
0 0.73438 0.31051 0.38219 0.0816
0 0.73438 0.35825 0.39534 0.08352
0 0.73438 0.40600 0.40776 0.08256
0 0.73438 0.45374 0.43183 0.07481
0 0.73438 0.50149 0.43511 0.07435
0 0.73438 0.54923 0.38591 0.07521
0 0.73438 0.59698 0.41869 0.08727
0 0.73438 0.64472 0.43936 0.07409
0 0.73438 0.69247 0.41614 0.07822
0 0.73438 0.74021 0.40455 0.07319
0 0.73438 0.78796 0.4181 0.0778
0 0.73438 0.83571 0.43367 0.07741
0 0.90921 0.13281 0.40965 0.08463
0 0.90921 0.18586 0.42599 0.08312
0 0.90921 0.23891 0.38057 0.07433
0 0.90921 0.29196 0.36931 0.0836
0 0.90921 0.34501 0.42833 0.08341
0 0.90921 0.39806 0.417 0.07887
0 0.90921 0.45111 0.38186 0.08699
0 0.90921 0.50416 0.40052 0.08696
0 0.90921 0.55721 0.4304 0.07775
0 0.90921 0.61026 0.38138 0.07729
0 0.90921 0.66331 0.3743 0.08206
0 0.90921 0.71636 0.41333 0.08553
0 0.90921 0.76941 0.43516 0.08104
0 0.90921 0.82246 0.37842 0.08708
0 0.90921 0.87551 0.3821 0.07458
0 0.90921 0.92856 0.40835 0.08194