0 0.10501 0.13281 0.3795 0.07495
0 0.10501 0.18586 0.37929 0.08127
0 0.10501 0.23891 0.39773 0.08471
0 0.10501 0.29196 0.41239 0.07637
0 0.10501 0.34501 0.40519 0.08256
0 0.10501 0.39806 0.39446 0.08181
0 0.10501 0.45111 0.42843 0.07721
0 0.10501 0.50416 0.38778 0.07798
0 0.10501 0.55721 0.37229 0.07674
0 0.10501 0.61026 0.4082 0.08229
0 0.10501 0.66331 0.38127 0.08566
0 0.10501 0.71636 0.38804 0.0841
0 0.10501 0.76941 0.42401 0.08746
0 0.10501 0.82246 0.41533 0.08602
0 0.10501 0.87551 0.4383 0.08042
0 0.10501 0.92856 0.42069 0.07854
0 0.3148 0.14609 0.37489 0.07348
0 0.3148 0.20444 0.39667 0.07446
0 0.3148 0.26280 0.37397 0.08467
0 0.3148 0.32115 0.37751 0.07485
0 0.3148 0.37951 0.42457 0.07422
0 0.3148 0.43786 0.43388 0.08064
0 0.3148 0.49622 0.39484 0.08237
0 0.3148 0.55457 0.40105 0.08327
0 0.3148 0.61293 0.38471 0.07813
0 0.3148 0.67129 0.42698 0.08717
0 0.3148 0.72964 0.38639 0.07338
0 0.3148 0.78800 0.38233 0.07377
0 0.3148 0.84635 0.42649 0.07979
0 0.3148 0.90471 0.42139 0.08331
0 0.3148 0.96306 0.38828 0.08232
0 0.52459 0.13281 0.42795 0.08456
0 0.52459 0.18586 0.4111 0.07654
0 0.52459 0.23891 0.41111 0.07651
0 0.52459 0.29196 0.38449 0.07977
0 0.52459 0.34501 0.37272 0.08176
0 0.52459 0.39806 0.3895 0.07762
0 0.52459 0.45111 0.41871 0.07676
0 0.52459 0.50416 0.36983 0.07367
0 0.52459 0.55721 0.39371 0.07705
0 0.52459 0.61026 0.396 0.0809
0 0.52459 0.66331 0.42316 0.08453
0 0.52459 0.71636 0.39323 0.0779
0 0.52459 0.76941 0.42346 0.08313
0 0.52459 0.82246 0.43074 0.07767
0 0.52459 0.87551 0.38125 0.0869
0 0.52459 0.92856 0.40769 0.07407
0 0.73438 0.11953 0.42134 0.08617
0 0.73438 0.16727 0.37186 0.08056
0 0.73438 0.21502 0.4138 0.08008
0 0.73438 0.26276 0.44132 0.082
0 0.73438 0.31051 0.40311 0.07387
0 0.73438 0.35825 0.43877 0.07338
0 0.73438 0.40600 0.43653 0.08099
0 0.73438 0.45374 0.38513 0.07964
0 0.73438 0.50149 0.44127 0.08465
0 0.73438 0.54923 0.42242 0.07796
0 0.73438 0.59698 0.41424 0.08683
0 0.73438 0.64472 0.38415 0.07762
0 0.73438 0.69247 0.4339 0.07395
0 0.73438 0.74021 0.41472 0.07694
0 0.73438 0.78796 0.43319 0.08402
0 0.73438 0.83571 0.41079 0.07457
0 0.90921 0.13281 0.43298 0.08094
0 0.90921 0.18586 0.43644 0.07598
0 0.90921 0.23891 0.40417 0.08459
0 0.90921 0.29196 0.37262 0.08679
0 0.90921 0.34501 0.44091 0.08544
0 0.90921 0.39806 0.3897 0.07676
0 0.90921 0.45111 0.37611 0.08299
0 0.90921 0.50416 0.37206 0.07784
0 0.90921 0.55721 0.38956 0.08118
0 0.90921 0.61026 0.4248 0.07795
0 0.90921 0.66331 0.42747 0.07808
0 0.90921 0.71636 0.39304 0.08436
0 0.90921 0.76941 0.3848 0.08224
0 0.90921 0.82246 0.40648 0.08665
0 0.90921 0.87551 0.41762 0.08213
0 0.90921 0.92856 0.41341 0.07451