0 0.10501 0.13281 0.43024 0.08561
0 0.10501 0.18586 0.43864 0.07313
0 0.10501 0.23891 0.42365 0.07542
0 0.10501 0.29196 0.40943 0.08192
0 0.10501 0.34501 0.40063 0.07725
0 0.10501 0.39806 0.37335 0.08207
0 0.10501 0.45111 0.38507 0.07606
0 0.10501 0.50416 0.36892 0.083
0 0.10501 0.55721 0.40296 0.08245
0 0.10501 0.61026 0.41531 0.08622
0 0.10501 0.66331 0.42917 0.07443
0 0.10501 0.71636 0.43297 0.08472
0 0.10501 0.76941 0.43792 0.07745
0 0.10501 0.82246 0.40922 0.08227
0 0.10501 0.87551 0.38341 0.07687
0 0.10501 0.92856 0.39829 0.081
0 0.3148 0.14609 0.41844 0.08273
0 0.3148 0.20444 0.41961 0.07683
0 0.3148 0.26280 0.39166 0.08055
0 0.3148 0.32115 0.41627 0.07803
0 0.3148 0.37951 0.39201 0.07899
0 0.3148 0.43786 0.39007 0.07783
0 0.3148 0.49622 0.42326 0.07706
0 0.3148 0.55457 0.44237 0.08712
0 0.3148 0.61293 0.43088 0.08508
0 0.3148 0.67129 0.43218 0.07891
0 0.3148 0.72964 0.41123 0.08605
0 0.3148 0.78800 0.40798 0.08446
0 0.3148 0.84635 0.40342 0.07677
0 0.3148 0.90471 0.39287 0.07741
0 0.3148 0.96306 0.3934 0.08398
0 0.52459 0.13281 0.41342 0.07858
0 0.52459 0.18586 0.38338 0.08041
0 0.52459 0.23891 0.43028 0.07681
0 0.52459 0.29196 0.44183 0.07739
0 0.52459 0.34501 0.38111 0.08629
0 0.52459 0.39806 0.44167 0.08602
0 0.52459 0.45111 0.4386 0.08146
0 0.52459 0.50416 0.43998 0.08534
0 0.52459 0.55721 0.41492 0.08598
0 0.52459 0.61026 0.43629 0.08352
0 0.52459 0.66331 0.39037 0.08191
0 0.52459 0.71636 0.39258 0.07429
0 0.52459 0.76941 0.38662 0.08402
0 0.52459 0.82246 0.39173 0.07419
0 0.52459 0.87551 0.40004 0.07464
0 0.52459 0.92856 0.37417 0.08755
0 0.73438 0.11953 0.38848 0.08278
0 0.73438 0.16727 0.41095 0.08719
0 0.73438 0.21502 0.40563 0.08198
0 0.73438 0.26276 0.37059 0.07481
0 0.73438 0.31051 0.37759 0.07441
0 0.73438 0.35825 0.39296 0.07793
0 0.73438 0.40600 0.37385 0.08083
0 0.73438 0.45374 0.37304 0.08207
0 0.73438 0.50149 0.40338 0.08043
0 0.73438 0.54923 0.37082 0.07988
0 0.73438 0.59698 0.3716 0.08556
0 0.73438 0.64472 0.41679 0.07347
0 0.73438 0.69247 0.43956 0.08164
0 0.73438 0.74021 0.42368 0.08459
0 0.73438 0.78796 0.43262 0.07812
0 0.73438 0.83571 0.37047 0.08684
0 0.90921 0.13281 0.40807 0.08438
0 0.90921 0.18586 0.38003 0.08311
0 0.90921 0.23891 0.37806 0.08139
0 0.90921 0.29196 0.42657 0.0769
0 0.90921 0.34501 0.43566 0.08226
0 0.90921 0.39806 0.41431 0.08001
0 0.90921 0.45111 0.42056 0.07369
0 0.90921 0.50416 0.44175 0.07577
0 0.90921 0.55721 0.38131 0.08695
0 0.90921 0.61026 0.39669 0.0816
0 0.90921 0.66331 0.41461 0.08053
0 0.90921 0.71636 0.43175 0.07341
0 0.90921 0.76941 0.40847 0.07843
0 0.90921 0.82246 0.39787 0.08283
0 0.90921 0.87551 0.38791 0.07727
0 0.90921 0.92856 0.37418 0.08257