0 0.10501 0.13281 0.43675 0.08725
0 0.10501 0.18586 0.41162 0.07944
0 0.10501 0.23891 0.38548 0.07959
0 0.10501 0.29196 0.37004 0.07956
0 0.10501 0.34501 0.4166 0.07841
0 0.10501 0.39806 0.37121 0.08624
0 0.10501 0.45111 0.42388 0.07673
0 0.10501 0.50416 0.43802 0.08216
0 0.10501 0.55721 0.43107 0.07963
0 0.10501 0.61026 0.3903 0.08135
0 0.10501 0.66331 0.43457 0.08282
0 0.10501 0.71636 0.37853 0.08618
0 0.10501 0.76941 0.43281 0.08517
0 0.10501 0.82246 0.37822 0.08329
0 0.10501 0.87551 0.44156 0.08047
0 0.10501 0.92856 0.43219 0.08011
0 0.3148 0.14609 0.4417 0.07888
0 0.3148 0.20444 0.41246 0.08221
0 0.3148 0.26280 0.37959 0.08404
0 0.3148 0.32115 0.3864 0.08104
0 0.3148 0.37951 0.42134 0.07638
0 0.3148 0.43786 0.41079 0.0772
0 0.3148 0.49622 0.41249 0.08668
0 0.3148 0.55457 0.41622 0.08583
0 0.3148 0.61293 0.38823 0.07646
0 0.3148 0.67129 0.37618 0.08526
0 0.3148 0.72964 0.43206 0.08176
0 0.3148 0.78800 0.4312 0.08161
0 0.3148 0.84635 0.40947 0.08742
0 0.3148 0.90471 0.42323 0.07324
0 0.3148 0.96306 0.37236 0.08487
0 0.52459 0.13281 0.39065 0.07761
0 0.52459 0.18586 0.37059 0.08046
0 0.52459 0.23891 0.38326 0.07582
0 0.52459 0.29196 0.39759 0.07907
0 0.52459 0.34501 0.43124 0.08391
0 0.52459 0.39806 0.43149 0.07477
0 0.52459 0.45111 0.42412 0.07464
0 0.52459 0.50416 0.43923 0.08674
0 0.52459 0.55721 0.37689 0.08487
0 0.52459 0.61026 0.37632 0.08262
0 0.52459 0.66331 0.41228 0.07921
0 0.52459 0.71636 0.41424 0.07799
0 0.52459 0.76941 0.37428 0.08744
0 0.52459 0.82246 0.40457 0.08385
0 0.52459 0.87551 0.41171 0.08122
0 0.52459 0.92856 0.42332 0.08649
0 0.73438 0.11953 0.43786 0.0804
0 0.73438 0.16727 0.37628 0.08534
0 0.73438 0.21502 0.42829 0.07422
0 0.73438 0.26276 0.39016 0.07851
0 0.73438 0.31051 0.3709 0.08122
0 0.73438 0.35825 0.38997 0.07388
0 0.73438 0.40600 0.4263 0.07612
0 0.73438 0.45374 0.41025 0.07933
0 0.73438 0.50149 0.43164 0.07575
0 0.73438 0.54923 0.42786 0.07334
0 0.73438 0.59698 0.40483 0.07938
0 0.73438 0.64472 0.40217 0.0871
0 0.73438 0.69247 0.40076 0.08122
0 0.73438 0.74021 0.4414 0.08399
0 0.73438 0.78796 0.43381 0.0854
0 0.73438 0.83571 0.40326 0.07434
0 0.90921 0.13281 0.42568 0.07575
0 0.90921 0.18586 0.3971 0.07327
0 0.90921 0.23891 0.39208 0.08584
0 0.90921 0.29196 0.38545 0.07297
0 0.90921 0.34501 0.38992 0.08459
0 0.90921 0.39806 0.42251 0.08438
0 0.90921 0.45111 0.39331 0.07938
0 0.90921 0.50416 0.39561 0.077
0 0.90921 0.55721 0.36933 0.07613
0 0.90921 0.61026 0.37029 0.08313
0 0.90921 0.66331 0.39761 0.08313
0 0.90921 0.71636 0.43782 0.07392
0 0.90921 0.76941 0.40955 0.07606
0 0.90921 0.82246 0.44 0.07881
0 0.90921 0.87551 0.37649 0.08614
0 0.90921 0.92856 0.40429 0.08095