0 0.10501 0.13281 0.43178 0.07883
0 0.10501 0.18586 0.3967 0.07568
0 0.10501 0.23891 0.37208 0.08463
0 0.10501 0.29196 0.37629 0.07635
0 0.10501 0.34501 0.38558 0.07496
0 0.10501 0.39806 0.39735 0.08302
0 0.10501 0.45111 0.37991 0.07846
0 0.10501 0.50416 0.42443 0.08267
0 0.10501 0.55721 0.375 0.08294
0 0.10501 0.61026 0.38161 0.07737
0 0.10501 0.66331 0.42545 0.07299
0 0.10501 0.71636 0.43131 0.08726
0 0.10501 0.76941 0.39181 0.08497
0 0.10501 0.82246 0.37993 0.08728
0 0.10501 0.87551 0.42591 0.07677
0 0.10501 0.92856 0.37328 0.07858
0 0.3148 0.14609 0.40899 0.08244
0 0.3148 0.20444 0.42829 0.07365
0 0.3148 0.26280 0.41717 0.07755
0 0.3148 0.32115 0.4363 0.08603
0 0.3148 0.37951 0.41348 0.07927
0 0.3148 0.43786 0.39105 0.08196
0 0.3148 0.49622 0.39191 0.07373
0 0.3148 0.55457 0.39952 0.07627
0 0.3148 0.61293 0.37418 0.07324
0 0.3148 0.67129 0.43695 0.08404
0 0.3148 0.72964 0.43924 0.07402
0 0.3148 0.78800 0.37397 0.08587
0 0.3148 0.84635 0.37644 0.08031
0 0.3148 0.90471 0.39035 0.07466
0 0.3148 0.96306 0.38521 0.08689
0 0.52459 0.13281 0.43627 0.07327
0 0.52459 0.18586 0.39369 0.08707
0 0.52459 0.23891 0.43097 0.08226
0 0.52459 0.29196 0.41846 0.07516
0 0.52459 0.34501 0.40358 0.08655
0 0.52459 0.39806 0.42542 0.07625
0 0.52459 0.45111 0.40349 0.07602
0 0.52459 0.50416 0.41395 0.08591
0 0.52459 0.55721 0.4414 0.07667
0 0.52459 0.61026 0.39916 0.08733
0 0.52459 0.66331 0.40962 0.08467
0 0.52459 0.71636 0.40311 0.07949
0 0.52459 0.76941 0.44176 0.07767
0 0.52459 0.82246 0.41575 0.07552
0 0.52459 0.87551 0.44206 0.08131
0 0.52459 0.92856 0.42151 0.08642
0 0.73438 0.11953 0.39185 0.0821
0 0.73438 0.16727 0.38415 0.07888
0 0.73438 0.21502 0.37824 0.0832
0 0.73438 0.26276 0.38437 0.07881
0 0.73438 0.31051 0.44196 0.0839
0 0.73438 0.35825 0.39455 0.08346
0 0.73438 0.40600 0.39174 0.07302
0 0.73438 0.45374 0.40355 0.08124
0 0.73438 0.50149 0.39624 0.07946
0 0.73438 0.54923 0.39637 0.07322
0 0.73438 0.59698 0.43219 0.07919
0 0.73438 0.64472 0.39085 0.08118
0 0.73438 0.69247 0.36912 0.07769
0 0.73438 0.74021 0.38373 0.08397
0 0.73438 0.78796 0.39736 0.08195
0 0.73438 0.83571 0.42297 0.07897
0 0.90921 0.13281 0.38722 0.07826
0 0.90921 0.18586 0.39627 0.08329
0 0.90921 0.23891 0.43899 0.07716
0 0.90921 0.29196 0.37164 0.08415
0 0.90921 0.34501 0.43559 0.08413
0 0.90921 0.39806 0.40357 0.08364
0 0.90921 0.45111 0.40267 0.08598
0 0.90921 0.50416 0.41658 0.07818
0 0.90921 0.55721 0.41104 0.08629
0 0.90921 0.61026 0.44221 0.08754
0 0.90921 0.66331 0.41373 0.07704
0 0.90921 0.71636 0.37965 0.08673
0 0.90921 0.76941 0.36981 0.08446
0 0.90921 0.82246 0.40374 0.07744
0 0.90921 0.87551 0.37783 0.08051
0 0.90921 0.92856 0.38564 0.08739