0 0.10501 0.13281 0.39696 0.08307
0 0.10501 0.18586 0.40844 0.08267
0 0.10501 0.23891 0.39136 0.08622
0 0.10501 0.29196 0.37847 0.08022
0 0.10501 0.34501 0.38479 0.07785
0 0.10501 0.39806 0.4089 0.07726
0 0.10501 0.45111 0.43697 0.08655
0 0.10501 0.50416 0.41651 0.08081
0 0.10501 0.55721 0.40997 0.08479
0 0.10501 0.61026 0.3793 0.07575
0 0.10501 0.66331 0.40886 0.08737
0 0.10501 0.71636 0.38066 0.07339
0 0.10501 0.76941 0.39709 0.07623
0 0.10501 0.82246 0.41868 0.07649
0 0.10501 0.87551 0.38957 0.08369
0 0.10501 0.92856 0.41821 0.07846
0 0.3148 0.14609 0.38269 0.07395
0 0.3148 0.20444 0.40458 0.07602
0 0.3148 0.26280 0.37552 0.07989
0 0.3148 0.32115 0.4295 0.07318
0 0.3148 0.37951 0.37339 0.07518
0 0.3148 0.43786 0.40118 0.08391
0 0.3148 0.49622 0.43452 0.08498
0 0.3148 0.55457 0.39594 0.07493
0 0.3148 0.61293 0.39229 0.07688
0 0.3148 0.67129 0.37934 0.08074
0 0.3148 0.72964 0.37525 0.08176
0 0.3148 0.78800 0.42479 0.08613
0 0.3148 0.84635 0.40628 0.0834
0 0.3148 0.90471 0.40926 0.07514
0 0.3148 0.96306 0.38424 0.08741
0 0.52459 0.13281 0.44182 0.08224
0 0.52459 0.18586 0.42664 0.07599
0 0.52459 0.23891 0.40089 0.08111
0 0.52459 0.29196 0.37526 0.07428
0 0.52459 0.34501 0.4425 0.07927
0 0.52459 0.39806 0.41117 0.07337
0 0.52459 0.45111 0.37031 0.08568
0 0.52459 0.50416 0.42215 0.08561
0 0.52459 0.55721 0.40071 0.08381
0 0.52459 0.61026 0.38219 0.07959
0 0.52459 0.66331 0.43392 0.07901
0 0.52459 0.71636 0.42008 0.08017
0 0.52459 0.76941 0.4058 0.07802
0 0.52459 0.82246 0.41718 0.07534
0 0.52459 0.87551 0.40961 0.07393
0 0.52459 0.92856 0.3753 0.0765
0 0.73438 0.11953 0.37699 0.08693
0 0.73438 0.16727 0.4125 0.07323
0 0.73438 0.21502 0.40456 0.07444
0 0.73438 0.26276 0.38484 0.08652
0 0.73438 0.31051 0.39844 0.08682
0 0.73438 0.35825 0.40473 0.08208
0 0.73438 0.40600 0.41633 0.08634
0 0.73438 0.45374 0.41018 0.08317
0 0.73438 0.50149 0.4089 0.07839
0 0.73438 0.54923 0.40292 0.08379
0 0.73438 0.59698 0.3911 0.0775
0 0.73438 0.64472 0.38254 0.08248
0 0.73438 0.69247 0.43382 0.0823
0 0.73438 0.74021 0.37478 0.07992
0 0.73438 0.78796 0.44151 0.08082
0 0.73438 0.83571 0.37216 0.08384
0 0.90921 0.13281 0.42171 0.08693
0 0.90921 0.18586 0.43272 0.07341
0 0.90921 0.23891 0.43649 0.07509
0 0.90921 0.29196 0.4348 0.08594
0 0.90921 0.34501 0.42344 0.08054
0 0.90921 0.39806 0.42204 0.08229
0 0.90921 0.45111 0.42154 0.08142
0 0.90921 0.50416 0.38751 0.0742
0 0.90921 0.55721 0.38841 0.07853
0 0.90921 0.61026 0.38508 0.07814
0 0.90921 0.66331 0.4391 0.08681
0 0.90921 0.71636 0.40178 0.0767
0 0.90921 0.76941 0.40693 0.07695
0 0.90921 0.82246 0.38315 0.08134
0 0.90921 0.87551 0.39787 0.07894
0 0.90921 0.92856 0.38377 0.08542