0 0.10501 0.13281 0.38244 0.08239
0 0.10501 0.18586 0.40617 0.07455
0 0.10501 0.23891 0.41984 0.08644
0 0.10501 0.29196 0.40423 0.08164
0 0.10501 0.34501 0.40844 0.07918
0 0.10501 0.39806 0.41967 0.07605
0 0.10501 0.45111 0.40636 0.08619
0 0.10501 0.50416 0.4073 0.07624
0 0.10501 0.55721 0.40121 0.08204
0 0.10501 0.61026 0.41157 0.08304
0 0.10501 0.66331 0.39121 0.08735
0 0.10501 0.71636 0.38141 0.08461
0 0.10501 0.76941 0.392 0.07754
0 0.10501 0.82246 0.38351 0.07675
0 0.10501 0.87551 0.3713 0.07569
0 0.10501 0.92856 0.44054 0.07872
0 0.3148 0.14609 0.43013 0.07697
0 0.3148 0.20444 0.39128 0.07707
0 0.3148 0.26280 0.40879 0.08203
0 0.3148 0.32115 0.3994 0.07767
0 0.3148 0.37951 0.42936 0.0747
0 0.3148 0.43786 0.43218 0.08205
0 0.3148 0.49622 0.43629 0.07927
0 0.3148 0.55457 0.42341 0.07505
0 0.3148 0.61293 0.39395 0.07869
0 0.3148 0.67129 0.41425 0.08217
0 0.3148 0.72964 0.39417 0.08074
0 0.3148 0.78800 0.4232 0.08465
0 0.3148 0.84635 0.3942 0.07373
0 0.3148 0.90471 0.37342 0.08676
0 0.3148 0.96306 0.3713 0.08261
0 0.52459 0.13281 0.40615 0.0745
0 0.52459 0.18586 0.43101 0.08583
0 0.52459 0.23891 0.42693 0.07947
0 0.52459 0.29196 0.37008 0.07986
0 0.52459 0.34501 0.39938 0.0823
0 0.52459 0.39806 0.37988 0.08736
0 0.52459 0.45111 0.37908 0.08186
0 0.52459 0.50416 0.42464 0.0777
0 0.52459 0.55721 0.39915 0.08237
0 0.52459 0.61026 0.40067 0.08745
0 0.52459 0.66331 0.40612 0.08683
0 0.52459 0.71636 0.40922 0.08756
0 0.52459 0.76941 0.41975 0.08739
0 0.52459 0.82246 0.37265 0.07853
0 0.52459 0.87551 0.39298 0.07823
0 0.52459 0.92856 0.43793 0.0805
0 0.73438 0.11953 0.37142 0.08362
0 0.73438 0.16727 0.41736 0.07797
0 0.73438 0.21502 0.37757 0.07869
0 0.73438 0.26276 0.38712 0.0734
0 0.73438 0.31051 0.41587 0.08275
0 0.73438 0.35825 0.42551 0.08141
0 0.73438 0.40600 0.37952 0.0857
0 0.73438 0.45374 0.41004 0.07483
0 0.73438 0.50149 0.37193 0.07949
0 0.73438 0.54923 0.36889 0.074
0 0.73438 0.59698 0.37274 0.07803
0 0.73438 0.64472 0.38974 0.0842
0 0.73438 0.69247 0.41444 0.08367
0 0.73438 0.74021 0.40342 0.08664
0 0.73438 0.78796 0.38056 0.08729
0 0.73438 0.83571 0.39253 0.0761
0 0.90921 0.13281 0.4053 0.07693
0 0.90921 0.18586 0.41639 0.08571
0 0.90921 0.23891 0.39099 0.08243
0 0.90921 0.29196 0.39276 0.07511
0 0.90921 0.34501 0.38433 0.08118
0 0.90921 0.39806 0.43529 0.0801
0 0.90921 0.45111 0.40192 0.07447
0 0.90921 0.50416 0.37274 0.08673
0 0.90921 0.55721 0.39515 0.07599
0 0.90921 0.61026 0.40641 0.07968
0 0.90921 0.66331 0.4097 0.07555
0 0.90921 0.71636 0.42032 0.07829
0 0.90921 0.76941 0.38765 0.07384
0 0.90921 0.82246 0.37995 0.08242
0 0.90921 0.87551 0.3921 0.08743
0 0.90921 0.92856 0.37278 0.07304