0 0.10501 0.13281 0.42031 0.08575
0 0.10501 0.18586 0.43268 0.08262
0 0.10501 0.23891 0.39221 0.07988
0 0.10501 0.29196 0.3949 0.085
0 0.10501 0.34501 0.44048 0.08572
0 0.10501 0.39806 0.3939 0.07537
0 0.10501 0.45111 0.43884 0.08208
0 0.10501 0.50416 0.38927 0.07725
0 0.10501 0.55721 0.39483 0.08098
0 0.10501 0.61026 0.43083 0.0753
0 0.10501 0.66331 0.40012 0.0737
0 0.10501 0.71636 0.4084 0.07597
0 0.10501 0.76941 0.38558 0.0875
0 0.10501 0.82246 0.38408 0.08296
0 0.10501 0.87551 0.41456 0.08289
0 0.10501 0.92856 0.38406 0.07481
0 0.3148 0.14609 0.37726 0.0857
0 0.3148 0.20444 0.39631 0.07677
0 0.3148 0.26280 0.40377 0.07463
0 0.3148 0.32115 0.38358 0.07749
0 0.3148 0.37951 0.42207 0.07518
0 0.3148 0.43786 0.40405 0.07635
0 0.3148 0.49622 0.40103 0.07912
0 0.3148 0.55457 0.38979 0.08389
0 0.3148 0.61293 0.38082 0.07998
0 0.3148 0.67129 0.41671 0.07863
0 0.3148 0.72964 0.37458 0.08204
0 0.3148 0.78800 0.439 0.07502
0 0.3148 0.84635 0.39467 0.07878
0 0.3148 0.90471 0.39301 0.08527
0 0.3148 0.96306 0.39656 0.08501
0 0.52459 0.13281 0.39763 0.07809
0 0.52459 0.18586 0.43592 0.08084
0 0.52459 0.23891 0.4297 0.08501
0 0.52459 0.29196 0.37259 0.08728
0 0.52459 0.34501 0.37216 0.08325
0 0.52459 0.39806 0.42377 0.08593
0 0.52459 0.45111 0.37341 0.07635
0 0.52459 0.50416 0.37145 0.07354
0 0.52459 0.55721 0.39875 0.07563
0 0.52459 0.61026 0.39842 0.08411
0 0.52459 0.66331 0.37273 0.08652
0 0.52459 0.71636 0.37083 0.08004
0 0.52459 0.76941 0.39019 0.08292
0 0.52459 0.82246 0.42072 0.07679
0 0.52459 0.87551 0.44207 0.08468
0 0.52459 0.92856 0.39642 0.0778
0 0.73438 0.11953 0.40457 0.08346
0 0.73438 0.16727 0.41711 0.08392
0 0.73438 0.21502 0.43999 0.07817
0 0.73438 0.26276 0.39821 0.08551
0 0.73438 0.31051 0.40749 0.07324
0 0.73438 0.35825 0.38516 0.08734
0 0.73438 0.40600 0.42363 0.08635
0 0.73438 0.45374 0.39021 0.08483
0 0.73438 0.50149 0.43026 0.07536
0 0.73438 0.54923 0.43697 0.08102
0 0.73438 0.59698 0.37574 0.08449
0 0.73438 0.64472 0.39793 0.08164
0 0.73438 0.69247 0.43045 0.07741
0 0.73438 0.74021 0.39936 0.07604
0 0.73438 0.78796 0.42196 0.08626
0 0.73438 0.83571 0.39561 0.07686
0 0.90921 0.13281 0.39577 0.08097
0 0.90921 0.18586 0.41589 0.0828
0 0.90921 0.23891 0.4086 0.08123
0 0.90921 0.29196 0.43753 0.08487
0 0.90921 0.34501 0.42923 0.074
0 0.90921 0.39806 0.42089 0.08033
0 0.90921 0.45111 0.43917 0.08165
0 0.90921 0.50416 0.3775 0.08743
0 0.90921 0.55721 0.37537 0.08359
0 0.90921 0.61026 0.39003 0.08692
0 0.90921 0.66331 0.38277 0.07725
0 0.90921 0.71636 0.40752 0.08704
0 0.90921 0.76941 0.37921 0.08415
0 0.90921 0.82246 0.3936 0.07775
0 0.90921 0.87551 0.40809 0.08646
0 0.90921 0.92856 0.42816 0.08448