0 0.10501 0.13281 0.39455 0.07987
0 0.10501 0.18586 0.39689 0.08249
0 0.10501 0.23891 0.37068 0.08322
0 0.10501 0.29196 0.41476 0.07782
0 0.10501 0.34501 0.40886 0.08514
0 0.10501 0.39806 0.38138 0.07333
0 0.10501 0.45111 0.42789 0.08581
0 0.10501 0.50416 0.38315 0.07514
0 0.10501 0.55721 0.42946 0.08217
0 0.10501 0.61026 0.44153 0.0782
0 0.10501 0.66331 0.38951 0.08551
0 0.10501 0.71636 0.37235 0.08103
0 0.10501 0.76941 0.4042 0.07489
0 0.10501 0.82246 0.41181 0.07783
0 0.10501 0.87551 0.37626 0.08158
0 0.10501 0.92856 0.40308 0.07381
0 0.3148 0.14609 0.40092 0.08435
0 0.3148 0.20444 0.40243 0.07711
0 0.3148 0.26280 0.42937 0.08191
0 0.3148 0.32115 0.37519 0.08633
0 0.3148 0.37951 0.40033 0.07932
0 0.3148 0.43786 0.41991 0.08053
0 0.3148 0.49622 0.44205 0.07732
0 0.3148 0.55457 0.39691 0.08185
0 0.3148 0.61293 0.37647 0.07852
0 0.3148 0.67129 0.40263 0.0826
0 0.3148 0.72964 0.41472 0.07762
0 0.3148 0.78800 0.38617 0.07739
0 0.3148 0.84635 0.42479 0.08201
0 0.3148 0.90471 0.38019 0.08383
0 0.3148 0.96306 0.43209 0.08076
0 0.52459 0.13281 0.41955 0.0737
0 0.52459 0.18586 0.42274 0.0818
0 0.52459 0.23891 0.41951 0.07504
0 0.52459 0.29196 0.42507 0.08231
0 0.52459 0.34501 0.42529 0.0779
0 0.52459 0.39806 0.41393 0.08349
0 0.52459 0.45111 0.40773 0.08067
0 0.52459 0.50416 0.43725 0.07943
0 0.52459 0.55721 0.39862 0.08378
0 0.52459 0.61026 0.40616 0.08227
0 0.52459 0.66331 0.39132 0.08731
0 0.52459 0.71636 0.37269 0.08512
0 0.52459 0.76941 0.37503 0.0769
0 0.52459 0.82246 0.43411 0.08259
0 0.52459 0.87551 0.4259 0.07475
0 0.52459 0.92856 0.42384 0.08745
0 0.73438 0.11953 0.42055 0.07781
0 0.73438 0.16727 0.42692 0.076
0 0.73438 0.21502 0.43865 0.07656
0 0.73438 0.26276 0.42795 0.07496
0 0.73438 0.31051 0.40337 0.07744
0 0.73438 0.35825 0.41326 0.08496
0 0.73438 0.40600 0.39936 0.08006
0 0.73438 0.45374 0.40069 0.07424
0 0.73438 0.50149 0.42856 0.0852
0 0.73438 0.54923 0.43698 0.08349
0 0.73438 0.59698 0.39148 0.08109
0 0.73438 0.64472 0.42347 0.08607
0 0.73438 0.69247 0.41781 0.07475
0 0.73438 0.74021 0.39194 0.08186
0 0.73438 0.78796 0.3794 0.08533
0 0.73438 0.83571 0.43762 0.08021
0 0.90921 0.13281 0.41543 0.08443
0 0.90921 0.18586 0.41432 0.08127
0 0.90921 0.23891 0.43586 0.07566
0 0.90921 0.29196 0.42309 0.07634
0 0.90921 0.34501 0.38721 0.07488
0 0.90921 0.39806 0.43871 0.08593
0 0.90921 0.45111 0.43693 0.08393
0 0.90921 0.50416 0.37289 0.08207
0 0.90921 0.55721 0.37341 0.0765
0 0.90921 0.61026 0.39722 0.07741
0 0.90921 0.66331 0.41406 0.07782
0 0.90921 0.71636 0.38493 0.08553
0 0.90921 0.76941 0.41791 0.08218
0 0.90921 0.82246 0.44022 0.0765
0 0.90921 0.87551 0.37508 0.08272
0 0.90921 0.92856 0.37416 0.0847