0 0.10501 0.13281 0.37674 0.07594
0 0.10501 0.18586 0.37456 0.08344
0 0.10501 0.23891 0.39933 0.0779
0 0.10501 0.29196 0.40135 0.08349
0 0.10501 0.34501 0.43057 0.07438
0 0.10501 0.39806 0.40596 0.07407
0 0.10501 0.45111 0.38849 0.07757
0 0.10501 0.50416 0.44114 0.08088
0 0.10501 0.55721 0.42118 0.07375
0 0.10501 0.61026 0.37975 0.07779
0 0.10501 0.66331 0.44104 0.07446
0 0.10501 0.71636 0.36918 0.08645
0 0.10501 0.76941 0.39604 0.07453
0 0.10501 0.82246 0.40517 0.08314
0 0.10501 0.87551 0.42156 0.08325
0 0.10501 0.92856 0.38972 0.07807
0 0.3148 0.14609 0.43124 0.08222
0 0.3148 0.20444 0.42294 0.08305
0 0.3148 0.26280 0.37037 0.08602
0 0.3148 0.32115 0.37659 0.07992
0 0.3148 0.37951 0.37932 0.08137
0 0.3148 0.43786 0.42797 0.07473
0 0.3148 0.49622 0.40962 0.07805
0 0.3148 0.55457 0.40724 0.08433
0 0.3148 0.61293 0.43689 0.07482
0 0.3148 0.67129 0.44101 0.08597
0 0.3148 0.72964 0.40103 0.07948
0 0.3148 0.78800 0.39395 0.07948
0 0.3148 0.84635 0.40879 0.08683
0 0.3148 0.90471 0.42882 0.07625
0 0.3148 0.96306 0.43429 0.07984
0 0.52459 0.13281 0.43179 0.07927
0 0.52459 0.18586 0.41674 0.08157
0 0.52459 0.23891 0.38746 0.07671
0 0.52459 0.29196 0.40779 0.07461
0 0.52459 0.34501 0.38566 0.07347
0 0.52459 0.39806 0.38953 0.07543
0 0.52459 0.45111 0.41531 0.08568
0 0.52459 0.50416 0.37939 0.0736
0 0.52459 0.55721 0.40061 0.08207
0 0.52459 0.61026 0.38484 0.08521
0 0.52459 0.66331 0.42517 0.07659
0 0.52459 0.71636 0.40231 0.07833
0 0.52459 0.76941 0.42696 0.0873
0 0.52459 0.82246 0.41124 0.07312
0 0.52459 0.87551 0.37604 0.07322
0 0.52459 0.92856 0.38402 0.0865
0 0.73438 0.11953 0.43003 0.08372
0 0.73438 0.16727 0.42942 0.08114
0 0.73438 0.21502 0.41821 0.07506
0 0.73438 0.26276 0.43919 0.08553
0 0.73438 0.31051 0.39424 0.07305
0 0.73438 0.35825 0.37757 0.07834
0 0.73438 0.40600 0.37248 0.08443
0 0.73438 0.45374 0.40601 0.08752
0 0.73438 0.50149 0.43997 0.07947
0 0.73438 0.54923 0.40823 0.07816
0 0.73438 0.59698 0.38446 0.07481
0 0.73438 0.64472 0.42603 0.07307
0 0.73438 0.69247 0.39174 0.08084
0 0.73438 0.74021 0.3829 0.08212
0 0.73438 0.78796 0.38792 0.08625
0 0.73438 0.83571 0.43157 0.08037
0 0.90921 0.13281 0.42053 0.08354
0 0.90921 0.18586 0.40863 0.07783
0 0.90921 0.23891 0.44118 0.08303
0 0.90921 0.29196 0.43252 0.07427
0 0.90921 0.34501 0.39864 0.08508
0 0.90921 0.39806 0.37092 0.08247
0 0.90921 0.45111 0.37201 0.0736
0 0.90921 0.50416 0.40004 0.07728
0 0.90921 0.55721 0.42971 0.08207
0 0.90921 0.61026 0.39414 0.08155
0 0.90921 0.66331 0.42441 0.0733
0 0.90921 0.71636 0.42472 0.07948
0 0.90921 0.76941 0.42197 0.07703
0 0.90921 0.82246 0.39955 0.07395
0 0.90921 0.87551 0.3943 0.08164
0 0.90921 0.92856 0.42494 0.07411