0 0.10501 0.13281 0.40083 0.08632
0 0.10501 0.18586 0.39248 0.08331
0 0.10501 0.23891 0.40602 0.07541
0 0.10501 0.29196 0.41862 0.08482
0 0.10501 0.34501 0.40779 0.07525
0 0.10501 0.39806 0.4005 0.0844
0 0.10501 0.45111 0.42705 0.0767
0 0.10501 0.50416 0.38007 0.07323
0 0.10501 0.55721 0.37758 0.08246
0 0.10501 0.61026 0.42045 0.07954
0 0.10501 0.66331 0.41942 0.08496
0 0.10501 0.71636 0.41561 0.08133
0 0.10501 0.76941 0.44237 0.07454
0 0.10501 0.82246 0.4269 0.07908
0 0.10501 0.87551 0.37157 0.08026
0 0.10501 0.92856 0.42775 0.07384
0 0.3148 0.14609 0.41727 0.08101
0 0.3148 0.20444 0.43035 0.07843
0 0.3148 0.26280 0.42288 0.0759
0 0.3148 0.32115 0.3813 0.08597
0 0.3148 0.37951 0.3933 0.08255
0 0.3148 0.43786 0.37636 0.08662
0 0.3148 0.49622 0.44243 0.07528
0 0.3148 0.55457 0.38597 0.07895
0 0.3148 0.61293 0.42991 0.07527
0 0.3148 0.67129 0.37406 0.08192
0 0.3148 0.72964 0.41171 0.0796
0 0.3148 0.78800 0.40438 0.07679
0 0.3148 0.84635 0.43929 0.07904
0 0.3148 0.90471 0.39877 0.07911
0 0.3148 0.96306 0.43052 0.08453
0 0.52459 0.13281 0.41861 0.08306
0 0.52459 0.18586 0.40476 0.08581
0 0.52459 0.23891 0.42303 0.08597
0 0.52459 0.29196 0.42815 0.07832
0 0.52459 0.34501 0.4017 0.07432
0 0.52459 0.39806 0.39206 0.08296
0 0.52459 0.45111 0.3982 0.08439
0 0.52459 0.50416 0.42465 0.07328
0 0.52459 0.55721 0.42958 0.07585
0 0.52459 0.61026 0.40256 0.08714
0 0.52459 0.66331 0.38138 0.08489
0 0.52459 0.71636 0.38748 0.08307
0 0.52459 0.76941 0.43776 0.08121
0 0.52459 0.82246 0.37434 0.08581
0 0.52459 0.87551 0.39084 0.0816
0 0.52459 0.92856 0.38852 0.08103
0 0.73438 0.11953 0.37528 0.07487
0 0.73438 0.16727 0.37038 0.08398
0 0.73438 0.21502 0.40874 0.08286
0 0.73438 0.26276 0.38511 0.07947
0 0.73438 0.31051 0.38397 0.08343
0 0.73438 0.35825 0.43963 0.08326
0 0.73438 0.40600 0.39964 0.08415
0 0.73438 0.45374 0.40945 0.08454
0 0.73438 0.50149 0.41814 0.07941
0 0.73438 0.54923 0.39193 0.08566
0 0.73438 0.59698 0.42426 0.07899
0 0.73438 0.64472 0.39388 0.08592
0 0.73438 0.69247 0.37127 0.07954
0 0.73438 0.74021 0.37587 0.07486
0 0.73438 0.78796 0.43802 0.07992
0 0.73438 0.83571 0.41275 0.08284
0 0.90921 0.13281 0.41691 0.07686
0 0.90921 0.18586 0.38004 0.07305
0 0.90921 0.23891 0.44013 0.07345
0 0.90921 0.29196 0.42794 0.08018
0 0.90921 0.34501 0.39656 0.07718
0 0.90921 0.39806 0.3698 0.08278
0 0.90921 0.45111 0.37939 0.07422
0 0.90921 0.50416 0.38257 0.07637
0 0.90921 0.55721 0.3843 0.07627
0 0.90921 0.61026 0.4031 0.07327
0 0.90921 0.66331 0.41327 0.07734
0 0.90921 0.71636 0.40301 0.08072
0 0.90921 0.76941 0.39223 0.08527
0 0.90921 0.82246 0.3905 0.07831
0 0.90921 0.87551 0.40865 0.08422
0 0.90921 0.92856 0.41744 0.08629