0 0.10501 0.13281 0.38614 0.08524
0 0.10501 0.18586 0.39309 0.0814
0 0.10501 0.23891 0.42676 0.07356
0 0.10501 0.29196 0.39468 0.07535
0 0.10501 0.34501 0.40668 0.08629
0 0.10501 0.39806 0.42032 0.07362
0 0.10501 0.45111 0.39907 0.08498
0 0.10501 0.50416 0.39332 0.07949
0 0.10501 0.55721 0.41927 0.08101
0 0.10501 0.61026 0.39518 0.08299
0 0.10501 0.66331 0.40922 0.07651
0 0.10501 0.71636 0.44095 0.08648
0 0.10501 0.76941 0.42645 0.0801
0 0.10501 0.82246 0.39385 0.07824
0 0.10501 0.87551 0.36967 0.08507
0 0.10501 0.92856 0.39967 0.07396
0 0.3148 0.14609 0.37852 0.08415
0 0.3148 0.20444 0.42471 0.07679
0 0.3148 0.26280 0.40409 0.07347
0 0.3148 0.32115 0.38667 0.07567
0 0.3148 0.37951 0.37281 0.08752
0 0.3148 0.43786 0.40727 0.0844
0 0.3148 0.49622 0.38721 0.07914
0 0.3148 0.55457 0.37696 0.08404
0 0.3148 0.61293 0.42593 0.08126
0 0.3148 0.67129 0.37784 0.07861
0 0.3148 0.72964 0.43171 0.08718
0 0.3148 0.78800 0.42942 0.07833
0 0.3148 0.84635 0.42282 0.08001
0 0.3148 0.90471 0.40153 0.07736
0 0.3148 0.96306 0.44172 0.07861
0 0.52459 0.13281 0.40937 0.07318
0 0.52459 0.18586 0.3761 0.08647
0 0.52459 0.23891 0.38539 0.08359
0 0.52459 0.29196 0.3767 0.07681
0 0.52459 0.34501 0.38681 0.07823
0 0.52459 0.39806 0.37707 0.08578
0 0.52459 0.45111 0.41501 0.08301
0 0.52459 0.50416 0.40795 0.07794
0 0.52459 0.55721 0.36921 0.07896
0 0.52459 0.61026 0.39806 0.07456
0 0.52459 0.66331 0.3762 0.07299
0 0.52459 0.71636 0.4114 0.08701
0 0.52459 0.76941 0.43199 0.08364
0 0.52459 0.82246 0.38505 0.07713
0 0.52459 0.87551 0.43822 0.08729
0 0.52459 0.92856 0.38496 0.0774
0 0.73438 0.11953 0.37556 0.0819
0 0.73438 0.16727 0.44035 0.08418
0 0.73438 0.21502 0.41454 0.07309
0 0.73438 0.26276 0.41743 0.07302
0 0.73438 0.31051 0.42135 0.0852
0 0.73438 0.35825 0.36888 0.07452
0 0.73438 0.40600 0.41101 0.08141
0 0.73438 0.45374 0.44062 0.08201
0 0.73438 0.50149 0.3891 0.07553
0 0.73438 0.54923 0.39484 0.08458
0 0.73438 0.59698 0.37548 0.07467
0 0.73438 0.64472 0.40608 0.07797
0 0.73438 0.69247 0.43521 0.08328
0 0.73438 0.74021 0.41344 0.07458
0 0.73438 0.78796 0.37379 0.07401
0 0.73438 0.83571 0.40421 0.07902
0 0.90921 0.13281 0.42562 0.07382
0 0.90921 0.18586 0.40083 0.07559
0 0.90921 0.23891 0.40098 0.08464
0 0.90921 0.29196 0.41289 0.07431
0 0.90921 0.34501 0.38614 0.0836
0 0.90921 0.39806 0.43642 0.07662
0 0.90921 0.45111 0.39399 0.07776
0 0.90921 0.50416 0.40248 0.08572
0 0.90921 0.55721 0.3936 0.0802
0 0.90921 0.61026 0.41477 0.08433
0 0.90921 0.66331 0.43299 0.07442
0 0.90921 0.71636 0.42863 0.07904
0 0.90921 0.76941 0.43968 0.07485
0 0.90921 0.82246 0.37197 0.08093
0 0.90921 0.87551 0.42143 0.07899
0 0.90921 0.92856 0.41855 0.07966