0 0.10501 0.13281 0.37775 0.08187
0 0.10501 0.18586 0.3982 0.07343
0 0.10501 0.23891 0.40612 0.08143
0 0.10501 0.29196 0.38538 0.08011
0 0.10501 0.34501 0.4292 0.08484
0 0.10501 0.39806 0.43829 0.0844
0 0.10501 0.45111 0.38448 0.08632
0 0.10501 0.50416 0.43351 0.07556
0 0.10501 0.55721 0.38269 0.07914
0 0.10501 0.61026 0.44094 0.08187
0 0.10501 0.66331 0.38383 0.08452
0 0.10501 0.71636 0.43606 0.08444
0 0.10501 0.76941 0.41779 0.07989
0 0.10501 0.82246 0.4274 0.07327
0 0.10501 0.87551 0.37196 0.07313
0 0.10501 0.92856 0.38679 0.07309
0 0.3148 0.14609 0.37479 0.07299
0 0.3148 0.20444 0.39256 0.08538
0 0.3148 0.26280 0.37903 0.07965
0 0.3148 0.32115 0.42191 0.07425
0 0.3148 0.37951 0.39555 0.08603
0 0.3148 0.43786 0.41178 0.07492
0 0.3148 0.49622 0.38478 0.07947
0 0.3148 0.55457 0.39598 0.07758
0 0.3148 0.61293 0.38718 0.08468
0 0.3148 0.67129 0.43206 0.0829
0 0.3148 0.72964 0.39894 0.08616
0 0.3148 0.78800 0.40286 0.0788
0 0.3148 0.84635 0.43684 0.07862
0 0.3148 0.90471 0.37568 0.07585
0 0.3148 0.96306 0.38348 0.07541
0 0.52459 0.13281 0.38611 0.08158
0 0.52459 0.18586 0.37173 0.08229
0 0.52459 0.23891 0.41302 0.08248
0 0.52459 0.29196 0.42269 0.08099
0 0.52459 0.34501 0.42355 0.08178
0 0.52459 0.39806 0.43842 0.07988
0 0.52459 0.45111 0.43375 0.0787
0 0.52459 0.50416 0.39845 0.08421
0 0.52459 0.55721 0.40282 0.08632
0 0.52459 0.61026 0.41819 0.08743
0 0.52459 0.66331 0.40415 0.08162
0 0.52459 0.71636 0.41843 0.07646
0 0.52459 0.76941 0.41509 0.07442
0 0.52459 0.82246 0.4186 0.07366
0 0.52459 0.87551 0.38437 0.08091
0 0.52459 0.92856 0.3907 0.07689
0 0.73438 0.11953 0.37516 0.0814
0 0.73438 0.16727 0.41885 0.07722
0 0.73438 0.21502 0.40032 0.07435
0 0.73438 0.26276 0.43848 0.08451
0 0.73438 0.31051 0.386 0.07664
0 0.73438 0.35825 0.36899 0.08183
0 0.73438 0.40600 0.42117 0.07626
0 0.73438 0.45374 0.4123 0.07396
0 0.73438 0.50149 0.43769 0.07717
0 0.73438 0.54923 0.43635 0.08689
0 0.73438 0.59698 0.40099 0.08269
0 0.73438 0.64472 0.43294 0.07733
0 0.73438 0.69247 0.37026 0.07896
0 0.73438 0.74021 0.40309 0.07968
0 0.73438 0.78796 0.40183 0.08117
0 0.73438 0.83571 0.43181 0.0833
0 0.90921 0.13281 0.41623 0.07716
0 0.90921 0.18586 0.39445 0.07752
0 0.90921 0.23891 0.42126 0.08002
0 0.90921 0.29196 0.37024 0.07337
0 0.90921 0.34501 0.43681 0.07398
0 0.90921 0.39806 0.40868 0.08398
0 0.90921 0.45111 0.43628 0.08106
0 0.90921 0.50416 0.36897 0.08639
0 0.90921 0.55721 0.43889 0.07602
0 0.90921 0.61026 0.4127 0.07455
0 0.90921 0.66331 0.41334 0.08356
0 0.90921 0.71636 0.4261 0.08479
0 0.90921 0.76941 0.37585 0.08718
0 0.90921 0.82246 0.39972 0.08364
0 0.90921 0.87551 0.36958 0.07589
0 0.90921 0.92856 0.44136 0.08414