0 0.16484 0.05540 0.18919 0.06344
0 0.32235 0.11201 0.17842 0.06021
0 0.47658 0.17230 0.1383 0.06968
0 0.63001 0.23260 0.17941 0.04748
0 0.82014 0.29289 0.13778 0.04461
0 0.23618 0.35318 0.12108 0.06234
0 0.3909 0.41348 0.11031 0.07912
0 0.54818 0.47377 0.15405 0.06682
0 0.68245 0.53407 0.12544 0.0711
0 0.84447 0.59436 0.19786 0.04457
0 0.16346 0.65466 0.15482 0.07673
0 0.32892 0.71495 0.18703 0.07494
0 0.44977 0.77525 0.11661 0.07077
0 0.62712 0.83554 0.15884 0.05843
0 0.82234 0.89584 0.12408 0.05845
0 0.241 0.96200 0.10719 0.06684
0 0.41386 0.05540 0.16423 0.07357
0 0.55253 0.11201 0.13197 0.05179
0 0.66823 0.17230 0.14314 0.07138
0 0.85059 0.23260 0.11716 0.07878
0 0.1685 0.29289 0.14233 0.05176
0 0.36811 0.35318 0.11358 0.06205
0 0.51001 0.41348 0.12833 0.07809
0 0.66173 0.47377 0.17305 0.07594
0 0.78797 0.53407 0.14855 0.05022
0 0.23482 0.59436 0.14185 0.06693
0 0.39116 0.65466 0.11103 0.06303
0 0.54044 0.71495 0.18847 0.07143
0 0.66544 0.77525 0.16143 0.07173
0 0.8513 0.83554 0.1104 0.0622
0 0.16747 0.89584 0.12935 0.0611
0 0.3488 0.96200 0.15774 0.05911
0 0.48296 0.05540 0.11417 0.06371
0 0.62703 0.11201 0.15061 0.06231
0 0.80404 0.17230 0.16585 0.0588
0 0.23824 0.23260 0.14874 0.06992
0 0.38491 0.29289 0.16161 0.06918
0 0.51973 0.35318 0.1318 0.05972
0 0.688 0.41348 0.1793 0.07399
0 0.84758 0.47377 0.19322 0.07972
0 0.13739 0.53407 0.16955 0.04439
0 0.32882 0.59436 0.18212 0.06787
0 0.48543 0.65466 0.18576 0.06686
0 0.62166 0.71495 0.12749 0.05216
0 0.81571 0.77525 0.19439 0.05889
0 0.23155 0.83554 0.14636 0.07976
0 0.39898 0.89584 0.1468 0.05537
0 0.55152 0.96200 0.15564 0.0459
0 0.68787 0.05540 0.14412 0.0667
0 0.84749 0.11201 0.11535 0.06597
0 0.15492 0.17230 0.12083 0.05904
0 0.35988 0.23260 0.14242 0.062
0 0.51208 0.29289 0.15907 0.0636
0 0.63545 0.35318 0.17437 0.06389
0 0.82277 0.41348 0.17054 0.06769
0 0.22792 0.47377 0.14582 0.07154
0 0.41348 0.53407 0.1389 0.04374
0 0.5515 0.59436 0.17412 0.04875
0 0.688 0.65466 0.17023 0.07704
0 0.84276 0.71495 0.14806 0.05131
0 0.17994 0.77525 0.13096 0.06779
0 0.36289 0.83554 0.17569 0.05438
0 0.49368 0.89584 0.12014 0.06595
0 0.62949 0.96200 0.12402 0.07474
0 0.81833 0.05540 0.18433 0.05753
0 0.23969 0.11201 0.12362 0.06279
0 0.38922 0.17230 0.14594 0.07761
0 0.52547 0.23260 0.17962 0.05365
0 0.69569 0.29289 0.14862 0.05248
0 0.83771 0.35318 0.184 0.07377
0 0.18124 0.41348 0.10619 0.0755
0 0.34033 0.47377 0.19406 0.06908
0 0.50919 0.53407 0.18198 0.06982
0 0.64855 0.59436 0.14893 0.06639
0 0.81265 0.65466 0.18212 0.06671
0 0.23631 0.71495 0.11279 0.05593
0 0.39349 0.77525 0.14514 0.05637
0 0.5429 0.83554 0.12261 0.04423
0 0.69926 0.89584 0.14351 0.04305
0 0.83279 0.96200 0.1435 0.06341