0 0.16969 0.05446 0.17816 0.04711
0 0.32308 0.11096 0.17657 0.05095
0 0.48391 0.17121 0.18457 0.04363
0 0.63892 0.23146 0.17539 0.05929
0 0.79979 0.29171 0.12483 0.06299
0 0.23793 0.35196 0.1742 0.05162
0 0.40049 0.41220 0.15921 0.06024
0 0.55184 0.47245 0.14199 0.06306
0 0.68362 0.53270 0.19255 0.07087
0 0.85349 0.59295 0.12779 0.06961
0 0.17099 0.65320 0.19402 0.06644
0 0.3197 0.71345 0.16147 0.05921
0 0.44952 0.77370 0.15364 0.0631
0 0.62709 0.83395 0.14402 0.05034
0 0.8084 0.89419 0.16903 0.045
0 0.24265 0.94052 0.12927 0.04731
0 0.39785 0.05446 0.13879 0.05521
0 0.53341 0.11096 0.16383 0.05946
0 0.67412 0.17121 0.17895 0.05427
0 0.8477 0.23146 0.14676 0.04613
0 0.16397 0.29171 0.14145 0.07075
0 0.35605 0.35196 0.12751 0.05561
0 0.50818 0.41220 0.13164 0.07896
0 0.67184 0.47245 0.16072 0.07792
0 0.80048 0.53270 0.18473 0.07555
0 0.2354 0.59295 0.14999 0.0491
0 0.39757 0.65320 0.13878 0.05322
0 0.54022 0.71345 0.17598 0.0621
0 0.68175 0.77370 0.15535 0.07872
0 0.82806 0.83395 0.15105 0.07135
0 0.16832 0.89419 0.15197 0.06234
0 0.34884 0.94052 0.12481 0.06716
0 0.49457 0.05446 0.17997 0.05683
0 0.6057 0.11096 0.12171 0.06382
0 0.80864 0.17121 0.18098 0.07567
0 0.23703 0.23146 0.15367 0.06133
0 0.39746 0.29171 0.16896 0.06001
0 0.51744 0.35196 0.14641 0.05999
0 0.67104 0.41220 0.11555 0.07215
0 0.8362 0.47245 0.14177 0.05992
0 0.13652 0.53270 0.11516 0.05801
0 0.33573 0.59295 0.19202 0.07421
0 0.48337 0.65320 0.1961 0.05695
0 0.62946 0.71345 0.12188 0.07562
0 0.82151 0.77370 0.14015 0.07047
0 0.23716 0.83395 0.16088 0.07073
0 0.4012 0.89419 0.12763 0.06232
0 0.54077 0.94052 0.18194 0.06087
0 0.68503 0.05446 0.14251 0.04781
0 0.84811 0.11096 0.19086 0.07884
0 0.15045 0.17121 0.11974 0.07586
0 0.36012 0.23146 0.16653 0.06265
0 0.49224 0.29171 0.15711 0.07731
0 0.65281 0.35196 0.17632 0.07011
0 0.81521 0.41220 0.18509 0.05839
0 0.22328 0.47245 0.19572 0.04306
0 0.41477 0.53270 0.12923 0.0555
0 0.55481 0.59295 0.17549 0.04905
0 0.67277 0.65320 0.13082 0.05544
0 0.83359 0.71345 0.12276 0.06834
0 0.18267 0.77370 0.14877 0.05522
0 0.35793 0.83395 0.17542 0.04913
0 0.51301 0.89419 0.18903 0.06372
0 0.64392 0.94052 0.11338 0.07131
0 0.82351 0.05446 0.16033 0.06267
0 0.23731 0.11096 0.13609 0.04472
0 0.39659 0.17121 0.18089 0.07829
0 0.52145 0.23146 0.14085 0.04465
0 0.68914 0.29171 0.10893 0.0606
0 0.83321 0.35196 0.19698 0.07131
0 0.18282 0.41220 0.19175 0.05047
0 0.3492 0.47245 0.19485 0.05886
0 0.49828 0.53270 0.1803 0.07745
0 0.65422 0.59295 0.18058 0.044
0 0.80615 0.65320 0.14351 0.05737
0 0.2325 0.71345 0.12733 0.05249
0 0.3876 0.77370 0.11903 0.07166
0 0.53341 0.83395 0.13492 0.07925
0 0.68267 0.89419 0.17809 0.0759
0 0.86787 0.94052 0.11116 0.04656