0 0.17123 0.05524 0.16144 0.07541
0 0.32783 0.11021 0.19226 0.04903
0 0.47148 0.17007 0.16278 0.05672
0 0.61435 0.22992 0.20021 0.06648
0 0.81452 0.28977 0.16362 0.05535
0 0.24036 0.34963 0.18438 0.07814
0 0.39931 0.40948 0.12855 0.07027
0 0.53864 0.46933 0.17657 0.07394
0 0.70868 0.52919 0.18558 0.07736
0 0.83559 0.58904 0.18656 0.06151
0 0.16672 0.64889 0.19723 0.04957
0 0.32702 0.70875 0.18172 0.05823
0 0.46531 0.76860 0.15537 0.07014
0 0.6238 0.82845 0.19056 0.06183
0 0.8112 0.88831 0.13252 0.05269
0 0.2341 0.93828 0.19387 0.07252
0 0.41205 0.05524 0.15549 0.04296
0 0.55513 0.11021 0.14361 0.06156
0 0.66765 0.17007 0.16207 0.05673
0 0.85784 0.22992 0.17412 0.07467
0 0.16428 0.28977 0.19358 0.06154
0 0.35675 0.34963 0.14196 0.07717
0 0.51617 0.40948 0.11232 0.04299
0 0.66391 0.46933 0.19329 0.04291
0 0.80234 0.52919 0.16063 0.05324
0 0.23777 0.58904 0.18998 0.0479
0 0.38128 0.64889 0.20023 0.06836
0 0.53518 0.70875 0.18271 0.06585
0 0.68207 0.76860 0.13919 0.06692
0 0.83945 0.82845 0.12449 0.0518
0 0.16784 0.88831 0.16056 0.07522
0 0.34244 0.93828 0.19565 0.06382
0 0.49153 0.05524 0.1205 0.07509
0 0.61535 0.11021 0.10672 0.07688
0 0.78602 0.17007 0.14487 0.05871
0 0.23725 0.22992 0.15378 0.0451
0 0.39401 0.28977 0.19193 0.04678
0 0.5387 0.34963 0.16996 0.0739
0 0.68385 0.40948 0.10829 0.04678
0 0.82245 0.46933 0.13633 0.05385
0 0.13663 0.52919 0.18844 0.05212
0 0.33304 0.58904 0.13112 0.0706
0 0.47747 0.64889 0.13197 0.06105
0 0.61577 0.70875 0.18314 0.05793
0 0.79422 0.76860 0.15025 0.04818
0 0.24161 0.82845 0.13584 0.05564
0 0.40443 0.88831 0.12173 0.06932
0 0.53436 0.93828 0.13368 0.04486
0 0.67897 0.05524 0.15277 0.07843
0 0.85504 0.11021 0.142 0.07631
0 0.15236 0.17007 0.17761 0.0538
0 0.37017 0.22992 0.19211 0.07946
0 0.5144 0.28977 0.11751 0.06916
0 0.65145 0.34963 0.11546 0.0446
0 0.8152 0.40948 0.11118 0.05464
0 0.22706 0.46933 0.19357 0.06752
0 0.41369 0.52919 0.11248 0.07521
0 0.54823 0.58904 0.19881 0.06777
0 0.68894 0.64889 0.19238 0.04336
0 0.86566 0.70875 0.1589 0.07429
0 0.17824 0.76860 0.17059 0.04835
0 0.36398 0.82845 0.15266 0.05845
0 0.49708 0.88831 0.14892 0.06746
0 0.65315 0.93828 0.18222 0.06685
0 0.79509 0.05524 0.13227 0.06219
0 0.23321 0.11021 0.19002 0.07494
0 0.38558 0.17007 0.13842 0.07841
0 0.52952 0.22992 0.12182 0.07627
0 0.68329 0.28977 0.10615 0.04461
0 0.86102 0.34963 0.18705 0.07972
0 0.18437 0.40948 0.17864 0.06107
0 0.34151 0.46933 0.13619 0.05295
0 0.50488 0.52919 0.16423 0.05771
0 0.66966 0.58904 0.13943 0.06139
0 0.82102 0.64889 0.14776 0.05662
0 0.24276 0.70875 0.19657 0.0683
0 0.39998 0.76860 0.10845 0.05618
0 0.53911 0.82845 0.11957 0.0699
0 0.70517 0.88831 0.15708 0.0492
0 0.85469 0.93828 0.14939 0.05766