0 0.16906 0.05511 0.14178 0.05698
0 0.32765 0.10903 0.15184 0.04799
0 0.47059 0.16866 0.18921 0.04566
0 0.64008 0.22829 0.19813 0.06948
0 0.82466 0.28791 0.18224 0.06212
0 0.23254 0.34754 0.15555 0.07083
0 0.3905 0.40716 0.18552 0.06281
0 0.53113 0.46679 0.16583 0.06631
0 0.69693 0.52641 0.15797 0.07201
0 0.85072 0.58604 0.15296 0.04715
0 0.16345 0.64566 0.14552 0.0649
0 0.31492 0.70529 0.20006 0.06764
0 0.47155 0.76492 0.17974 0.06493
0 0.61752 0.82454 0.17289 0.05981
0 0.79233 0.88417 0.13495 0.06028
0 0.24064 0.96040 0.13278 0.04814
0 0.40654 0.05511 0.1603 0.05887
0 0.5395 0.10903 0.11905 0.05308
0 0.6717 0.16866 0.17729 0.07246
0 0.8592 0.22829 0.10718 0.04746
0 0.16551 0.28791 0.10813 0.05188
0 0.3668 0.34754 0.13871 0.05187
0 0.5279 0.40716 0.18714 0.07308
0 0.64666 0.46679 0.14511 0.0475
0 0.80637 0.52641 0.17532 0.07552
0 0.23761 0.58604 0.12698 0.05402
0 0.38737 0.64566 0.17001 0.06601
0 0.53949 0.70529 0.19239 0.07317
0 0.67312 0.76492 0.18187 0.05723
0 0.82133 0.82454 0.16393 0.06881
0 0.16974 0.88417 0.15874 0.06749
0 0.34455 0.96040 0.14122 0.06524
0 0.4872 0.05511 0.17702 0.05906
0 0.60878 0.10903 0.14035 0.07942
0 0.77599 0.16866 0.11341 0.06665
0 0.23208 0.22829 0.14116 0.04252
0 0.38223 0.28791 0.17539 0.04552
0 0.51997 0.34754 0.18626 0.05039
0 0.67941 0.40716 0.13366 0.07684
0 0.81671 0.46679 0.16842 0.06924
0 0.14129 0.52641 0.19649 0.05559
0 0.33378 0.58604 0.1616 0.05207
0 0.4819 0.64566 0.10674 0.0722
0 0.63324 0.70529 0.1351 0.05475
0 0.81912 0.76492 0.14515 0.07004
0 0.23373 0.82454 0.13941 0.06668
0 0.39726 0.88417 0.19749 0.06227
0 0.55772 0.96040 0.18588 0.05262
0 0.67285 0.05511 0.13588 0.05995
0 0.83929 0.10903 0.14088 0.08
0 0.15376 0.16866 0.12417 0.0796
0 0.35516 0.22829 0.16225 0.06788
0 0.49789 0.28791 0.15122 0.0771
0 0.64191 0.34754 0.12275 0.07902
0 0.8045 0.40716 0.11036 0.0752
0 0.2241 0.46679 0.14268 0.04394
0 0.4024 0.52641 0.1081 0.07219
0 0.54153 0.58604 0.17076 0.07921
0 0.66823 0.64566 0.16381 0.05071
0 0.86669 0.70529 0.15323 0.04699
0 0.17771 0.76492 0.16082 0.04844
0 0.36483 0.82454 0.17109 0.05636
0 0.49248 0.88417 0.10861 0.06887
0 0.63744 0.96040 0.1265 0.07602
0 0.8274 0.05511 0.11894 0.0748
0 0.24075 0.10903 0.16946 0.0541
0 0.38767 0.16866 0.1455 0.06875
0 0.51739 0.22829 0.11696 0.07336
0 0.67405 0.28791 0.17147 0.06551
0 0.83791 0.34754 0.166 0.05379
0 0.18389 0.40716 0.17945 0.06875
0 0.3419 0.46679 0.19145 0.06789
0 0.49956 0.52641 0.16809 0.05182
0 0.6708 0.58604 0.14297 0.05305
0 0.82275 0.64566 0.14195 0.07317
0 0.23762 0.70529 0.12665 0.05681
0 0.39356 0.76492 0.14073 0.05612
0 0.53372 0.82454 0.14034 0.05056
0 0.7047 0.88417 0.14206 0.05386
0 0.84255 0.96040 0.17676 0.0687