0 0.17077 0.05473 0.15202 0.07605
0 0.32247 0.11096 0.1397 0.05423
0 0.48203 0.17203 0.12618 0.05309
0 0.62985 0.23310 0.12764 0.04487
0 0.82225 0.29417 0.17817 0.04471
0 0.23184 0.35523 0.14341 0.06427
0 0.39761 0.41630 0.18363 0.07399
0 0.53393 0.47737 0.15557 0.05553
0 0.6858 0.53844 0.11575 0.05557
0 0.86112 0.59951 0.11063 0.04399
0 0.16502 0.66058 0.19458 0.05718
0 0.32484 0.72165 0.16402 0.0751
0 0.46904 0.78271 0.19958 0.04338
0 0.60528 0.84378 0.15102 0.04889
0 0.8188 0.90485 0.19871 0.07376
0 0.23863 0.95605 0.16 0.04291
0 0.40505 0.05473 0.12799 0.06003
0 0.55682 0.11096 0.1171 0.07379
0 0.67322 0.17203 0.11836 0.07638
0 0.83878 0.23310 0.17601 0.06155
0 0.16883 0.29417 0.11911 0.07406
0 0.36723 0.35523 0.12371 0.06383
0 0.51323 0.41630 0.14345 0.07161
0 0.67158 0.47737 0.13774 0.05422
0 0.77723 0.53844 0.14931 0.04648
0 0.23526 0.59951 0.11577 0.06862
0 0.39377 0.66058 0.12214 0.0704
0 0.51826 0.72165 0.16654 0.0574
0 0.65785 0.78271 0.18033 0.0555
0 0.82661 0.84378 0.14117 0.04448
0 0.17049 0.90485 0.13497 0.05656
0 0.35615 0.95605 0.1907 0.05626
0 0.47657 0.05473 0.17436 0.05314
0 0.60641 0.11096 0.14441 0.07691
0 0.79997 0.17203 0.12364 0.06732
0 0.24301 0.23310 0.11093 0.05847
0 0.40015 0.29417 0.19506 0.066
0 0.53356 0.35523 0.14572 0.06506
0 0.69921 0.41630 0.16227 0.0794
0 0.83224 0.47737 0.15448 0.07125
0 0.13769 0.53844 0.19053 0.06954
0 0.33614 0.59951 0.12359 0.07564
0 0.49 0.66058 0.11488 0.04283
0 0.62128 0.72165 0.1114 0.06398
0 0.82457 0.78271 0.11056 0.07907
0 0.24137 0.84378 0.17043 0.06255
0 0.40777 0.90485 0.1509 0.04479
0 0.55043 0.95605 0.19347 0.06372
0 0.67602 0.05473 0.14485 0.05103
0 0.83545 0.11096 0.18809 0.05904
0 0.15087 0.17203 0.17301 0.04616
0 0.36595 0.23310 0.19491 0.04722
0 0.49841 0.29417 0.15134 0.07266
0 0.64584 0.35523 0.14704 0.05204
0 0.82067 0.41630 0.15434 0.06128
0 0.22592 0.47737 0.15552 0.06215
0 0.40955 0.53844 0.15029 0.04317
0 0.53246 0.59951 0.19644 0.0755
0 0.67467 0.66058 0.18678 0.05978
0 0.85003 0.72165 0.13487 0.07938
0 0.18506 0.78271 0.17398 0.0639
0 0.36372 0.84378 0.18664 0.0754
0 0.49143 0.90485 0.13508 0.05153
0 0.65149 0.95605 0.12085 0.04686
0 0.82065 0.05473 0.11334 0.04814
0 0.2374 0.11096 0.1766 0.04467
0 0.38161 0.17203 0.15643 0.04998
0 0.54297 0.23310 0.14886 0.07517
0 0.67519 0.29417 0.18078 0.0715
0 0.86845 0.35523 0.12669 0.07757
0 0.18099 0.41630 0.13496 0.04547
0 0.34137 0.47737 0.17504 0.04506
0 0.49248 0.53844 0.14943 0.07928
0 0.65175 0.59951 0.14425 0.0621
0 0.81013 0.66058 0.1298 0.07213
0 0.23588 0.72165 0.16086 0.05411
0 0.38114 0.78271 0.18228 0.0469
0 0.55027 0.84378 0.11082 0.06073
0 0.69254 0.90485 0.12009 0.05809
0 0.85808 0.95605 0.1524 0.07696