0 0.1682 0.05508 0.19814 0.05663
0 0.31439 0.11132 0.15253 0.06145
0 0.47836 0.17164 0.14386 0.07122
0 0.61413 0.23196 0.19987 0.04427
0 0.81187 0.29228 0.13067 0.0698
0 0.23979 0.35261 0.16879 0.06888
0 0.3906 0.41293 0.19698 0.05973
0 0.54756 0.47325 0.16934 0.06439
0 0.68798 0.53357 0.13427 0.05521
0 0.85763 0.59390 0.15614 0.04886
0 0.16651 0.65422 0.1062 0.05748
0 0.31471 0.71454 0.18939 0.07711
0 0.45782 0.77486 0.14419 0.05095
0 0.60692 0.83519 0.13446 0.05604
0 0.79916 0.89551 0.19569 0.05467
0 0.23874 0.95279 0.1495 0.04558
0 0.40525 0.05508 0.13319 0.06176
0 0.54203 0.11132 0.11404 0.07384
0 0.67436 0.17164 0.16095 0.07654
0 0.86665 0.23196 0.1205 0.06971
0 0.17051 0.29228 0.11296 0.05687
0 0.35902 0.35261 0.1608 0.05367
0 0.51942 0.41293 0.13313 0.06851
0 0.66516 0.47325 0.14019 0.07563
0 0.81363 0.53357 0.1744 0.07729
0 0.24225 0.59390 0.18699 0.04549
0 0.38859 0.65422 0.13887 0.06063
0 0.52151 0.71454 0.19674 0.04726
0 0.67989 0.77486 0.19597 0.05196
0 0.82141 0.83519 0.12549 0.07576
0 0.16466 0.89551 0.1785 0.04983
0 0.34646 0.95279 0.1641 0.047
0 0.49699 0.05508 0.1927 0.06293
0 0.6167 0.11132 0.16287 0.05429
0 0.79904 0.17164 0.17226 0.05683
0 0.24232 0.23196 0.17618 0.07228
0 0.39229 0.29228 0.14237 0.07407
0 0.51749 0.35261 0.12978 0.06808
0 0.69449 0.41293 0.10953 0.05815
0 0.84203 0.47325 0.15058 0.06667
0 0.13944 0.53357 0.16688 0.0505
0 0.33114 0.59390 0.13237 0.06571
0 0.48266 0.65422 0.15489 0.06789
0 0.62753 0.71454 0.12923 0.06509
0 0.7986 0.77486 0.13412 0.05549
0 0.23196 0.83519 0.16739 0.05617
0 0.39813 0.89551 0.19011 0.04889
0 0.53783 0.95279 0.18725 0.07242
0 0.67368 0.05508 0.12586 0.06101
0 0.85594 0.11132 0.14369 0.0558
0 0.15601 0.17164 0.18978 0.07166
0 0.36852 0.23196 0.13025 0.05136
0 0.51006 0.29228 0.19722 0.07429
0 0.64873 0.35261 0.16444 0.07322
0 0.82406 0.41293 0.12165 0.07434
0 0.22646 0.47325 0.18396 0.05639
0 0.39883 0.53357 0.16789 0.05688
0 0.55774 0.59390 0.15759 0.07491
0 0.67013 0.65422 0.12976 0.05992
0 0.85784 0.71454 0.10985 0.06394
0 0.17889 0.77486 0.12807 0.06865
0 0.35829 0.83519 0.14011 0.07866
0 0.49849 0.89551 0.16579 0.06303
0 0.63243 0.95279 0.19904 0.06643
0 0.80986 0.05508 0.1256 0.06396
0 0.24261 0.11132 0.17744 0.07739
0 0.38878 0.17164 0.18963 0.075
0 0.53265 0.23196 0.15059 0.04883
0 0.68758 0.29228 0.12105 0.04917
0 0.86055 0.35261 0.18252 0.05161
0 0.18057 0.41293 0.15099 0.07078
0 0.35519 0.47325 0.11703 0.04994
0 0.51301 0.53357 0.18863 0.0795
0 0.66423 0.59390 0.16595 0.06919
0 0.80095 0.65422 0.11524 0.04904
0 0.2408 0.71454 0.19171 0.07479
0 0.38389 0.77486 0.10937 0.07672
0 0.5445 0.83519 0.10981 0.07869
0 0.70176 0.89551 0.19927 0.06395
0 0.86009 0.95279 0.17076 0.06365