0 0.17074 0.05548 0.17573 0.06684
0 0.31386 0.11032 0.19668 0.0642
0 0.47422 0.17049 0.18475 0.0641
0 0.63781 0.23065 0.14388 0.05669
0 0.80735 0.29081 0.1537 0.07124
0 0.23781 0.35097 0.16701 0.04452
0 0.3902 0.41113 0.17904 0.05684
0 0.5342 0.47129 0.19222 0.0642
0 0.68924 0.53146 0.17236 0.06855
0 0.84916 0.59162 0.16486 0.06386
0 0.1649 0.65178 0.19734 0.05794
0 0.32338 0.71194 0.1135 0.0533
0 0.4545 0.77210 0.12447 0.06955
0 0.60311 0.83227 0.17702 0.07219
0 0.79153 0.89243 0.15609 0.07556
0 0.24051 0.96140 0.19113 0.06764
0 0.40896 0.05548 0.15175 0.0543
0 0.54757 0.11032 0.19815 0.05631
0 0.68545 0.17049 0.12741 0.05947
0 0.83164 0.23065 0.17355 0.07693
0 0.1681 0.29081 0.1639 0.06835
0 0.37121 0.35097 0.15456 0.07222
0 0.52493 0.41113 0.16927 0.06755
0 0.65252 0.47129 0.19281 0.04458
0 0.80795 0.53146 0.12168 0.04486
0 0.24214 0.59162 0.12803 0.0502
0 0.39687 0.65178 0.18 0.06196
0 0.52573 0.71194 0.13163 0.04577
0 0.67525 0.77210 0.17391 0.06462
0 0.82125 0.83227 0.16093 0.06701
0 0.17023 0.89243 0.19032 0.05602
0 0.35021 0.96140 0.16387 0.06757
0 0.48303 0.05548 0.1847 0.05855
0 0.60179 0.11032 0.17816 0.0743
0 0.78474 0.17049 0.1334 0.043
0 0.23302 0.23065 0.17848 0.07071
0 0.38476 0.29081 0.12502 0.07335
0 0.52126 0.35097 0.18782 0.04664
0 0.6764 0.41113 0.16285 0.07863
0 0.84464 0.47129 0.1469 0.05824
0 0.13685 0.53146 0.13855 0.06266
0 0.3349 0.59162 0.1111 0.06004
0 0.47791 0.65178 0.13611 0.05299
0 0.62919 0.71194 0.13466 0.07052
0 0.81157 0.77210 0.17883 0.04417
0 0.24125 0.83227 0.19741 0.06194
0 0.40393 0.89243 0.11555 0.04863
0 0.54857 0.96140 0.19601 0.07339
0 0.70012 0.05548 0.18886 0.07133
0 0.86086 0.11032 0.15902 0.04821
0 0.15466 0.17049 0.11985 0.07447
0 0.35467 0.23065 0.17425 0.05343
0 0.50493 0.29081 0.11509 0.06969
0 0.64182 0.35097 0.1555 0.06142
0 0.79678 0.41113 0.10779 0.07042
0 0.22771 0.47129 0.1176 0.04992
0 0.39781 0.53146 0.11535 0.07301
0 0.54327 0.59162 0.1197 0.07442
0 0.6993 0.65178 0.13645 0.04831
0 0.85539 0.71194 0.18162 0.06864
0 0.17922 0.77210 0.19791 0.06594
0 0.3678 0.83227 0.1407 0.04244
0 0.51282 0.89243 0.19196 0.06111
0 0.63895 0.96140 0.16647 0.05805
0 0.82697 0.05548 0.11418 0.04449
0 0.23933 0.11032 0.15541 0.06387
0 0.3992 0.17049 0.11813 0.07512
0 0.53648 0.23065 0.1106 0.07845
0 0.68708 0.29081 0.127 0.06219
0 0.83497 0.35097 0.12632 0.07189
0 0.18404 0.41113 0.15994 0.04386
0 0.35093 0.47129 0.14679 0.04762
0 0.49881 0.53146 0.12672 0.04351
0 0.66007 0.59162 0.15184 0.07309
0 0.80856 0.65178 0.13269 0.05469
0 0.23878 0.71194 0.15133 0.07674
0 0.39358 0.77210 0.17057 0.0773
0 0.55487 0.83227 0.12474 0.07795
0 0.68313 0.89243 0.12108 0.05953
0 0.85774 0.96140 0.18857 0.0497