0 0.16915 0.05594 0.14123 0.05638
0 0.32648 0.11189 0.17347 0.04252
0 0.47168 0.17156 0.14609 0.07112
0 0.62915 0.23123 0.13424 0.05852
0 0.81953 0.29090 0.16995 0.04734
0 0.23611 0.35057 0.13766 0.07456
0 0.396 0.41024 0.19546 0.06017
0 0.54349 0.46991 0.11688 0.04292
0 0.71119 0.52958 0.19217 0.07784
0 0.84193 0.58925 0.19299 0.05666
0 0.16928 0.64892 0.10737 0.07513
0 0.31518 0.70859 0.10924 0.07534
0 0.45703 0.76826 0.15617 0.04324
0 0.61483 0.82793 0.17561 0.07538
0 0.80277 0.88760 0.17145 0.07525
0 0.23959 0.94181 0.15758 0.04647
0 0.41202 0.05594 0.13671 0.0786
0 0.55558 0.11189 0.16064 0.05806
0 0.69656 0.17156 0.19067 0.07701
0 0.86291 0.23123 0.18999 0.06263
0 0.16956 0.29090 0.13471 0.0518
0 0.3666 0.35057 0.13099 0.07191
0 0.51899 0.41024 0.16901 0.06509
0 0.66189 0.46991 0.1351 0.05011
0 0.7877 0.52958 0.16589 0.05662
0 0.23777 0.58925 0.15889 0.04489
0 0.39913 0.64892 0.11547 0.07967
0 0.53584 0.70859 0.14203 0.0619
0 0.67904 0.76826 0.15958 0.07809
0 0.84069 0.82793 0.1108 0.05061
0 0.17136 0.88760 0.15132 0.06833
0 0.34081 0.94181 0.10826 0.06002
0 0.48924 0.05594 0.14753 0.05207
0 0.60707 0.11189 0.12891 0.07399
0 0.78347 0.17156 0.18257 0.05341
0 0.23344 0.23123 0.14749 0.0468
0 0.38469 0.29090 0.18977 0.05685
0 0.52503 0.35057 0.1159 0.05045
0 0.67979 0.41024 0.1944 0.06161
0 0.84309 0.46991 0.14128 0.06204
0 0.13875 0.52958 0.12129 0.07708
0 0.3344 0.58925 0.10746 0.07807
0 0.49476 0.64892 0.14061 0.07826
0 0.62049 0.70859 0.1466 0.06115
0 0.8169 0.76826 0.14628 0.06417
0 0.23187 0.82793 0.10768 0.07977
0 0.40387 0.88760 0.13506 0.06388
0 0.55242 0.94181 0.13155 0.06558
0 0.6862 0.05594 0.18783 0.04808
0 0.85601 0.11189 0.17377 0.05401
0 0.15547 0.17156 0.12775 0.06981
0 0.36606 0.23123 0.13566 0.0637
0 0.50829 0.29090 0.19837 0.04792
0 0.63767 0.35057 0.19484 0.06323
0 0.8255 0.41024 0.17895 0.06601
0 0.22857 0.46991 0.18443 0.0682
0 0.39495 0.52958 0.11132 0.06783
0 0.5456 0.58925 0.11948 0.05351
0 0.69107 0.64892 0.15361 0.04779
0 0.86963 0.70859 0.16964 0.07876
0 0.17725 0.76826 0.12265 0.06394
0 0.37041 0.82793 0.14285 0.05015
0 0.50445 0.88760 0.19266 0.05237
0 0.6306 0.94181 0.19679 0.04585
0 0.80189 0.05594 0.17773 0.06802
0 0.23432 0.11189 0.11295 0.07793
0 0.38203 0.17156 0.14595 0.0482
0 0.52246 0.23123 0.12284 0.06759
0 0.67709 0.29090 0.13058 0.0719
0 0.8722 0.35057 0.14535 0.07641
0 0.18573 0.41024 0.128 0.06163
0 0.34896 0.46991 0.12219 0.05689
0 0.50474 0.52958 0.14705 0.07078
0 0.66362 0.58925 0.12728 0.05952
0 0.82954 0.64892 0.19539 0.06394
0 0.24263 0.70859 0.14166 0.05462
0 0.3812 0.76826 0.13994 0.05255
0 0.55495 0.82793 0.19951 0.06999
0 0.68902 0.88760 0.13679 0.0427
0 0.83396 0.94181 0.1902 0.06687