0 0.16907 0.05534 0.16819 0.06973
0 0.31604 0.11021 0.18946 0.05849
0 0.46903 0.16973 0.12574 0.05224
0 0.61347 0.22925 0.13159 0.04491
0 0.82395 0.28877 0.18738 0.04947
0 0.24002 0.34828 0.12754 0.07379
0 0.38502 0.40780 0.18272 0.05184
0 0.54065 0.46732 0.18723 0.04604
0 0.70839 0.52684 0.16123 0.06863
0 0.87043 0.58635 0.1686 0.05936
0 0.16601 0.64587 0.18517 0.06433
0 0.32687 0.70539 0.12055 0.05682
0 0.46566 0.76491 0.15674 0.07029
0 0.6086 0.82442 0.17413 0.05934
0 0.79742 0.88394 0.13115 0.07066
0 0.23775 0.94265 0.17308 0.06902
0 0.40006 0.05534 0.15669 0.05258
0 0.55091 0.11021 0.163 0.06332
0 0.69388 0.16973 0.18735 0.0714
0 0.85973 0.22925 0.20023 0.0471
0 0.17154 0.28877 0.11079 0.04316
0 0.35949 0.34828 0.1772 0.06076
0 0.52561 0.40780 0.15897 0.04253
0 0.649 0.46732 0.20022 0.06072
0 0.80535 0.52684 0.14513 0.05614
0 0.23949 0.58635 0.16903 0.06496
0 0.38416 0.64587 0.12945 0.05963
0 0.53433 0.70539 0.12448 0.07361
0 0.68289 0.76491 0.12678 0.05705
0 0.85461 0.82442 0.19039 0.06345
0 0.16651 0.88394 0.1081 0.0766
0 0.34651 0.94265 0.1432 0.07672
0 0.48707 0.05534 0.18521 0.06304
0 0.61937 0.11021 0.15851 0.05147
0 0.79758 0.16973 0.19395 0.05617
0 0.24269 0.22925 0.15551 0.07092
0 0.38296 0.28877 0.1421 0.07935
0 0.52337 0.34828 0.18781 0.05995
0 0.67485 0.40780 0.19921 0.07419
0 0.85334 0.46732 0.17488 0.05902
0 0.14114 0.52684 0.11389 0.04596
0 0.33775 0.58635 0.1665 0.05144
0 0.48468 0.64587 0.14855 0.05659
0 0.62654 0.70539 0.10944 0.0716
0 0.79988 0.76491 0.18162 0.04562
0 0.24245 0.82442 0.17835 0.07503
0 0.41246 0.88394 0.1119 0.05659
0 0.5381 0.94265 0.16428 0.07196
0 0.67955 0.05534 0.16279 0.05053
0 0.83609 0.11021 0.1762 0.06689
0 0.15585 0.16973 0.17561 0.07004
0 0.36201 0.22925 0.18845 0.05858
0 0.50079 0.28877 0.14725 0.05169
0 0.62901 0.34828 0.12603 0.07744
0 0.81783 0.40780 0.13671 0.05579
0 0.2283 0.46732 0.14334 0.0466
0 0.40754 0.52684 0.17567 0.06514
0 0.53107 0.58635 0.1858 0.06347
0 0.68713 0.64587 0.11762 0.06005
0 0.83542 0.70539 0.17203 0.04513
0 0.18027 0.76491 0.16378 0.06188
0 0.35979 0.82442 0.17662 0.0472
0 0.49052 0.88394 0.13602 0.0469
0 0.64246 0.94265 0.16392 0.06199
0 0.79518 0.05534 0.15944 0.07522
0 0.23448 0.11021 0.17459 0.05402
0 0.39823 0.16973 0.11931 0.05375
0 0.51821 0.22925 0.16689 0.05229
0 0.66916 0.28877 0.18172 0.04594
0 0.84436 0.34828 0.10792 0.05778
0 0.17723 0.40780 0.16713 0.06455
0 0.3515 0.46732 0.1919 0.0629
0 0.50246 0.52684 0.19713 0.06324
0 0.66218 0.58635 0.11972 0.04574
0 0.8031 0.64587 0.16894 0.04736
0 0.24086 0.70539 0.11654 0.07992
0 0.38889 0.76491 0.13821 0.06369
0 0.54523 0.82442 0.11018 0.05234
0 0.6999 0.88394 0.19278 0.04875
0 0.85124 0.94265 0.15764 0.06423