0 0.16682 0.05524 0.156 0.04335
0 0.31885 0.10931 0.15781 0.05019
0 0.47856 0.16923 0.15455 0.07938
0 0.62933 0.22914 0.16459 0.04665
0 0.82609 0.28905 0.17157 0.06294
0 0.2411 0.34897 0.18898 0.06349
0 0.38423 0.40888 0.14429 0.06374
0 0.53905 0.46879 0.16328 0.07654
0 0.68604 0.52871 0.12898 0.05619
0 0.84549 0.58862 0.15368 0.07737
0 0.16383 0.64853 0.18681 0.05816
0 0.32516 0.70844 0.11147 0.07096
0 0.47201 0.76836 0.17098 0.07968
0 0.62027 0.82827 0.12943 0.0587
0 0.8021 0.88818 0.11789 0.06496
0 0.23541 0.95336 0.11556 0.04738
0 0.41142 0.05524 0.15991 0.07926
0 0.5362 0.10931 0.17309 0.0771
0 0.67625 0.16923 0.15911 0.04293
0 0.84666 0.22914 0.11454 0.06602
0 0.16833 0.28905 0.12883 0.07861
0 0.3589 0.34897 0.16598 0.07628
0 0.50368 0.40888 0.1955 0.07185
0 0.66588 0.46879 0.17243 0.05854
0 0.77613 0.52871 0.14422 0.06937
0 0.23376 0.58862 0.1204 0.04526
0 0.39148 0.64853 0.12045 0.06498
0 0.52268 0.70844 0.16788 0.06626
0 0.68543 0.76836 0.10939 0.05683
0 0.83775 0.82827 0.14288 0.06122
0 0.16378 0.88818 0.17063 0.05747
0 0.35668 0.95336 0.19592 0.04247
0 0.48381 0.05524 0.14581 0.07047
0 0.61383 0.10931 0.12953 0.05642
0 0.79817 0.16923 0.18994 0.06852
0 0.24203 0.22914 0.12627 0.04822
0 0.39477 0.28905 0.16465 0.04657
0 0.53333 0.34897 0.14063 0.04437
0 0.66797 0.40888 0.19404 0.06243
0 0.83981 0.46879 0.17952 0.04794
0 0.13982 0.52871 0.15515 0.05611
0 0.33979 0.58862 0.18308 0.0744
0 0.48102 0.64853 0.16761 0.04754
0 0.62822 0.70844 0.19255 0.0502
0 0.81999 0.76836 0.18958 0.05047
0 0.23203 0.82827 0.14552 0.05173
0 0.40044 0.88818 0.1879 0.06385
0 0.54294 0.95336 0.11631 0.07432
0 0.69052 0.05524 0.10727 0.06341
0 0.83495 0.10931 0.17245 0.05172
0 0.15697 0.16923 0.11512 0.05009
0 0.35603 0.22914 0.18935 0.0646
0 0.49979 0.28905 0.17933 0.06268
0 0.63718 0.34897 0.17055 0.04769
0 0.80111 0.40888 0.14579 0.04417
0 0.2246 0.46879 0.19596 0.06066
0 0.41007 0.52871 0.15204 0.06815
0 0.53785 0.58862 0.1804 0.04516
0 0.68061 0.64853 0.15123 0.07834
0 0.86894 0.70844 0.14505 0.05297
0 0.17745 0.76836 0.11786 0.06873
0 0.37056 0.82827 0.14437 0.04768
0 0.4913 0.88818 0.16432 0.0777
0 0.65041 0.95336 0.16267 0.06976
0 0.81091 0.05524 0.19215 0.07063
0 0.23151 0.10931 0.18197 0.05791
0 0.39864 0.16923 0.13731 0.05269
0 0.51895 0.22914 0.16134 0.05299
0 0.67738 0.28905 0.16913 0.07384
0 0.86867 0.34897 0.11307 0.05022
0 0.1773 0.40888 0.16123 0.05697
0 0.35219 0.46879 0.15203 0.07788
0 0.49672 0.52871 0.12718 0.07958
0 0.64547 0.58862 0.19208 0.05639
0 0.81807 0.64853 0.10854 0.04272
0 0.23599 0.70844 0.14401 0.04736
0 0.38877 0.76836 0.1914 0.06567
0 0.54571 0.82827 0.1203 0.0535
0 0.69764 0.88818 0.13748 0.07302
0 0.85475 0.95336 0.14741 0.04977