0 0.16597 0.05591 0.16252 0.07517
0 0.31326 0.11158 0.16962 0.06286
0 0.4813 0.17207 0.18335 0.06836
0 0.62343 0.23256 0.10859 0.0591
0 0.81303 0.29305 0.11399 0.05238
0 0.24018 0.35354 0.17075 0.07003
0 0.3842 0.41403 0.15366 0.05006
0 0.53776 0.47452 0.1982 0.05139
0 0.71027 0.53501 0.19768 0.05437
0 0.83745 0.59549 0.17237 0.04597
0 0.17034 0.65598 0.11511 0.06708
0 0.32497 0.71647 0.10677 0.06335
0 0.45918 0.77696 0.12259 0.06807
0 0.61237 0.83745 0.16159 0.05143
0 0.82563 0.89794 0.13505 0.07775
0 0.23859 0.94477 0.11217 0.06884
0 0.40557 0.05591 0.1923 0.05832
0 0.53214 0.11158 0.10832 0.04275
0 0.68645 0.17207 0.182 0.07274
0 0.86286 0.23256 0.18338 0.05528
0 0.16734 0.29305 0.16459 0.04782
0 0.37015 0.35354 0.18951 0.06576
0 0.51988 0.41403 0.16156 0.05058
0 0.65549 0.47452 0.10728 0.05901
0 0.77726 0.53501 0.17631 0.07827
0 0.23462 0.59549 0.18122 0.06422
0 0.39066 0.65598 0.12536 0.07461
0 0.52544 0.71647 0.15863 0.06171
0 0.66738 0.77696 0.18611 0.05912
0 0.85435 0.83745 0.17944 0.0488
0 0.16902 0.89794 0.10948 0.06514
0 0.35088 0.94477 0.11646 0.04527
0 0.49601 0.05591 0.16791 0.06996
0 0.62643 0.11158 0.14302 0.04662
0 0.7892 0.17207 0.15332 0.06079
0 0.24289 0.23256 0.15645 0.05712
0 0.3833 0.29305 0.16262 0.07331
0 0.53085 0.35354 0.11181 0.0636
0 0.69561 0.41403 0.13413 0.05014
0 0.85818 0.47452 0.14174 0.05768
0 0.13618 0.53501 0.12756 0.04484
0 0.34287 0.59549 0.11041 0.07195
0 0.49972 0.65598 0.11192 0.05418
0 0.6379 0.71647 0.18871 0.06891
0 0.80607 0.77696 0.17547 0.07694
0 0.24204 0.83745 0.15692 0.06897
0 0.40378 0.89794 0.14022 0.06596
0 0.55111 0.94477 0.16436 0.0547
0 0.69511 0.05591 0.13543 0.07766
0 0.86774 0.11158 0.11301 0.04996
0 0.15251 0.17207 0.16576 0.0517
0 0.35931 0.23256 0.1883 0.05559
0 0.51051 0.29305 0.14282 0.06172
0 0.63095 0.35354 0.12173 0.07574
0 0.82923 0.41403 0.19541 0.0461
0 0.21916 0.47452 0.15165 0.07995
0 0.40916 0.53501 0.13266 0.07771
0 0.53324 0.59549 0.1846 0.05292
0 0.67908 0.65598 0.14435 0.0727
0 0.84672 0.71647 0.16046 0.07102
0 0.1804 0.77696 0.16352 0.05455
0 0.37176 0.83745 0.19236 0.05698
0 0.49062 0.89794 0.16715 0.05307
0 0.64967 0.94477 0.17295 0.05242
0 0.80176 0.05591 0.12932 0.07084
0 0.23398 0.11158 0.16973 0.05882
0 0.3926 0.17207 0.15926 0.062
0 0.534 0.23256 0.17044 0.05315
0 0.69344 0.29305 0.14808 0.05728
0 0.83263 0.35354 0.16958 0.0471
0 0.18504 0.41403 0.14758 0.0468
0 0.34369 0.47452 0.13478 0.06801
0 0.51209 0.53501 0.17404 0.05452
0 0.65029 0.59549 0.13984 0.05982
0 0.79865 0.65598 0.18297 0.05976
0 0.23671 0.71647 0.19008 0.06817
0 0.38354 0.77696 0.17582 0.07255
0 0.54848 0.83745 0.10845 0.05087
0 0.68091 0.89794 0.14624 0.05144
0 0.85376 0.94477 0.13997 0.04359