0 0.16979 0.05608 0.1447 0.05746
0 0.32439 0.10913 0.15092 0.06911
0 0.48377 0.17020 0.16225 0.06775
0 0.64143 0.23127 0.18991 0.06693
0 0.80516 0.29234 0.1564 0.04531
0 0.23844 0.35341 0.11702 0.04849
0 0.387 0.41448 0.10734 0.06325
0 0.55573 0.47555 0.14832 0.07272
0 0.68894 0.53663 0.18892 0.04479
0 0.86702 0.59770 0.18885 0.05483
0 0.1645 0.65877 0.11093 0.07013
0 0.32503 0.71984 0.17885 0.06964
0 0.46868 0.78091 0.185 0.05119
0 0.62068 0.84198 0.17719 0.06362
0 0.79417 0.90305 0.14537 0.07307
0 0.2354 0.95579 0.12502 0.04675
0 0.40796 0.05608 0.14044 0.07612
0 0.53431 0.10913 0.13784 0.07512
0 0.67795 0.17020 0.19609 0.06509
0 0.85807 0.23127 0.11203 0.07199
0 0.16715 0.29234 0.18455 0.06833
0 0.36389 0.35341 0.14879 0.07185
0 0.50954 0.41448 0.12036 0.06552
0 0.65052 0.47555 0.17304 0.04873
0 0.81067 0.53663 0.17843 0.06977
0 0.24062 0.59770 0.19747 0.04982
0 0.38921 0.65877 0.19792 0.06525
0 0.52652 0.71984 0.10671 0.07497
0 0.68348 0.78091 0.17688 0.05016
0 0.84764 0.84198 0.1241 0.06033
0 0.17055 0.90305 0.13644 0.07507
0 0.35387 0.95579 0.16143 0.05128
0 0.49146 0.05608 0.12812 0.0778
0 0.60027 0.10913 0.15282 0.05534
0 0.8153 0.17020 0.12842 0.04544
0 0.23251 0.23127 0.17389 0.07459
0 0.39556 0.29234 0.14817 0.07229
0 0.52626 0.35341 0.15032 0.06421
0 0.66902 0.41448 0.1341 0.04843
0 0.82666 0.47555 0.14507 0.07002
0 0.14024 0.53663 0.10718 0.06635
0 0.32991 0.59770 0.1839 0.07218
0 0.49546 0.65877 0.13493 0.06664
0 0.63893 0.71984 0.1327 0.0736
0 0.80066 0.78091 0.15865 0.0439
0 0.23734 0.84198 0.17639 0.07168
0 0.39628 0.90305 0.19588 0.07375
0 0.54577 0.95579 0.18114 0.05592
0 0.69628 0.05608 0.11709 0.04819
0 0.8335 0.10913 0.15568 0.04353
0 0.1554 0.17020 0.19489 0.04611
0 0.37003 0.23127 0.16587 0.05395
0 0.51188 0.29234 0.18505 0.07903
0 0.64367 0.35341 0.14356 0.07492
0 0.81959 0.41448 0.1392 0.04436
0 0.21868 0.47555 0.12539 0.05658
0 0.40024 0.53663 0.19544 0.04935
0 0.55069 0.59770 0.1871 0.07134
0 0.68759 0.65877 0.14781 0.0429
0 0.83969 0.71984 0.1234 0.07269
0 0.18597 0.78091 0.16104 0.07744
0 0.37145 0.84198 0.15117 0.07386
0 0.50905 0.90305 0.14283 0.04588
0 0.63409 0.95579 0.15442 0.07083
0 0.81263 0.05608 0.16351 0.0603
0 0.23853 0.10913 0.16819 0.05319
0 0.38774 0.17020 0.13619 0.05858
0 0.5223 0.23127 0.15318 0.05838
0 0.69838 0.29234 0.19361 0.06024
0 0.84299 0.35341 0.11982 0.06471
0 0.18545 0.41448 0.17904 0.06384
0 0.3444 0.47555 0.1624 0.05537
0 0.49643 0.53663 0.13992 0.05811
0 0.64789 0.59770 0.1494 0.07885
0 0.79617 0.65877 0.16354 0.07228
0 0.23211 0.71984 0.14742 0.07995
0 0.39761 0.78091 0.10824 0.04332
0 0.53949 0.84198 0.15764 0.04433
0 0.68534 0.90305 0.18175 0.06079
0 0.83383 0.95579 0.15849 0.07212