0 0.1659 0.05447 0.14403 0.07052
0 0.32492 0.11087 0.19283 0.05143
0 0.48273 0.17068 0.1089 0.04719
0 0.64337 0.23050 0.17588 0.05389
0 0.79575 0.29031 0.16811 0.07389
0 0.24167 0.35012 0.17134 0.06018
0 0.39611 0.40994 0.11022 0.05012
0 0.54987 0.46975 0.12849 0.06357
0 0.69777 0.52957 0.18903 0.07087
0 0.83981 0.58938 0.12895 0.06953
0 0.16922 0.64920 0.18418 0.0699
0 0.31494 0.70901 0.14354 0.07079
0 0.4554 0.76883 0.14175 0.05936
0 0.61295 0.82864 0.12148 0.05082
0 0.79342 0.88846 0.15358 0.07742
0 0.23522 0.94983 0.11977 0.07986
0 0.4044 0.05447 0.13907 0.07152
0 0.53777 0.11087 0.10635 0.06713
0 0.67325 0.17068 0.13012 0.07028
0 0.85715 0.23050 0.14966 0.06021
0 0.17156 0.29031 0.16593 0.06227
0 0.3689 0.35012 0.1467 0.05565
0 0.51905 0.40994 0.19227 0.07754
0 0.64636 0.46975 0.17519 0.05997
0 0.7864 0.52957 0.1928 0.06318
0 0.23792 0.58938 0.16495 0.04268
0 0.38187 0.64920 0.11542 0.05394
0 0.54282 0.70901 0.17639 0.06312
0 0.66033 0.76883 0.11474 0.05243
0 0.83622 0.82864 0.14711 0.06587
0 0.16925 0.88846 0.19864 0.07974
0 0.34724 0.94983 0.19024 0.07589
0 0.48264 0.05447 0.15376 0.07541
0 0.60701 0.11087 0.1651 0.07087
0 0.78828 0.17068 0.15254 0.06856
0 0.2428 0.23050 0.13727 0.06805
0 0.39247 0.29031 0.1063 0.06205
0 0.52185 0.35012 0.18523 0.05855
0 0.66856 0.40994 0.1506 0.06945
0 0.83014 0.46975 0.19566 0.05524
0 0.13844 0.52957 0.16136 0.04623
0 0.33441 0.58938 0.13071 0.08012
0 0.48984 0.64920 0.11246 0.06908
0 0.63951 0.70901 0.11368 0.06199
0 0.79862 0.76883 0.16859 0.04573
0 0.23776 0.82864 0.17937 0.07676
0 0.40527 0.88846 0.1247 0.06004
0 0.53573 0.94983 0.14617 0.06312
0 0.67329 0.05447 0.16766 0.04375
0 0.87238 0.11087 0.19557 0.04705
0 0.15635 0.17068 0.17349 0.05946
0 0.36552 0.23050 0.13919 0.0491
0 0.50404 0.29031 0.14567 0.05703
0 0.62938 0.35012 0.12283 0.05025
0 0.81453 0.40994 0.13576 0.05566
0 0.22044 0.46975 0.12005 0.07503
0 0.40568 0.52957 0.12259 0.06844
0 0.55459 0.58938 0.13836 0.06929
0 0.69545 0.64920 0.17465 0.0436
0 0.8498 0.70901 0.13548 0.06452
0 0.17834 0.76883 0.15619 0.06334
0 0.36146 0.82864 0.13171 0.07865
0 0.50698 0.88846 0.15523 0.07706
0 0.63712 0.94983 0.19766 0.07104
0 0.79587 0.05447 0.11181 0.05142
0 0.23653 0.11087 0.12963 0.06905
0 0.38492 0.17068 0.12649 0.04869
0 0.53993 0.23050 0.13239 0.05611
0 0.6764 0.29031 0.18394 0.04575
0 0.85968 0.35012 0.13772 0.0505
0 0.17999 0.40994 0.12696 0.05151
0 0.35163 0.46975 0.12173 0.05167
0 0.50108 0.52957 0.13545 0.06556
0 0.66369 0.58938 0.13971 0.04604
0 0.80997 0.64920 0.13661 0.04573
0 0.23978 0.70901 0.13228 0.04995
0 0.3902 0.76883 0.13393 0.07071
0 0.54296 0.82864 0.14208 0.07015
0 0.69942 0.88846 0.18742 0.05971
0 0.83434 0.94983 0.17245 0.07449