0 0.16978 0.05454 0.18325 0.06839
0 0.32323 0.11098 0.18108 0.04304
0 0.46391 0.17132 0.13661 0.04937
0 0.62163 0.23166 0.13409 0.07252
0 0.81156 0.29200 0.1774 0.07602
0 0.24206 0.35233 0.16616 0.0532
0 0.39485 0.41267 0.1436 0.07255
0 0.55754 0.47301 0.19326 0.07547
0 0.69421 0.53335 0.19872 0.04956
0 0.85411 0.59368 0.1698 0.05753
0 0.16575 0.65402 0.15072 0.06878
0 0.31689 0.71436 0.11651 0.06697
0 0.46556 0.77470 0.19765 0.04748
0 0.61469 0.83503 0.14988 0.06939
0 0.79048 0.89537 0.169 0.07642
0 0.24208 0.94157 0.10988 0.06682
0 0.39915 0.05454 0.16585 0.04798
0 0.5381 0.11098 0.17304 0.05452
0 0.69435 0.17132 0.15274 0.06065
0 0.83298 0.23166 0.17695 0.07217
0 0.16496 0.29200 0.13958 0.07861
0 0.36166 0.35233 0.15953 0.06043
0 0.50428 0.41267 0.15332 0.06153
0 0.66065 0.47301 0.17923 0.06434
0 0.77684 0.53335 0.16791 0.07098
0 0.23812 0.59368 0.17756 0.07194
0 0.38747 0.65402 0.18073 0.05087
0 0.54317 0.71436 0.10761 0.04837
0 0.67631 0.77470 0.17466 0.06454
0 0.82607 0.83503 0.16525 0.062
0 0.16601 0.89537 0.18451 0.0744
0 0.34651 0.94157 0.12152 0.06347
0 0.49653 0.05454 0.19872 0.0521
0 0.60808 0.11098 0.18227 0.06218
0 0.79944 0.17132 0.16549 0.05203
0 0.2375 0.23166 0.17429 0.04773
0 0.39157 0.29200 0.12894 0.04355
0 0.5268 0.35233 0.17155 0.0685
0 0.68425 0.41267 0.16334 0.06402
0 0.83818 0.47301 0.10727 0.0624
0 0.14091 0.53335 0.19813 0.04976
0 0.34313 0.59368 0.19217 0.05952
0 0.49424 0.65402 0.15132 0.05032
0 0.63462 0.71436 0.16353 0.06043
0 0.81465 0.77470 0.1345 0.06975
0 0.23664 0.83503 0.17796 0.04389
0 0.40334 0.89537 0.13739 0.06613
0 0.54405 0.94157 0.129 0.07217
0 0.68217 0.05454 0.14214 0.07892
0 0.85652 0.11098 0.11163 0.04292
0 0.15632 0.17132 0.16188 0.07659
0 0.36586 0.23166 0.1316 0.07728
0 0.5066 0.29200 0.11953 0.05183
0 0.6462 0.35233 0.16736 0.07887
0 0.79289 0.41267 0.19275 0.06199
0 0.22327 0.47301 0.1932 0.05151
0 0.40278 0.53335 0.13681 0.05083
0 0.53802 0.59368 0.19386 0.05952
0 0.69775 0.65402 0.1457 0.07902
0 0.86422 0.71436 0.1616 0.04731
0 0.17813 0.77470 0.12674 0.0485
0 0.35713 0.83503 0.19867 0.04275
0 0.49008 0.89537 0.19848 0.06743
0 0.65636 0.94157 0.12894 0.04796
0 0.79481 0.05454 0.17787 0.04999
0 0.23821 0.11098 0.10986 0.05273
0 0.39287 0.17132 0.16045 0.0506
0 0.53798 0.23166 0.17214 0.06461
0 0.69632 0.29200 0.15605 0.04778
0 0.85304 0.35233 0.15224 0.05403
0 0.18237 0.41267 0.12864 0.06112
0 0.34261 0.47301 0.14191 0.04275
0 0.49364 0.53335 0.12632 0.06291
0 0.65507 0.59368 0.16012 0.05718
0 0.81867 0.65402 0.19817 0.06323
0 0.24016 0.71436 0.11907 0.06698
0 0.38785 0.77470 0.11631 0.04511
0 0.53241 0.83503 0.16259 0.07301
0 0.69502 0.89537 0.15003 0.04514
0 0.85035 0.94157 0.19161 0.04641