0 0.16791 0.05459 0.13598 0.06316
0 0.32702 0.10976 0.13717 0.04848
0 0.46765 0.17006 0.14483 0.05477
0 0.61662 0.23036 0.10673 0.06559
0 0.81838 0.29066 0.1269 0.07741
0 0.23473 0.35096 0.12365 0.06606
0 0.39455 0.41126 0.12457 0.08009
0 0.53606 0.47156 0.13243 0.04598
0 0.70154 0.53186 0.17443 0.04387
0 0.85713 0.59216 0.13538 0.0433
0 0.16767 0.65247 0.12568 0.05116
0 0.31797 0.71277 0.12439 0.05051
0 0.45697 0.77307 0.16479 0.05575
0 0.60085 0.83337 0.14002 0.06188
0 0.81641 0.89367 0.17386 0.07739
0 0.23957 0.96287 0.14427 0.04918
0 0.40267 0.05459 0.19382 0.07569
0 0.54473 0.10976 0.19858 0.06762
0 0.68349 0.17006 0.11841 0.07692
0 0.83136 0.23036 0.14762 0.06397
0 0.16597 0.29066 0.17439 0.07876
0 0.36032 0.35096 0.14654 0.0566
0 0.52758 0.41126 0.11838 0.06203
0 0.64864 0.47156 0.17569 0.04966
0 0.7871 0.53186 0.18676 0.07008
0 0.2356 0.59216 0.18687 0.05838
0 0.38515 0.65247 0.16237 0.0615
0 0.53965 0.71277 0.18414 0.06056
0 0.68224 0.77307 0.1388 0.07118
0 0.83983 0.83337 0.17117 0.06339
0 0.17034 0.89367 0.11514 0.05699
0 0.34973 0.96287 0.13766 0.07119
0 0.48815 0.05459 0.17805 0.04984
0 0.61835 0.10976 0.13193 0.05164
0 0.80718 0.17006 0.16566 0.06994
0 0.24088 0.23036 0.19966 0.05537
0 0.38948 0.29066 0.15984 0.06019
0 0.53538 0.35096 0.10823 0.05801
0 0.67721 0.41126 0.17275 0.06259
0 0.81671 0.47156 0.12365 0.07774
0 0.13617 0.53186 0.11696 0.07889
0 0.34225 0.59216 0.1097 0.06695
0 0.47919 0.65247 0.16173 0.0721
0 0.62045 0.71277 0.19642 0.04428
0 0.82452 0.77307 0.11728 0.06801
0 0.23627 0.83337 0.13085 0.05023
0 0.41011 0.89367 0.15207 0.05698
0 0.53827 0.96287 0.12918 0.07458
0 0.67231 0.05459 0.12587 0.05321
0 0.84232 0.10976 0.15239 0.06237
0 0.15163 0.17006 0.11078 0.05671
0 0.35574 0.23036 0.17654 0.07822
0 0.49764 0.29066 0.1551 0.05585
0 0.63857 0.35096 0.14441 0.05074
0 0.81791 0.41126 0.16105 0.05285
0 0.22073 0.47156 0.1876 0.06916
0 0.41432 0.53186 0.109 0.05929
0 0.54345 0.59216 0.18078 0.07001
0 0.6802 0.65247 0.13095 0.04561
0 0.84579 0.71277 0.15887 0.07416
0 0.17804 0.77307 0.18035 0.0532
0 0.36107 0.83337 0.12062 0.04267
0 0.51097 0.89367 0.18265 0.07097
0 0.6564 0.96287 0.1704 0.05477
0 0.81286 0.05459 0.15158 0.04251
0 0.2397 0.10976 0.10958 0.04854
0 0.38587 0.17006 0.18874 0.07584
0 0.54217 0.23036 0.15436 0.06754
0 0.67622 0.29066 0.12847 0.05058
0 0.85094 0.35096 0.10917 0.06517
0 0.18157 0.41126 0.19571 0.07033
0 0.34544 0.47156 0.11607 0.07846
0 0.50184 0.53186 0.12784 0.05531
0 0.64004 0.59216 0.14203 0.0725
0 0.80739 0.65247 0.18684 0.04968
0 0.23298 0.71277 0.12122 0.06457
0 0.40009 0.77307 0.15543 0.07619
0 0.54231 0.83337 0.17548 0.07735
0 0.69427 0.89367 0.18629 0.06538
0 0.85445 0.96287 0.13597 0.06553