0 0.16551 0.05584 0.12426 0.07501
0 0.31325 0.11103 0.1883 0.07759
0 0.47736 0.17120 0.17557 0.07282
0 0.62396 0.23138 0.16015 0.07131
0 0.80564 0.29155 0.17991 0.0549
0 0.23497 0.35173 0.18435 0.07777
0 0.38469 0.41190 0.16631 0.04944
0 0.55607 0.47208 0.15528 0.04427
0 0.681 0.53225 0.1622 0.07774
0 0.8372 0.59243 0.13564 0.06273
0 0.16433 0.65260 0.18699 0.07836
0 0.31592 0.71277 0.1294 0.05707
0 0.46723 0.77295 0.16195 0.07262
0 0.60078 0.83312 0.1337 0.04477
0 0.80257 0.89330 0.13295 0.0539
0 0.23424 0.96398 0.115 0.06858
0 0.41087 0.05584 0.12724 0.07901
0 0.53235 0.11103 0.19604 0.05086
0 0.69794 0.17120 0.11369 0.07773
0 0.85352 0.23138 0.11188 0.04584
0 0.16354 0.29155 0.19526 0.05491
0 0.36907 0.35173 0.17272 0.04313
0 0.51518 0.41190 0.12765 0.07631
0 0.65677 0.47208 0.11388 0.05149
0 0.80471 0.53225 0.18465 0.0495
0 0.23245 0.59243 0.12915 0.0584
0 0.38186 0.65260 0.11527 0.07711
0 0.52633 0.71277 0.12387 0.07406
0 0.68659 0.77295 0.1757 0.07076
0 0.85485 0.83312 0.16184 0.05692
0 0.16388 0.89330 0.17624 0.059
0 0.34377 0.96398 0.16601 0.06993
0 0.4808 0.05584 0.1916 0.05232
0 0.62785 0.11103 0.10785 0.06187
0 0.78174 0.17120 0.17655 0.04405
0 0.23244 0.23138 0.11365 0.05522
0 0.38293 0.29155 0.12292 0.04931
0 0.5285 0.35173 0.17874 0.07245
0 0.67411 0.41190 0.19622 0.07527
0 0.83955 0.47208 0.14864 0.07703
0 0.13937 0.53225 0.16621 0.05224
0 0.3281 0.59243 0.18633 0.07922
0 0.50051 0.65260 0.12451 0.04771
0 0.64094 0.71277 0.16527 0.04766
0 0.79095 0.77295 0.19376 0.06002
0 0.23344 0.83312 0.12428 0.06613
0 0.40787 0.89330 0.11989 0.05599
0 0.53234 0.96398 0.12094 0.07767
0 0.68885 0.05584 0.15817 0.0687
0 0.84558 0.11103 0.19339 0.06882
0 0.15279 0.17120 0.12072 0.07445
0 0.36245 0.23138 0.12265 0.05243
0 0.50295 0.29155 0.18908 0.04986
0 0.65693 0.35173 0.11655 0.04702
0 0.79484 0.41190 0.15577 0.06153
0 0.22654 0.47208 0.14609 0.04272
0 0.40152 0.53225 0.1208 0.0511
0 0.54354 0.59243 0.14289 0.04347
0 0.68491 0.65260 0.13117 0.05165
0 0.86698 0.71277 0.13062 0.06592
0 0.1838 0.77295 0.12363 0.07468
0 0.36758 0.83312 0.14471 0.06328
0 0.51153 0.89330 0.17799 0.05915
0 0.65227 0.96398 0.17151 0.05203
0 0.80517 0.05584 0.12612 0.07969
0 0.23398 0.11103 0.11464 0.06087
0 0.39323 0.17120 0.1454 0.07036
0 0.54098 0.23138 0.18778 0.06192
0 0.68087 0.29155 0.11256 0.04501
0 0.85624 0.35173 0.11504 0.05199
0 0.18586 0.41190 0.14621 0.06536
0 0.35218 0.47208 0.12245 0.04307
0 0.49286 0.53225 0.16433 0.07626
0 0.65438 0.59243 0.12241 0.06358
0 0.82209 0.65260 0.17543 0.07693
0 0.23202 0.71277 0.19867 0.04324
0 0.39321 0.77295 0.10728 0.07114
0 0.55557 0.83312 0.17215 0.07128
0 0.68205 0.89330 0.11225 0.0533
0 0.83923 0.96398 0.14682 0.06156