0 0.17015 0.05469 0.16672 0.06149
0 0.32509 0.11098 0.16125 0.05342
0 0.47208 0.17098 0.19959 0.05607
0 0.62296 0.23099 0.17117 0.0741
0 0.81262 0.29100 0.17586 0.05134
0 0.23508 0.35100 0.19112 0.06453
0 0.39442 0.41101 0.13339 0.07094
0 0.54795 0.47102 0.1712 0.06587
0 0.70116 0.53102 0.17944 0.07909
0 0.83884 0.59103 0.14687 0.05067
0 0.1673 0.65104 0.16235 0.07965
0 0.31682 0.71104 0.16985 0.0568
0 0.45956 0.77105 0.18959 0.07848
0 0.62644 0.83106 0.14022 0.06218
0 0.81227 0.89106 0.13308 0.0716
0 0.23223 0.94158 0.14087 0.05171
0 0.4023 0.05469 0.15338 0.06054
0 0.55636 0.11098 0.16364 0.07701
0 0.70012 0.17098 0.1736 0.05849
0 0.84695 0.23099 0.10758 0.07775
0 0.16415 0.29100 0.15019 0.05452
0 0.36559 0.35100 0.10852 0.04263
0 0.51348 0.41101 0.13046 0.07709
0 0.66221 0.47102 0.16664 0.05525
0 0.79014 0.53102 0.15592 0.07991
0 0.23313 0.59103 0.11865 0.05093
0 0.39156 0.65104 0.18465 0.05368
0 0.5293 0.71104 0.18302 0.07367
0 0.65495 0.77105 0.1482 0.07898
0 0.83296 0.83106 0.18562 0.06053
0 0.1706 0.89106 0.1147 0.07578
0 0.34359 0.94158 0.14678 0.04933
0 0.49214 0.05469 0.18444 0.07517
0 0.62118 0.11098 0.1084 0.05189
0 0.80547 0.17098 0.10622 0.05988
0 0.24274 0.23099 0.13872 0.07318
0 0.39701 0.29100 0.12525 0.06875
0 0.52704 0.35100 0.18508 0.05885
0 0.69074 0.41101 0.12963 0.04438
0 0.84994 0.47102 0.17321 0.05502
0 0.14127 0.53102 0.12174 0.04727
0 0.3315 0.59103 0.13009 0.04415
0 0.4867 0.65104 0.11012 0.06873
0 0.63614 0.71104 0.19401 0.07147
0 0.81887 0.77105 0.11579 0.06541
0 0.23805 0.83106 0.1931 0.05724
0 0.40006 0.89106 0.18163 0.0565
0 0.5495 0.94158 0.17468 0.0454
0 0.67397 0.05469 0.139 0.06599
0 0.86607 0.11098 0.18666 0.05241
0 0.15348 0.17098 0.15869 0.05024
0 0.35525 0.23099 0.18549 0.0594
0 0.50111 0.29100 0.18526 0.05469
0 0.62901 0.35100 0.14075 0.07926
0 0.79421 0.41101 0.17083 0.06714
0 0.22755 0.47102 0.19038 0.06156
0 0.41458 0.53102 0.18722 0.07214
0 0.54959 0.59103 0.17449 0.04686
0 0.69305 0.65104 0.19122 0.0727
0 0.85357 0.71104 0.1911 0.04879
0 0.18405 0.77105 0.16833 0.05037
0 0.35532 0.83106 0.1881 0.06695
0 0.49526 0.89106 0.19426 0.04944
0 0.6338 0.94158 0.15429 0.07262
0 0.82889 0.05469 0.12297 0.06127
0 0.23649 0.11098 0.17162 0.07719
0 0.38648 0.17098 0.17889 0.04774
0 0.53117 0.23099 0.11627 0.0492
0 0.67234 0.29100 0.10811 0.07763
0 0.84363 0.35100 0.14505 0.05921
0 0.18321 0.41101 0.16413 0.05509
0 0.34484 0.47102 0.17223 0.05043
0 0.49218 0.53102 0.19715 0.05846
0 0.65296 0.59103 0.17243 0.04518
0 0.79279 0.65104 0.14411 0.07183
0 0.23374 0.71104 0.19639 0.06631
0 0.3817 0.77105 0.13221 0.06007
0 0.53573 0.83106 0.17511 0.05005
0 0.7105 0.89106 0.19164 0.04417
0 0.86601 0.94158 0.18346 0.05873