0 0.16576 0.05583 0.15107 0.05648
0 0.32084 0.10928 0.11377 0.04703
0 0.4835 0.16901 0.16194 0.04401
0 0.61988 0.22874 0.11998 0.0647
0 0.81833 0.28847 0.19155 0.07942
0 0.23505 0.34820 0.139 0.07742
0 0.3949 0.40792 0.13416 0.05223
0 0.53248 0.46765 0.14887 0.05112
0 0.71383 0.52738 0.17074 0.07766
0 0.85045 0.58711 0.10944 0.07687
0 0.16521 0.64684 0.16943 0.08006
0 0.32101 0.70657 0.17511 0.06752
0 0.45841 0.76629 0.11681 0.0634
0 0.62202 0.82602 0.14552 0.0745
0 0.81305 0.88575 0.17026 0.06989
0 0.23642 0.93939 0.14844 0.05156
0 0.41402 0.05583 0.13956 0.06977
0 0.53195 0.10928 0.16156 0.05147
0 0.67417 0.16901 0.14852 0.04996
0 0.84911 0.22874 0.17232 0.05993
0 0.16918 0.28847 0.10623 0.05977
0 0.36187 0.34820 0.15625 0.05987
0 0.51751 0.40792 0.15703 0.05982
0 0.65515 0.46765 0.17609 0.06773
0 0.80865 0.52738 0.18992 0.05111
0 0.24183 0.58711 0.12977 0.06107
0 0.38168 0.64684 0.17842 0.07526
0 0.5248 0.70657 0.1181 0.05906
0 0.65593 0.76629 0.10966 0.06349
0 0.85785 0.82602 0.14422 0.04333
0 0.16618 0.88575 0.12242 0.06374
0 0.34294 0.93939 0.18282 0.05451
0 0.49361 0.05583 0.15235 0.06052
0 0.60745 0.10928 0.14415 0.07856
0 0.79936 0.16901 0.19329 0.04566
0 0.23422 0.22874 0.17971 0.07778
0 0.39933 0.28847 0.1679 0.07195
0 0.52116 0.34820 0.19047 0.05756
0 0.68384 0.40792 0.16656 0.04423
0 0.84837 0.46765 0.14455 0.04902
0 0.14272 0.52738 0.13233 0.077
0 0.33069 0.58711 0.10695 0.06626
0 0.4931 0.64684 0.12597 0.05655
0 0.61301 0.70657 0.14903 0.05444
0 0.82628 0.76629 0.18103 0.04276
0 0.24206 0.82602 0.11608 0.0731
0 0.40131 0.88575 0.1699 0.06164
0 0.55446 0.93939 0.12184 0.06742
0 0.68688 0.05583 0.15041 0.07953
0 0.85845 0.10928 0.11117 0.07718
0 0.15495 0.16901 0.1662 0.05014
0 0.36631 0.22874 0.1286 0.0551
0 0.50217 0.28847 0.12613 0.05482
0 0.63451 0.34820 0.15614 0.07085
0 0.79757 0.40792 0.11138 0.04984
0 0.22316 0.46765 0.15014 0.0541
0 0.4147 0.52738 0.10987 0.04799
0 0.5431 0.58711 0.18897 0.06696
0 0.69843 0.64684 0.19555 0.05067
0 0.84973 0.70657 0.10978 0.05147
0 0.17985 0.76629 0.18781 0.04851
0 0.36886 0.82602 0.16534 0.07934
0 0.50483 0.88575 0.17934 0.0693
0 0.62978 0.93939 0.15027 0.05711
0 0.79278 0.05583 0.19756 0.04542
0 0.2362 0.10928 0.17591 0.04756
0 0.38607 0.16901 0.16693 0.06978
0 0.53704 0.22874 0.19717 0.04463
0 0.70046 0.28847 0.15843 0.06494
0 0.84168 0.34820 0.17053 0.07889
0 0.18064 0.40792 0.19646 0.07471
0 0.3441 0.46765 0.13613 0.06127
0 0.50974 0.52738 0.17842 0.04935
0 0.65709 0.58711 0.16611 0.05969
0 0.80193 0.64684 0.10812 0.04411
0 0.2392 0.70657 0.11469 0.06327
0 0.3832 0.76629 0.17951 0.07718
0 0.53615 0.82602 0.10878 0.06356
0 0.68572 0.88575 0.11697 0.06129
0 0.84136 0.93939 0.11254 0.06915