0 0.16898 0.05547 0.17126 0.06086
0 0.31333 0.10995 0.117 0.0506
0 0.46813 0.16980 0.13997 0.07384
0 0.64108 0.22964 0.13492 0.06134
0 0.8204 0.28948 0.13456 0.0463
0 0.23768 0.34932 0.159 0.05617
0 0.38244 0.40917 0.18112 0.07338
0 0.53624 0.46901 0.15037 0.04706
0 0.68097 0.52885 0.18066 0.06692
0 0.87122 0.58869 0.14555 0.07021
0 0.17027 0.64854 0.17579 0.06923
0 0.32017 0.70838 0.13977 0.0464
0 0.47187 0.76822 0.19562 0.07858
0 0.62316 0.82806 0.17679 0.0584
0 0.80912 0.88791 0.10791 0.06355
0 0.23293 0.96277 0.17726 0.04615
0 0.399 0.05547 0.19203 0.06065
0 0.55334 0.10995 0.13885 0.04822
0 0.67796 0.16980 0.11279 0.05406
0 0.86157 0.22964 0.18668 0.04736
0 0.16467 0.28948 0.11496 0.05538
0 0.3671 0.34932 0.15788 0.06743
0 0.50499 0.40917 0.19238 0.06189
0 0.66304 0.46901 0.15528 0.07247
0 0.78065 0.52885 0.11097 0.06417
0 0.24301 0.58869 0.14764 0.04495
0 0.39264 0.64854 0.17123 0.0518
0 0.52434 0.70838 0.13071 0.07669
0 0.66773 0.76822 0.19053 0.07597
0 0.85544 0.82806 0.14941 0.07975
0 0.16757 0.88791 0.12794 0.05463
0 0.34139 0.96277 0.12454 0.07966
0 0.49241 0.05547 0.18618 0.06558
0 0.61261 0.10995 0.17599 0.06702
0 0.78166 0.16980 0.1685 0.0651
0 0.24054 0.22964 0.11616 0.07251
0 0.39144 0.28948 0.1849 0.06545
0 0.51954 0.34932 0.14896 0.05665
0 0.69759 0.40917 0.16741 0.04901
0 0.85284 0.46901 0.19134 0.04469
0 0.1365 0.52885 0.1165 0.04817
0 0.33733 0.58869 0.163 0.05689
0 0.498 0.64854 0.10761 0.04292
0 0.62337 0.70838 0.11467 0.07883
0 0.8163 0.76822 0.19145 0.05443
0 0.23675 0.82806 0.1577 0.07846
0 0.40372 0.88791 0.1668 0.04352
0 0.53129 0.96277 0.1283 0.0574
0 0.69626 0.05547 0.16457 0.0529
0 0.87 0.10995 0.11351 0.05607
0 0.15338 0.16980 0.16695 0.07186
0 0.36418 0.22964 0.12269 0.05923
0 0.51482 0.28948 0.16442 0.04459
0 0.63902 0.34932 0.19755 0.04424
0 0.7983 0.40917 0.16916 0.06244
0 0.22741 0.46901 0.13735 0.07134
0 0.4086 0.52885 0.14924 0.06561
0 0.53548 0.58869 0.10842 0.07759
0 0.66725 0.64854 0.15538 0.0719
0 0.83744 0.70838 0.19933 0.0709
0 0.17881 0.76822 0.17427 0.05473
0 0.37017 0.82806 0.14349 0.06211
0 0.50773 0.88791 0.16176 0.06677
0 0.63033 0.96277 0.16011 0.06171
0 0.80657 0.05547 0.15393 0.0674
0 0.2392 0.10995 0.11979 0.05115
0 0.38738 0.16980 0.1335 0.07948
0 0.53299 0.22964 0.15331 0.04567
0 0.67411 0.28948 0.11944 0.05799
0 0.83831 0.34932 0.14438 0.07958
0 0.17883 0.40917 0.16198 0.06073
0 0.35266 0.46901 0.18238 0.0655
0 0.49632 0.52885 0.15043 0.04285
0 0.64854 0.58869 0.16962 0.07141
0 0.80885 0.64854 0.17745 0.07039
0 0.23399 0.70838 0.12323 0.05062
0 0.38801 0.76822 0.16449 0.05741
0 0.54811 0.82806 0.17866 0.05233
0 0.70659 0.88791 0.14577 0.04539
0 0.85114 0.96277 0.14745 0.05073