0 0.1701 0.05457 0.19108 0.0557
0 0.32821 0.10955 0.16131 0.05506
0 0.48146 0.17055 0.1483 0.0578
0 0.64016 0.23154 0.18529 0.0487
0 0.80345 0.29254 0.19379 0.04916
0 0.24205 0.35353 0.19209 0.05622
0 0.39445 0.41453 0.14294 0.06062
0 0.55393 0.47552 0.18514 0.06588
0 0.70354 0.53652 0.14406 0.07517
0 0.85754 0.59751 0.1078 0.04984
0 0.16683 0.65851 0.1453 0.07442
0 0.32315 0.71950 0.1601 0.06742
0 0.45149 0.78050 0.12396 0.06624
0 0.60354 0.84149 0.17711 0.05836
0 0.80591 0.90249 0.14523 0.07859
0 0.23391 0.96257 0.15203 0.06191
0 0.40925 0.05457 0.16482 0.07205
0 0.53667 0.10955 0.1822 0.04848
0 0.66807 0.17055 0.12069 0.07579
0 0.84431 0.23154 0.20008 0.07325
0 0.16579 0.29254 0.14288 0.05695
0 0.35754 0.35353 0.15731 0.07393
0 0.50963 0.41453 0.16049 0.07472
0 0.65577 0.47552 0.14435 0.05099
0 0.80215 0.53652 0.13127 0.06602
0 0.23433 0.59751 0.16518 0.07941
0 0.38385 0.65851 0.1734 0.05748
0 0.53157 0.71950 0.13587 0.06766
0 0.65668 0.78050 0.11904 0.07173
0 0.82683 0.84149 0.13429 0.06399
0 0.16393 0.90249 0.14168 0.05997
0 0.35095 0.96257 0.17243 0.07454
0 0.47831 0.05457 0.11551 0.05585
0 0.61488 0.10955 0.14415 0.05901
0 0.79542 0.17055 0.17329 0.05969
0 0.23315 0.23154 0.17171 0.06216
0 0.38712 0.29254 0.10872 0.06507
0 0.52198 0.35353 0.11294 0.07277
0 0.69893 0.41453 0.16162 0.04344
0 0.85137 0.47552 0.13184 0.05767
0 0.14056 0.53652 0.1166 0.05427
0 0.33803 0.59751 0.12216 0.06471
0 0.49191 0.65851 0.16527 0.05435
0 0.61544 0.71950 0.1311 0.0535
0 0.79487 0.78050 0.12348 0.05551
0 0.23516 0.84149 0.14288 0.06811
0 0.3993 0.90249 0.17678 0.06632
0 0.55434 0.96257 0.19354 0.0474
0 0.67438 0.05457 0.19417 0.06952
0 0.84008 0.10955 0.14934 0.06384
0 0.15405 0.17055 0.13614 0.07968
0 0.36607 0.23154 0.1165 0.07285
0 0.49045 0.29254 0.11082 0.07319
0 0.65661 0.35353 0.18895 0.05836
0 0.82242 0.41453 0.15737 0.0773
0 0.21941 0.47552 0.16235 0.05241
0 0.3982 0.53652 0.19602 0.07805
0 0.54263 0.59751 0.14041 0.07855
0 0.6695 0.65851 0.11558 0.05358
0 0.86837 0.71950 0.18138 0.07875
0 0.179 0.78050 0.12713 0.07642
0 0.36613 0.84149 0.11067 0.05013
0 0.51074 0.90249 0.18078 0.07111
0 0.65088 0.96257 0.17286 0.05851
0 0.82266 0.05457 0.16135 0.05327
0 0.23934 0.10955 0.14557 0.0426
0 0.39307 0.17055 0.17552 0.06222
0 0.53497 0.23154 0.17947 0.07532
0 0.67783 0.29254 0.12292 0.05079
0 0.84877 0.35353 0.15557 0.05724
0 0.18002 0.41453 0.12206 0.06592
0 0.34202 0.47552 0.10692 0.04461
0 0.49294 0.53652 0.19445 0.04961
0 0.65825 0.59751 0.12048 0.04878
0 0.80966 0.65851 0.19801 0.05957
0 0.23617 0.71950 0.1531 0.04631
0 0.38234 0.78050 0.19487 0.06612
0 0.5329 0.84149 0.17967 0.07798
0 0.68512 0.90249 0.16932 0.07556
0 0.86531 0.96257 0.13569 0.05806