0 0.16369 0.05578 0.16228 0.04458
0 0.32594 0.11204 0.16356 0.06879
0 0.4788 0.17224 0.11939 0.04675
0 0.62725 0.23244 0.17847 0.0524
0 0.79839 0.29265 0.18073 0.04299
0 0.23493 0.35285 0.10966 0.0456
0 0.39155 0.41305 0.177 0.05692
0 0.53772 0.47325 0.14238 0.0758
0 0.68934 0.53345 0.14548 0.07762
0 0.86214 0.59366 0.14051 0.04944
0 0.16549 0.65386 0.13608 0.06138
0 0.31324 0.71406 0.14846 0.04748
0 0.45967 0.77426 0.10687 0.05523
0 0.60573 0.83447 0.14338 0.06442
0 0.82396 0.89467 0.15454 0.05044
0 0.23898 0.94785 0.18393 0.05613
0 0.3975 0.05578 0.12948 0.07295
0 0.55223 0.11204 0.10682 0.04383
0 0.68632 0.17224 0.13237 0.07919
0 0.83545 0.23244 0.1107 0.07348
0 0.16818 0.29265 0.11279 0.0538
0 0.35902 0.35285 0.11457 0.06412
0 0.5275 0.41305 0.16444 0.06094
0 0.65184 0.47325 0.16997 0.05762
0 0.77706 0.53345 0.13488 0.04251
0 0.24213 0.59366 0.19304 0.05467
0 0.38435 0.65386 0.10711 0.05604
0 0.52831 0.71406 0.12266 0.06913
0 0.66504 0.77426 0.18158 0.07793
0 0.83789 0.83447 0.18641 0.05185
0 0.16357 0.89467 0.18268 0.0644
0 0.34412 0.94785 0.18416 0.07116
0 0.4931 0.05578 0.19868 0.07884
0 0.61984 0.11204 0.13537 0.07038
0 0.79596 0.17224 0.12772 0.04261
0 0.23166 0.23244 0.1524 0.05284
0 0.39492 0.29265 0.17258 0.04689
0 0.5198 0.35285 0.14611 0.04743
0 0.67448 0.41305 0.11948 0.0568
0 0.83891 0.47325 0.15624 0.06962
0 0.14041 0.53345 0.19258 0.06409
0 0.33389 0.59366 0.11629 0.07691
0 0.48957 0.65386 0.1275 0.06763
0 0.64094 0.71406 0.19204 0.05887
0 0.79243 0.77426 0.10861 0.07969
0 0.2335 0.83447 0.17192 0.05122
0 0.41036 0.89467 0.1222 0.05098
0 0.54805 0.94785 0.16115 0.05822
0 0.67178 0.05578 0.18754 0.04982
0 0.8568 0.11204 0.18453 0.04764
0 0.15044 0.17224 0.14154 0.05213
0 0.36789 0.23244 0.16463 0.05324
0 0.50978 0.29265 0.13397 0.05796
0 0.63501 0.35285 0.15143 0.05016
0 0.81258 0.41305 0.15485 0.05523
0 0.22807 0.47325 0.1211 0.06141
0 0.40159 0.53345 0.15199 0.07715
0 0.54624 0.59366 0.18544 0.0773
0 0.69229 0.65386 0.16864 0.05861
0 0.86477 0.71406 0.14334 0.05788
0 0.18512 0.77426 0.11882 0.07999
0 0.36985 0.83447 0.14374 0.07873
0 0.50985 0.89467 0.12597 0.07334
0 0.65693 0.94785 0.13598 0.06727
0 0.82822 0.05578 0.18461 0.04299
0 0.23481 0.11204 0.1572 0.05695
0 0.39828 0.17224 0.12112 0.05734
0 0.52092 0.23244 0.11862 0.04566
0 0.69369 0.29265 0.17725 0.08001
0 0.83293 0.35285 0.16597 0.05759
0 0.17695 0.41305 0.17198 0.05858
0 0.34559 0.47325 0.1978 0.0766
0 0.49588 0.53345 0.14505 0.07896
0 0.65488 0.59366 0.12821 0.0699
0 0.80032 0.65386 0.12122 0.06183
0 0.23214 0.71406 0.11897 0.0615
0 0.39726 0.77426 0.1181 0.07461
0 0.55503 0.83447 0.16302 0.05794
0 0.68358 0.89467 0.19707 0.06398
0 0.86308 0.94785 0.12276 0.05196