0 0.16482 0.05545 0.10766 0.07632
0 0.31947 0.11059 0.12324 0.07525
0 0.47265 0.17131 0.18542 0.07624
0 0.64196 0.23204 0.15978 0.07494
0 0.82733 0.29277 0.15895 0.05602
0 0.24051 0.35349 0.15524 0.06303
0 0.3851 0.41422 0.13038 0.06268
0 0.55148 0.47494 0.18322 0.04913
0 0.7103 0.53567 0.11976 0.04979
0 0.84206 0.59640 0.11857 0.05164
0 0.16991 0.65712 0.15404 0.06259
0 0.32067 0.71785 0.12535 0.0722
0 0.45576 0.77857 0.12621 0.07561
0 0.60911 0.83930 0.1232 0.07765
0 0.81908 0.90003 0.12186 0.05213
0 0.23641 0.96113 0.108 0.07489
0 0.41258 0.05545 0.19238 0.04381
0 0.54123 0.11059 0.1064 0.05726
0 0.68253 0.17131 0.16877 0.07217
0 0.85129 0.23204 0.1307 0.07626
0 0.1646 0.29277 0.13547 0.06491
0 0.36104 0.35349 0.17833 0.06611
0 0.51734 0.41422 0.14187 0.05667
0 0.65411 0.47494 0.17486 0.0492
0 0.81381 0.53567 0.15516 0.07037
0 0.23514 0.59640 0.13235 0.07173
0 0.39548 0.65712 0.15266 0.06334
0 0.52321 0.71785 0.16263 0.07439
0 0.66557 0.77857 0.18272 0.06334
0 0.846 0.83930 0.13834 0.07217
0 0.16773 0.90003 0.13117 0.05224
0 0.35424 0.96113 0.11839 0.06954
0 0.48871 0.05545 0.16942 0.06214
0 0.62266 0.11059 0.12415 0.0682
0 0.78015 0.17131 0.16024 0.06031
0 0.23143 0.23204 0.11078 0.06692
0 0.38492 0.29277 0.13484 0.0618
0 0.53433 0.35349 0.11153 0.06879
0 0.68192 0.41422 0.13809 0.06538
0 0.82454 0.47494 0.11264 0.04529
0 0.13897 0.53567 0.11265 0.07464
0 0.32733 0.59640 0.15071 0.05808
0 0.49535 0.65712 0.10724 0.05178
0 0.63707 0.71785 0.11532 0.04851
0 0.79118 0.77857 0.1322 0.07228
0 0.24137 0.83930 0.15729 0.06157
0 0.40554 0.90003 0.12211 0.05258
0 0.53733 0.96113 0.12246 0.05385
0 0.68096 0.05545 0.16167 0.07541
0 0.83653 0.11059 0.16763 0.05764
0 0.15575 0.17131 0.1575 0.07568
0 0.37062 0.23204 0.17583 0.05245
0 0.49907 0.29277 0.12657 0.05933
0 0.63082 0.35349 0.13419 0.05174
0 0.79949 0.41422 0.17356 0.04471
0 0.22444 0.47494 0.12086 0.05305
0 0.40909 0.53567 0.16123 0.07855
0 0.53604 0.59640 0.11212 0.05493
0 0.68318 0.65712 0.14467 0.07376
0 0.84547 0.71785 0.14081 0.05066
0 0.1811 0.77857 0.15949 0.06316
0 0.3581 0.83930 0.19184 0.06663
0 0.50175 0.90003 0.15782 0.05021
0 0.65298 0.96113 0.17469 0.07585
0 0.79243 0.05545 0.11242 0.05532
0 0.23675 0.11059 0.17532 0.07293
0 0.39612 0.17131 0.16707 0.04392
0 0.52653 0.23204 0.18083 0.06686
0 0.67324 0.29277 0.17499 0.04422
0 0.86695 0.35349 0.20008 0.07562
0 0.18166 0.41422 0.19907 0.04368
0 0.35205 0.47494 0.14059 0.04592
0 0.49719 0.53567 0.1171 0.06748
0 0.64781 0.59640 0.13577 0.06779
0 0.80132 0.65712 0.17789 0.07932
0 0.24044 0.71785 0.12912 0.04465
0 0.39394 0.77857 0.19562 0.06559
0 0.53149 0.83930 0.19851 0.06298
0 0.68768 0.90003 0.19056 0.05329
0 0.83417 0.96113 0.14915 0.04312