0 0.17135 0.05461 0.15985 0.04843
0 0.31422 0.11141 0.17484 0.07435
0 0.46736 0.17079 0.19756 0.07036
0 0.61255 0.23016 0.15346 0.05692
0 0.82465 0.28954 0.1413 0.05225
0 0.24155 0.34891 0.17725 0.072
0 0.38151 0.40829 0.14635 0.05465
0 0.53103 0.46767 0.16442 0.05671
0 0.69187 0.52704 0.18474 0.07832
0 0.86428 0.58642 0.11559 0.05901
0 0.16776 0.64579 0.15367 0.0611
0 0.32837 0.70517 0.18292 0.04464
0 0.45165 0.76454 0.14191 0.05408
0 0.62397 0.82392 0.11883 0.04725
0 0.81718 0.88330 0.17459 0.04317
0 0.24098 0.94982 0.11537 0.04751
0 0.41044 0.05461 0.17777 0.05375
0 0.54276 0.11141 0.17239 0.0512
0 0.69262 0.17079 0.18884 0.06681
0 0.86884 0.23016 0.18584 0.0567
0 0.1645 0.28954 0.13697 0.07053
0 0.36874 0.34891 0.11561 0.04899
0 0.51161 0.40829 0.1714 0.07292
0 0.64859 0.46767 0.11407 0.04306
0 0.80852 0.52704 0.15418 0.06486
0 0.23418 0.58642 0.1473 0.05374
0 0.38521 0.64579 0.1327 0.04847
0 0.5383 0.70517 0.17188 0.04311
0 0.66351 0.76454 0.1598 0.07351
0 0.83235 0.82392 0.15349 0.0695
0 0.1635 0.88330 0.11089 0.07146
0 0.3506 0.94982 0.19213 0.07927
0 0.48915 0.05461 0.13228 0.05407
0 0.59946 0.11141 0.17125 0.05278
0 0.7911 0.17079 0.11073 0.07577
0 0.23547 0.23016 0.13664 0.05803
0 0.38338 0.28954 0.10801 0.06044
0 0.531 0.34891 0.11639 0.06992
0 0.69708 0.40829 0.12631 0.04812
0 0.85719 0.46767 0.19337 0.05817
0 0.14119 0.52704 0.17085 0.05127
0 0.3355 0.58642 0.14057 0.04889
0 0.50069 0.64579 0.19971 0.07764
0 0.62331 0.70517 0.11213 0.06413
0 0.80416 0.76454 0.15439 0.05407
0 0.23152 0.82392 0.18197 0.04708
0 0.39488 0.88330 0.17491 0.06875
0 0.53648 0.94982 0.16239 0.07862
0 0.69287 0.05461 0.11668 0.04438
0 0.86386 0.11141 0.1576 0.06923
0 0.15233 0.17079 0.18981 0.07516
0 0.35492 0.23016 0.13013 0.07041
0 0.4949 0.28954 0.14336 0.07891
0 0.64476 0.34891 0.13007 0.07793
0 0.82668 0.40829 0.14583 0.04892
0 0.22189 0.46767 0.16927 0.06924
0 0.3997 0.52704 0.19309 0.06462
0 0.53446 0.58642 0.12293 0.05638
0 0.69702 0.64579 0.19075 0.06146
0 0.85071 0.70517 0.17071 0.07381
0 0.18002 0.76454 0.17406 0.05073
0 0.35972 0.82392 0.14295 0.07851
0 0.50783 0.88330 0.18377 0.06657
0 0.63857 0.94982 0.16481 0.06415
0 0.80278 0.05461 0.18447 0.05917
0 0.23738 0.11141 0.11406 0.06504
0 0.38176 0.17079 0.10851 0.05404
0 0.53786 0.23016 0.10708 0.07525
0 0.69103 0.28954 0.18205 0.05504
0 0.86323 0.34891 0.11521 0.05418
0 0.17924 0.40829 0.13764 0.07105
0 0.3456 0.46767 0.14482 0.0522
0 0.51045 0.52704 0.19956 0.04735
0 0.6442 0.58642 0.19862 0.06422
0 0.81754 0.64579 0.1267 0.04745
0 0.24248 0.70517 0.14095 0.06246
0 0.38881 0.76454 0.12416 0.06287
0 0.54102 0.82392 0.12293 0.05247
0 0.6825 0.88330 0.16434 0.06453
0 0.8357 0.94982 0.195 0.05128