0 0.17159 0.05538 0.11758 0.06737
0 0.31947 0.11142 0.1592 0.05796
0 0.48638 0.17133 0.1898 0.05432
0 0.63983 0.23123 0.18716 0.05724
0 0.81544 0.29114 0.12384 0.07359
0 0.23824 0.35105 0.17125 0.05736
0 0.38354 0.41095 0.11963 0.05962
0 0.55593 0.47086 0.16082 0.0664
0 0.69138 0.53076 0.15355 0.06768
0 0.86984 0.59067 0.11648 0.05029
0 0.16701 0.65058 0.15079 0.05183
0 0.32395 0.71048 0.16693 0.06808
0 0.46596 0.77039 0.13533 0.06739
0 0.62512 0.83029 0.13577 0.065
0 0.79847 0.89020 0.11973 0.05625
0 0.24231 0.95878 0.18232 0.0631
0 0.41437 0.05538 0.14127 0.05393
0 0.53625 0.11142 0.16257 0.05313
0 0.67315 0.17133 0.11939 0.07267
0 0.86696 0.23123 0.18048 0.07599
0 0.16981 0.29114 0.16733 0.06749
0 0.36428 0.35105 0.17706 0.06536
0 0.52552 0.41095 0.18328 0.04371
0 0.66454 0.47086 0.17993 0.0483
0 0.77969 0.53076 0.15931 0.06875
0 0.23236 0.59067 0.18708 0.07714
0 0.38949 0.65058 0.1579 0.0626
0 0.53848 0.71048 0.18848 0.07607
0 0.66082 0.77039 0.17659 0.0449
0 0.84343 0.83029 0.18221 0.0587
0 0.16589 0.89020 0.15075 0.05431
0 0.34994 0.95878 0.19994 0.06269
0 0.4979 0.05538 0.11063 0.0691
0 0.61062 0.11142 0.13712 0.05549
0 0.80656 0.17133 0.17226 0.0426
0 0.24236 0.23123 0.18337 0.04712
0 0.38794 0.29114 0.16068 0.06013
0 0.53169 0.35105 0.19878 0.05685
0 0.68615 0.41095 0.18348 0.04909
0 0.82715 0.47086 0.14465 0.07351
0 0.13953 0.53076 0.17769 0.07347
0 0.33505 0.59067 0.1535 0.04829
0 0.49114 0.65058 0.14856 0.06772
0 0.62251 0.71048 0.12511 0.04592
0 0.80745 0.77039 0.10887 0.04324
0 0.23787 0.83029 0.13632 0.0714
0 0.40564 0.89020 0.12672 0.07852
0 0.53763 0.95878 0.19323 0.059
0 0.69572 0.05538 0.18002 0.05553
0 0.85092 0.11142 0.14186 0.04608
0 0.15588 0.17133 0.12953 0.06585
0 0.36074 0.23123 0.13539 0.05679
0 0.49458 0.29114 0.19086 0.04484
0 0.64276 0.35105 0.18676 0.06128
0 0.79651 0.41095 0.14413 0.07199
0 0.2186 0.47086 0.16336 0.05521
0 0.41439 0.53076 0.15112 0.05253
0 0.53743 0.59067 0.1861 0.04295
0 0.67543 0.65058 0.17991 0.04648
0 0.86546 0.71048 0.14194 0.06699
0 0.18463 0.77039 0.13703 0.07958
0 0.35453 0.83029 0.18271 0.05634
0 0.5012 0.89020 0.14256 0.07919
0 0.6291 0.95878 0.18047 0.04763
0 0.82945 0.05538 0.15837 0.07105
0 0.23858 0.11142 0.15722 0.071
0 0.39033 0.17133 0.15609 0.05952
0 0.52208 0.23123 0.14325 0.05348
0 0.67116 0.29114 0.18173 0.06545
0 0.85316 0.35105 0.12516 0.05404
0 0.185 0.41095 0.11326 0.066
0 0.3489 0.47086 0.17418 0.04713
0 0.49915 0.53076 0.1141 0.07991
0 0.65228 0.59067 0.16795 0.05629
0 0.82925 0.65058 0.14364 0.06488
0 0.2321 0.71048 0.13252 0.07882
0 0.39013 0.77039 0.15611 0.04477
0 0.53694 0.83029 0.19065 0.06389
0 0.70364 0.89020 0.17523 0.07893
0 0.86611 0.95878 0.18931 0.06951