0 0.1697 0.05528 0.12825 0.0767
0 0.31997 0.11198 0.18091 0.07514
0 0.47519 0.17323 0.13982 0.07605
0 0.63681 0.23447 0.13373 0.05806
0 0.80549 0.29572 0.17477 0.0555
0 0.23662 0.35697 0.17642 0.04957
0 0.39976 0.41821 0.15933 0.06629
0 0.53857 0.47946 0.14607 0.06157
0 0.7069 0.54071 0.16381 0.06398
0 0.86875 0.60195 0.17647 0.05796
0 0.16576 0.66320 0.1804 0.06302
0 0.32311 0.72445 0.11431 0.0619
0 0.45066 0.78569 0.19061 0.05983
0 0.59981 0.84694 0.13383 0.07436
0 0.81956 0.90818 0.18007 0.07393
0 0.23793 0.94316 0.17885 0.06006
0 0.40976 0.05528 0.11111 0.05658
0 0.53811 0.11198 0.18131 0.07779
0 0.67659 0.17323 0.13161 0.06698
0 0.84731 0.23447 0.17787 0.05684
0 0.16748 0.29572 0.16821 0.07588
0 0.35463 0.35697 0.17642 0.04359
0 0.51981 0.41821 0.10823 0.0559
0 0.66169 0.47946 0.16231 0.05129
0 0.80378 0.54071 0.14562 0.05993
0 0.23374 0.60195 0.18243 0.07924
0 0.39056 0.66320 0.16395 0.06895
0 0.53307 0.72445 0.19246 0.07307
0 0.67729 0.78569 0.13321 0.07286
0 0.82859 0.84694 0.12923 0.05332
0 0.17091 0.90818 0.16157 0.04855
0 0.35555 0.94316 0.15137 0.0564
0 0.49201 0.05528 0.14635 0.0486
0 0.60846 0.11198 0.19671 0.07587
0 0.79438 0.17323 0.14254 0.04658
0 0.23846 0.23447 0.18366 0.06578
0 0.39364 0.29572 0.12794 0.05613
0 0.54075 0.35697 0.19225 0.04386
0 0.69324 0.41821 0.15645 0.04541
0 0.85814 0.47946 0.1974 0.05285
0 0.13714 0.54071 0.12072 0.07777
0 0.33179 0.60195 0.16761 0.06534
0 0.47775 0.66320 0.16292 0.05613
0 0.63451 0.72445 0.16273 0.06826
0 0.79256 0.78569 0.16391 0.04444
0 0.24299 0.84694 0.14289 0.0769
0 0.41127 0.90818 0.14251 0.06471
0 0.55217 0.94316 0.15981 0.05255
0 0.68008 0.05528 0.16444 0.06993
0 0.84798 0.11198 0.11443 0.07313
0 0.15347 0.17323 0.19899 0.06613
0 0.35677 0.23447 0.17121 0.0574
0 0.50893 0.29572 0.118 0.07785
0 0.64275 0.35697 0.14569 0.04637
0 0.80507 0.41821 0.17212 0.06508
0 0.22746 0.47946 0.14037 0.06221
0 0.41322 0.54071 0.17941 0.05851
0 0.55381 0.60195 0.19299 0.06189
0 0.67681 0.66320 0.16954 0.07497
0 0.8665 0.72445 0.11165 0.06139
0 0.17979 0.78569 0.16561 0.06142
0 0.36158 0.84694 0.12552 0.08007
0 0.51079 0.90818 0.11185 0.05992
0 0.64476 0.94316 0.12907 0.04584
0 0.82969 0.05528 0.17055 0.05585
0 0.23312 0.11198 0.11592 0.047
0 0.39969 0.17323 0.10846 0.0458
0 0.52242 0.23447 0.1368 0.05115
0 0.67476 0.29572 0.18769 0.05339
0 0.868 0.35697 0.10648 0.04987
0 0.18322 0.41821 0.17152 0.05728
0 0.3481 0.47946 0.19018 0.06402
0 0.51384 0.54071 0.19785 0.06851
0 0.66863 0.60195 0.14909 0.07348
0 0.82025 0.66320 0.15973 0.05921
0 0.23327 0.72445 0.19313 0.06608
0 0.39982 0.78569 0.18222 0.07425
0 0.55653 0.84694 0.18674 0.0574
0 0.69001 0.90818 0.13675 0.06983
0 0.83244 0.94316 0.16414 0.05561