0 0.17067 0.05562 0.15744 0.04522
0 0.31858 0.11063 0.15933 0.06116
0 0.47519 0.17085 0.11491 0.05437
0 0.62021 0.23107 0.17562 0.05023
0 0.80799 0.29130 0.17084 0.06811
0 0.24176 0.35152 0.18147 0.06694
0 0.39114 0.41174 0.17959 0.04267
0 0.55463 0.47196 0.1576 0.07569
0 0.68522 0.53218 0.15111 0.0489
0 0.86008 0.59240 0.14199 0.07848
0 0.16539 0.65262 0.17625 0.04505
0 0.31595 0.71285 0.10842 0.06627
0 0.4552 0.77307 0.13073 0.0642
0 0.62801 0.83329 0.1791 0.04258
0 0.82792 0.89351 0.13085 0.05972
0 0.24275 0.95118 0.11005 0.06878
0 0.40139 0.05562 0.14102 0.04732
0 0.53219 0.11063 0.15724 0.06322
0 0.6938 0.17085 0.18489 0.04284
0 0.8346 0.23107 0.19168 0.06596
0 0.16431 0.29130 0.16264 0.04636
0 0.37007 0.35152 0.11276 0.07085
0 0.51242 0.41174 0.10784 0.0771
0 0.6541 0.47196 0.14588 0.06655
0 0.77648 0.53218 0.18776 0.04801
0 0.24065 0.59240 0.16757 0.07175
0 0.39391 0.65262 0.18081 0.07534
0 0.51759 0.71285 0.16702 0.04782
0 0.66798 0.77307 0.17167 0.059
0 0.82231 0.83329 0.11372 0.06375
0 0.16478 0.89351 0.17548 0.05537
0 0.34858 0.95118 0.1436 0.06992
0 0.49821 0.05562 0.16114 0.07039
0 0.61987 0.11063 0.11168 0.05993
0 0.77946 0.17085 0.18407 0.04988
0 0.23846 0.23107 0.19878 0.06528
0 0.38747 0.29130 0.11758 0.06393
0 0.53609 0.35152 0.15797 0.06446
0 0.68477 0.41174 0.19624 0.04365
0 0.8406 0.47196 0.12132 0.04928
0 0.13987 0.53218 0.13119 0.06376
0 0.33191 0.59240 0.12956 0.04807
0 0.50058 0.65262 0.13687 0.0704
0 0.61623 0.71285 0.13446 0.06141
0 0.79375 0.77307 0.19671 0.04755
0 0.24057 0.83329 0.14153 0.05018
0 0.40101 0.89351 0.1753 0.07736
0 0.5568 0.95118 0.1124 0.0442
0 0.6751 0.05562 0.18555 0.05639
0 0.85437 0.11063 0.18069 0.04348
0 0.14972 0.17085 0.13821 0.0631
0 0.3689 0.23107 0.16283 0.07604
0 0.49475 0.29130 0.19763 0.07696
0 0.63228 0.35152 0.19109 0.04792
0 0.79543 0.41174 0.12957 0.06618
0 0.21836 0.47196 0.12707 0.07597
0 0.40026 0.53218 0.1782 0.0542
0 0.55777 0.59240 0.19902 0.05773
0 0.67743 0.65262 0.1539 0.04693
0 0.85099 0.71285 0.16099 0.04487
0 0.17878 0.77307 0.18628 0.06986
0 0.36431 0.83329 0.15502 0.06789
0 0.50956 0.89351 0.10967 0.0603
0 0.64596 0.95118 0.19089 0.07944
0 0.82608 0.05562 0.15833 0.05239
0 0.24307 0.11063 0.10804 0.06541
0 0.3974 0.17085 0.194 0.0514
0 0.52029 0.23107 0.17091 0.06347
0 0.68314 0.29130 0.16349 0.05373
0 0.86681 0.35152 0.12625 0.04714
0 0.18151 0.41174 0.11298 0.0561
0 0.35261 0.47196 0.19433 0.06447
0 0.51378 0.53218 0.17832 0.06489
0 0.65241 0.59240 0.12176 0.05113
0 0.79639 0.65262 0.12219 0.07673
0 0.23709 0.71285 0.14818 0.06687
0 0.39225 0.77307 0.14082 0.04443
0 0.53862 0.83329 0.13664 0.07881
0 0.714 0.89351 0.18742 0.07857
0 0.85641 0.95118 0.15694 0.07424