0 0.16558 0.05517 0.12649 0.06389
0 0.32884 0.10895 0.19668 0.05423
0 0.48496 0.16995 0.12724 0.05347
0 0.62871 0.23096 0.16034 0.045
0 0.82482 0.29197 0.15806 0.05548
0 0.23395 0.35298 0.16749 0.07966
0 0.39904 0.41398 0.17542 0.04762
0 0.55523 0.47499 0.13979 0.06647
0 0.68479 0.53600 0.15016 0.06092
0 0.85796 0.59701 0.19923 0.06428
0 0.16751 0.65801 0.14625 0.06532
0 0.32748 0.71902 0.17267 0.05319
0 0.46746 0.78003 0.12771 0.04986
0 0.60364 0.84104 0.11359 0.05889
0 0.7924 0.90204 0.1081 0.0585
0 0.23315 0.95884 0.1999 0.07009
0 0.40878 0.05517 0.14908 0.06206
0 0.55108 0.10895 0.16767 0.04948
0 0.67988 0.16995 0.17986 0.05929
0 0.85335 0.23096 0.15192 0.05295
0 0.16592 0.29197 0.18489 0.07713
0 0.36101 0.35298 0.13846 0.07875
0 0.52796 0.41398 0.1525 0.07264
0 0.65983 0.47499 0.12809 0.07364
0 0.80821 0.53600 0.13729 0.05127
0 0.23799 0.59701 0.14051 0.06424
0 0.38664 0.65801 0.15583 0.06204
0 0.53861 0.71902 0.19582 0.07344
0 0.65846 0.78003 0.1231 0.0689
0 0.85316 0.84104 0.12101 0.06442
0 0.16561 0.90204 0.15599 0.06047
0 0.3573 0.95884 0.1961 0.0565
0 0.49173 0.05517 0.12756 0.07549
0 0.60513 0.10895 0.18257 0.04946
0 0.79697 0.16995 0.14863 0.0589
0 0.24076 0.23096 0.17336 0.05843
0 0.39372 0.29197 0.15366 0.07371
0 0.53708 0.35298 0.16825 0.06721
0 0.66857 0.41398 0.19173 0.05601
0 0.82631 0.47499 0.15036 0.05771
0 0.13638 0.53600 0.1792 0.05502
0 0.32838 0.59701 0.12406 0.05932
0 0.48583 0.65801 0.13435 0.06362
0 0.61331 0.71902 0.13155 0.06383
0 0.801 0.78003 0.151 0.07695
0 0.24199 0.84104 0.19939 0.068
0 0.40681 0.90204 0.11181 0.0516
0 0.53237 0.95884 0.11589 0.07871
0 0.69073 0.05517 0.13615 0.06452
0 0.83612 0.10895 0.17754 0.07627
0 0.1546 0.16995 0.16763 0.05107
0 0.36651 0.23096 0.14452 0.05861
0 0.50992 0.29197 0.11815 0.07742
0 0.64678 0.35298 0.18751 0.06568
0 0.8276 0.41398 0.11472 0.07486
0 0.22754 0.47499 0.17444 0.05592
0 0.40961 0.53600 0.11342 0.06328
0 0.54166 0.59701 0.13197 0.06316
0 0.67982 0.65801 0.19746 0.07066
0 0.84381 0.71902 0.18665 0.06533
0 0.17881 0.78003 0.19252 0.06146
0 0.36754 0.84104 0.19932 0.04652
0 0.51381 0.90204 0.16756 0.06141
0 0.63959 0.95884 0.13263 0.06513
0 0.82481 0.05517 0.14859 0.07457
0 0.23286 0.10895 0.1131 0.04262
0 0.39552 0.16995 0.15783 0.07213
0 0.52464 0.23096 0.12563 0.06861
0 0.67961 0.29197 0.15589 0.07177
0 0.87198 0.35298 0.18686 0.05247
0 0.18348 0.41398 0.14964 0.05979
0 0.3574 0.47499 0.12401 0.07374
0 0.50535 0.53600 0.11456 0.05904
0 0.64722 0.59701 0.14493 0.04476
0 0.7988 0.65801 0.12721 0.07123
0 0.23564 0.71902 0.19201 0.07784
0 0.38283 0.78003 0.1113 0.04294
0 0.53543 0.84104 0.15355 0.04431
0 0.70743 0.90204 0.17656 0.04551
0 0.84952 0.95884 0.14117 0.05788