0 0.16653 0.05552 0.18901 0.04581
0 0.31413 0.10910 0.12244 0.07501
0 0.48428 0.17056 0.13319 0.07476
0 0.64298 0.23202 0.18633 0.07572
0 0.81756 0.29348 0.14968 0.04523
0 0.23429 0.35494 0.20008 0.05533
0 0.39424 0.41639 0.13257 0.05103
0 0.53327 0.47785 0.13984 0.07427
0 0.71418 0.53931 0.17583 0.04748
0 0.85844 0.60077 0.1576 0.07566
0 0.16428 0.66223 0.15994 0.04973
0 0.31438 0.72369 0.11303 0.07435
0 0.44999 0.78514 0.11391 0.05027
0 0.61637 0.84660 0.12469 0.06771
0 0.82326 0.90806 0.19062 0.05059
0 0.24046 0.96129 0.16957 0.04487
0 0.41485 0.05552 0.16333 0.05861
0 0.54722 0.10910 0.11094 0.05386
0 0.67944 0.17056 0.15395 0.06451
0 0.83099 0.23202 0.13444 0.0517
0 0.1653 0.29348 0.12874 0.07034
0 0.36615 0.35494 0.17923 0.05084
0 0.51463 0.41639 0.19021 0.04244
0 0.64515 0.47785 0.11107 0.04254
0 0.79732 0.53931 0.15855 0.07734
0 0.23834 0.60077 0.12034 0.04392
0 0.39689 0.66223 0.19934 0.06268
0 0.52968 0.72369 0.15568 0.04965
0 0.68395 0.78514 0.15665 0.0486
0 0.85265 0.84660 0.17324 0.06872
0 0.16768 0.90806 0.18326 0.06765
0 0.34946 0.96129 0.18848 0.07201
0 0.49291 0.05552 0.16468 0.06211
0 0.61972 0.10910 0.10707 0.07244
0 0.78332 0.17056 0.12702 0.06423
0 0.23696 0.23202 0.11103 0.06186
0 0.39311 0.29348 0.15457 0.05709
0 0.54166 0.35494 0.19024 0.06431
0 0.6726 0.41639 0.16071 0.06102
0 0.85267 0.47785 0.16528 0.06351
0 0.13802 0.53931 0.11967 0.07466
0 0.33623 0.60077 0.17665 0.0685
0 0.47942 0.66223 0.13253 0.04414
0 0.62868 0.72369 0.18798 0.07641
0 0.7927 0.78514 0.18169 0.05201
0 0.23576 0.84660 0.15211 0.06338
0 0.4083 0.90806 0.19786 0.06555
0 0.53155 0.96129 0.15577 0.07336
0 0.68912 0.05552 0.12658 0.06311
0 0.86809 0.10910 0.1246 0.04342
0 0.15316 0.17056 0.10773 0.07401
0 0.36954 0.23202 0.13853 0.07866
0 0.50876 0.29348 0.18482 0.07377
0 0.64043 0.35494 0.13196 0.0576
0 0.81388 0.41639 0.16806 0.0614
0 0.22556 0.47785 0.12207 0.06704
0 0.39942 0.53931 0.13384 0.06868
0 0.54313 0.60077 0.14101 0.07183
0 0.66857 0.66223 0.16725 0.07555
0 0.85617 0.72369 0.1596 0.0511
0 0.1771 0.78514 0.15436 0.07261
0 0.36516 0.84660 0.11176 0.07083
0 0.49486 0.90806 0.1794 0.07947
0 0.64227 0.96129 0.1089 0.04662
0 0.80877 0.05552 0.17021 0.06946
0 0.23978 0.10910 0.19023 0.06757
0 0.39453 0.17056 0.14105 0.04914
0 0.53638 0.23202 0.16486 0.0558
0 0.68195 0.29348 0.17137 0.05713
0 0.8442 0.35494 0.18007 0.06449
0 0.18188 0.41639 0.16569 0.04977
0 0.35518 0.47785 0.17115 0.04896
0 0.51286 0.53931 0.18174 0.07704
0 0.66015 0.60077 0.1415 0.0558
0 0.81028 0.66223 0.11058 0.045
0 0.23773 0.72369 0.11578 0.04983
0 0.38424 0.78514 0.15702 0.06142
0 0.53458 0.84660 0.18614 0.05724
0 0.70123 0.90806 0.15627 0.07657
0 0.85599 0.96129 0.19173 0.05161