0 0.16568 0.05608 0.19433 0.0702
0 0.32846 0.11220 0.13839 0.05021
0 0.48332 0.17161 0.1555 0.04889
0 0.64337 0.23101 0.19861 0.07654
0 0.8117 0.29042 0.13996 0.07587
0 0.23188 0.34982 0.18903 0.07647
0 0.39071 0.40923 0.16495 0.07406
0 0.53476 0.46863 0.19507 0.05935
0 0.70749 0.52803 0.12919 0.06574
0 0.87003 0.58744 0.1582 0.06728
0 0.16875 0.64684 0.13643 0.05377
0 0.31798 0.70625 0.1428 0.06616
0 0.45167 0.76565 0.17199 0.06158
0 0.61103 0.82506 0.12006 0.07498
0 0.79345 0.88446 0.1889 0.05845
0 0.2412 0.94652 0.12511 0.06218
0 0.3948 0.05608 0.11762 0.06505
0 0.5335 0.11220 0.11596 0.07571
0 0.67093 0.17161 0.15694 0.04759
0 0.8489 0.23101 0.18348 0.06134
0 0.16629 0.29042 0.15025 0.04808
0 0.35825 0.34982 0.18851 0.07854
0 0.51616 0.40923 0.15294 0.05548
0 0.64738 0.46863 0.13575 0.04903
0 0.80062 0.52803 0.1576 0.05713
0 0.23462 0.58744 0.14138 0.07336
0 0.39058 0.64684 0.15993 0.06747
0 0.52008 0.70625 0.15671 0.0659
0 0.65343 0.76565 0.20014 0.04256
0 0.85073 0.82506 0.18136 0.07237
0 0.17024 0.88446 0.1207 0.044
0 0.35132 0.94652 0.11495 0.05424
0 0.48462 0.05608 0.16171 0.06092
0 0.62847 0.11220 0.15832 0.05205
0 0.81439 0.17161 0.17661 0.05436
0 0.2363 0.23101 0.16686 0.06734
0 0.39642 0.29042 0.12231 0.05004
0 0.53569 0.34982 0.11056 0.05727
0 0.69553 0.40923 0.15348 0.06646
0 0.82301 0.46863 0.15533 0.07594
0 0.14001 0.52803 0.15285 0.07654
0 0.34233 0.58744 0.13316 0.07599
0 0.49175 0.64684 0.10781 0.0772
0 0.62097 0.70625 0.16218 0.07817
0 0.79665 0.76565 0.12779 0.05244
0 0.23974 0.82506 0.13935 0.05969
0 0.39569 0.88446 0.14007 0.06169
0 0.55761 0.94652 0.1284 0.05766
0 0.67696 0.05608 0.13935 0.06504
0 0.85648 0.11220 0.14957 0.06935
0 0.15242 0.17161 0.12619 0.06332
0 0.3662 0.23101 0.16066 0.05733
0 0.50044 0.29042 0.17505 0.07425
0 0.64553 0.34982 0.15239 0.05742
0 0.79811 0.40923 0.14961 0.0703
0 0.21913 0.46863 0.14919 0.07066
0 0.40672 0.52803 0.19613 0.04872
0 0.54815 0.58744 0.15734 0.05112
0 0.69807 0.64684 0.13628 0.05546
0 0.84073 0.70625 0.10617 0.0753
0 0.18504 0.76565 0.17015 0.05231
0 0.35658 0.82506 0.18904 0.04709
0 0.50766 0.88446 0.16925 0.04632
0 0.62869 0.94652 0.13256 0.06992
0 0.82306 0.05608 0.12372 0.06088
0 0.23914 0.11220 0.12069 0.06919
0 0.38584 0.17161 0.18175 0.06545
0 0.53772 0.23101 0.12842 0.05381
0 0.6901 0.29042 0.11903 0.07172
0 0.84832 0.34982 0.17061 0.0789
0 0.17887 0.40923 0.1233 0.06844
0 0.35502 0.46863 0.10927 0.04257
0 0.49868 0.52803 0.11181 0.06307
0 0.65607 0.58744 0.19277 0.06436
0 0.82213 0.64684 0.11689 0.04923
0 0.24211 0.70625 0.17483 0.07003
0 0.38772 0.76565 0.12864 0.06035
0 0.5362 0.82506 0.15136 0.05592
0 0.68192 0.88446 0.19027 0.05094
0 0.83758 0.94652 0.10841 0.07193