0 0.16504 0.05500 0.12734 0.07015
0 0.32351 0.11119 0.20002 0.06786
0 0.46931 0.17117 0.12753 0.07977
0 0.63933 0.23116 0.13173 0.05902
0 0.8052 0.29114 0.13892 0.06898
0 0.23995 0.35113 0.1407 0.07521
0 0.3866 0.41112 0.15705 0.04485
0 0.54144 0.47110 0.15781 0.04945
0 0.69027 0.53109 0.1161 0.04264
0 0.85424 0.59107 0.15183 0.07505
0 0.16647 0.65106 0.14144 0.06356
0 0.31512 0.71104 0.15644 0.0458
0 0.45266 0.77103 0.17791 0.05842
0 0.6205 0.83102 0.15988 0.04435
0 0.80023 0.89100 0.12134 0.05002
0 0.24125 0.94617 0.12459 0.04787
0 0.39816 0.05500 0.10892 0.0598
0 0.54917 0.11119 0.15238 0.07264
0 0.67521 0.17117 0.1171 0.04664
0 0.8577 0.23116 0.15827 0.05689
0 0.16612 0.29114 0.14086 0.07422
0 0.36223 0.35113 0.14508 0.05878
0 0.52176 0.41112 0.13486 0.07981
0 0.65136 0.47110 0.14092 0.05613
0 0.78801 0.53109 0.13357 0.0715
0 0.24013 0.59107 0.18843 0.06765
0 0.39635 0.65106 0.16669 0.04772
0 0.53136 0.71104 0.1769 0.04607
0 0.66046 0.77103 0.18326 0.07916
0 0.83265 0.83102 0.18244 0.04802
0 0.16834 0.89100 0.14282 0.05586
0 0.35432 0.94617 0.11024 0.04884
0 0.4787 0.05500 0.10834 0.07159
0 0.62235 0.11119 0.18827 0.07085
0 0.81041 0.17117 0.19148 0.05
0 0.2412 0.23116 0.13594 0.07586
0 0.39894 0.29114 0.17781 0.05902
0 0.52802 0.35113 0.16725 0.05897
0 0.69701 0.41112 0.18366 0.06822
0 0.83657 0.47110 0.18635 0.04664
0 0.13633 0.53109 0.13221 0.06331
0 0.34263 0.59107 0.11686 0.07901
0 0.48983 0.65106 0.16351 0.06518
0 0.62138 0.71104 0.12079 0.06709
0 0.80552 0.77103 0.11109 0.06764
0 0.23517 0.83102 0.14147 0.0588
0 0.41051 0.89100 0.19429 0.06166
0 0.53099 0.94617 0.12523 0.0511
0 0.69195 0.05500 0.14657 0.06322
0 0.85595 0.11119 0.15353 0.06469
0 0.15481 0.17117 0.12495 0.07308
0 0.36899 0.23116 0.16523 0.0732
0 0.49211 0.29114 0.10783 0.05053
0 0.64831 0.35113 0.18317 0.0689
0 0.80326 0.41112 0.13791 0.07562
0 0.22614 0.47110 0.12277 0.05243
0 0.39737 0.53109 0.13178 0.07419
0 0.55036 0.59107 0.16997 0.07279
0 0.6678 0.65106 0.14827 0.05622
0 0.84742 0.71104 0.19066 0.07003
0 0.18469 0.77103 0.13281 0.06388
0 0.36872 0.83102 0.15868 0.05438
0 0.49834 0.89100 0.13415 0.05475
0 0.64694 0.94617 0.19517 0.05741
0 0.80517 0.05500 0.17737 0.04625
0 0.23661 0.11119 0.16038 0.05265
0 0.3928 0.17117 0.14717 0.04358
0 0.54332 0.23116 0.18244 0.06739
0 0.66948 0.29114 0.16469 0.07661
0 0.84537 0.35113 0.14017 0.05659
0 0.1788 0.41112 0.11159 0.05215
0 0.34728 0.47110 0.17666 0.07545
0 0.49903 0.53109 0.20026 0.07057
0 0.6654 0.59107 0.16115 0.05248
0 0.81141 0.65106 0.12535 0.05613
0 0.23977 0.71104 0.17834 0.07164
0 0.39132 0.77103 0.19978 0.07449
0 0.54665 0.83102 0.13667 0.06762
0 0.68821 0.89100 0.17589 0.05286
0 0.85919 0.94617 0.1769 0.05053