0 0.17074 0.05552 0.12205 0.06255
0 0.32865 0.11197 0.10723 0.05198
0 0.48241 0.17245 0.15998 0.07801
0 0.62609 0.23293 0.16397 0.07488
0 0.8212 0.29340 0.15278 0.05563
0 0.23612 0.35388 0.16613 0.06011
0 0.39632 0.41435 0.19522 0.04636
0 0.55491 0.47483 0.10752 0.0698
0 0.69194 0.53531 0.11793 0.04635
0 0.83069 0.59578 0.1977 0.07303
0 0.16458 0.65626 0.12559 0.0663
0 0.32455 0.71674 0.17958 0.04805
0 0.46028 0.77721 0.18688 0.04963
0 0.6152 0.83769 0.12386 0.04867
0 0.82461 0.89816 0.14667 0.07447
0 0.23232 0.95289 0.12992 0.05592
0 0.39486 0.05552 0.14486 0.04775
0 0.54814 0.11197 0.17529 0.05074
0 0.69559 0.17245 0.16882 0.05893
0 0.85865 0.23293 0.10684 0.04969
0 0.16502 0.29340 0.17243 0.06021
0 0.36587 0.35388 0.1284 0.06149
0 0.51073 0.41435 0.16677 0.07957
0 0.64639 0.47483 0.13956 0.05905
0 0.79647 0.53531 0.14672 0.06921
0 0.2329 0.59578 0.184 0.07781
0 0.38949 0.65626 0.12147 0.04976
0 0.5376 0.71674 0.1378 0.04885
0 0.66816 0.77721 0.17752 0.06715
0 0.83569 0.83769 0.17404 0.06921
0 0.16796 0.89816 0.10997 0.04347
0 0.35534 0.95289 0.12036 0.07509
0 0.49047 0.05552 0.14168 0.0546
0 0.61075 0.11197 0.13878 0.06842
0 0.80215 0.17245 0.13792 0.06114
0 0.23341 0.23293 0.13914 0.0724
0 0.3825 0.29340 0.18623 0.07675
0 0.5344 0.35388 0.18769 0.07138
0 0.68119 0.41435 0.18848 0.04573
0 0.83393 0.47483 0.1298 0.05492
0 0.14116 0.53531 0.14853 0.05898
0 0.33308 0.59578 0.12924 0.06592
0 0.48435 0.65626 0.15987 0.05372
0 0.63044 0.71674 0.13923 0.04551
0 0.80946 0.77721 0.10862 0.07514
0 0.23318 0.83769 0.11031 0.07012
0 0.40009 0.89816 0.10896 0.04333
0 0.53714 0.95289 0.1778 0.07109
0 0.68349 0.05552 0.10961 0.06626
0 0.85644 0.11197 0.15776 0.06602
0 0.15303 0.17245 0.20003 0.06983
0 0.36929 0.23293 0.14645 0.06502
0 0.49371 0.29340 0.13254 0.07923
0 0.65603 0.35388 0.14327 0.07447
0 0.803 0.41435 0.18639 0.07488
0 0.22353 0.47483 0.18083 0.07995
0 0.41424 0.53531 0.18577 0.07592
0 0.53978 0.59578 0.1233 0.06785
0 0.70092 0.65626 0.15463 0.06595
0 0.83129 0.71674 0.15088 0.07696
0 0.18451 0.77721 0.18146 0.07664
0 0.36986 0.83769 0.16351 0.06908
0 0.50197 0.89816 0.1861 0.05941
0 0.65036 0.95289 0.17979 0.06067
0 0.79683 0.05552 0.1253 0.0553
0 0.23633 0.11197 0.1295 0.0648
0 0.38999 0.17245 0.17785 0.05107
0 0.54311 0.23293 0.18092 0.07817
0 0.69638 0.29340 0.19472 0.04988
0 0.86536 0.35388 0.17554 0.04313
0 0.1828 0.41435 0.16062 0.06204
0 0.35611 0.47483 0.13953 0.0538
0 0.49017 0.53531 0.11329 0.07592
0 0.6488 0.59578 0.13628 0.0697
0 0.78957 0.65626 0.15923 0.07992
0 0.23303 0.71674 0.16181 0.0674
0 0.39164 0.77721 0.11483 0.06766
0 0.53562 0.83769 0.16358 0.04874
0 0.68282 0.89816 0.18526 0.06861
0 0.86398 0.95289 0.1469 0.05058