0 0.16372 0.05515 0.1162 0.07854
0 0.3282 0.11174 0.12125 0.07473
0 0.48171 0.17226 0.15749 0.0478
0 0.63431 0.23278 0.1218 0.05797
0 0.80591 0.29330 0.14167 0.05211
0 0.23662 0.35381 0.11116 0.04349
0 0.38123 0.41433 0.18975 0.0781
0 0.55414 0.47485 0.17162 0.0469
0 0.68704 0.53537 0.10653 0.05796
0 0.8409 0.59589 0.17625 0.0801
0 0.17069 0.65640 0.15418 0.06275
0 0.31808 0.71692 0.16585 0.06986
0 0.45685 0.77744 0.15998 0.05215
0 0.6184 0.83796 0.11093 0.06535
0 0.79291 0.89847 0.16627 0.07035
0 0.24092 0.96301 0.14692 0.04489
0 0.39808 0.05515 0.14154 0.04257
0 0.55577 0.11174 0.10953 0.05781
0 0.6969 0.17226 0.14668 0.05853
0 0.84929 0.23278 0.118 0.06074
0 0.17114 0.29330 0.12682 0.05217
0 0.3649 0.35381 0.13111 0.06468
0 0.51645 0.41433 0.11044 0.05231
0 0.66666 0.47485 0.11254 0.06969
0 0.81284 0.53537 0.11076 0.05925
0 0.24001 0.59589 0.16555 0.05668
0 0.39951 0.65640 0.11648 0.05785
0 0.52042 0.71692 0.10712 0.04877
0 0.66393 0.77744 0.19571 0.06143
0 0.85111 0.83796 0.10644 0.06949
0 0.17053 0.89847 0.12431 0.05048
0 0.35185 0.96301 0.11043 0.04498
0 0.47877 0.05515 0.18096 0.04503
0 0.62422 0.11174 0.14395 0.04599
0 0.81539 0.17226 0.11423 0.07091
0 0.23508 0.23278 0.10624 0.07268
0 0.39644 0.29330 0.12489 0.06557
0 0.52758 0.35381 0.14676 0.04548
0 0.67803 0.41433 0.16382 0.04855
0 0.84167 0.47485 0.17166 0.06143
0 0.1387 0.53537 0.16484 0.06465
0 0.32795 0.59589 0.14767 0.07388
0 0.48431 0.65640 0.15781 0.0627
0 0.64083 0.71692 0.15956 0.06121
0 0.81396 0.77744 0.11972 0.04292
0 0.2426 0.83796 0.1253 0.06197
0 0.39954 0.89847 0.16892 0.0524
0 0.55357 0.96301 0.1436 0.0488
0 0.67665 0.05515 0.14786 0.05702
0 0.86302 0.11174 0.18665 0.04496
0 0.15069 0.17226 0.18481 0.06817
0 0.36433 0.23278 0.15084 0.06385
0 0.50343 0.29330 0.12873 0.05514
0 0.64458 0.35381 0.11356 0.05332
0 0.81867 0.41433 0.14325 0.06311
0 0.22477 0.47485 0.19723 0.07099
0 0.406 0.53537 0.19386 0.04571
0 0.53835 0.59589 0.1186 0.06783
0 0.68079 0.65640 0.12821 0.04384
0 0.84033 0.71692 0.129 0.07802
0 0.18028 0.77744 0.15901 0.04404
0 0.35493 0.83796 0.16143 0.07374
0 0.49304 0.89847 0.136 0.06263
0 0.63319 0.96301 0.11757 0.05515
0 0.79524 0.05515 0.12768 0.06552
0 0.23406 0.11174 0.18545 0.07524
0 0.40033 0.17226 0.13262 0.04425
0 0.53925 0.23278 0.12003 0.05067
0 0.67515 0.29330 0.1604 0.07991
0 0.85958 0.35381 0.11283 0.05779
0 0.18512 0.41433 0.19774 0.05192
0 0.35273 0.47485 0.14202 0.04751
0 0.49701 0.53537 0.17038 0.05472
0 0.66982 0.59589 0.19231 0.04814
0 0.8138 0.65640 0.18961 0.05009
0 0.23243 0.71692 0.16894 0.07511
0 0.39079 0.77744 0.16407 0.07145
0 0.557 0.83796 0.1215 0.06118
0 0.71126 0.89847 0.14264 0.04355
0 0.87165 0.96301 0.14615 0.06006