0 0.16848 0.05595 0.11672 0.04512
0 0.31525 0.11078 0.17857 0.06601
0 0.47888 0.17068 0.15044 0.07174
0 0.6276 0.23059 0.16305 0.04291
0 0.81903 0.29049 0.15808 0.05188
0 0.23582 0.35039 0.1711 0.07928
0 0.39075 0.41030 0.15503 0.0678
0 0.55045 0.47020 0.11971 0.05385
0 0.71485 0.53010 0.14153 0.064
0 0.86553 0.59001 0.12535 0.05199
0 0.17164 0.64991 0.109 0.04456
0 0.32858 0.70981 0.12732 0.04959
0 0.46314 0.76972 0.12921 0.05716
0 0.60652 0.82962 0.12296 0.07721
0 0.82806 0.88952 0.18398 0.05018
0 0.24266 0.94588 0.16282 0.04464
0 0.40805 0.05595 0.17276 0.05628
0 0.54191 0.11078 0.15609 0.074
0 0.67014 0.17068 0.1417 0.07975
0 0.83471 0.23059 0.15248 0.04999
0 0.17134 0.29049 0.13732 0.06957
0 0.37062 0.35039 0.16649 0.07961
0 0.52545 0.41030 0.19342 0.07912
0 0.6402 0.47020 0.16645 0.0457
0 0.79503 0.53010 0.1648 0.04519
0 0.23804 0.59001 0.17509 0.06018
0 0.39494 0.64991 0.16111 0.0677
0 0.52545 0.70981 0.18972 0.04679
0 0.67476 0.76972 0.16702 0.04346
0 0.83425 0.82962 0.1308 0.0493
0 0.1686 0.88952 0.11685 0.07408
0 0.34447 0.94588 0.19293 0.04903
0 0.49494 0.05595 0.10902 0.05492
0 0.61356 0.11078 0.13956 0.05743
0 0.78939 0.17068 0.15917 0.0676
0 0.23295 0.23059 0.15037 0.05859
0 0.39341 0.29049 0.15535 0.06479
0 0.52931 0.35039 0.14923 0.04976
0 0.66811 0.41030 0.17465 0.05652
0 0.838 0.47020 0.16933 0.05724
0 0.13613 0.53010 0.19975 0.06167
0 0.32694 0.59001 0.19753 0.07335
0 0.49082 0.64991 0.14918 0.04569
0 0.63472 0.70981 0.11326 0.05015
0 0.79883 0.76972 0.18924 0.07105
0 0.24047 0.82962 0.1256 0.07549
0 0.39961 0.88952 0.19689 0.07588
0 0.54893 0.94588 0.19326 0.07807
0 0.67186 0.05595 0.14295 0.07268
0 0.85262 0.11078 0.10894 0.07561
0 0.15133 0.17068 0.16772 0.04792
0 0.36305 0.23059 0.18077 0.07901
0 0.50259 0.29049 0.19623 0.05842
0 0.643 0.35039 0.15844 0.04847
0 0.82225 0.41030 0.16779 0.04812
0 0.22642 0.47020 0.1271 0.06325
0 0.40689 0.53010 0.1533 0.04951
0 0.55607 0.59001 0.16517 0.05366
0 0.68922 0.64991 0.13882 0.06997
0 0.83407 0.70981 0.16106 0.07867
0 0.1776 0.76972 0.12061 0.06624
0 0.36821 0.82962 0.11356 0.05037
0 0.5006 0.88952 0.16145 0.0474
0 0.63364 0.94588 0.14026 0.04381
0 0.81979 0.05595 0.12615 0.05565
0 0.23805 0.11078 0.11267 0.04941
0 0.39396 0.17068 0.15106 0.04342
0 0.52101 0.23059 0.1744 0.06745
0 0.68809 0.29049 0.12947 0.06093
0 0.85331 0.35039 0.12377 0.07389
0 0.18537 0.41030 0.11096 0.04472
0 0.34028 0.47020 0.14719 0.05518
0 0.49209 0.53010 0.12775 0.05788
0 0.66094 0.59001 0.14753 0.05426
0 0.80791 0.64991 0.17631 0.0636
0 0.23553 0.70981 0.12631 0.05957
0 0.39074 0.76972 0.16381 0.07083
0 0.5374 0.82962 0.1374 0.06851
0 0.69114 0.88952 0.11638 0.06947
0 0.83372 0.94588 0.18311 0.06064