0 0.16578 0.05513 0.1661 0.05483
0 0.3287 0.10990 0.14805 0.06719
0 0.47315 0.16979 0.17673 0.06318
0 0.61737 0.22967 0.1316 0.07677
0 0.8271 0.28956 0.15261 0.05823
0 0.23309 0.34944 0.16803 0.05881
0 0.39889 0.40933 0.18453 0.07077
0 0.55613 0.46921 0.18271 0.05893
0 0.7108 0.52910 0.15127 0.0685
0 0.84303 0.58898 0.1754 0.05222
0 0.17159 0.64887 0.16808 0.04543
0 0.31772 0.70875 0.1849 0.05325
0 0.45512 0.76864 0.16 0.07856
0 0.61448 0.82852 0.11159 0.07463
0 0.8046 0.88841 0.18086 0.04342
0 0.24163 0.96314 0.12661 0.05935
0 0.39617 0.05513 0.1945 0.04703
0 0.55111 0.10990 0.10949 0.05103
0 0.66858 0.16979 0.18949 0.07297
0 0.84035 0.22967 0.12521 0.05584
0 0.17137 0.28956 0.1998 0.0753
0 0.37039 0.34944 0.13981 0.04927
0 0.51965 0.40933 0.20033 0.06459
0 0.67174 0.46921 0.12121 0.04487
0 0.8142 0.52910 0.17035 0.0683
0 0.23248 0.58898 0.17519 0.07181
0 0.38164 0.64887 0.16135 0.07986
0 0.5185 0.70875 0.12683 0.05508
0 0.67576 0.76864 0.13273 0.05108
0 0.85113 0.82852 0.14993 0.07107
0 0.16604 0.88841 0.16646 0.0751
0 0.3484 0.96314 0.13653 0.0706
0 0.47876 0.05513 0.10884 0.06138
0 0.60362 0.10990 0.14774 0.06419
0 0.80419 0.16979 0.17129 0.05344
0 0.23806 0.22967 0.13622 0.0618
0 0.39578 0.28956 0.11639 0.04408
0 0.54057 0.34944 0.15107 0.05726
0 0.68571 0.40933 0.12503 0.07501
0 0.85586 0.46921 0.17069 0.0732
0 0.13929 0.52910 0.19619 0.06702
0 0.34126 0.58898 0.18596 0.05164
0 0.4848 0.64887 0.11277 0.07997
0 0.62015 0.70875 0.16003 0.06108
0 0.79276 0.76864 0.13235 0.06652
0 0.24041 0.82852 0.15261 0.074
0 0.40186 0.88841 0.14283 0.05118
0 0.53765 0.96314 0.19264 0.07407
0 0.69508 0.05513 0.1687 0.04732
0 0.84323 0.10990 0.14575 0.06808
0 0.15184 0.16979 0.19526 0.0791
0 0.36757 0.22967 0.18266 0.05693
0 0.51345 0.28956 0.18452 0.04284
0 0.64898 0.34944 0.10755 0.06519
0 0.79601 0.40933 0.15436 0.0672
0 0.22502 0.46921 0.10944 0.04251
0 0.40162 0.52910 0.14952 0.0646
0 0.53877 0.58898 0.14202 0.04855
0 0.69001 0.64887 0.16522 0.0467
0 0.84828 0.70875 0.1495 0.04689
0 0.1849 0.76864 0.12779 0.07194
0 0.36199 0.82852 0.13377 0.0724
0 0.50857 0.88841 0.18921 0.04444
0 0.62643 0.96314 0.12648 0.04402
0 0.82641 0.05513 0.15548 0.04923
0 0.23174 0.10990 0.1913 0.06046
0 0.39627 0.16979 0.18679 0.06067
0 0.52184 0.22967 0.19493 0.07225
0 0.6904 0.28956 0.12076 0.05674
0 0.83813 0.34944 0.14291 0.05563
0 0.1791 0.40933 0.20022 0.06946
0 0.34344 0.46921 0.12321 0.04885
0 0.50338 0.52910 0.14633 0.04902
0 0.65113 0.58898 0.13058 0.0524
0 0.79624 0.64887 0.13678 0.07966
0 0.23858 0.70875 0.11591 0.04579
0 0.39182 0.76864 0.11433 0.07479
0 0.53732 0.82852 0.12184 0.05701
0 0.70977 0.88841 0.11093 0.05254
0 0.83778 0.96314 0.18896 0.07209