0 0.17063 0.05474 0.11386 0.04346
0 0.31935 0.11126 0.11293 0.0526
0 0.4691 0.17137 0.14347 0.06013
0 0.63427 0.23147 0.14032 0.05475
0 0.80399 0.29157 0.17926 0.07908
0 0.2404 0.35167 0.18747 0.04464
0 0.38756 0.41177 0.1257 0.04272
0 0.54094 0.47187 0.14481 0.04579
0 0.68586 0.53197 0.15635 0.07206
0 0.86654 0.59208 0.11461 0.04797
0 0.16636 0.65218 0.18751 0.0559
0 0.3177 0.71228 0.123 0.05496
0 0.47081 0.77238 0.11403 0.07229
0 0.61062 0.83248 0.11766 0.074
0 0.82512 0.89258 0.165 0.06774
0 0.23603 0.95700 0.16213 0.06287
0 0.40168 0.05474 0.18988 0.07982
0 0.5336 0.11126 0.15053 0.04817
0 0.69461 0.17137 0.16769 0.06825
0 0.83615 0.23147 0.15564 0.07633
0 0.16572 0.29157 0.17842 0.05942
0 0.35504 0.35167 0.11442 0.07609
0 0.5289 0.41177 0.12878 0.05121
0 0.64104 0.47187 0.15029 0.07413
0 0.78429 0.53197 0.15066 0.0445
0 0.23708 0.59208 0.135 0.0705
0 0.38886 0.65218 0.10674 0.06634
0 0.529 0.71228 0.18164 0.05087
0 0.65355 0.77238 0.13348 0.07907
0 0.8442 0.83248 0.16923 0.06925
0 0.1662 0.89258 0.11899 0.04537
0 0.34375 0.95700 0.11217 0.06956
0 0.49687 0.05474 0.14491 0.05801
0 0.62683 0.11126 0.12478 0.07805
0 0.79572 0.17137 0.1301 0.04856
0 0.23748 0.23147 0.18111 0.05861
0 0.39253 0.29157 0.14477 0.044
0 0.52803 0.35167 0.18855 0.07335
0 0.69488 0.41177 0.11455 0.05513
0 0.84494 0.47187 0.11533 0.04368
0 0.14218 0.53197 0.13021 0.05816
0 0.34219 0.59208 0.11011 0.05292
0 0.4963 0.65218 0.11295 0.07865
0 0.64072 0.71228 0.13857 0.06083
0 0.80254 0.77238 0.1749 0.04424
0 0.2334 0.83248 0.15894 0.06216
0 0.39899 0.89258 0.16864 0.0763
0 0.54971 0.95700 0.12339 0.07967
0 0.68645 0.05474 0.13936 0.04902
0 0.83249 0.11126 0.11922 0.0604
0 0.15146 0.17137 0.17966 0.06692
0 0.36955 0.23147 0.15605 0.04816
0 0.4989 0.29157 0.14481 0.06112
0 0.6483 0.35167 0.12344 0.05262
0 0.81058 0.41177 0.19272 0.06425
0 0.22112 0.47187 0.17112 0.07674
0 0.40365 0.53197 0.18274 0.07265
0 0.54717 0.59208 0.14352 0.05544
0 0.68288 0.65218 0.12112 0.07002
0 0.84974 0.71228 0.19056 0.05622
0 0.18217 0.77238 0.16614 0.06287
0 0.36159 0.83248 0.12971 0.0636
0 0.49589 0.89258 0.17583 0.07869
0 0.6546 0.95700 0.11758 0.04738
0 0.82919 0.05474 0.17672 0.0681
0 0.23602 0.11126 0.16076 0.06537
0 0.39808 0.17137 0.19194 0.06176
0 0.52118 0.23147 0.15979 0.05542
0 0.68181 0.29157 0.14232 0.04256
0 0.84291 0.35167 0.17365 0.06217
0 0.18486 0.41177 0.14755 0.06203
0 0.34619 0.47187 0.1823 0.05658
0 0.50094 0.53197 0.19164 0.06017
0 0.65164 0.59208 0.17638 0.07613
0 0.78983 0.65218 0.16462 0.05413
0 0.23317 0.71228 0.12031 0.07029
0 0.38854 0.77238 0.12379 0.05897
0 0.55378 0.83248 0.14891 0.05702
0 0.6991 0.89258 0.1749 0.06963
0 0.86431 0.95700 0.18163 0.06508