0 0.17166 0.05484 0.12644 0.06156
0 0.32228 0.11074 0.15785 0.07671
0 0.48023 0.17192 0.13665 0.07236
0 0.61363 0.23310 0.18542 0.05588
0 0.79776 0.29427 0.12282 0.07288
0 0.24107 0.35545 0.13164 0.05295
0 0.38384 0.41663 0.19795 0.07146
0 0.54061 0.47781 0.19757 0.07083
0 0.69179 0.53899 0.1215 0.05671
0 0.83161 0.60017 0.13896 0.06114
0 0.16579 0.66134 0.17647 0.06474
0 0.32861 0.72252 0.1342 0.0703
0 0.45274 0.78370 0.16346 0.04402
0 0.61383 0.84488 0.18734 0.05356
0 0.81485 0.90606 0.13294 0.05034
0 0.238 0.96243 0.17495 0.06027
0 0.40374 0.05484 0.1316 0.06625
0 0.54192 0.11074 0.17973 0.0777
0 0.67133 0.17192 0.1947 0.05692
0 0.85387 0.23310 0.13763 0.0489
0 0.16619 0.29427 0.1853 0.06543
0 0.36384 0.35545 0.12254 0.04248
0 0.50405 0.41663 0.14376 0.043
0 0.66538 0.47781 0.1071 0.05863
0 0.80247 0.53899 0.19917 0.06441
0 0.24192 0.60017 0.13308 0.05085
0 0.38255 0.66134 0.11656 0.05353
0 0.54025 0.72252 0.19498 0.04466
0 0.67927 0.78370 0.11581 0.05692
0 0.83154 0.84488 0.11294 0.04488
0 0.17036 0.90606 0.16657 0.07036
0 0.35151 0.96243 0.12626 0.04254
0 0.48397 0.05484 0.17191 0.05473
0 0.61635 0.11074 0.11886 0.06792
0 0.80707 0.17192 0.13171 0.04546
0 0.23176 0.23310 0.15189 0.06961
0 0.38594 0.29427 0.10702 0.07796
0 0.52057 0.35545 0.10783 0.06338
0 0.6796 0.41663 0.12889 0.05673
0 0.84953 0.47781 0.13042 0.04371
0 0.14068 0.53899 0.15268 0.06488
0 0.33856 0.60017 0.11902 0.05634
0 0.4857 0.66134 0.11088 0.07935
0 0.63282 0.72252 0.19347 0.05773
0 0.81811 0.78370 0.16197 0.06205
0 0.24263 0.84488 0.19495 0.05443
0 0.40229 0.90606 0.18747 0.07927
0 0.55267 0.96243 0.16671 0.06338
0 0.66717 0.05484 0.16202 0.0563
0 0.86684 0.11074 0.19229 0.058
0 0.15069 0.17192 0.11537 0.06091
0 0.35512 0.23310 0.18663 0.04329
0 0.50975 0.29427 0.15877 0.05027
0 0.65684 0.35545 0.14347 0.07647
0 0.82398 0.41663 0.12176 0.05151
0 0.22856 0.47781 0.11318 0.04604
0 0.41481 0.53899 0.19187 0.04991
0 0.5493 0.60017 0.15122 0.07441
0 0.6672 0.66134 0.14812 0.07217
0 0.86665 0.72252 0.13547 0.06995
0 0.17938 0.78370 0.14353 0.04878
0 0.35753 0.84488 0.14307 0.05193
0 0.50022 0.90606 0.1408 0.05249
0 0.65022 0.96243 0.12073 0.05279
0 0.81028 0.05484 0.1285 0.07801
0 0.24247 0.11074 0.11803 0.04354
0 0.38242 0.17192 0.15994 0.07507
0 0.52008 0.23310 0.1233 0.05793
0 0.6741 0.29427 0.14391 0.07705
0 0.8595 0.35545 0.12366 0.0533
0 0.18024 0.41663 0.19023 0.05907
0 0.34595 0.47781 0.14978 0.05055
0 0.49532 0.53899 0.1635 0.05005
0 0.66159 0.60017 0.14874 0.0485
0 0.82468 0.66134 0.15442 0.06621
0 0.23374 0.72252 0.18329 0.04828
0 0.39208 0.78370 0.11481 0.06705
0 0.53382 0.84488 0.17812 0.07991
0 0.69355 0.90606 0.16565 0.07351
0 0.85674 0.96243 0.13748 0.0569