0 0.1662 0.05543 0.14916 0.05344
0 0.32337 0.11096 0.11159 0.04685
0 0.47665 0.17184 0.17716 0.0695
0 0.62529 0.23272 0.17741 0.07052
0 0.80002 0.29361 0.13269 0.05455
0 0.23302 0.35449 0.16051 0.07473
0 0.39499 0.41537 0.16836 0.05895
0 0.54312 0.47626 0.11811 0.07546
0 0.70992 0.53714 0.17926 0.07194
0 0.83193 0.59803 0.10689 0.06517
0 0.16583 0.65891 0.18297 0.0572
0 0.31434 0.71979 0.16225 0.06685
0 0.45379 0.78068 0.19876 0.07943
0 0.60245 0.84156 0.1263 0.05859
0 0.79771 0.90245 0.1475 0.0755
0 0.24248 0.94026 0.14971 0.04626
0 0.40015 0.05543 0.14223 0.06607
0 0.535 0.11096 0.14285 0.05384
0 0.68926 0.17184 0.13082 0.06096
0 0.84788 0.23272 0.14835 0.07041
0 0.16837 0.29361 0.14511 0.07031
0 0.35644 0.35449 0.163 0.0542
0 0.52412 0.41537 0.15025 0.06967
0 0.66504 0.47626 0.10976 0.05775
0 0.78239 0.53714 0.12052 0.06244
0 0.23427 0.59803 0.15098 0.049
0 0.39697 0.65891 0.17767 0.06867
0 0.54057 0.71979 0.10799 0.05503
0 0.6669 0.78068 0.18105 0.07319
0 0.84097 0.84156 0.13115 0.05479
0 0.16596 0.90245 0.14816 0.05577
0 0.35296 0.94026 0.12386 0.05755
0 0.48917 0.05543 0.11833 0.07955
0 0.62014 0.11096 0.15596 0.05005
0 0.79393 0.17184 0.18525 0.04619
0 0.23589 0.23272 0.18572 0.06867
0 0.39824 0.29361 0.11109 0.04396
0 0.53449 0.35449 0.15053 0.06439
0 0.68379 0.41537 0.1925 0.05019
0 0.85144 0.47626 0.13237 0.06227
0 0.1414 0.53714 0.18177 0.07087
0 0.34312 0.59803 0.11436 0.0572
0 0.49129 0.65891 0.13719 0.06976
0 0.61686 0.71979 0.12922 0.05271
0 0.81577 0.78068 0.13197 0.04778
0 0.23999 0.84156 0.1536 0.04976
0 0.40395 0.90245 0.14329 0.05315
0 0.53776 0.94026 0.11609 0.04683
0 0.6968 0.05543 0.19159 0.04473
0 0.85956 0.11096 0.14504 0.06958
0 0.15192 0.17184 0.19401 0.07995
0 0.36645 0.23272 0.14105 0.05269
0 0.50425 0.29361 0.13879 0.077
0 0.65499 0.35449 0.16406 0.04429
0 0.79271 0.41537 0.12995 0.07154
0 0.21947 0.47626 0.14575 0.07148
0 0.40992 0.53714 0.13848 0.06602
0 0.54818 0.59803 0.15164 0.06695
0 0.70006 0.65891 0.15794 0.07013
0 0.86144 0.71979 0.13533 0.05066
0 0.17744 0.78068 0.1995 0.04925
0 0.3646 0.84156 0.15832 0.05889
0 0.51171 0.90245 0.16415 0.04592
0 0.63916 0.94026 0.10795 0.07131
0 0.82663 0.05543 0.19217 0.05911
0 0.23921 0.11096 0.16449 0.04726
0 0.39232 0.17184 0.14628 0.05308
0 0.5393 0.23272 0.11447 0.06406
0 0.66955 0.29361 0.13298 0.07873
0 0.83746 0.35449 0.12916 0.06821
0 0.17869 0.41537 0.12442 0.06168
0 0.34887 0.47626 0.11881 0.07013
0 0.49762 0.53714 0.16686 0.06459
0 0.65216 0.59803 0.12296 0.04294
0 0.81437 0.65891 0.11972 0.05758
0 0.23306 0.71979 0.15129 0.06174
0 0.38653 0.78068 0.11173 0.04365
0 0.53868 0.84156 0.17751 0.06083
0 0.69545 0.90245 0.15077 0.07754
0 0.86888 0.94026 0.17116 0.05089