0 0.16944 0.05459 0.16613 0.06969
0 0.32172 0.10895 0.11843 0.05047
0 0.47583 0.17047 0.19116 0.05363
0 0.61681 0.23198 0.19274 0.06415
0 0.81701 0.29349 0.15841 0.07114
0 0.23479 0.35501 0.13688 0.0734
0 0.399 0.41652 0.19215 0.06075
0 0.53418 0.47803 0.14698 0.06015
0 0.70684 0.53955 0.17992 0.0613
0 0.84907 0.60106 0.12794 0.07101
0 0.17073 0.66258 0.12939 0.05349
0 0.32662 0.72409 0.11183 0.07313
0 0.46405 0.78560 0.15647 0.06893
0 0.62863 0.84712 0.152 0.04262
0 0.82424 0.90863 0.18149 0.04837
0 0.23698 0.93964 0.16991 0.06728
0 0.41298 0.05459 0.17184 0.07479
0 0.53964 0.10895 0.13961 0.05727
0 0.68861 0.17047 0.15845 0.06852
0 0.86992 0.23198 0.15613 0.07943
0 0.1667 0.29349 0.14229 0.07707
0 0.36988 0.35501 0.17689 0.06186
0 0.51947 0.41652 0.17016 0.06632
0 0.64267 0.47803 0.1618 0.05676
0 0.80432 0.53955 0.11283 0.04585
0 0.23288 0.60106 0.12023 0.05116
0 0.3977 0.66258 0.13637 0.0456
0 0.51857 0.72409 0.18839 0.07968
0 0.66539 0.78560 0.18053 0.05985
0 0.85305 0.84712 0.16956 0.07131
0 0.16763 0.90863 0.1438 0.07061
0 0.35047 0.93964 0.19599 0.06015
0 0.49342 0.05459 0.18643 0.05933
0 0.62526 0.10895 0.14274 0.07274
0 0.78414 0.17047 0.17022 0.06504
0 0.23594 0.23198 0.15012 0.05853
0 0.39668 0.29349 0.12029 0.0542
0 0.53032 0.35501 0.12873 0.05411
0 0.67032 0.41652 0.12664 0.06954
0 0.83314 0.47803 0.16094 0.06834
0 0.14235 0.53955 0.13654 0.06329
0 0.32921 0.60106 0.10856 0.07558
0 0.49495 0.66258 0.16293 0.04486
0 0.64306 0.72409 0.15757 0.07604
0 0.79574 0.78560 0.16316 0.06601
0 0.24208 0.84712 0.15198 0.04471
0 0.40186 0.90863 0.20004 0.07945
0 0.54956 0.93964 0.1353 0.07618
0 0.66941 0.05459 0.13166 0.05386
0 0.84541 0.10895 0.12541 0.06291
0 0.15628 0.17047 0.1872 0.05555
0 0.36201 0.23198 0.11817 0.0562
0 0.49262 0.29349 0.18315 0.06178
0 0.6426 0.35501 0.18711 0.07266
0 0.80641 0.41652 0.15296 0.0604
0 0.22646 0.47803 0.18832 0.07978
0 0.41316 0.53955 0.17306 0.0565
0 0.54918 0.60106 0.16543 0.07437
0 0.68708 0.66258 0.1656 0.04371
0 0.85153 0.72409 0.19296 0.07171
0 0.18472 0.78560 0.19879 0.05497
0 0.36053 0.84712 0.16919 0.05224
0 0.50471 0.90863 0.11995 0.06692
0 0.628 0.93964 0.10922 0.07887
0 0.81917 0.05459 0.12626 0.06446
0 0.23606 0.10895 0.13762 0.07512
0 0.38533 0.17047 0.15871 0.06211
0 0.52151 0.23198 0.14359 0.05797
0 0.68723 0.29349 0.11065 0.06279
0 0.83611 0.35501 0.15328 0.05324
0 0.17703 0.41652 0.14798 0.06808
0 0.3546 0.47803 0.13511 0.05777
0 0.49467 0.53955 0.18712 0.04751
0 0.64231 0.60106 0.15695 0.06437
0 0.79311 0.66258 0.13947 0.04709
0 0.2403 0.72409 0.11415 0.07795
0 0.39909 0.78560 0.1444 0.05461
0 0.53377 0.84712 0.14985 0.06962
0 0.70239 0.90863 0.12703 0.07374
0 0.86529 0.93964 0.11262 0.04479