0 0.16637 0.05607 0.1683 0.04926
0 0.31788 0.11205 0.15414 0.0547
0 0.47308 0.17187 0.15701 0.04996
0 0.62648 0.23169 0.16202 0.06232
0 0.80347 0.29151 0.17048 0.04279
0 0.23425 0.35133 0.13673 0.04793
0 0.398 0.41115 0.18832 0.0641
0 0.55276 0.47098 0.10693 0.04389
0 0.71257 0.53080 0.18334 0.06331
0 0.84027 0.59062 0.16207 0.07492
0 0.16686 0.65044 0.19883 0.06853
0 0.32783 0.71026 0.13286 0.07955
0 0.45014 0.77008 0.15938 0.05591
0 0.61299 0.82990 0.11204 0.05903
0 0.80667 0.88972 0.13548 0.0715
0 0.24291 0.93761 0.1117 0.05859
0 0.40898 0.05607 0.12581 0.05187
0 0.55561 0.11205 0.16565 0.04939
0 0.68755 0.17187 0.17666 0.06016
0 0.86228 0.23169 0.15357 0.04948
0 0.16625 0.29151 0.11188 0.07819
0 0.3669 0.35133 0.18433 0.06349
0 0.50833 0.41115 0.13827 0.0601
0 0.67087 0.47098 0.12324 0.04982
0 0.80422 0.53080 0.13908 0.07027
0 0.23611 0.59062 0.11887 0.06768
0 0.3958 0.65044 0.11073 0.06228
0 0.52091 0.71026 0.15416 0.071
0 0.65657 0.77008 0.18126 0.05163
0 0.82475 0.82990 0.12908 0.07714
0 0.16713 0.88972 0.10883 0.0536
0 0.34374 0.93761 0.10886 0.0757
0 0.49574 0.05607 0.10738 0.07381
0 0.61621 0.11205 0.16526 0.06168
0 0.77637 0.17187 0.12468 0.05475
0 0.23984 0.23169 0.18134 0.05958
0 0.38514 0.29151 0.13544 0.07557
0 0.52035 0.35133 0.16265 0.05452
0 0.68367 0.41115 0.10965 0.04935
0 0.83254 0.47098 0.16169 0.06818
0 0.13851 0.53080 0.19863 0.07498
0 0.33627 0.59062 0.11046 0.06261
0 0.48174 0.65044 0.11569 0.04444
0 0.63453 0.71026 0.16622 0.04271
0 0.8003 0.77008 0.13573 0.05122
0 0.2427 0.82990 0.1245 0.05035
0 0.40904 0.88972 0.13295 0.05234
0 0.53092 0.93761 0.13731 0.0466
0 0.67923 0.05607 0.17395 0.05145
0 0.83363 0.11205 0.11264 0.05737
0 0.15178 0.17187 0.15348 0.07179
0 0.35924 0.23169 0.11354 0.06322
0 0.49764 0.29151 0.14891 0.06018
0 0.62974 0.35133 0.17287 0.04785
0 0.8277 0.41115 0.17434 0.05368
0 0.22641 0.47098 0.13044 0.04484
0 0.40844 0.53080 0.15751 0.07217
0 0.54511 0.59062 0.1984 0.0546
0 0.69366 0.65044 0.14 0.06023
0 0.85205 0.71026 0.1847 0.0686
0 0.17879 0.77008 0.11504 0.04923
0 0.36261 0.82990 0.20013 0.04639
0 0.49235 0.88972 0.17593 0.06939
0 0.63057 0.93761 0.19621 0.04825
0 0.81109 0.05607 0.19864 0.06193
0 0.2314 0.11205 0.14027 0.06221
0 0.38948 0.17187 0.1326 0.05804
0 0.51873 0.23169 0.17732 0.04715
0 0.68819 0.29151 0.15183 0.06297
0 0.85991 0.35133 0.18684 0.04614
0 0.18454 0.41115 0.13295 0.07844
0 0.34715 0.47098 0.12073 0.07629
0 0.49099 0.53080 0.10716 0.05076
0 0.65627 0.59062 0.16272 0.04577
0 0.80857 0.65044 0.17031 0.06833
0 0.23866 0.71026 0.19954 0.06675
0 0.39854 0.77008 0.18203 0.06297
0 0.55028 0.82990 0.13367 0.05243
0 0.71417 0.88972 0.14075 0.04252
0 0.85262 0.93761 0.13609 0.06432