0 0.16481 0.05518 0.15369 0.07792
0 0.32126 0.11089 0.14145 0.07922
0 0.47573 0.17054 0.15136 0.0465
0 0.61766 0.23019 0.13835 0.04917
0 0.80934 0.28984 0.17934 0.07058
0 0.23771 0.34950 0.14226 0.04429
0 0.38498 0.40915 0.17315 0.04511
0 0.54771 0.46880 0.15141 0.06087
0 0.68147 0.52845 0.17481 0.07448
0 0.84378 0.58810 0.19446 0.08003
0 0.16777 0.64775 0.15483 0.04259
0 0.31827 0.70740 0.19121 0.06289
0 0.46297 0.76705 0.12664 0.07491
0 0.60995 0.82670 0.18839 0.07671
0 0.79488 0.88635 0.11386 0.07431
0 0.24218 0.94884 0.14994 0.07557
0 0.40762 0.05518 0.10813 0.07057
0 0.54868 0.11089 0.18227 0.04686
0 0.68992 0.17054 0.12296 0.06162
0 0.86182 0.23019 0.12166 0.04879
0 0.17035 0.28984 0.12319 0.07377
0 0.36322 0.34950 0.17126 0.07742
0 0.50751 0.40915 0.12622 0.04882
0 0.65215 0.46880 0.13417 0.07575
0 0.80833 0.52845 0.17851 0.05705
0 0.23341 0.58810 0.15331 0.05685
0 0.38753 0.64775 0.19181 0.05266
0 0.54273 0.70740 0.11152 0.07516
0 0.68021 0.76705 0.14724 0.07039
0 0.82592 0.82670 0.16002 0.05932
0 0.17166 0.88635 0.15934 0.06919
0 0.34138 0.94884 0.18374 0.07804
0 0.48673 0.05518 0.11795 0.04899
0 0.61124 0.11089 0.13436 0.05165
0 0.79168 0.17054 0.10627 0.0666
0 0.23271 0.23019 0.19574 0.07292
0 0.38936 0.28984 0.17831 0.07461
0 0.53341 0.34950 0.1769 0.05744
0 0.70057 0.40915 0.11916 0.04678
0 0.82583 0.46880 0.139 0.04545
0 0.13857 0.52845 0.12033 0.05602
0 0.3311 0.58810 0.1529 0.07369
0 0.48347 0.64775 0.18231 0.05052
0 0.61839 0.70740 0.16573 0.07226
0 0.79037 0.76705 0.17097 0.06712
0 0.23669 0.82670 0.16637 0.04341
0 0.39963 0.88635 0.17483 0.07206
0 0.55436 0.94884 0.18713 0.07722
0 0.68493 0.05518 0.16518 0.06099
0 0.869 0.11089 0.12309 0.07388
0 0.15716 0.17054 0.16012 0.04738
0 0.36446 0.23019 0.12149 0.07108
0 0.49297 0.28984 0.19149 0.07734
0 0.65571 0.34950 0.11336 0.07383
0 0.81335 0.40915 0.13798 0.05221
0 0.2276 0.46880 0.16081 0.05046
0 0.40327 0.52845 0.15087 0.06212
0 0.54728 0.58810 0.18199 0.05741
0 0.66935 0.64775 0.15611 0.06049
0 0.86945 0.70740 0.1275 0.07991
0 0.18274 0.76705 0.17296 0.06522
0 0.35578 0.82670 0.12008 0.07806
0 0.50751 0.88635 0.16811 0.06092
0 0.63875 0.94884 0.16584 0.05894
0 0.79286 0.05518 0.12769 0.07157
0 0.23392 0.11089 0.12325 0.07049
0 0.38595 0.17054 0.12175 0.05913
0 0.5232 0.23019 0.12017 0.04443
0 0.69087 0.28984 0.12518 0.04574
0 0.86222 0.34950 0.1961 0.07252
0 0.18189 0.40915 0.10757 0.06715
0 0.34989 0.46880 0.19634 0.04365
0 0.50576 0.52845 0.10849 0.06343
0 0.67189 0.58810 0.19762 0.06957
0 0.81499 0.64775 0.13412 0.04659
0 0.23848 0.70740 0.15557 0.0506
0 0.39879 0.76705 0.18737 0.07301
0 0.54629 0.82670 0.19058 0.04766
0 0.6922 0.88635 0.12389 0.07568
0 0.87082 0.94884 0.16836 0.07726