0 0.16765 0.05604 0.12835 0.07791
0 0.32421 0.11112 0.14285 0.05672
0 0.48101 0.17247 0.11812 0.07599
0 0.63325 0.23382 0.11594 0.05164
0 0.80125 0.29517 0.13734 0.04606
0 0.24277 0.35652 0.17633 0.05048
0 0.38817 0.41787 0.14493 0.05988
0 0.53574 0.47921 0.18688 0.07299
0 0.70113 0.54056 0.16177 0.06659
0 0.85096 0.60191 0.17001 0.06349
0 0.16539 0.66326 0.15652 0.06806
0 0.32811 0.72461 0.11477 0.05474
0 0.4603 0.78596 0.14294 0.05955
0 0.62678 0.84731 0.14823 0.06752
0 0.79477 0.90865 0.1116 0.05464
0 0.23504 0.95906 0.17366 0.05634
0 0.4031 0.05604 0.13421 0.06861
0 0.54181 0.11112 0.19996 0.05712
0 0.69981 0.17247 0.11404 0.05855
0 0.83814 0.23382 0.1075 0.05079
0 0.16964 0.29517 0.12489 0.0708
0 0.371 0.35652 0.18217 0.07165
0 0.51822 0.41787 0.1504 0.05886
0 0.64231 0.47921 0.13553 0.04512
0 0.77827 0.54056 0.13302 0.06749
0 0.23882 0.60191 0.19849 0.05869
0 0.385 0.66326 0.17756 0.07743
0 0.53707 0.72461 0.11836 0.07058
0 0.66428 0.78596 0.1652 0.056
0 0.83582 0.84731 0.14919 0.05662
0 0.16716 0.90865 0.16983 0.04821
0 0.34608 0.95906 0.17274 0.06747
0 0.49324 0.05604 0.12244 0.04917
0 0.61805 0.11112 0.15364 0.07571
0 0.78044 0.17247 0.15621 0.04288
0 0.23206 0.23382 0.15662 0.0446
0 0.3895 0.29517 0.14526 0.07146
0 0.54182 0.35652 0.15848 0.04417
0 0.67058 0.41787 0.16976 0.07547
0 0.81756 0.47921 0.15429 0.07142
0 0.14084 0.54056 0.15933 0.04611
0 0.33891 0.60191 0.11495 0.05923
0 0.48229 0.66326 0.15039 0.06432
0 0.64005 0.72461 0.12191 0.06531
0 0.81336 0.78596 0.17405 0.05022
0 0.23834 0.84731 0.19866 0.04822
0 0.40306 0.90865 0.1927 0.06151
0 0.53296 0.95906 0.14438 0.06067
0 0.6917 0.05604 0.17645 0.04706
0 0.86646 0.11112 0.14745 0.05374
0 0.15235 0.17247 0.18606 0.04756
0 0.36966 0.23382 0.14806 0.04441
0 0.51055 0.29517 0.17359 0.05692
0 0.63224 0.35652 0.168 0.07032
0 0.81607 0.41787 0.11241 0.06716
0 0.21872 0.47921 0.16391 0.07856
0 0.40766 0.54056 0.12833 0.06148
0 0.54607 0.60191 0.1563 0.06641
0 0.69795 0.66326 0.12329 0.05548
0 0.8653 0.72461 0.19884 0.05171
0 0.18017 0.78596 0.17132 0.0783
0 0.36769 0.84731 0.13345 0.04866
0 0.50836 0.90865 0.16928 0.06232
0 0.62868 0.95906 0.16019 0.08002
0 0.80993 0.05604 0.18315 0.07672
0 0.23499 0.11112 0.12968 0.06701
0 0.39273 0.17247 0.1281 0.04738
0 0.53056 0.23382 0.13148 0.06974
0 0.6727 0.29517 0.12627 0.06631
0 0.86457 0.35652 0.19768 0.0725
0 0.18283 0.41787 0.19507 0.07064
0 0.34959 0.47921 0.19018 0.04372
0 0.51226 0.54056 0.10926 0.06139
0 0.6415 0.60191 0.13436 0.0566
0 0.80117 0.66326 0.13839 0.07611
0 0.23815 0.72461 0.12626 0.04932
0 0.39086 0.78596 0.19885 0.04679
0 0.55058 0.84731 0.13494 0.0576
0 0.69695 0.90865 0.17239 0.06812
0 0.8696 0.95906 0.14871 0.07073