0 0.17107 0.05458 0.19688 0.05926
0 0.32136 0.11013 0.15847 0.05391
0 0.47798 0.16975 0.13512 0.06039
0 0.64227 0.22937 0.19043 0.0556
0 0.82248 0.28900 0.13587 0.05646
0 0.23463 0.34862 0.15161 0.07585
0 0.38394 0.40824 0.11447 0.05713
0 0.55341 0.46787 0.18654 0.04966
0 0.70037 0.52749 0.16194 0.04751
0 0.84801 0.58711 0.17393 0.05975
0 0.1706 0.64674 0.12958 0.05687
0 0.3133 0.70636 0.15793 0.07378
0 0.46809 0.76599 0.13927 0.05381
0 0.60519 0.82561 0.19572 0.07424
0 0.79535 0.88523 0.11578 0.07807
0 0.23626 0.95444 0.11737 0.04258
0 0.41167 0.05458 0.15384 0.06635
0 0.55303 0.11013 0.14103 0.07693
0 0.70074 0.16975 0.11561 0.04268
0 0.85879 0.22937 0.12746 0.04723
0 0.16412 0.28900 0.16061 0.06967
0 0.35682 0.34862 0.15336 0.07278
0 0.52643 0.40824 0.13318 0.07356
0 0.64241 0.46787 0.15622 0.05481
0 0.7799 0.52749 0.18517 0.05468
0 0.23681 0.58711 0.139 0.04822
0 0.38617 0.64674 0.16791 0.05319
0 0.52251 0.70636 0.17689 0.05787
0 0.66152 0.76599 0.13881 0.078
0 0.84513 0.82561 0.19941 0.06267
0 0.16874 0.88523 0.16298 0.05482
0 0.34699 0.95444 0.10646 0.07847
0 0.50022 0.05458 0.19957 0.07347
0 0.6051 0.11013 0.16988 0.0784
0 0.80128 0.16975 0.16975 0.05806
0 0.23691 0.22937 0.10827 0.04744
0 0.38965 0.28900 0.18344 0.06105
0 0.52577 0.34862 0.13458 0.0556
0 0.6903 0.40824 0.12022 0.0444
0 0.82727 0.46787 0.13245 0.07118
0 0.137 0.52749 0.13748 0.06095
0 0.32944 0.58711 0.13461 0.04876
0 0.47683 0.64674 0.15491 0.05492
0 0.61648 0.70636 0.18043 0.07271
0 0.79815 0.76599 0.13789 0.04873
0 0.23894 0.82561 0.16183 0.06445
0 0.40356 0.88523 0.15936 0.04386
0 0.5379 0.95444 0.12704 0.05736
0 0.69623 0.05458 0.17939 0.05569
0 0.83322 0.11013 0.14424 0.04568
0 0.15379 0.16975 0.12254 0.046
0 0.37006 0.22937 0.13487 0.06185
0 0.50388 0.28900 0.18186 0.0541
0 0.65396 0.34862 0.19225 0.06631
0 0.80859 0.40824 0.18727 0.04905
0 0.22576 0.46787 0.1934 0.05665
0 0.40571 0.52749 0.18182 0.07355
0 0.5375 0.58711 0.14517 0.06216
0 0.69367 0.64674 0.13526 0.05193
0 0.85082 0.70636 0.13842 0.05071
0 0.18156 0.76599 0.15231 0.07536
0 0.3708 0.82561 0.18572 0.04758
0 0.49944 0.88523 0.11576 0.04307
0 0.63108 0.95444 0.15917 0.06869
0 0.80315 0.05458 0.12995 0.06271
0 0.23173 0.11013 0.11754 0.0501
0 0.3948 0.16975 0.11603 0.04342
0 0.53651 0.22937 0.17163 0.07647
0 0.66994 0.28900 0.18888 0.07789
0 0.83077 0.34862 0.19866 0.07961
0 0.18329 0.40824 0.19456 0.04634
0 0.34897 0.46787 0.1532 0.06368
0 0.49601 0.52749 0.16034 0.05899
0 0.65682 0.58711 0.15384 0.06271
0 0.8063 0.64674 0.19552 0.07097
0 0.23473 0.70636 0.10968 0.05756
0 0.39368 0.76599 0.12291 0.05398
0 0.53202 0.82561 0.1677 0.06311
0 0.69256 0.88523 0.12394 0.05806
0 0.87179 0.95444 0.1144 0.06237