0 0.16376 0.05471 0.13594 0.06258
0 0.31756 0.11196 0.19656 0.05974
0 0.46593 0.17180 0.19361 0.06199
0 0.62678 0.23165 0.15284 0.064
0 0.79842 0.29150 0.15243 0.05692
0 0.23792 0.35134 0.19961 0.07471
0 0.38249 0.41119 0.14329 0.05584
0 0.53347 0.47104 0.19538 0.07481
0 0.69182 0.53088 0.11468 0.05827
0 0.85692 0.59073 0.14215 0.05112
0 0.1696 0.65058 0.17494 0.0697
0 0.32018 0.71043 0.17642 0.04595
0 0.45447 0.77027 0.12241 0.04821
0 0.61624 0.83012 0.14019 0.07656
0 0.79802 0.88997 0.16842 0.06406
0 0.2346 0.96155 0.16525 0.06816
0 0.39826 0.05471 0.17439 0.04538
0 0.55184 0.11196 0.16948 0.0557
0 0.66973 0.17180 0.11011 0.05575
0 0.85352 0.23165 0.13433 0.04677
0 0.16943 0.29150 0.15202 0.061
0 0.36568 0.35134 0.13849 0.05877
0 0.52039 0.41119 0.11319 0.05119
0 0.6622 0.47104 0.13776 0.04995
0 0.78022 0.53088 0.11761 0.05212
0 0.23561 0.59073 0.11952 0.04597
0 0.3928 0.65058 0.14156 0.05259
0 0.5264 0.71043 0.17759 0.04983
0 0.6804 0.77027 0.18758 0.05817
0 0.82155 0.83012 0.18683 0.0431
0 0.1668 0.88997 0.11861 0.04967
0 0.35408 0.96155 0.18745 0.05244
0 0.4977 0.05471 0.1621 0.06493
0 0.60968 0.11196 0.16172 0.04682
0 0.8081 0.17180 0.19261 0.04822
0 0.23284 0.23165 0.11134 0.0583
0 0.38788 0.29150 0.1725 0.04409
0 0.52938 0.35134 0.15302 0.06044
0 0.68244 0.41119 0.14055 0.0783
0 0.83275 0.47104 0.20018 0.07605
0 0.13654 0.53088 0.1961 0.07679
0 0.33368 0.59073 0.15446 0.05054
0 0.50048 0.65058 0.16926 0.06601
0 0.63777 0.71043 0.10624 0.04299
0 0.81158 0.77027 0.15254 0.07199
0 0.24091 0.83012 0.15615 0.04275
0 0.4039 0.88997 0.1349 0.07113
0 0.54674 0.96155 0.18713 0.05492
0 0.70093 0.05471 0.11231 0.04637
0 0.86136 0.11196 0.15645 0.0767
0 0.15329 0.17180 0.10666 0.07155
0 0.36502 0.23165 0.16848 0.04711
0 0.49323 0.29150 0.15687 0.07862
0 0.65476 0.35134 0.14808 0.05524
0 0.79615 0.41119 0.17999 0.06537
0 0.22025 0.47104 0.1212 0.06413
0 0.40738 0.53088 0.12064 0.07961
0 0.54422 0.59073 0.18265 0.07963
0 0.68263 0.65058 0.19826 0.05975
0 0.83467 0.71043 0.13295 0.05661
0 0.17774 0.77027 0.16804 0.04363
0 0.37027 0.83012 0.18213 0.06955
0 0.49996 0.88997 0.18338 0.05193
0 0.62689 0.96155 0.13483 0.05777
0 0.80825 0.05471 0.11306 0.07357
0 0.24152 0.11196 0.16429 0.06381
0 0.3979 0.17180 0.1189 0.06415
0 0.53056 0.23165 0.18235 0.0539
0 0.68355 0.29150 0.19826 0.05335
0 0.84031 0.35134 0.19096 0.05266
0 0.18571 0.41119 0.1233 0.06918
0 0.34281 0.47104 0.193 0.05149
0 0.49304 0.53088 0.11894 0.06354
0 0.64982 0.59073 0.11015 0.05472
0 0.82487 0.65058 0.1695 0.05292
0 0.23469 0.71043 0.11811 0.05243
0 0.3928 0.77027 0.12674 0.06138
0 0.53813 0.83012 0.16818 0.06384
0 0.71228 0.88997 0.13648 0.04718
0 0.85592 0.96155 0.15344 0.04427