0 0.16735 0.05486 0.12335 0.07081
0 0.32315 0.11056 0.1398 0.0784
0 0.48149 0.17114 0.19336 0.07898
0 0.6328 0.23172 0.11944 0.07342
0 0.79724 0.29230 0.19943 0.04555
0 0.23676 0.35288 0.1244 0.05594
0 0.38702 0.41346 0.14317 0.05235
0 0.53164 0.47404 0.14322 0.04817
0 0.69153 0.53462 0.11172 0.06781
0 0.87023 0.59521 0.12966 0.04404
0 0.16534 0.65579 0.15376 0.04386
0 0.32221 0.71637 0.11416 0.04531
0 0.47011 0.77695 0.18349 0.05063
0 0.60515 0.83753 0.14961 0.06835
0 0.79508 0.89811 0.16716 0.07494
0 0.23952 0.94898 0.12515 0.04955
0 0.39511 0.05486 0.18884 0.07865
0 0.54949 0.11056 0.18444 0.04343
0 0.69695 0.17114 0.116 0.04252
0 0.83792 0.23172 0.12185 0.06851
0 0.16473 0.29230 0.12681 0.05806
0 0.36663 0.35288 0.19823 0.07021
0 0.51502 0.41346 0.17525 0.05552
0 0.67221 0.47404 0.1315 0.058
0 0.79141 0.53462 0.14298 0.06532
0 0.24133 0.59521 0.16343 0.05057
0 0.38978 0.65579 0.16179 0.06778
0 0.51828 0.71637 0.12898 0.07664
0 0.6628 0.77695 0.13374 0.07909
0 0.8362 0.83753 0.18314 0.07996
0 0.16683 0.89811 0.19465 0.04726
0 0.34384 0.94898 0.11313 0.07975
0 0.49655 0.05486 0.13043 0.07231
0 0.6238 0.11056 0.11026 0.06508
0 0.79179 0.17114 0.14923 0.06085
0 0.23385 0.23172 0.13459 0.06861
0 0.38346 0.29230 0.14284 0.04459
0 0.52929 0.35288 0.13444 0.06768
0 0.69939 0.41346 0.10829 0.07984
0 0.84804 0.47404 0.11544 0.05475
0 0.14299 0.53462 0.16043 0.0454
0 0.3269 0.59521 0.14454 0.07003
0 0.48923 0.65579 0.12783 0.05332
0 0.62734 0.71637 0.14175 0.05999
0 0.82771 0.77695 0.16637 0.07883
0 0.23891 0.83753 0.12091 0.0425
0 0.41303 0.89811 0.12667 0.06215
0 0.54068 0.94898 0.13393 0.07641
0 0.70061 0.05486 0.17045 0.0767
0 0.85597 0.11056 0.18292 0.04407
0 0.15099 0.17114 0.13401 0.06023
0 0.35581 0.23172 0.12126 0.04742
0 0.51481 0.29230 0.18406 0.06623
0 0.63449 0.35288 0.15044 0.07592
0 0.82263 0.41346 0.17799 0.07139
0 0.22046 0.47404 0.18941 0.04666
0 0.41115 0.53462 0.1624 0.04444
0 0.54754 0.59521 0.18176 0.05347
0 0.67751 0.65579 0.18456 0.0743
0 0.83113 0.71637 0.18187 0.06836
0 0.18264 0.77695 0.16979 0.07777
0 0.37158 0.83753 0.15746 0.05348
0 0.50608 0.89811 0.15129 0.04263
0 0.65211 0.94898 0.13555 0.0693
0 0.81596 0.05486 0.15181 0.05367
0 0.23887 0.11056 0.14704 0.05819
0 0.39248 0.17114 0.15939 0.05447
0 0.51835 0.23172 0.13042 0.06268
0 0.6861 0.29230 0.11633 0.0616
0 0.83346 0.35288 0.19693 0.06991
0 0.18157 0.41346 0.11259 0.05339
0 0.35126 0.47404 0.20012 0.06711
0 0.51453 0.53462 0.19446 0.06327
0 0.64418 0.59521 0.15745 0.06053
0 0.81163 0.65579 0.18647 0.05277
0 0.23354 0.71637 0.16282 0.07024
0 0.38218 0.77695 0.14673 0.07345
0 0.55184 0.83753 0.11154 0.05265
0 0.7058 0.89811 0.13543 0.06175
0 0.86016 0.94898 0.10648 0.04243