0 0.16637 0.05600 0.13729 0.0431
0 0.31311 0.11023 0.19306 0.05236
0 0.46601 0.17124 0.17239 0.07412
0 0.62706 0.23224 0.10936 0.0797
0 0.81661 0.29325 0.19026 0.05987
0 0.23173 0.35425 0.19766 0.05623
0 0.39523 0.41525 0.14935 0.06004
0 0.54452 0.47626 0.16848 0.0566
0 0.71011 0.53726 0.17991 0.04485
0 0.85612 0.59827 0.12376 0.05455
0 0.17014 0.65927 0.19583 0.05859
0 0.32336 0.72027 0.12968 0.06792
0 0.46123 0.78128 0.12872 0.06155
0 0.61687 0.84228 0.19523 0.05985
0 0.80241 0.90329 0.11812 0.0735
0 0.23998 0.95129 0.12217 0.07412
0 0.40224 0.05600 0.14284 0.06447
0 0.54916 0.11023 0.1585 0.07513
0 0.66789 0.17124 0.19087 0.07044
0 0.85084 0.23224 0.13266 0.04288
0 0.16624 0.29325 0.16189 0.06409
0 0.37036 0.35425 0.15474 0.06213
0 0.50889 0.41525 0.15971 0.06395
0 0.64381 0.47626 0.11028 0.04527
0 0.79105 0.53726 0.11248 0.0493
0 0.23555 0.59827 0.17985 0.0647
0 0.39282 0.65927 0.18257 0.06949
0 0.54187 0.72027 0.17938 0.07096
0 0.66921 0.78128 0.11593 0.06996
0 0.84957 0.84228 0.19205 0.07693
0 0.16478 0.90329 0.12845 0.07674
0 0.35431 0.95129 0.16545 0.0642
0 0.49256 0.05600 0.13606 0.06303
0 0.60108 0.11023 0.11331 0.06522
0 0.79113 0.17124 0.18429 0.0704
0 0.23878 0.23224 0.16787 0.0772
0 0.39523 0.29325 0.11634 0.06303
0 0.5321 0.35425 0.12218 0.05122
0 0.6712 0.41525 0.16261 0.04965
0 0.84679 0.47626 0.16951 0.06173
0 0.14016 0.53726 0.14161 0.05162
0 0.33468 0.59827 0.17914 0.05351
0 0.48461 0.65927 0.1892 0.0503
0 0.63737 0.72027 0.14157 0.05114
0 0.79635 0.78128 0.15501 0.04954
0 0.24204 0.84228 0.16066 0.06609
0 0.41269 0.90329 0.19195 0.07253
0 0.55506 0.95129 0.14671 0.06902
0 0.67384 0.05600 0.16125 0.07794
0 0.85245 0.11023 0.16972 0.05972
0 0.15719 0.17124 0.13437 0.07877
0 0.35966 0.23224 0.16641 0.05759
0 0.49457 0.29325 0.13807 0.04615
0 0.64968 0.35425 0.16569 0.0457
0 0.8108 0.41525 0.15562 0.05813
0 0.22781 0.47626 0.13645 0.05094
0 0.39731 0.53726 0.14636 0.05103
0 0.55658 0.59827 0.18113 0.04599
0 0.68171 0.65927 0.14539 0.06833
0 0.83376 0.72027 0.13915 0.05058
0 0.1778 0.78128 0.12365 0.07149
0 0.36206 0.84228 0.12554 0.05301
0 0.49746 0.90329 0.14519 0.0682
0 0.65041 0.95129 0.16552 0.06371
0 0.79552 0.05600 0.12935 0.04402
0 0.24177 0.11023 0.15643 0.06543
0 0.3813 0.17124 0.14915 0.04928
0 0.52146 0.23224 0.19737 0.04391
0 0.66782 0.29325 0.17538 0.07091
0 0.86562 0.35425 0.14704 0.06755
0 0.18016 0.41525 0.14882 0.05618
0 0.35755 0.47626 0.199 0.07566
0 0.49012 0.53726 0.15872 0.05863
0 0.66907 0.59827 0.17906 0.05284
0 0.79842 0.65927 0.14154 0.07969
0 0.23419 0.72027 0.15158 0.06657
0 0.39167 0.78128 0.13951 0.07099
0 0.55469 0.84228 0.12149 0.06291
0 0.70237 0.90329 0.14786 0.04973
0 0.84593 0.95129 0.13453 0.05376