0 0.16463 0.05519 0.19196 0.05795
0 0.32702 0.11125 0.12543 0.05632
0 0.46904 0.17222 0.10724 0.05686
0 0.62465 0.23319 0.14677 0.06391
0 0.8157 0.29416 0.1505 0.07234
0 0.24269 0.35513 0.19774 0.0433
0 0.39741 0.41610 0.16104 0.05515
0 0.53352 0.47707 0.12677 0.07866
0 0.70142 0.53804 0.12852 0.061
0 0.83642 0.59901 0.19611 0.04296
0 0.16365 0.65998 0.15239 0.05724
0 0.3181 0.72095 0.13821 0.05595
0 0.46482 0.78192 0.18666 0.06125
0 0.6096 0.84289 0.17499 0.06987
0 0.81631 0.90386 0.12451 0.05832
0 0.23434 0.94582 0.19129 0.07776
0 0.41271 0.05519 0.19564 0.06738
0 0.55648 0.11125 0.13865 0.04626
0 0.67961 0.17222 0.1243 0.07591
0 0.85932 0.23319 0.12844 0.07278
0 0.17159 0.29416 0.12678 0.06849
0 0.35876 0.35513 0.18813 0.07558
0 0.5067 0.41610 0.10943 0.06967
0 0.66218 0.47707 0.16525 0.06349
0 0.79689 0.53804 0.14845 0.04522
0 0.23413 0.59901 0.17957 0.06717
0 0.38186 0.65998 0.15195 0.0432
0 0.53704 0.72095 0.19719 0.04495
0 0.68138 0.78192 0.10861 0.07691
0 0.84334 0.84289 0.19383 0.07334
0 0.16791 0.90386 0.10929 0.0566
0 0.34435 0.94582 0.17207 0.05248
0 0.49827 0.05519 0.1648 0.06305
0 0.59895 0.11125 0.15223 0.05127
0 0.79881 0.17222 0.11349 0.07901
0 0.23495 0.23319 0.12224 0.06295
0 0.39192 0.29416 0.17916 0.06061
0 0.53756 0.35513 0.12026 0.04333
0 0.70037 0.41610 0.2002 0.06767
0 0.83823 0.47707 0.11368 0.07957
0 0.14233 0.53804 0.18927 0.07361
0 0.34068 0.59901 0.1495 0.07212
0 0.4842 0.65998 0.15476 0.04729
0 0.61288 0.72095 0.14788 0.08003
0 0.80449 0.78192 0.19626 0.05805
0 0.23531 0.84289 0.16448 0.07862
0 0.39761 0.90386 0.13772 0.04962
0 0.55187 0.94582 0.1481 0.07062
0 0.69871 0.05519 0.17633 0.07789
0 0.85076 0.11125 0.15828 0.05457
0 0.1499 0.17222 0.17619 0.04247
0 0.36003 0.23319 0.16553 0.07034
0 0.51067 0.29416 0.12157 0.05884
0 0.65437 0.35513 0.16272 0.07019
0 0.80261 0.41610 0.14304 0.06389
0 0.22268 0.47707 0.16196 0.04324
0 0.41166 0.53804 0.1194 0.04434
0 0.53664 0.59901 0.14471 0.04725
0 0.69833 0.65998 0.17449 0.06327
0 0.83496 0.72095 0.16347 0.05426
0 0.18265 0.78192 0.15917 0.0661
0 0.36572 0.84289 0.10683 0.07372
0 0.50339 0.90386 0.11928 0.07097
0 0.64946 0.94582 0.1728 0.05226
0 0.81825 0.05519 0.13029 0.07514
0 0.23656 0.11125 0.17425 0.07062
0 0.39863 0.17222 0.15881 0.07623
0 0.53254 0.23319 0.13768 0.07372
0 0.69974 0.29416 0.14405 0.05197
0 0.83526 0.35513 0.18281 0.06461
0 0.18453 0.41610 0.13948 0.05682
0 0.35719 0.47707 0.14878 0.06393
0 0.51451 0.53804 0.17272 0.05751
0 0.67229 0.59901 0.19724 0.06363
0 0.79622 0.65998 0.18066 0.06167
0 0.23305 0.72095 0.14853 0.04431
0 0.38963 0.78192 0.18642 0.05331
0 0.53497 0.84289 0.14052 0.04709
0 0.70099 0.90386 0.20025 0.05273
0 0.86635 0.94582 0.11397 0.07365