0 0.16705 0.05458 0.15504 0.07331
0 0.3173 0.11075 0.13915 0.05755
0 0.4706 0.17027 0.16441 0.0658
0 0.61932 0.22979 0.18844 0.05081
0 0.79866 0.28930 0.10712 0.05197
0 0.23584 0.34882 0.19693 0.0653
0 0.39626 0.40834 0.18565 0.06278
0 0.54491 0.46785 0.11479 0.06388
0 0.68539 0.52737 0.18965 0.05084
0 0.85705 0.58689 0.15406 0.04977
0 0.16971 0.64640 0.19282 0.06194
0 0.32029 0.70592 0.12464 0.05192
0 0.4639 0.76544 0.17388 0.06509
0 0.6253 0.82496 0.16967 0.04505
0 0.79621 0.88447 0.1702 0.06626
0 0.23869 0.94433 0.10957 0.04756
0 0.40624 0.05458 0.18238 0.05947
0 0.53518 0.11075 0.1374 0.05281
0 0.69371 0.17027 0.11031 0.05175
0 0.84676 0.22979 0.11347 0.07457
0 0.17046 0.28930 0.16402 0.06469
0 0.36981 0.34882 0.14374 0.06331
0 0.51781 0.40834 0.19669 0.05013
0 0.66253 0.46785 0.19878 0.07424
0 0.81538 0.52737 0.13726 0.06528
0 0.23478 0.58689 0.11438 0.07186
0 0.39492 0.64640 0.17801 0.04876
0 0.52765 0.70592 0.14397 0.04631
0 0.67667 0.76544 0.10628 0.06258
0 0.84698 0.82496 0.18482 0.07368
0 0.16351 0.88447 0.13395 0.06267
0 0.35052 0.94433 0.14564 0.07058
0 0.48708 0.05458 0.12004 0.04787
0 0.61674 0.11075 0.12103 0.04793
0 0.78729 0.17027 0.16322 0.07745
0 0.24073 0.22979 0.15944 0.067
0 0.38277 0.28930 0.12288 0.07597
0 0.53306 0.34882 0.17248 0.06226
0 0.68267 0.40834 0.12645 0.05774
0 0.83632 0.46785 0.12904 0.0736
0 0.14223 0.52737 0.14246 0.05335
0 0.33929 0.58689 0.18374 0.04878
0 0.47764 0.64640 0.18392 0.05999
0 0.63246 0.70592 0.14423 0.06539
0 0.82125 0.76544 0.15063 0.04325
0 0.23238 0.82496 0.14976 0.07624
0 0.41378 0.88447 0.11722 0.04652
0 0.55207 0.94433 0.1751 0.05933
0 0.67466 0.05458 0.15601 0.04851
0 0.84621 0.11075 0.1751 0.07429
0 0.15629 0.17027 0.13116 0.06503
0 0.36748 0.22979 0.13227 0.05523
0 0.49858 0.28930 0.16653 0.05327
0 0.65176 0.34882 0.18741 0.06149
0 0.81347 0.40834 0.15161 0.06059
0 0.21892 0.46785 0.12323 0.07477
0 0.40957 0.52737 0.17653 0.054
0 0.53118 0.58689 0.15723 0.07953
0 0.69872 0.64640 0.14782 0.06251
0 0.83998 0.70592 0.11419 0.06104
0 0.18281 0.76544 0.16174 0.06979
0 0.36536 0.82496 0.16987 0.04936
0 0.50561 0.88447 0.17857 0.07585
0 0.63156 0.94433 0.18374 0.06809
0 0.82874 0.05458 0.15335 0.04696
0 0.23953 0.11075 0.13584 0.06744
0 0.38645 0.17027 0.17579 0.073
0 0.52226 0.22979 0.11519 0.06424
0 0.68447 0.28930 0.12554 0.06389
0 0.86887 0.34882 0.1934 0.0522
0 0.1843 0.40834 0.15516 0.07561
0 0.35208 0.46785 0.12942 0.07068
0 0.51128 0.52737 0.14558 0.05188
0 0.66432 0.58689 0.14403 0.04819
0 0.81607 0.64640 0.12651 0.06295
0 0.23529 0.70592 0.16607 0.07375
0 0.39033 0.76544 0.13211 0.05112
0 0.53233 0.82496 0.17185 0.04588
0 0.6892 0.88447 0.13493 0.05096
0 0.86168 0.94433 0.17944 0.07976