0 0.16898 0.05475 0.15452 0.07584
0 0.32335 0.11137 0.13966 0.06741
0 0.48135 0.17258 0.19619 0.05581
0 0.62757 0.23378 0.17893 0.07694
0 0.79463 0.29499 0.17792 0.06699
0 0.23159 0.35620 0.18531 0.07345
0 0.40032 0.41740 0.16624 0.05617
0 0.55612 0.47861 0.13127 0.05987
0 0.68294 0.53982 0.1193 0.06775
0 0.85859 0.60102 0.18962 0.0591
0 0.16698 0.66223 0.11202 0.04725
0 0.32029 0.72344 0.14657 0.05158
0 0.46889 0.78464 0.17616 0.05289
0 0.61535 0.84585 0.18807 0.05247
0 0.80316 0.90706 0.17066 0.06763
0 0.23322 0.95220 0.1739 0.04543
0 0.40057 0.05475 0.17698 0.05422
0 0.5444 0.11137 0.11254 0.05699
0 0.66983 0.17258 0.11248 0.06814
0 0.84732 0.23378 0.1617 0.05217
0 0.16367 0.29499 0.13572 0.05428
0 0.36063 0.35620 0.19823 0.07578
0 0.51136 0.41740 0.16608 0.06888
0 0.65281 0.47861 0.11731 0.06988
0 0.8129 0.53982 0.18106 0.07543
0 0.23466 0.60102 0.1302 0.07217
0 0.38781 0.66223 0.19283 0.07572
0 0.53148 0.72344 0.14397 0.04939
0 0.67005 0.78464 0.13735 0.05402
0 0.82351 0.84585 0.10623 0.0759
0 0.1711 0.90706 0.16427 0.04295
0 0.3407 0.95220 0.1482 0.05845
0 0.48556 0.05475 0.14789 0.05221
0 0.61093 0.11137 0.126 0.06086
0 0.78088 0.17258 0.18733 0.04859
0 0.23526 0.23378 0.16035 0.0607
0 0.39645 0.29499 0.15507 0.05766
0 0.53783 0.35620 0.12443 0.06069
0 0.69395 0.41740 0.12593 0.06971
0 0.84575 0.47861 0.13093 0.06169
0 0.14053 0.53982 0.18485 0.04372
0 0.32792 0.60102 0.11004 0.06663
0 0.48221 0.66223 0.12175 0.06087
0 0.62527 0.72344 0.16754 0.07298
0 0.81137 0.78464 0.12058 0.04765
0 0.2398 0.84585 0.19952 0.04989
0 0.40692 0.90706 0.1739 0.07603
0 0.54158 0.95220 0.11309 0.05223
0 0.70067 0.05475 0.15889 0.06898
0 0.8714 0.11137 0.14119 0.07389
0 0.15333 0.17258 0.18256 0.07136
0 0.35984 0.23378 0.13484 0.07144
0 0.49581 0.29499 0.1984 0.05597
0 0.63774 0.35620 0.1694 0.0584
0 0.80051 0.41740 0.19081 0.07272
0 0.22518 0.47861 0.14065 0.05191
0 0.40788 0.53982 0.11366 0.07166
0 0.53477 0.60102 0.172 0.06022
0 0.67969 0.66223 0.1303 0.04439
0 0.85614 0.72344 0.17816 0.07024
0 0.18311 0.78464 0.17854 0.06483
0 0.36202 0.84585 0.11421 0.07007
0 0.49163 0.90706 0.19212 0.07677
0 0.65775 0.95220 0.1142 0.05011
0 0.80578 0.05475 0.12966 0.06786
0 0.23365 0.11137 0.12754 0.05553
0 0.40017 0.17258 0.13848 0.0445
0 0.54301 0.23378 0.11201 0.07425
0 0.66914 0.29499 0.16121 0.0575
0 0.8502 0.35620 0.14363 0.06073
0 0.18049 0.41740 0.11739 0.05646
0 0.35763 0.47861 0.16828 0.04327
0 0.49178 0.53982 0.16933 0.07143
0 0.6673 0.60102 0.1463 0.05082
0 0.79789 0.66223 0.13219 0.06901
0 0.2369 0.72344 0.17043 0.0451
0 0.38828 0.78464 0.11134 0.07068
0 0.54934 0.84585 0.13326 0.06224
0 0.68177 0.90706 0.18597 0.04421
0 0.83906 0.95220 0.15595 0.05989