0 0.16566 0.05497 0.13103 0.04606
0 0.31775 0.10916 0.15484 0.04582
0 0.47985 0.17010 0.17702 0.04651
0 0.61437 0.23104 0.18534 0.07906
0 0.7974 0.29198 0.10933 0.06139
0 0.23777 0.35292 0.18193 0.07722
0 0.39081 0.41386 0.10892 0.05609
0 0.54614 0.47480 0.15626 0.04328
0 0.68336 0.53574 0.13617 0.07404
0 0.83165 0.59668 0.13362 0.07429
0 0.16829 0.65762 0.16086 0.06707
0 0.32431 0.71856 0.12897 0.06454
0 0.46122 0.77951 0.18318 0.07134
0 0.62754 0.84045 0.18785 0.07194
0 0.82867 0.90139 0.19702 0.07926
0 0.24193 0.95895 0.17439 0.05669
0 0.40535 0.05497 0.17333 0.04737
0 0.54385 0.10916 0.14566 0.04666
0 0.67448 0.17010 0.18504 0.07941
0 0.84478 0.23104 0.10697 0.04607
0 0.16875 0.29198 0.15591 0.06514
0 0.35796 0.35292 0.18623 0.07366
0 0.51889 0.41386 0.16263 0.04454
0 0.65452 0.47480 0.16558 0.04999
0 0.80409 0.53574 0.13903 0.06503
0 0.23982 0.59668 0.12894 0.06811
0 0.38245 0.65762 0.1875 0.06981
0 0.52938 0.71856 0.12698 0.05668
0 0.66505 0.77951 0.17192 0.07579
0 0.83639 0.84045 0.14956 0.04789
0 0.17134 0.90139 0.12783 0.07021
0 0.35316 0.95895 0.18514 0.06311
0 0.47822 0.05497 0.1323 0.05596
0 0.61469 0.10916 0.15787 0.05249
0 0.78694 0.17010 0.16705 0.0754
0 0.23632 0.23104 0.11023 0.06938
0 0.3986 0.29198 0.19412 0.05191
0 0.5348 0.35292 0.12178 0.05943
0 0.67024 0.41386 0.1402 0.04378
0 0.81865 0.47480 0.13207 0.05004
0 0.14194 0.53574 0.16947 0.06321
0 0.33479 0.59668 0.10766 0.04388
0 0.49948 0.65762 0.11315 0.07534
0 0.61591 0.71856 0.11518 0.06244
0 0.81306 0.77951 0.18927 0.07971
0 0.23444 0.84045 0.1139 0.06131
0 0.40263 0.90139 0.10815 0.04437
0 0.5566 0.95895 0.16337 0.0714
0 0.6917 0.05497 0.16764 0.05217
0 0.86451 0.10916 0.11039 0.0512
0 0.153 0.17010 0.12334 0.04644
0 0.363 0.23104 0.1752 0.05851
0 0.51055 0.29198 0.14002 0.05644
0 0.65329 0.35292 0.13151 0.0633
0 0.8228 0.41386 0.17621 0.04745
0 0.22764 0.47480 0.1693 0.05059
0 0.39643 0.53574 0.13331 0.07682
0 0.54829 0.59668 0.13116 0.07149
0 0.69096 0.65762 0.1723 0.05911
0 0.86842 0.71856 0.12346 0.07174
0 0.18413 0.77951 0.15382 0.07489
0 0.36129 0.84045 0.17164 0.05665
0 0.49445 0.90139 0.19011 0.04937
0 0.64501 0.95895 0.10692 0.06565
0 0.80903 0.05497 0.14194 0.07324
0 0.23804 0.10916 0.13537 0.05866
0 0.38648 0.17010 0.18103 0.06166
0 0.54002 0.23104 0.11762 0.06977
0 0.68748 0.29198 0.11954 0.04784
0 0.857 0.35292 0.19077 0.06126
0 0.17836 0.41386 0.16992 0.05112
0 0.34504 0.47480 0.14017 0.04978
0 0.51341 0.53574 0.18056 0.05852
0 0.65761 0.59668 0.12814 0.05763
0 0.82858 0.65762 0.14158 0.0706
0 0.23524 0.71856 0.18161 0.06429
0 0.38167 0.77951 0.10653 0.0777
0 0.53529 0.84045 0.13198 0.05398
0 0.6951 0.90139 0.19124 0.06827
0 0.84344 0.95895 0.19055 0.06059