0 0.16843 0.05461 0.16723 0.07999
0 0.31721 0.10941 0.17957 0.04407
0 0.48514 0.16945 0.19521 0.05025
0 0.61735 0.22948 0.11271 0.05517
0 0.82715 0.28952 0.13101 0.07262
0 0.23915 0.34955 0.127 0.0599
0 0.38958 0.40959 0.12082 0.06737
0 0.54181 0.46962 0.12737 0.07411
0 0.68858 0.52966 0.1362 0.07466
0 0.83434 0.58969 0.1416 0.06022
0 0.17137 0.64973 0.19993 0.04834
0 0.32723 0.70976 0.11478 0.06593
0 0.46902 0.76980 0.16901 0.07735
0 0.60948 0.82984 0.12169 0.06432
0 0.82715 0.88987 0.19619 0.04511
0 0.24266 0.95228 0.18151 0.05725
0 0.41472 0.05461 0.13815 0.05653
0 0.54401 0.10941 0.13353 0.06977
0 0.67689 0.16945 0.17965 0.05459
0 0.85736 0.22948 0.13283 0.06598
0 0.16632 0.28952 0.17006 0.05389
0 0.36246 0.34955 0.14024 0.04507
0 0.50687 0.40959 0.14617 0.06344
0 0.6436 0.46962 0.13693 0.06816
0 0.78935 0.52966 0.12771 0.07428
0 0.23862 0.58969 0.16 0.05751
0 0.39606 0.64973 0.1663 0.05829
0 0.53702 0.70976 0.17471 0.04534
0 0.68069 0.76980 0.13698 0.07333
0 0.82522 0.82984 0.18903 0.05009
0 0.16991 0.88987 0.12162 0.04481
0 0.35294 0.95228 0.13162 0.06322
0 0.49585 0.05461 0.14215 0.06305
0 0.60983 0.10941 0.19104 0.07559
0 0.81386 0.16945 0.15735 0.04471
0 0.24287 0.22948 0.12047 0.06624
0 0.39403 0.28952 0.16689 0.06323
0 0.52293 0.34955 0.1746 0.07344
0 0.6948 0.40959 0.12098 0.07855
0 0.84259 0.46962 0.18911 0.07896
0 0.13698 0.52966 0.16596 0.04287
0 0.33517 0.58969 0.18524 0.04278
0 0.49894 0.64973 0.15209 0.08014
0 0.62051 0.70976 0.19703 0.07695
0 0.82701 0.76980 0.16437 0.05356
0 0.23915 0.82984 0.15016 0.05134
0 0.41418 0.88987 0.11928 0.04715
0 0.53976 0.95228 0.17933 0.06642
0 0.69154 0.05461 0.16966 0.07014
0 0.85905 0.10941 0.12394 0.0724
0 0.15032 0.16945 0.18626 0.04832
0 0.36418 0.22948 0.16087 0.05093
0 0.50837 0.28952 0.19603 0.0608
0 0.64674 0.34955 0.1536 0.04269
0 0.81455 0.40959 0.18898 0.0746
0 0.22314 0.46962 0.17228 0.06832
0 0.40485 0.52966 0.19608 0.06627
0 0.54674 0.58969 0.14434 0.05939
0 0.66966 0.64973 0.18701 0.07664
0 0.85986 0.70976 0.12849 0.07046
0 0.17964 0.76980 0.19842 0.0478
0 0.36331 0.82984 0.18854 0.05045
0 0.50751 0.88987 0.16224 0.07641
0 0.63458 0.95228 0.12243 0.04908
0 0.81186 0.05461 0.17606 0.06778
0 0.23168 0.10941 0.1132 0.07986
0 0.38852 0.16945 0.18828 0.05771
0 0.52638 0.22948 0.19286 0.07126
0 0.68253 0.28952 0.12215 0.07837
0 0.84609 0.34955 0.17599 0.04776
0 0.18043 0.40959 0.17827 0.05268
0 0.34312 0.46962 0.11098 0.07991
0 0.50194 0.52966 0.17053 0.07779
0 0.67052 0.58969 0.1321 0.05534
0 0.79721 0.64973 0.17068 0.05837
0 0.24261 0.70976 0.1698 0.04664
0 0.38683 0.76980 0.1208 0.07002
0 0.55393 0.82984 0.13849 0.07766
0 0.68976 0.88987 0.13904 0.07012
0 0.85838 0.95228 0.12789 0.05186