0 0.17147 0.05578 0.15052 0.04821
0 0.31988 0.11006 0.13539 0.05039
0 0.48434 0.17126 0.12442 0.06884
0 0.64054 0.23246 0.12031 0.07849
0 0.82309 0.29366 0.19105 0.06639
0 0.23196 0.35487 0.11273 0.07604
0 0.3881 0.41607 0.19642 0.05058
0 0.53884 0.47727 0.17205 0.0682
0 0.7024 0.53847 0.1072 0.05431
0 0.83605 0.59967 0.10653 0.04338
0 0.16645 0.66087 0.18652 0.07336
0 0.32687 0.72208 0.15012 0.05874
0 0.4549 0.78328 0.18495 0.04577
0 0.59979 0.84448 0.12687 0.07769
0 0.8297 0.90568 0.18205 0.05716
0 0.23853 0.93817 0.1295 0.0646
0 0.39964 0.05578 0.20018 0.05147
0 0.5427 0.11006 0.19449 0.06707
0 0.69196 0.17126 0.15829 0.05625
0 0.85391 0.23246 0.19212 0.06058
0 0.16699 0.29366 0.16598 0.05757
0 0.36479 0.35487 0.17961 0.05501
0 0.50826 0.41607 0.15954 0.05252
0 0.66612 0.47727 0.12415 0.07138
0 0.80825 0.53847 0.19151 0.05149
0 0.23714 0.59967 0.15461 0.07868
0 0.39579 0.66087 0.20025 0.07726
0 0.52789 0.72208 0.14164 0.05277
0 0.67752 0.78328 0.1255 0.05085
0 0.82308 0.84448 0.17489 0.05193
0 0.16758 0.90568 0.13562 0.05174
0 0.35188 0.93817 0.11715 0.05146
0 0.4801 0.05578 0.18984 0.05858
0 0.6008 0.11006 0.17141 0.07357
0 0.78918 0.17126 0.19468 0.0657
0 0.23665 0.23246 0.1454 0.04974
0 0.39584 0.29366 0.18298 0.0729
0 0.52067 0.35487 0.18195 0.0796
0 0.69762 0.41607 0.14005 0.04803
0 0.82585 0.47727 0.19222 0.0746
0 0.13874 0.53847 0.13325 0.05142
0 0.33371 0.59967 0.12162 0.05815
0 0.50003 0.66087 0.14905 0.05458
0 0.61803 0.72208 0.12896 0.0588
0 0.82498 0.78328 0.10625 0.05477
0 0.2379 0.84448 0.16408 0.04616
0 0.4012 0.90568 0.16841 0.06774
0 0.5552 0.93817 0.16832 0.04429
0 0.68539 0.05578 0.17022 0.05001
0 0.84989 0.11006 0.18627 0.06125
0 0.15589 0.17126 0.10958 0.05281
0 0.3604 0.23246 0.17025 0.05825
0 0.51428 0.29366 0.15991 0.06494
0 0.64386 0.35487 0.17114 0.04428
0 0.82045 0.41607 0.1905 0.07587
0 0.22533 0.47727 0.13123 0.07479
0 0.39885 0.53847 0.11253 0.04563
0 0.55344 0.59967 0.13563 0.04912
0 0.69639 0.66087 0.18047 0.04293
0 0.83204 0.72208 0.15305 0.06468
0 0.18249 0.78328 0.14727 0.06912
0 0.35882 0.84448 0.12194 0.07105
0 0.50867 0.90568 0.13101 0.0505
0 0.6417 0.93817 0.17054 0.07886
0 0.82136 0.05578 0.18306 0.06069
0 0.23758 0.11006 0.17258 0.04478
0 0.39273 0.17126 0.16042 0.04916
0 0.52303 0.23246 0.19979 0.05518
0 0.67933 0.29366 0.14955 0.07563
0 0.84287 0.35487 0.15258 0.04404
0 0.18463 0.41607 0.1319 0.05583
0 0.35718 0.47727 0.16783 0.06659
0 0.50559 0.53847 0.14444 0.07365
0 0.66885 0.59967 0.13435 0.04411
0 0.82895 0.66087 0.16315 0.07225
0 0.23903 0.72208 0.18066 0.04436
0 0.39664 0.78328 0.1976 0.05361
0 0.5418 0.84448 0.17898 0.05269
0 0.6973 0.90568 0.16263 0.07687
0 0.83298 0.93817 0.1484 0.06526