0 0.16979 0.05524 0.15998 0.05847
0 0.32597 0.10964 0.19895 0.07975
0 0.47029 0.17031 0.10777 0.04508
0 0.6128 0.23098 0.14951 0.04712
0 0.82627 0.29165 0.15357 0.07895
0 0.23254 0.35232 0.1734 0.07551
0 0.39792 0.41300 0.17118 0.05149
0 0.55677 0.47367 0.19966 0.06188
0 0.71059 0.53434 0.13141 0.0454
0 0.85882 0.59501 0.15802 0.0664
0 0.16797 0.65569 0.11164 0.06567
0 0.32026 0.71636 0.12978 0.06805
0 0.45673 0.77703 0.15681 0.07409
0 0.60158 0.83770 0.15205 0.07142
0 0.8028 0.89838 0.13477 0.04449
0 0.2414 0.96262 0.11935 0.04552
0 0.39637 0.05524 0.13832 0.0629
0 0.53462 0.10964 0.18517 0.05457
0 0.67672 0.17031 0.16546 0.05164
0 0.86535 0.23098 0.12926 0.04327
0 0.16796 0.29165 0.15118 0.04886
0 0.35967 0.35232 0.1997 0.07829
0 0.52364 0.41300 0.17457 0.05519
0 0.66836 0.47367 0.10882 0.0612
0 0.79843 0.53434 0.15818 0.05639
0 0.23799 0.59501 0.16628 0.06736
0 0.39493 0.65569 0.14172 0.05999
0 0.52599 0.71636 0.13012 0.07609
0 0.68459 0.77703 0.1587 0.05221
0 0.82156 0.83770 0.17722 0.06808
0 0.16995 0.89838 0.11516 0.06245
0 0.34601 0.96262 0.14539 0.04417
0 0.47917 0.05524 0.15291 0.068
0 0.61568 0.10964 0.187 0.05368
0 0.80159 0.17031 0.16219 0.0464
0 0.23863 0.23098 0.16636 0.06006
0 0.39573 0.29165 0.11157 0.06816
0 0.52151 0.35232 0.1518 0.07184
0 0.69325 0.41300 0.11822 0.07364
0 0.84881 0.47367 0.16949 0.05857
0 0.14205 0.53434 0.17838 0.06145
0 0.33571 0.59501 0.11767 0.06634
0 0.49083 0.65569 0.17377 0.06983
0 0.62072 0.71636 0.1705 0.058
0 0.80941 0.77703 0.10924 0.05586
0 0.24309 0.83770 0.19374 0.05455
0 0.39743 0.89838 0.15616 0.05987
0 0.53979 0.96262 0.12524 0.06747
0 0.66746 0.05524 0.15983 0.06679
0 0.86461 0.10964 0.17105 0.0554
0 0.15528 0.17031 0.13101 0.06465
0 0.36835 0.23098 0.147 0.07436
0 0.5 0.29165 0.17974 0.04914
0 0.65228 0.35232 0.19312 0.05361
0 0.81732 0.41300 0.14322 0.04415
0 0.22795 0.47367 0.14284 0.0726
0 0.40764 0.53434 0.16887 0.07245
0 0.54874 0.59501 0.19607 0.05735
0 0.6674 0.65569 0.19267 0.05449
0 0.86686 0.71636 0.1408 0.07983
0 0.17864 0.77703 0.15914 0.0632
0 0.35867 0.83770 0.18153 0.04298
0 0.49453 0.89838 0.19076 0.07483
0 0.64335 0.96262 0.19321 0.06482
0 0.81033 0.05524 0.14501 0.07491
0 0.23966 0.10964 0.12523 0.07173
0 0.39637 0.17031 0.12493 0.04638
0 0.52397 0.23098 0.10633 0.05729
0 0.69808 0.29165 0.1988 0.07923
0 0.84415 0.35232 0.19285 0.06168
0 0.17854 0.41300 0.17924 0.05727
0 0.34425 0.47367 0.18096 0.06337
0 0.49349 0.53434 0.15808 0.07921
0 0.65848 0.59501 0.17314 0.05932
0 0.81531 0.65569 0.11197 0.07501
0 0.23433 0.71636 0.11188 0.04782
0 0.39259 0.77703 0.16324 0.04603
0 0.5406 0.83770 0.12934 0.05554
0 0.70554 0.89838 0.10624 0.04517
0 0.84449 0.96262 0.1783 0.06296