0 0.16779 0.05516 0.15838 0.04679
0 0.3194 0.11126 0.19274 0.05112
0 0.47688 0.17055 0.15642 0.05427
0 0.62322 0.22985 0.12073 0.05424
0 0.79715 0.28914 0.12341 0.07714
0 0.23145 0.34844 0.19987 0.04462
0 0.3837 0.40773 0.18071 0.0688
0 0.54537 0.46703 0.14461 0.06133
0 0.68601 0.52632 0.12725 0.06185
0 0.84839 0.58561 0.14284 0.05943
0 0.17101 0.64491 0.14669 0.07389
0 0.32626 0.70420 0.11297 0.06027
0 0.47177 0.76350 0.18222 0.06991
0 0.62505 0.82279 0.11412 0.05762
0 0.79755 0.88209 0.19049 0.0468
0 0.23524 0.95491 0.18898 0.05714
0 0.4117 0.05516 0.11638 0.062
0 0.53266 0.11126 0.11291 0.069
0 0.69407 0.17055 0.14733 0.04408
0 0.86041 0.22985 0.18988 0.05103
0 0.16631 0.28914 0.16067 0.07372
0 0.36129 0.34844 0.19771 0.06027
0 0.50531 0.40773 0.15999 0.05662
0 0.66704 0.46703 0.13582 0.05848
0 0.78759 0.52632 0.1821 0.0636
0 0.24198 0.58561 0.1511 0.0603
0 0.38707 0.64491 0.16512 0.04985
0 0.52795 0.70420 0.12602 0.0742
0 0.68189 0.76350 0.11003 0.06397
0 0.83653 0.82279 0.1147 0.05656
0 0.16753 0.88209 0.16296 0.04604
0 0.35211 0.95491 0.16597 0.05669
0 0.48317 0.05516 0.14474 0.04529
0 0.62396 0.11126 0.17159 0.04969
0 0.81533 0.17055 0.12636 0.07814
0 0.24026 0.22985 0.11331 0.07289
0 0.39925 0.28914 0.12828 0.04712
0 0.53601 0.34844 0.12107 0.07886
0 0.68886 0.40773 0.17368 0.06517
0 0.85525 0.46703 0.20024 0.06794
0 0.14139 0.52632 0.14317 0.05158
0 0.3293 0.58561 0.10796 0.07768
0 0.49698 0.64491 0.16541 0.06253
0 0.64317 0.70420 0.12276 0.04276
0 0.80905 0.76350 0.16158 0.07902
0 0.2424 0.82279 0.15606 0.07562
0 0.40545 0.88209 0.13844 0.06684
0 0.54979 0.95491 0.17352 0.04579
0 0.69023 0.05516 0.13912 0.06664
0 0.87103 0.11126 0.15728 0.04519
0 0.15518 0.17055 0.15026 0.05373
0 0.36729 0.22985 0.1073 0.06601
0 0.49706 0.28914 0.11843 0.04351
0 0.65391 0.34844 0.17178 0.04841
0 0.79439 0.40773 0.14374 0.0699
0 0.22213 0.46703 0.12689 0.0625
0 0.41028 0.52632 0.11662 0.04984
0 0.55343 0.58561 0.14677 0.07706
0 0.68424 0.64491 0.13425 0.05054
0 0.87257 0.70420 0.16633 0.05573
0 0.18294 0.76350 0.11385 0.04839
0 0.35561 0.82279 0.11382 0.05638
0 0.50737 0.88209 0.18173 0.07022
0 0.64552 0.95491 0.17587 0.04356
0 0.80442 0.05516 0.14247 0.06358
0 0.23162 0.11126 0.19903 0.05066
0 0.39922 0.17055 0.16311 0.07705
0 0.52304 0.22985 0.14018 0.06196
0 0.67002 0.28914 0.17782 0.04834
0 0.85343 0.34844 0.17387 0.07374
0 0.18085 0.40773 0.15491 0.07077
0 0.34947 0.46703 0.11635 0.05539
0 0.51239 0.52632 0.1163 0.06586
0 0.64201 0.58561 0.12518 0.06548
0 0.79255 0.64491 0.17253 0.06539
0 0.23372 0.70420 0.17093 0.0649
0 0.39356 0.76350 0.18599 0.04353
0 0.53951 0.82279 0.16429 0.05703
0 0.68413 0.88209 0.18039 0.07802
0 0.85402 0.95491 0.16521 0.06731