0 0.16517 0.05448 0.11696 0.06672
0 0.32774 0.11158 0.15772 0.04762
0 0.48391 0.17118 0.1683 0.07428
0 0.64034 0.23077 0.14768 0.07351
0 0.80083 0.29037 0.15218 0.07081
0 0.23508 0.34996 0.19585 0.077
0 0.39115 0.40955 0.12471 0.05945
0 0.55591 0.46915 0.18499 0.06905
0 0.6991 0.52874 0.13426 0.06793
0 0.85907 0.58833 0.16669 0.05778
0 0.16427 0.64793 0.15138 0.07673
0 0.32274 0.70752 0.11184 0.07491
0 0.45558 0.76712 0.15163 0.05128
0 0.60241 0.82671 0.16623 0.06372
0 0.82462 0.88630 0.14238 0.0613
0 0.23929 0.94392 0.13077 0.07816
0 0.39763 0.05448 0.16337 0.04304
0 0.55196 0.11158 0.14537 0.0541
0 0.68019 0.17118 0.14041 0.07887
0 0.84362 0.23077 0.11079 0.07442
0 0.17051 0.29037 0.15366 0.04617
0 0.37041 0.34996 0.16456 0.04399
0 0.51061 0.40955 0.19532 0.07671
0 0.66761 0.46915 0.17644 0.06331
0 0.77846 0.52874 0.18953 0.07419
0 0.23888 0.58833 0.14853 0.05425
0 0.3982 0.64793 0.1605 0.06204
0 0.5203 0.70752 0.16475 0.04979
0 0.68405 0.76712 0.12864 0.04292
0 0.84187 0.82671 0.11834 0.07812
0 0.16371 0.88630 0.12997 0.06256
0 0.34088 0.94392 0.12797 0.04621
0 0.47947 0.05448 0.12965 0.05945
0 0.62533 0.11158 0.1254 0.07066
0 0.79658 0.17118 0.18046 0.06249
0 0.23361 0.23077 0.14991 0.07744
0 0.38273 0.29037 0.11359 0.05732
0 0.52452 0.34996 0.11139 0.04847
0 0.67037 0.40955 0.1672 0.07435
0 0.8538 0.46915 0.11728 0.0486
0 0.14212 0.52874 0.15306 0.07463
0 0.33147 0.58833 0.16441 0.07422
0 0.47935 0.64793 0.12747 0.0607
0 0.63539 0.70752 0.19679 0.07161
0 0.79917 0.76712 0.17678 0.07431
0 0.23221 0.82671 0.14268 0.0575
0 0.40186 0.88630 0.13378 0.06354
0 0.54229 0.94392 0.19075 0.06193
0 0.68384 0.05448 0.14246 0.05345
0 0.86097 0.11158 0.1072 0.07718
0 0.15676 0.17118 0.11866 0.05762
0 0.36637 0.23077 0.1657 0.07672
0 0.50991 0.29037 0.15807 0.06066
0 0.65286 0.34996 0.1299 0.05786
0 0.79134 0.40955 0.14349 0.06879
0 0.22729 0.46915 0.12251 0.07411
0 0.40284 0.52874 0.17796 0.04962
0 0.54609 0.58833 0.18083 0.0751
0 0.66738 0.64793 0.15117 0.06569
0 0.86355 0.70752 0.11414 0.0591
0 0.18133 0.76712 0.16435 0.06709
0 0.35988 0.82671 0.19766 0.04689
0 0.50311 0.88630 0.15331 0.06928
0 0.65155 0.94392 0.15093 0.04631
0 0.81637 0.05448 0.20028 0.06382
0 0.24101 0.11158 0.17367 0.07023
0 0.39938 0.17118 0.15036 0.07708
0 0.53317 0.23077 0.10786 0.0756
0 0.68193 0.29037 0.15465 0.05639
0 0.86162 0.34996 0.17181 0.06917
0 0.17924 0.40955 0.11311 0.05679
0 0.34723 0.46915 0.11379 0.05921
0 0.50958 0.52874 0.16486 0.05118
0 0.66305 0.58833 0.14501 0.06445
0 0.81629 0.64793 0.14554 0.04296
0 0.23572 0.70752 0.15699 0.05783
0 0.3846 0.76712 0.11312 0.05688
0 0.54282 0.82671 0.15984 0.04784
0 0.70881 0.88630 0.1844 0.07033
0 0.83666 0.94392 0.134 0.05467