0 0.16954 0.05538 0.15383 0.05728
0 0.31701 0.11214 0.10903 0.07261
0 0.48287 0.17222 0.19011 0.04434
0 0.62773 0.23231 0.16372 0.04752
0 0.8283 0.29239 0.14321 0.05409
0 0.23603 0.35248 0.14692 0.06383
0 0.38543 0.41256 0.1682 0.05621
0 0.54832 0.47265 0.13782 0.0511
0 0.69618 0.53273 0.13586 0.06909
0 0.83794 0.59282 0.11053 0.05146
0 0.16465 0.65291 0.13644 0.0721
0 0.32295 0.71299 0.13146 0.06654
0 0.45911 0.77308 0.16077 0.06861
0 0.61838 0.83316 0.1287 0.06554
0 0.81287 0.89325 0.10686 0.04821
0 0.23182 0.95526 0.11786 0.05243
0 0.40999 0.05538 0.15298 0.05739
0 0.54634 0.11214 0.17302 0.07169
0 0.66889 0.17222 0.17481 0.04278
0 0.83985 0.23231 0.17943 0.05983
0 0.16338 0.29239 0.1878 0.06286
0 0.36491 0.35248 0.18282 0.06463
0 0.52162 0.41256 0.12665 0.06075
0 0.65366 0.47265 0.12976 0.0529
0 0.81463 0.53273 0.15259 0.05773
0 0.24098 0.59282 0.12741 0.07495
0 0.38805 0.65291 0.13049 0.05947
0 0.51851 0.71299 0.12849 0.07068
0 0.68266 0.77308 0.11387 0.06503
0 0.84204 0.83316 0.11679 0.05479
0 0.16389 0.89325 0.19215 0.05676
0 0.34426 0.95526 0.12086 0.07963
0 0.49205 0.05538 0.14666 0.07238
0 0.61011 0.11214 0.19823 0.05864
0 0.79766 0.17222 0.13531 0.07426
0 0.24019 0.23231 0.12907 0.05515
0 0.39212 0.29239 0.18716 0.04571
0 0.54169 0.35248 0.19899 0.06822
0 0.68052 0.41256 0.10764 0.04289
0 0.82228 0.47265 0.12028 0.0668
0 0.13699 0.53273 0.13897 0.05598
0 0.33691 0.59282 0.12816 0.05467
0 0.48776 0.65291 0.17043 0.05848
0 0.63002 0.71299 0.1217 0.05177
0 0.81263 0.77308 0.12929 0.0737
0 0.23277 0.83316 0.16509 0.07041
0 0.40302 0.89325 0.16593 0.05244
0 0.5424 0.95526 0.12405 0.06218
0 0.67149 0.05538 0.17783 0.0686
0 0.83279 0.11214 0.16258 0.05311
0 0.15457 0.17222 0.1112 0.07529
0 0.36819 0.23231 0.11285 0.07289
0 0.4923 0.29239 0.1975 0.0683
0 0.63954 0.35248 0.13632 0.04646
0 0.79681 0.41256 0.16124 0.05881
0 0.22882 0.47265 0.17941 0.06692
0 0.39997 0.53273 0.18323 0.05224
0 0.54259 0.59282 0.13225 0.0735
0 0.69459 0.65291 0.17272 0.06193
0 0.84786 0.71299 0.15772 0.08011
0 0.18105 0.77308 0.12408 0.04879
0 0.36078 0.83316 0.12607 0.04814
0 0.50916 0.89325 0.12399 0.04328
0 0.63424 0.95526 0.14568 0.0639
0 0.81708 0.05538 0.14489 0.0725
0 0.23674 0.11214 0.13571 0.04425
0 0.39747 0.17222 0.14585 0.05269
0 0.53223 0.23231 0.17872 0.05568
0 0.67517 0.29239 0.18415 0.06784
0 0.83322 0.35248 0.14152 0.07624
0 0.18504 0.41256 0.11912 0.05589
0 0.34243 0.47265 0.10838 0.07854
0 0.50357 0.53273 0.17872 0.08008
0 0.64103 0.59282 0.1444 0.0609
0 0.81278 0.65291 0.14603 0.0622
0 0.23911 0.71299 0.13897 0.06866
0 0.38456 0.77308 0.1903 0.06757
0 0.54437 0.83316 0.15749 0.06517
0 0.68076 0.89325 0.14707 0.05712
0 0.85867 0.95526 0.14359 0.05689