0 0.17115 0.05542 0.19784 0.04416
0 0.31507 0.10965 0.19849 0.06271
0 0.48564 0.16987 0.19982 0.06088
0 0.62789 0.23010 0.16652 0.05596
0 0.79719 0.29033 0.18012 0.05427
0 0.23841 0.35056 0.10938 0.05718
0 0.39614 0.41079 0.13607 0.05122
0 0.54576 0.47102 0.11442 0.06679
0 0.68647 0.53124 0.16283 0.04822
0 0.86408 0.59147 0.14494 0.0553
0 0.16397 0.65170 0.17005 0.07457
0 0.32697 0.71193 0.13907 0.07687
0 0.46145 0.77216 0.10629 0.07986
0 0.60081 0.83239 0.20013 0.05494
0 0.79811 0.89261 0.19486 0.04467
0 0.23921 0.94302 0.161 0.04426
0 0.39922 0.05542 0.14142 0.05551
0 0.54839 0.10965 0.14299 0.04937
0 0.6709 0.16987 0.15905 0.0764
0 0.83499 0.23010 0.19838 0.06419
0 0.17062 0.29033 0.16574 0.05103
0 0.35965 0.35056 0.18001 0.04279
0 0.52884 0.41079 0.19459 0.06678
0 0.67155 0.47102 0.1189 0.06973
0 0.79173 0.53124 0.16781 0.0542
0 0.24276 0.59147 0.17671 0.06432
0 0.38329 0.65170 0.17919 0.08012
0 0.52567 0.71193 0.11415 0.04424
0 0.68657 0.77216 0.1371 0.05298
0 0.84425 0.83239 0.15702 0.05623
0 0.16675 0.89261 0.15996 0.05592
0 0.34395 0.94302 0.18884 0.05699
0 0.49956 0.05542 0.10943 0.06866
0 0.61488 0.10965 0.10718 0.07001
0 0.81296 0.16987 0.12455 0.05753
0 0.23662 0.23010 0.14028 0.06812
0 0.38275 0.29033 0.11998 0.07957
0 0.52341 0.35056 0.12145 0.05343
0 0.69274 0.41079 0.1119 0.07837
0 0.83461 0.47102 0.13987 0.05974
0 0.14028 0.53124 0.19904 0.05936
0 0.3357 0.59147 0.1752 0.05147
0 0.49387 0.65170 0.17509 0.07197
0 0.62934 0.71193 0.18137 0.07408
0 0.82007 0.77216 0.18307 0.05967
0 0.24273 0.83239 0.16707 0.05831
0 0.40616 0.89261 0.11578 0.06662
0 0.5415 0.94302 0.15568 0.0694
0 0.67042 0.05542 0.13222 0.07314
0 0.86069 0.10965 0.17344 0.04361
0 0.15087 0.16987 0.12761 0.0614
0 0.35859 0.23010 0.11893 0.07562
0 0.5075 0.29033 0.13043 0.05961
0 0.64472 0.35056 0.1268 0.07935
0 0.82437 0.41079 0.15683 0.06968
0 0.22162 0.47102 0.16642 0.06888
0 0.41042 0.53124 0.15899 0.05638
0 0.53565 0.59147 0.19674 0.07155
0 0.68493 0.65170 0.17799 0.04603
0 0.8454 0.71193 0.1118 0.04788
0 0.17927 0.77216 0.16339 0.04598
0 0.36664 0.83239 0.12348 0.06519
0 0.50914 0.89261 0.15268 0.05175
0 0.64513 0.94302 0.12967 0.07046
0 0.80772 0.05542 0.14684 0.05512
0 0.24284 0.10965 0.1538 0.0711
0 0.39718 0.16987 0.11118 0.07378
0 0.5225 0.23010 0.123 0.0707
0 0.67975 0.29033 0.14759 0.05459
0 0.84856 0.35056 0.13997 0.07281
0 0.18517 0.41079 0.1735 0.05859
0 0.35702 0.47102 0.18405 0.06167
0 0.50371 0.53124 0.18482 0.04783
0 0.65082 0.59147 0.17837 0.07732
0 0.82508 0.65170 0.18657 0.05978
0 0.23967 0.71193 0.18393 0.05238
0 0.40023 0.77216 0.18696 0.07243
0 0.55655 0.83239 0.12573 0.04467
0 0.7089 0.89261 0.18701 0.0483
0 0.85056 0.94302 0.10897 0.06644