0 0.16346 0.05496 0.12643 0.05468
0 0.3168 0.11004 0.19839 0.05161
0 0.47391 0.17148 0.18247 0.05503
0 0.63914 0.23293 0.10715 0.07355
0 0.79035 0.29438 0.10729 0.07217
0 0.23193 0.35582 0.12536 0.07612
0 0.38665 0.41727 0.11985 0.07532
0 0.53612 0.47871 0.17 0.05114
0 0.71423 0.54016 0.13091 0.06107
0 0.83395 0.60160 0.18249 0.04547
0 0.1698 0.66305 0.18548 0.07772
0 0.32824 0.72450 0.13268 0.05473
0 0.47033 0.78594 0.14473 0.06555
0 0.62656 0.84739 0.10775 0.07353
0 0.79501 0.90883 0.16902 0.05513
0 0.23199 0.96430 0.17067 0.05756
0 0.39557 0.05496 0.13882 0.0615
0 0.53438 0.11004 0.12725 0.06353
0 0.68515 0.17148 0.18659 0.0606
0 0.84943 0.23293 0.18531 0.06328
0 0.1674 0.29438 0.1943 0.05945
0 0.36739 0.35582 0.13519 0.08002
0 0.50688 0.41727 0.19048 0.07633
0 0.6493 0.47871 0.198 0.06229
0 0.80342 0.54016 0.13405 0.0718
0 0.24267 0.60160 0.12899 0.05901
0 0.40032 0.66305 0.13703 0.04406
0 0.54193 0.72450 0.17441 0.06312
0 0.68662 0.78594 0.14601 0.06232
0 0.81841 0.84739 0.11425 0.04915
0 0.17037 0.90883 0.11718 0.05332
0 0.34502 0.96430 0.19423 0.07007
0 0.48671 0.05496 0.19047 0.04867
0 0.60628 0.11004 0.13336 0.05874
0 0.783 0.17148 0.15182 0.05524
0 0.23463 0.23293 0.13547 0.04665
0 0.38505 0.29438 0.16293 0.04548
0 0.52343 0.35582 0.18153 0.06046
0 0.69351 0.41727 0.18374 0.0589
0 0.84597 0.47871 0.1734 0.05202
0 0.14289 0.54016 0.11346 0.07194
0 0.34205 0.60160 0.12943 0.07915
0 0.49342 0.66305 0.13205 0.0715
0 0.64299 0.72450 0.1104 0.07704
0 0.80278 0.78594 0.13907 0.0677
0 0.23603 0.84739 0.19336 0.05088
0 0.40724 0.90883 0.11139 0.05759
0 0.53459 0.96430 0.19459 0.0491
0 0.69649 0.05496 0.12245 0.06317
0 0.84436 0.11004 0.14113 0.04895
0 0.15648 0.17148 0.13429 0.06592
0 0.35922 0.23293 0.10922 0.06242
0 0.5138 0.29438 0.16629 0.07506
0 0.63756 0.35582 0.13779 0.07245
0 0.81116 0.41727 0.11431 0.05846
0 0.22459 0.47871 0.16889 0.04879
0 0.41088 0.54016 0.18967 0.04349
0 0.54967 0.60160 0.19768 0.06928
0 0.67346 0.66305 0.12575 0.0755
0 0.85362 0.72450 0.12657 0.06107
0 0.1828 0.78594 0.16014 0.05243
0 0.36514 0.84739 0.13996 0.04956
0 0.51053 0.90883 0.15819 0.04625
0 0.63419 0.96430 0.17634 0.0761
0 0.79434 0.05496 0.15686 0.05961
0 0.23857 0.11004 0.19288 0.05669
0 0.38833 0.17148 0.13681 0.07524
0 0.53938 0.23293 0.14026 0.0788
0 0.69972 0.29438 0.18045 0.06861
0 0.86214 0.35582 0.13051 0.0437
0 0.18577 0.41727 0.18879 0.07171
0 0.35714 0.47871 0.14578 0.07863
0 0.5002 0.54016 0.12746 0.06389
0 0.66145 0.60160 0.12588 0.06384
0 0.81123 0.66305 0.17507 0.04627
0 0.24185 0.72450 0.17119 0.06072
0 0.39645 0.78594 0.14401 0.0711
0 0.54319 0.84739 0.19327 0.06129
0 0.69798 0.90883 0.19598 0.06343
0 0.83427 0.96430 0.19577 0.0766