0 0.16904 0.05538 0.16829 0.04687
0 0.32207 0.11167 0.15926 0.06728
0 0.47735 0.17111 0.17496 0.06616
0 0.64007 0.23055 0.17701 0.06357
0 0.82138 0.28999 0.11305 0.06789
0 0.24028 0.34942 0.1665 0.05333
0 0.38224 0.40886 0.119 0.0477
0 0.55779 0.46830 0.1741 0.05421
0 0.688 0.52774 0.13306 0.04622
0 0.86278 0.58718 0.1833 0.05561
0 0.17153 0.64662 0.17553 0.06118
0 0.31552 0.70605 0.16675 0.05483
0 0.4527 0.76549 0.19262 0.0783
0 0.60842 0.82493 0.17555 0.04353
0 0.79542 0.88437 0.17061 0.07069
0 0.24089 0.95576 0.14668 0.07979
0 0.40514 0.05538 0.17813 0.06798
0 0.54048 0.11167 0.14192 0.07813
0 0.67616 0.17111 0.12378 0.06523
0 0.85542 0.23055 0.14627 0.07145
0 0.16829 0.28999 0.17406 0.06706
0 0.35718 0.34942 0.19804 0.05316
0 0.52469 0.40886 0.12852 0.06619
0 0.64897 0.46830 0.18241 0.06834
0 0.789 0.52774 0.16591 0.0496
0 0.23265 0.58718 0.11091 0.05523
0 0.38598 0.64662 0.187 0.07922
0 0.52061 0.70605 0.166 0.04745
0 0.67802 0.76549 0.13399 0.0727
0 0.83852 0.82493 0.17997 0.07288
0 0.16412 0.88437 0.16917 0.0754
0 0.35023 0.95576 0.15206 0.06585
0 0.49212 0.05538 0.19872 0.07774
0 0.62765 0.11167 0.17371 0.05097
0 0.7789 0.17111 0.11797 0.05855
0 0.23793 0.23055 0.1894 0.07376
0 0.39929 0.28999 0.15264 0.05159
0 0.51769 0.34942 0.2003 0.07372
0 0.69303 0.40886 0.15128 0.05282
0 0.85616 0.46830 0.14149 0.05689
0 0.14173 0.52774 0.15161 0.05897
0 0.34104 0.58718 0.11739 0.04769
0 0.4767 0.64662 0.17098 0.05407
0 0.62496 0.70605 0.17655 0.07156
0 0.8162 0.76549 0.14278 0.04373
0 0.23291 0.82493 0.17479 0.05571
0 0.41392 0.88437 0.1865 0.06977
0 0.55222 0.95576 0.19058 0.05783
0 0.68098 0.05538 0.13017 0.07357
0 0.84628 0.11167 0.1582 0.04312
0 0.15213 0.17111 0.16836 0.07127
0 0.3586 0.23055 0.17155 0.07103
0 0.50504 0.28999 0.19662 0.05472
0 0.62921 0.34942 0.14526 0.05568
0 0.8206 0.40886 0.17791 0.06414
0 0.22475 0.46830 0.11456 0.06631
0 0.41188 0.52774 0.161 0.043
0 0.55513 0.58718 0.11505 0.07411
0 0.68926 0.64662 0.17214 0.04311
0 0.84825 0.70605 0.18562 0.04888
0 0.18082 0.76549 0.1824 0.04636
0 0.36219 0.82493 0.14348 0.06062
0 0.50043 0.88437 0.13919 0.05619
0 0.63556 0.95576 0.17081 0.05628
0 0.82195 0.05538 0.12745 0.06074
0 0.23149 0.11167 0.1209 0.0583
0 0.39771 0.17111 0.13184 0.05472
0 0.52829 0.23055 0.13473 0.0583
0 0.67384 0.28999 0.1873 0.06872
0 0.85291 0.34942 0.12481 0.04785
0 0.17854 0.40886 0.10883 0.07665
0 0.35118 0.46830 0.11694 0.07302
0 0.49773 0.52774 0.12743 0.05264
0 0.66897 0.58718 0.19344 0.07656
0 0.80426 0.64662 0.14169 0.06445
0 0.24146 0.70605 0.18714 0.04992
0 0.39191 0.76549 0.10911 0.06763
0 0.54932 0.82493 0.1324 0.07403
0 0.69035 0.88437 0.14159 0.05125
0 0.84794 0.95576 0.13929 0.06705