0 0.16384 0.05465 0.11849 0.04937
0 0.31451 0.10893 0.16742 0.05903
0 0.48497 0.16947 0.18594 0.05617
0 0.63074 0.23001 0.13868 0.05048
0 0.824 0.29055 0.11249 0.06255
0 0.23588 0.35109 0.10715 0.07381
0 0.38812 0.41162 0.10671 0.06026
0 0.53874 0.47216 0.13364 0.06627
0 0.68353 0.53270 0.12659 0.04986
0 0.85763 0.59324 0.13453 0.08005
0 0.17111 0.65378 0.1622 0.04251
0 0.32175 0.71431 0.15921 0.06563
0 0.46452 0.77485 0.12662 0.07352
0 0.62716 0.83539 0.14289 0.05804
0 0.81259 0.89593 0.13794 0.07623
0 0.24216 0.96340 0.17639 0.06174
0 0.4134 0.05465 0.14086 0.07869
0 0.53863 0.10893 0.14597 0.06535
0 0.69895 0.16947 0.15994 0.06755
0 0.86478 0.23001 0.16151 0.07718
0 0.16771 0.29055 0.10878 0.05935
0 0.36869 0.35109 0.11466 0.06631
0 0.52151 0.41162 0.1533 0.0504
0 0.66826 0.47216 0.19264 0.06356
0 0.79831 0.53270 0.12941 0.04633
0 0.2394 0.59324 0.16763 0.05345
0 0.38167 0.65378 0.11221 0.06294
0 0.53726 0.71431 0.10761 0.04925
0 0.65918 0.77485 0.1551 0.05284
0 0.83999 0.83539 0.16757 0.0512
0 0.16777 0.89593 0.14323 0.06312
0 0.34556 0.96340 0.14195 0.06343
0 0.4934 0.05465 0.14091 0.06583
0 0.62798 0.10893 0.17707 0.04245
0 0.7974 0.16947 0.16376 0.04951
0 0.23445 0.23001 0.12861 0.06039
0 0.38152 0.29055 0.1933 0.04311
0 0.53721 0.35109 0.14207 0.06034
0 0.66721 0.41162 0.14128 0.04531
0 0.82773 0.47216 0.13716 0.05188
0 0.13993 0.53270 0.19128 0.06434
0 0.32898 0.59324 0.15001 0.04812
0 0.48723 0.65378 0.15398 0.0579
0 0.61693 0.71431 0.18099 0.0761
0 0.82471 0.77485 0.1188 0.07465
0 0.23788 0.83539 0.12539 0.06289
0 0.40649 0.89593 0.124 0.05979
0 0.54521 0.96340 0.10624 0.04806
0 0.69619 0.05465 0.18694 0.06086
0 0.85176 0.10893 0.10701 0.06389
0 0.15535 0.16947 0.10688 0.0553
0 0.36937 0.23001 0.18531 0.05819
0 0.49286 0.29055 0.17867 0.04909
0 0.63995 0.35109 0.18688 0.07391
0 0.80091 0.41162 0.19407 0.06791
0 0.22743 0.47216 0.10749 0.04942
0 0.39607 0.53270 0.12396 0.06547
0 0.54739 0.59324 0.17151 0.06902
0 0.67866 0.65378 0.19821 0.04349
0 0.8417 0.71431 0.1603 0.06207
0 0.18209 0.77485 0.15909 0.0522
0 0.35628 0.83539 0.19486 0.06159
0 0.49337 0.89593 0.17078 0.07913
0 0.65598 0.96340 0.13729 0.07328
0 0.80296 0.05465 0.13813 0.07481
0 0.23372 0.10893 0.19416 0.07624
0 0.3825 0.16947 0.13506 0.05372
0 0.54128 0.23001 0.10972 0.07561
0 0.69951 0.29055 0.1596 0.05205
0 0.8455 0.35109 0.16743 0.04967
0 0.17781 0.41162 0.17571 0.04946
0 0.35579 0.47216 0.19623 0.0749
0 0.49959 0.53270 0.13492 0.05919
0 0.64488 0.59324 0.17764 0.05701
0 0.8153 0.65378 0.13259 0.0738
0 0.23184 0.71431 0.1911 0.05021
0 0.38241 0.77485 0.16929 0.07628
0 0.54543 0.83539 0.13355 0.05976
0 0.71244 0.89593 0.13656 0.04859
0 0.83734 0.96340 0.17364 0.05256