0 0.16978 0.05496 0.10715 0.06511
0 0.32106 0.10987 0.12469 0.04324
0 0.47059 0.16938 0.17312 0.04928
0 0.63846 0.22890 0.15337 0.0537
0 0.81886 0.28842 0.18377 0.06291
0 0.2318 0.34794 0.12181 0.06904
0 0.39661 0.40745 0.18573 0.04374
0 0.55134 0.46697 0.13425 0.05623
0 0.70463 0.52649 0.16104 0.06402
0 0.85145 0.58601 0.19772 0.0551
0 0.16496 0.64552 0.18708 0.05191
0 0.32367 0.70504 0.17407 0.06369
0 0.45292 0.76456 0.16941 0.07284
0 0.61077 0.82408 0.18139 0.07754
0 0.79561 0.88359 0.18192 0.07391
0 0.23201 0.95958 0.13906 0.0766
0 0.40866 0.05496 0.10812 0.06411
0 0.53268 0.10987 0.15851 0.07813
0 0.68637 0.16938 0.12846 0.04398
0 0.87051 0.22890 0.14034 0.06966
0 0.16424 0.28842 0.1459 0.06636
0 0.36411 0.34794 0.16592 0.0499
0 0.50701 0.40745 0.18591 0.06909
0 0.64335 0.46697 0.18823 0.07594
0 0.80763 0.52649 0.19547 0.04515
0 0.24196 0.58601 0.19015 0.07789
0 0.38675 0.64552 0.1171 0.06599
0 0.53215 0.70504 0.17366 0.05432
0 0.65399 0.76456 0.16673 0.06359
0 0.82937 0.82408 0.11256 0.04567
0 0.17091 0.88359 0.17923 0.05172
0 0.35058 0.95958 0.13561 0.05554
0 0.49052 0.05496 0.13968 0.07503
0 0.62539 0.10987 0.1175 0.04617
0 0.80886 0.16938 0.13029 0.07027
0 0.23309 0.22890 0.14311 0.05307
0 0.38214 0.28842 0.19813 0.04696
0 0.54038 0.34794 0.13741 0.07389
0 0.68123 0.40745 0.15861 0.07125
0 0.8228 0.46697 0.17865 0.0713
0 0.13768 0.52649 0.158 0.046
0 0.33179 0.58601 0.13323 0.06923
0 0.49494 0.64552 0.15157 0.05989
0 0.6223 0.70504 0.1688 0.04598
0 0.79026 0.76456 0.19575 0.06447
0 0.24119 0.82408 0.19166 0.07338
0 0.4147 0.88359 0.18605 0.04791
0 0.55736 0.95958 0.17828 0.07512
0 0.68754 0.05496 0.1186 0.07899
0 0.85481 0.10987 0.1684 0.04603
0 0.15247 0.16938 0.16224 0.05706
0 0.36964 0.22890 0.14674 0.07144
0 0.5106 0.28842 0.17437 0.05355
0 0.63492 0.34794 0.19664 0.07546
0 0.80858 0.40745 0.11189 0.04819
0 0.21852 0.46697 0.13189 0.07827
0 0.39495 0.52649 0.15954 0.06302
0 0.55358 0.58601 0.17898 0.07414
0 0.67025 0.64552 0.12762 0.07375
0 0.85165 0.70504 0.15289 0.05718
0 0.18448 0.76456 0.12617 0.05235
0 0.36568 0.82408 0.19777 0.0716
0 0.5055 0.88359 0.13405 0.07385
0 0.6477 0.95958 0.17074 0.05258
0 0.82284 0.05496 0.14103 0.07061
0 0.23656 0.10987 0.14247 0.06566
0 0.38217 0.16938 0.14191 0.05776
0 0.52305 0.22890 0.15842 0.06713
0 0.69695 0.28842 0.13713 0.05966
0 0.8542 0.34794 0.13014 0.07068
0 0.17869 0.40745 0.18766 0.04633
0 0.34163 0.46697 0.11323 0.04848
0 0.49475 0.52649 0.18764 0.0634
0 0.67123 0.58601 0.18493 0.05808
0 0.80471 0.64552 0.15012 0.05494
0 0.24003 0.70504 0.17881 0.05052
0 0.38349 0.76456 0.17774 0.07153
0 0.54739 0.82408 0.12235 0.06986
0 0.68879 0.88359 0.19693 0.07417
0 0.86335 0.95958 0.18909 0.04817