0 0.16762 0.05516 0.17928 0.07766
0 0.31373 0.10901 0.14385 0.04477
0 0.48145 0.16939 0.16483 0.04561
0 0.63525 0.22978 0.19785 0.07267
0 0.79329 0.29017 0.1418 0.06163
0 0.24071 0.35055 0.17176 0.05713
0 0.39486 0.41094 0.14871 0.0469
0 0.54139 0.47132 0.14788 0.06714
0 0.71202 0.53171 0.12905 0.05227
0 0.83567 0.59210 0.12188 0.06205
0 0.16717 0.65248 0.16682 0.04371
0 0.32148 0.71287 0.10726 0.07873
0 0.46324 0.77326 0.10709 0.07759
0 0.60047 0.83364 0.14505 0.06214
0 0.79031 0.89403 0.13656 0.06609
0 0.2327 0.93709 0.13856 0.07432
0 0.40591 0.05516 0.12909 0.07544
0 0.54722 0.10901 0.14471 0.04447
0 0.69362 0.16939 0.1106 0.04511
0 0.87072 0.22978 0.19546 0.0498
0 0.16495 0.29017 0.10956 0.06285
0 0.36232 0.35055 0.15641 0.06303
0 0.52702 0.41094 0.15544 0.0523
0 0.6533 0.47132 0.11424 0.05032
0 0.78763 0.53171 0.12791 0.07019
0 0.23443 0.59210 0.14222 0.05774
0 0.39729 0.65248 0.14611 0.06187
0 0.53555 0.71287 0.179 0.06922
0 0.65354 0.77326 0.18648 0.07982
0 0.84321 0.83364 0.19523 0.04831
0 0.17013 0.89403 0.11721 0.06032
0 0.35176 0.93709 0.12376 0.0605
0 0.48453 0.05516 0.11635 0.05841
0 0.6282 0.10901 0.14891 0.06081
0 0.79702 0.16939 0.12513 0.07992
0 0.23808 0.22978 0.13278 0.04549
0 0.38336 0.29017 0.13814 0.04295
0 0.53065 0.35055 0.16361 0.07963
0 0.69468 0.41094 0.16798 0.07826
0 0.84301 0.47132 0.19843 0.072
0 0.13701 0.53171 0.14601 0.04523
0 0.33555 0.59210 0.18482 0.05817
0 0.49951 0.65248 0.12393 0.05597
0 0.61494 0.71287 0.14295 0.07964
0 0.80704 0.77326 0.15906 0.07784
0 0.24062 0.83364 0.19628 0.04301
0 0.39802 0.89403 0.11023 0.06027
0 0.5496 0.93709 0.11215 0.0763
0 0.68174 0.05516 0.1917 0.04784
0 0.86501 0.10901 0.17149 0.05169
0 0.15396 0.16939 0.18661 0.04738
0 0.36812 0.22978 0.17889 0.06894
0 0.4967 0.29017 0.19639 0.05487
0 0.64302 0.35055 0.14214 0.04633
0 0.81559 0.41094 0.14577 0.05077
0 0.21979 0.47132 0.13066 0.07449
0 0.39871 0.53171 0.15297 0.07215
0 0.53505 0.59210 0.10697 0.04943
0 0.70049 0.65248 0.18892 0.05732
0 0.84089 0.71287 0.13717 0.05222
0 0.18031 0.77326 0.12436 0.06501
0 0.36254 0.83364 0.13266 0.06761
0 0.49761 0.89403 0.19564 0.04531
0 0.64884 0.93709 0.16654 0.05724
0 0.80841 0.05516 0.13238 0.05116
0 0.23879 0.10901 0.13503 0.07811
0 0.38516 0.16939 0.14782 0.05598
0 0.52756 0.22978 0.19013 0.05339
0 0.67277 0.29017 0.13674 0.04604
0 0.85487 0.35055 0.14138 0.06675
0 0.17944 0.41094 0.17918 0.06114
0 0.34188 0.47132 0.16805 0.05247
0 0.49652 0.53171 0.10663 0.07006
0 0.66705 0.59210 0.11432 0.07823
0 0.81977 0.65248 0.12961 0.07885
0 0.23569 0.71287 0.13073 0.07367
0 0.39277 0.77326 0.11667 0.04959
0 0.54012 0.83364 0.15271 0.07201
0 0.69571 0.89403 0.15049 0.05976
0 0.84122 0.93709 0.15661 0.04715