0 0.16478 0.05484 0.11755 0.0727
0 0.32145 0.11114 0.17546 0.04945
0 0.4849 0.17169 0.19981 0.05973
0 0.62511 0.23224 0.12106 0.07113
0 0.81233 0.29279 0.15164 0.05566
0 0.2336 0.35334 0.14471 0.04569
0 0.39262 0.41389 0.1932 0.05773
0 0.55299 0.47444 0.11014 0.06238
0 0.69537 0.53499 0.12205 0.07143
0 0.83949 0.59554 0.1355 0.06271
0 0.17128 0.65608 0.18167 0.07773
0 0.32011 0.71663 0.13107 0.07713
0 0.45309 0.77718 0.10813 0.06626
0 0.61665 0.83773 0.12245 0.05598
0 0.81555 0.89828 0.11235 0.059
0 0.23529 0.96109 0.17871 0.06044
0 0.40869 0.05484 0.19729 0.04748
0 0.54255 0.11114 0.14271 0.05259
0 0.68543 0.17169 0.18405 0.0433
0 0.8567 0.23224 0.16732 0.04693
0 0.16724 0.29279 0.17517 0.05299
0 0.36443 0.35334 0.1458 0.07122
0 0.50624 0.41389 0.1668 0.04535
0 0.65441 0.47444 0.13699 0.06644
0 0.78596 0.53499 0.10767 0.05656
0 0.23316 0.59554 0.11573 0.05501
0 0.38718 0.65608 0.17757 0.06423
0 0.52536 0.71663 0.15514 0.07907
0 0.68334 0.77718 0.18453 0.07424
0 0.82942 0.83773 0.15917 0.07894
0 0.1692 0.89828 0.16433 0.04993
0 0.34292 0.96109 0.16302 0.04393
0 0.47832 0.05484 0.1178 0.05248
0 0.61864 0.11114 0.19408 0.0476
0 0.80497 0.17169 0.17893 0.07393
0 0.23486 0.23224 0.18212 0.05414
0 0.39671 0.29279 0.11889 0.0501
0 0.53463 0.35334 0.17439 0.07349
0 0.68324 0.41389 0.12394 0.06526
0 0.8413 0.47444 0.14475 0.06973
0 0.14023 0.53499 0.13304 0.05484
0 0.33741 0.59554 0.17841 0.04348
0 0.48886 0.65608 0.19592 0.07438
0 0.63808 0.71663 0.15916 0.0675
0 0.79018 0.77718 0.13134 0.04341
0 0.24288 0.83773 0.19896 0.06088
0 0.40491 0.89828 0.15559 0.06422
0 0.53331 0.96109 0.15642 0.06475
0 0.67805 0.05484 0.14733 0.05301
0 0.86117 0.11114 0.13644 0.04726
0 0.15579 0.17169 0.15335 0.04922
0 0.36598 0.23224 0.12129 0.07785
0 0.50046 0.29279 0.10806 0.05548
0 0.62771 0.35334 0.16126 0.05159
0 0.82465 0.41389 0.13188 0.05966
0 0.22263 0.47444 0.16295 0.05943
0 0.39655 0.53499 0.16798 0.05104
0 0.55719 0.59554 0.12568 0.04497
0 0.67538 0.65608 0.19655 0.06146
0 0.86943 0.71663 0.14854 0.07076
0 0.18373 0.77718 0.11438 0.06193
0 0.3655 0.83773 0.19435 0.05523
0 0.50843 0.89828 0.19738 0.07734
0 0.65552 0.96109 0.17687 0.04511
0 0.81014 0.05484 0.17567 0.04405
0 0.24272 0.11114 0.14139 0.04446
0 0.39233 0.17169 0.19708 0.05359
0 0.5242 0.23224 0.14455 0.05897
0 0.69776 0.29279 0.11626 0.05265
0 0.87099 0.35334 0.14209 0.05959
0 0.18347 0.41389 0.14708 0.07808
0 0.35634 0.47444 0.12473 0.07279
0 0.4968 0.53499 0.18483 0.07072
0 0.65525 0.59554 0.16405 0.05769
0 0.82777 0.65608 0.11913 0.07481
0 0.23774 0.71663 0.14908 0.06362
0 0.39165 0.77718 0.18217 0.06831
0 0.54173 0.83773 0.14805 0.07625
0 0.68689 0.89828 0.1391 0.07616
0 0.83592 0.96109 0.18367 0.06633