0 0.1707 0.05447 0.19105 0.0492
0 0.3186 0.11184 0.12477 0.07536
0 0.4801 0.17126 0.12678 0.07452
0 0.64371 0.23068 0.17018 0.07469
0 0.79331 0.29011 0.15656 0.06318
0 0.23668 0.34953 0.14525 0.05871
0 0.38651 0.40896 0.11361 0.07604
0 0.55028 0.46838 0.15184 0.04563
0 0.6838 0.52780 0.14157 0.06564
0 0.83272 0.58723 0.12994 0.05603
0 0.16944 0.64665 0.17076 0.06893
0 0.31685 0.70607 0.12056 0.06773
0 0.45477 0.76550 0.19317 0.08
0 0.62043 0.82492 0.16459 0.05008
0 0.79885 0.88435 0.18055 0.06075
0 0.23851 0.93856 0.11222 0.04492
0 0.39657 0.05447 0.12113 0.04839
0 0.55526 0.11184 0.19297 0.0746
0 0.68423 0.17126 0.17744 0.04316
0 0.85675 0.23068 0.13234 0.04928
0 0.16894 0.29011 0.19246 0.06379
0 0.35896 0.34953 0.10902 0.05578
0 0.51274 0.40896 0.15736 0.07682
0 0.64419 0.46838 0.17678 0.07316
0 0.79729 0.52780 0.15209 0.06171
0 0.23414 0.58723 0.14356 0.05637
0 0.39139 0.64665 0.11114 0.05977
0 0.54276 0.70607 0.13619 0.07408
0 0.6536 0.76550 0.1923 0.04625
0 0.83577 0.82492 0.16101 0.05011
0 0.16947 0.88435 0.15064 0.05669
0 0.35572 0.93856 0.13605 0.0524
0 0.49804 0.05447 0.19168 0.04395
0 0.61808 0.11184 0.19213 0.0592
0 0.80212 0.17126 0.15785 0.06701
0 0.24034 0.23068 0.18584 0.07718
0 0.39356 0.29011 0.13252 0.0549
0 0.52997 0.34953 0.12934 0.06659
0 0.67263 0.40896 0.18006 0.06902
0 0.83992 0.46838 0.16279 0.0796
0 0.14064 0.52780 0.12867 0.06159
0 0.32922 0.58723 0.14549 0.05337
0 0.49637 0.64665 0.12063 0.04948
0 0.62733 0.70607 0.1219 0.07215
0 0.79158 0.76550 0.16979 0.05889
0 0.23248 0.82492 0.19074 0.04455
0 0.39981 0.88435 0.16015 0.07705
0 0.53526 0.93856 0.19519 0.04632
0 0.6817 0.05447 0.15602 0.06744
0 0.83064 0.11184 0.12909 0.05084
0 0.15049 0.17126 0.13276 0.06186
0 0.36867 0.23068 0.19301 0.04819
0 0.49981 0.29011 0.15697 0.05168
0 0.62957 0.34953 0.15342 0.04911
0 0.8279 0.40896 0.14471 0.04522
0 0.2179 0.46838 0.16648 0.07258
0 0.40458 0.52780 0.17272 0.0573
0 0.53555 0.58723 0.12852 0.04797
0 0.69828 0.64665 0.19413 0.0752
0 0.83203 0.70607 0.12817 0.047
0 0.18441 0.76550 0.1306 0.07719
0 0.3677 0.82492 0.1584 0.0629
0 0.49691 0.88435 0.13152 0.0434
0 0.65311 0.93856 0.12103 0.04515
0 0.81532 0.05447 0.13056 0.04713
0 0.23992 0.11184 0.18618 0.06711
0 0.38872 0.17126 0.11796 0.0648
0 0.52352 0.23068 0.17919 0.05324
0 0.69805 0.29011 0.10847 0.04684
0 0.84873 0.34953 0.16438 0.06068
0 0.1832 0.40896 0.13168 0.07669
0 0.34139 0.46838 0.10854 0.04565
0 0.51153 0.52780 0.14445 0.04539
0 0.66889 0.58723 0.17255 0.04555
0 0.8283 0.64665 0.1939 0.0595
0 0.24064 0.70607 0.11169 0.06304
0 0.38479 0.76550 0.11283 0.0488
0 0.53565 0.82492 0.12845 0.04485
0 0.69071 0.88435 0.11759 0.05106
0 0.84324 0.93856 0.113 0.04581