0 0.17162 0.05561 0.18253 0.07763
0 0.32274 0.11113 0.16126 0.06468
0 0.48467 0.17178 0.1767 0.07788
0 0.63989 0.23242 0.1674 0.07552
0 0.793 0.29307 0.19767 0.05643
0 0.23473 0.35372 0.19825 0.05921
0 0.38217 0.41437 0.17217 0.05091
0 0.5349 0.47501 0.11753 0.06102
0 0.70659 0.53566 0.18293 0.07356
0 0.84722 0.59631 0.17518 0.0486
0 0.16916 0.65695 0.19392 0.0768
0 0.31446 0.71760 0.11526 0.07464
0 0.46436 0.77825 0.17804 0.0456
0 0.61075 0.83890 0.14211 0.07787
0 0.80695 0.89954 0.15236 0.07853
0 0.24077 0.93870 0.15902 0.07812
0 0.40078 0.05561 0.11684 0.05467
0 0.54127 0.11113 0.11462 0.04997
0 0.69685 0.17178 0.1577 0.05541
0 0.86858 0.23242 0.11502 0.07189
0 0.16988 0.29307 0.11998 0.07506
0 0.35948 0.35372 0.1905 0.07858
0 0.50403 0.41437 0.13071 0.05141
0 0.64512 0.47501 0.18638 0.07338
0 0.78598 0.53566 0.10964 0.07099
0 0.23699 0.59631 0.15631 0.05554
0 0.38854 0.65695 0.17451 0.06054
0 0.51814 0.71760 0.10668 0.0788
0 0.6865 0.77825 0.17983 0.04554
0 0.82121 0.83890 0.14511 0.06775
0 0.17024 0.89954 0.12396 0.05735
0 0.3566 0.93870 0.16913 0.05724
0 0.49667 0.05561 0.19443 0.07967
0 0.60389 0.11113 0.1343 0.06198
0 0.78328 0.17178 0.19196 0.06723
0 0.23561 0.23242 0.14092 0.04704
0 0.39422 0.29307 0.15628 0.06606
0 0.54176 0.35372 0.16405 0.04647
0 0.67221 0.41437 0.14638 0.04383
0 0.85558 0.47501 0.11825 0.06331
0 0.14176 0.53566 0.16763 0.0487
0 0.32952 0.59631 0.17864 0.07218
0 0.49038 0.65695 0.15549 0.04755
0 0.61462 0.71760 0.16432 0.07193
0 0.82863 0.77825 0.13611 0.05823
0 0.23414 0.83890 0.16202 0.05434
0 0.4126 0.89954 0.18836 0.05721
0 0.54845 0.93870 0.19256 0.07638
0 0.68055 0.05561 0.13379 0.06746
0 0.84787 0.11113 0.16156 0.07299
0 0.15088 0.17178 0.14509 0.07507
0 0.35434 0.23242 0.15966 0.07642
0 0.49205 0.29307 0.17795 0.07793
0 0.6311 0.35372 0.1623 0.06697
0 0.82877 0.41437 0.1447 0.05689
0 0.21964 0.47501 0.1921 0.07781
0 0.40938 0.53566 0.12145 0.05079
0 0.53681 0.59631 0.12013 0.07121
0 0.67567 0.65695 0.16317 0.07638
0 0.85137 0.71760 0.18344 0.06087
0 0.17697 0.77825 0.14214 0.05597
0 0.35467 0.83890 0.1522 0.05077
0 0.50461 0.89954 0.13064 0.05099
0 0.6542 0.93870 0.12601 0.05187
0 0.79775 0.05561 0.16109 0.06193
0 0.24279 0.11113 0.18235 0.04916
0 0.3912 0.17178 0.1469 0.06701
0 0.53454 0.23242 0.15332 0.04816
0 0.67367 0.29307 0.16973 0.0582
0 0.83417 0.35372 0.17773 0.07134
0 0.18101 0.41437 0.15484 0.05242
0 0.34547 0.47501 0.16663 0.05177
0 0.50352 0.53566 0.11666 0.07148
0 0.66 0.59631 0.12582 0.06187
0 0.8013 0.65695 0.15169 0.07813
0 0.23529 0.71760 0.16533 0.06053
0 0.38111 0.77825 0.18789 0.05505
0 0.53318 0.83890 0.12227 0.07051
0 0.71373 0.89954 0.17216 0.06558
0 0.83818 0.93870 0.15799 0.06581