0 0.16356 0.05562 0.19646 0.06634
0 0.32046 0.10927 0.11968 0.05197
0 0.48036 0.16939 0.10681 0.04802
0 0.63641 0.22952 0.16552 0.04255
0 0.80949 0.28964 0.18667 0.04277
0 0.24208 0.34977 0.16311 0.05511
0 0.39496 0.40990 0.12756 0.05808
0 0.53436 0.47002 0.19718 0.07477
0 0.68293 0.53015 0.16549 0.06579
0 0.84622 0.59027 0.12448 0.06957
0 0.16611 0.65040 0.17018 0.06991
0 0.32198 0.71053 0.12038 0.07152
0 0.45168 0.77065 0.11484 0.05349
0 0.62818 0.83078 0.14315 0.07988
0 0.79355 0.89090 0.11246 0.07897
0 0.23583 0.94978 0.17852 0.07699
0 0.39484 0.05562 0.12721 0.05885
0 0.53632 0.10927 0.19188 0.05447
0 0.69535 0.16939 0.12682 0.06582
0 0.85931 0.22952 0.15639 0.0689
0 0.16933 0.28964 0.13846 0.04753
0 0.36313 0.34977 0.15298 0.0795
0 0.51832 0.40990 0.13223 0.07991
0 0.65 0.47002 0.1203 0.07118
0 0.79248 0.53015 0.13338 0.05574
0 0.24263 0.59027 0.1126 0.06939
0 0.39932 0.65040 0.1591 0.07191
0 0.53106 0.71053 0.15735 0.07362
0 0.6781 0.77065 0.10776 0.0627
0 0.83418 0.83078 0.18734 0.04936
0 0.1712 0.89090 0.14489 0.05258
0 0.35258 0.94978 0.12761 0.06293
0 0.48939 0.05562 0.1474 0.06693
0 0.62934 0.10927 0.11986 0.06449
0 0.78447 0.16939 0.1611 0.06829
0 0.23532 0.22952 0.19958 0.07289
0 0.39256 0.28964 0.11447 0.06512
0 0.53771 0.34977 0.16197 0.0796
0 0.69678 0.40990 0.19798 0.04993
0 0.83065 0.47002 0.19081 0.07484
0 0.14129 0.53015 0.13184 0.05812
0 0.32849 0.59027 0.167 0.05717
0 0.49945 0.65040 0.11845 0.05902
0 0.61947 0.71053 0.17451 0.06725
0 0.79963 0.77065 0.14728 0.06153
0 0.23992 0.83078 0.15697 0.04303
0 0.41053 0.89090 0.11779 0.06708
0 0.53248 0.94978 0.13537 0.05976
0 0.69986 0.05562 0.15504 0.05256
0 0.85247 0.10927 0.1556 0.07871
0 0.15648 0.16939 0.15891 0.04268
0 0.36272 0.22952 0.13449 0.04835
0 0.51303 0.28964 0.15159 0.06252
0 0.63637 0.34977 0.18229 0.07448
0 0.79628 0.40990 0.1541 0.04881
0 0.22756 0.47002 0.18382 0.04563
0 0.40374 0.53015 0.11432 0.05042
0 0.5539 0.59027 0.12741 0.05026
0 0.6721 0.65040 0.17895 0.05736
0 0.83278 0.71053 0.11149 0.06244
0 0.18005 0.77065 0.17045 0.04455
0 0.36016 0.83078 0.18868 0.07233
0 0.49148 0.89090 0.14076 0.06115
0 0.6339 0.94978 0.10891 0.05626
0 0.82759 0.05562 0.13815 0.06585
0 0.23228 0.10927 0.15712 0.05898
0 0.39227 0.16939 0.14696 0.06887
0 0.52956 0.22952 0.17669 0.04455
0 0.66893 0.28964 0.13267 0.04967
0 0.83489 0.34977 0.19637 0.07627
0 0.17765 0.40990 0.19222 0.06355
0 0.34673 0.47002 0.19563 0.05139
0 0.50604 0.53015 0.16563 0.06335
0 0.66081 0.59027 0.12507 0.07869
0 0.81779 0.65040 0.18703 0.05145
0 0.24315 0.71053 0.17433 0.04292
0 0.38253 0.77065 0.10938 0.05894
0 0.54351 0.83078 0.14447 0.04361
0 0.68192 0.89090 0.16392 0.06302
0 0.85807 0.94978 0.14814 0.06521