0 0.1671 0.05566 0.17879 0.07383
0 0.32431 0.10976 0.10882 0.05541
0 0.47879 0.17090 0.15082 0.04743
0 0.62046 0.23203 0.10983 0.06217
0 0.8093 0.29317 0.16245 0.06769
0 0.2333 0.35430 0.13125 0.05264
0 0.39969 0.41544 0.12559 0.05689
0 0.53633 0.47658 0.12998 0.05228
0 0.6862 0.53771 0.1862 0.06565
0 0.84085 0.59885 0.13482 0.04302
0 0.16911 0.65998 0.18032 0.04623
0 0.32881 0.72112 0.1254 0.07862
0 0.46039 0.78226 0.19791 0.06204
0 0.62491 0.84339 0.17634 0.05453
0 0.80849 0.90453 0.1589 0.05787
0 0.2322 0.96459 0.17526 0.04548
0 0.39996 0.05566 0.18134 0.07658
0 0.53465 0.10976 0.14683 0.07565
0 0.69725 0.17090 0.12305 0.06334
0 0.8608 0.23203 0.18275 0.05398
0 0.16569 0.29317 0.11567 0.07653
0 0.3607 0.35430 0.12915 0.05109
0 0.52558 0.41544 0.15478 0.06549
0 0.65558 0.47658 0.17985 0.04811
0 0.80926 0.53771 0.11713 0.05446
0 0.23679 0.59885 0.12794 0.05395
0 0.38835 0.65998 0.1234 0.07196
0 0.52034 0.72112 0.11117 0.06375
0 0.66066 0.78226 0.19646 0.05879
0 0.83669 0.84339 0.14728 0.05014
0 0.16356 0.90453 0.15089 0.04956
0 0.35435 0.96459 0.17026 0.06858
0 0.49435 0.05566 0.13942 0.05038
0 0.61359 0.10976 0.17255 0.04596
0 0.77785 0.17090 0.17121 0.05113
0 0.23408 0.23203 0.19625 0.07964
0 0.39051 0.29317 0.10786 0.07044
0 0.53846 0.35430 0.18193 0.07009
0 0.6931 0.41544 0.18342 0.056
0 0.8183 0.47658 0.12898 0.05722
0 0.13677 0.53771 0.1817 0.05466
0 0.33495 0.59885 0.19705 0.07478
0 0.49325 0.65998 0.12397 0.04538
0 0.61948 0.72112 0.1228 0.06333
0 0.81333 0.78226 0.17185 0.07712
0 0.23548 0.84339 0.18582 0.05435
0 0.40724 0.90453 0.13268 0.06845
0 0.54532 0.96459 0.1554 0.04859
0 0.69612 0.05566 0.11352 0.06878
0 0.83907 0.10976 0.13579 0.06846
0 0.15167 0.17090 0.14243 0.07658
0 0.36306 0.23203 0.13649 0.07151
0 0.51072 0.29317 0.17395 0.07435
0 0.64458 0.35430 0.13806 0.04549
0 0.79571 0.41544 0.16753 0.06784
0 0.22759 0.47658 0.13172 0.05169
0 0.40955 0.53771 0.13155 0.04392
0 0.55668 0.59885 0.1198 0.06576
0 0.67372 0.65998 0.15329 0.04851
0 0.85249 0.72112 0.178 0.07049
0 0.18188 0.78226 0.13248 0.04594
0 0.35687 0.84339 0.13716 0.07189
0 0.49313 0.90453 0.1851 0.05114
0 0.64605 0.96459 0.14403 0.05898
0 0.80939 0.05566 0.17625 0.07273
0 0.23334 0.10976 0.16036 0.04463
0 0.39823 0.17090 0.16548 0.05316
0 0.52489 0.23203 0.14158 0.06096
0 0.68339 0.29317 0.13592 0.05632
0 0.85332 0.35430 0.12152 0.05891
0 0.18225 0.41544 0.15737 0.06805
0 0.34172 0.47658 0.10827 0.06662
0 0.50001 0.53771 0.15059 0.04383
0 0.65281 0.59885 0.16301 0.0457
0 0.79394 0.65998 0.16718 0.0674
0 0.23933 0.72112 0.19836 0.05882
0 0.3899 0.78226 0.13336 0.05846
0 0.5317 0.84339 0.1157 0.07826
0 0.70518 0.90453 0.18692 0.07098
0 0.85026 0.96459 0.1353 0.04663