0 0.16347 0.05584 0.10968 0.05881
0 0.32123 0.11163 0.16013 0.05736
0 0.46332 0.17228 0.10863 0.07422
0 0.61482 0.23294 0.15941 0.07716
0 0.81421 0.29360 0.13644 0.0529
0 0.23205 0.35425 0.15999 0.05413
0 0.38304 0.41491 0.10717 0.04628
0 0.55782 0.47556 0.12625 0.06361
0 0.68332 0.53622 0.13084 0.06731
0 0.8346 0.59687 0.11328 0.06514
0 0.16716 0.65753 0.14681 0.07762
0 0.31456 0.71818 0.17279 0.0641
0 0.46189 0.77884 0.19103 0.06302
0 0.60346 0.83950 0.1409 0.06582
0 0.82784 0.90015 0.1357 0.07873
0 0.24123 0.93922 0.12753 0.06005
0 0.40702 0.05584 0.14256 0.06205
0 0.55435 0.11163 0.11541 0.07521
0 0.6936 0.17228 0.18421 0.05853
0 0.86812 0.23294 0.12952 0.06138
0 0.17091 0.29360 0.17794 0.05095
0 0.35929 0.35425 0.12918 0.06043
0 0.51686 0.41491 0.16187 0.05046
0 0.66568 0.47556 0.1327 0.04253
0 0.79796 0.53622 0.15075 0.04799
0 0.234 0.59687 0.11827 0.07314
0 0.38269 0.65753 0.10736 0.06761
0 0.5431 0.71818 0.14759 0.04282
0 0.66254 0.77884 0.12032 0.0564
0 0.84086 0.83950 0.16072 0.06554
0 0.17119 0.90015 0.1363 0.0764
0 0.35099 0.93922 0.18098 0.06288
0 0.48558 0.05584 0.10716 0.04276
0 0.61008 0.11163 0.11106 0.04265
0 0.81505 0.17228 0.19084 0.07184
0 0.23513 0.23294 0.1303 0.06123
0 0.39041 0.29360 0.13933 0.07606
0 0.52371 0.35425 0.10757 0.06692
0 0.66972 0.41491 0.15505 0.05015
0 0.85393 0.47556 0.13434 0.04664
0 0.13862 0.53622 0.12976 0.07301
0 0.33156 0.59687 0.12103 0.06525
0 0.49624 0.65753 0.17356 0.06963
0 0.62065 0.71818 0.16485 0.07807
0 0.81089 0.77884 0.17792 0.04858
0 0.24213 0.83950 0.19204 0.07312
0 0.39555 0.90015 0.14447 0.06687
0 0.53609 0.93922 0.19281 0.0624
0 0.67664 0.05584 0.15732 0.05268
0 0.85023 0.11163 0.1256 0.06539
0 0.15622 0.17228 0.11924 0.04649
0 0.35936 0.23294 0.13365 0.06698
0 0.5008 0.29360 0.11899 0.05895
0 0.63602 0.35425 0.11117 0.07061
0 0.82759 0.41491 0.18749 0.05774
0 0.22421 0.47556 0.14429 0.06174
0 0.41124 0.53622 0.19431 0.07925
0 0.53728 0.59687 0.16224 0.07168
0 0.69249 0.65753 0.1104 0.0451
0 0.86436 0.71818 0.19902 0.0652
0 0.1857 0.77884 0.1901 0.06658
0 0.36483 0.83950 0.11294 0.06682
0 0.51201 0.90015 0.18776 0.04807
0 0.63633 0.93922 0.18821 0.04942
0 0.82669 0.05584 0.16994 0.05034
0 0.23148 0.11163 0.14488 0.06666
0 0.38679 0.17228 0.17306 0.07793
0 0.53525 0.23294 0.17786 0.05995
0 0.69705 0.29360 0.19915 0.06306
0 0.86022 0.35425 0.16115 0.05508
0 0.17786 0.41491 0.1615 0.06524
0 0.34788 0.47556 0.16493 0.0557
0 0.49339 0.53622 0.16439 0.04368
0 0.64702 0.59687 0.12435 0.07554
0 0.82219 0.65753 0.18051 0.06733
0 0.24019 0.71818 0.15633 0.05112
0 0.38557 0.77884 0.18429 0.07118
0 0.55507 0.83950 0.15399 0.06695
0 0.71094 0.90015 0.19216 0.06976
0 0.85937 0.93922 0.17196 0.06423