0 0.17043 0.05604 0.13953 0.05187
0 0.31485 0.11024 0.19315 0.06123
0 0.48187 0.17108 0.16229 0.05257
0 0.63528 0.23193 0.13324 0.06051
0 0.79577 0.29278 0.16217 0.05046
0 0.23913 0.35363 0.15895 0.06639
0 0.38223 0.41448 0.15323 0.06662
0 0.53919 0.47532 0.14958 0.08004
0 0.69285 0.53617 0.15443 0.05268
0 0.83156 0.59702 0.15034 0.0445
0 0.16663 0.65787 0.15916 0.05278
0 0.31541 0.71871 0.16847 0.07781
0 0.45284 0.77956 0.14974 0.06326
0 0.62658 0.84041 0.14109 0.06309
0 0.81957 0.90126 0.12207 0.07092
0 0.23744 0.95040 0.19295 0.06499
0 0.41386 0.05604 0.12478 0.06918
0 0.55042 0.11024 0.13199 0.05071
0 0.67254 0.17108 0.12864 0.05831
0 0.83813 0.23193 0.18005 0.05315
0 0.16502 0.29278 0.15913 0.07758
0 0.35463 0.35363 0.19603 0.07161
0 0.5276 0.41448 0.1411 0.07926
0 0.64279 0.47532 0.1112 0.04569
0 0.81393 0.53617 0.16503 0.0649
0 0.2314 0.59702 0.14997 0.06711
0 0.3929 0.65787 0.17638 0.065
0 0.54268 0.71871 0.19103 0.05062
0 0.67632 0.77956 0.18524 0.06142
0 0.85586 0.84041 0.1374 0.0796
0 0.16747 0.90126 0.13417 0.04264
0 0.35076 0.95040 0.12744 0.06048
0 0.49463 0.05604 0.10776 0.06499
0 0.61386 0.11024 0.19064 0.06073
0 0.77699 0.17108 0.17468 0.07684
0 0.23216 0.23193 0.13219 0.05103
0 0.39838 0.29278 0.17106 0.05462
0 0.52672 0.35363 0.11584 0.04439
0 0.6796 0.41448 0.19552 0.06374
0 0.82187 0.47532 0.13383 0.07448
0 0.14138 0.53617 0.13448 0.07063
0 0.32935 0.59702 0.15337 0.06062
0 0.4848 0.65787 0.18781 0.06024
0 0.62054 0.71871 0.19818 0.05286
0 0.80885 0.77956 0.12658 0.06384
0 0.23899 0.84041 0.20003 0.07255
0 0.40536 0.90126 0.16986 0.06177
0 0.55606 0.95040 0.13321 0.07997
0 0.67594 0.05604 0.19346 0.06801
0 0.85627 0.11024 0.10892 0.05862
0 0.15527 0.17108 0.1149 0.06341
0 0.35763 0.23193 0.12163 0.05157
0 0.49993 0.29278 0.15547 0.05479
0 0.6524 0.35363 0.15859 0.074
0 0.81409 0.41448 0.19955 0.0715
0 0.22339 0.47532 0.14276 0.07778
0 0.40567 0.53617 0.13661 0.07622
0 0.54416 0.59702 0.12054 0.07697
0 0.69554 0.65787 0.12066 0.07469
0 0.84839 0.71871 0.13983 0.07933
0 0.18228 0.77956 0.17312 0.06024
0 0.37097 0.84041 0.12719 0.07783
0 0.49806 0.90126 0.119 0.07995
0 0.63013 0.95040 0.17642 0.04874
0 0.81415 0.05604 0.19333 0.07703
0 0.23887 0.11024 0.19987 0.05688
0 0.38872 0.17108 0.16019 0.07694
0 0.52212 0.23193 0.1665 0.04374
0 0.67292 0.29278 0.15871 0.07084
0 0.86472 0.35363 0.19087 0.04903
0 0.18396 0.41448 0.108 0.04951
0 0.3508 0.47532 0.13985 0.04779
0 0.49775 0.53617 0.11977 0.07229
0 0.65979 0.59702 0.14683 0.04639
0 0.80765 0.65787 0.1664 0.0722
0 0.23852 0.71871 0.10623 0.05059
0 0.3934 0.77956 0.15395 0.05662
0 0.5511 0.84041 0.14236 0.04682
0 0.68211 0.90126 0.14819 0.04262
0 0.84949 0.95040 0.11793 0.07706