0 0.16652 0.05556 0.14968 0.06725
0 0.32885 0.11101 0.10937 0.05382
0 0.47749 0.17063 0.17456 0.06433
0 0.62512 0.23026 0.17695 0.0564
0 0.7988 0.28989 0.14855 0.0488
0 0.24279 0.34952 0.13311 0.04399
0 0.38393 0.40914 0.11948 0.07947
0 0.54169 0.46877 0.15261 0.06448
0 0.69903 0.52840 0.14049 0.06574
0 0.83455 0.58803 0.17969 0.05299
0 0.16817 0.64766 0.11921 0.07645
0 0.31472 0.70728 0.17644 0.05902
0 0.46282 0.76691 0.16458 0.05158
0 0.6135 0.82654 0.19165 0.04407
0 0.82232 0.88617 0.17375 0.04702
0 0.23816 0.94096 0.11715 0.06118
0 0.39896 0.05556 0.18815 0.06886
0 0.54251 0.11101 0.11228 0.05461
0 0.68167 0.17063 0.10619 0.04291
0 0.86718 0.23026 0.13498 0.06697
0 0.16956 0.28989 0.14343 0.04959
0 0.36105 0.34952 0.13302 0.06205
0 0.50789 0.40914 0.16726 0.07736
0 0.65741 0.46877 0.1306 0.06006
0 0.77664 0.52840 0.19903 0.07516
0 0.23281 0.58803 0.16951 0.05834
0 0.39344 0.64766 0.16897 0.0759
0 0.53002 0.70728 0.18049 0.05644
0 0.68649 0.76691 0.11261 0.04742
0 0.84412 0.82654 0.129 0.05862
0 0.17144 0.88617 0.15414 0.05713
0 0.35557 0.94096 0.18769 0.07948
0 0.49351 0.05556 0.2001 0.07937
0 0.60144 0.11101 0.16356 0.05402
0 0.79332 0.17063 0.10825 0.07757
0 0.2314 0.23026 0.19145 0.07258
0 0.39431 0.28989 0.1803 0.07778
0 0.53767 0.34952 0.15401 0.06578
0 0.69797 0.40914 0.17721 0.0563
0 0.83143 0.46877 0.16367 0.05786
0 0.13989 0.52840 0.14587 0.06956
0 0.33755 0.58803 0.12931 0.06631
0 0.4807 0.64766 0.12552 0.06406
0 0.64327 0.70728 0.13657 0.07314
0 0.78955 0.76691 0.13971 0.04795
0 0.2337 0.82654 0.14453 0.05247
0 0.40415 0.88617 0.15456 0.05655
0 0.54592 0.94096 0.19175 0.04631
0 0.67559 0.05556 0.11709 0.07031
0 0.87243 0.11101 0.12304 0.05472
0 0.15313 0.17063 0.15029 0.06488
0 0.35489 0.23026 0.1355 0.07606
0 0.50741 0.28989 0.19393 0.05328
0 0.6337 0.34952 0.18882 0.07039
0 0.80152 0.40914 0.19935 0.0604
0 0.22062 0.46877 0.12439 0.05807
0 0.39648 0.52840 0.18332 0.07364
0 0.5462 0.58803 0.16397 0.0622
0 0.676 0.64766 0.12824 0.06039
0 0.83163 0.70728 0.18075 0.07489
0 0.18272 0.76691 0.14693 0.04735
0 0.36474 0.82654 0.11829 0.04712
0 0.49478 0.88617 0.15983 0.04741
0 0.64809 0.94096 0.11812 0.06704
0 0.80195 0.05556 0.12661 0.07932
0 0.23642 0.11101 0.15017 0.06463
0 0.38853 0.17063 0.15224 0.05816
0 0.53371 0.23026 0.12431 0.04276
0 0.69364 0.28989 0.11739 0.07621
0 0.85547 0.34952 0.16976 0.07921
0 0.18283 0.40914 0.19942 0.07982
0 0.35051 0.46877 0.16803 0.07721
0 0.49398 0.52840 0.12741 0.0493
0 0.6411 0.58803 0.18413 0.06362
0 0.79496 0.64766 0.1412 0.06128
0 0.23473 0.70728 0.17182 0.07503
0 0.39583 0.76691 0.16687 0.05633
0 0.54207 0.82654 0.10845 0.0765
0 0.68561 0.88617 0.13414 0.06563
0 0.86137 0.94096 0.19145 0.07154