0 0.16492 0.05582 0.15898 0.06643
0 0.31913 0.10977 0.15482 0.04424
0 0.47476 0.16950 0.1977 0.07674
0 0.62541 0.22923 0.12702 0.05733
0 0.82338 0.28896 0.12542 0.05362
0 0.23415 0.34869 0.12419 0.06132
0 0.39185 0.40842 0.1403 0.05896
0 0.54594 0.46814 0.15197 0.04465
0 0.71386 0.52787 0.16243 0.07607
0 0.83832 0.58760 0.19112 0.0798
0 0.16446 0.64733 0.11419 0.0477
0 0.32602 0.70706 0.1827 0.06896
0 0.4564 0.76679 0.14956 0.06821
0 0.60512 0.82651 0.11509 0.07756
0 0.82552 0.88624 0.11881 0.05314
0 0.2426 0.95189 0.12616 0.05946
0 0.40526 0.05582 0.12939 0.07548
0 0.54462 0.10977 0.12923 0.04989
0 0.69745 0.16950 0.15138 0.06401
0 0.8494 0.22923 0.10958 0.05755
0 0.16655 0.28896 0.17424 0.05797
0 0.36396 0.34869 0.18771 0.04955
0 0.50922 0.40842 0.12303 0.06874
0 0.64036 0.46814 0.19815 0.06895
0 0.7905 0.52787 0.13742 0.07604
0 0.23206 0.58760 0.10827 0.04853
0 0.39653 0.64733 0.15647 0.05245
0 0.53846 0.70706 0.13716 0.05825
0 0.67164 0.76679 0.12979 0.07832
0 0.83703 0.82651 0.11276 0.06952
0 0.16904 0.88624 0.11414 0.0473
0 0.357 0.95189 0.15452 0.07692
0 0.49288 0.05582 0.16177 0.04941
0 0.61856 0.10977 0.17702 0.05343
0 0.79258 0.16950 0.1542 0.06609
0 0.23925 0.22923 0.1585 0.04485
0 0.39902 0.28896 0.13261 0.07409
0 0.53252 0.34869 0.17967 0.07592
0 0.67179 0.40842 0.14787 0.07815
0 0.82589 0.46814 0.18687 0.05577
0 0.14033 0.52787 0.1705 0.05888
0 0.32885 0.58760 0.15626 0.07168
0 0.49436 0.64733 0.10838 0.07048
0 0.62843 0.70706 0.17312 0.07121
0 0.80446 0.76679 0.19568 0.0632
0 0.23201 0.82651 0.12881 0.07197
0 0.41414 0.88624 0.11658 0.07418
0 0.53203 0.95189 0.10961 0.06199
0 0.69892 0.05582 0.11821 0.06042
0 0.83719 0.10977 0.19732 0.05902
0 0.15734 0.16950 0.15477 0.06936
0 0.35571 0.22923 0.16192 0.07081
0 0.51061 0.28896 0.17539 0.07287
0 0.64803 0.34869 0.15616 0.0775
0 0.82808 0.40842 0.19546 0.05984
0 0.22317 0.46814 0.14201 0.07923
0 0.41059 0.52787 0.15937 0.06397
0 0.55128 0.58760 0.11597 0.05568
0 0.69154 0.64733 0.1655 0.0474
0 0.84149 0.70706 0.14085 0.06211
0 0.18316 0.76679 0.17301 0.0454
0 0.37072 0.82651 0.17372 0.06416
0 0.49226 0.88624 0.11161 0.07921
0 0.64439 0.95189 0.19028 0.07815
0 0.81277 0.05582 0.19389 0.04625
0 0.24113 0.10977 0.18673 0.05836
0 0.38759 0.16950 0.12364 0.06748
0 0.51739 0.22923 0.13558 0.07294
0 0.68978 0.28896 0.14599 0.07492
0 0.84042 0.34869 0.14403 0.07135
0 0.18477 0.40842 0.11551 0.0742
0 0.35505 0.46814 0.13213 0.07094
0 0.51446 0.52787 0.14158 0.06381
0 0.66663 0.58760 0.19974 0.06506
0 0.79143 0.64733 0.14635 0.04705
0 0.24191 0.70706 0.13146 0.05504
0 0.38782 0.76679 0.11009 0.07905
0 0.53326 0.82651 0.10728 0.06171
0 0.71273 0.88624 0.10752 0.05451
0 0.8665 0.95189 0.11548 0.06328