0 0.17002 0.05466 0.15389 0.07882
0 0.32487 0.10945 0.19611 0.06257
0 0.46408 0.16903 0.15429 0.05633
0 0.63912 0.22861 0.18007 0.07105
0 0.82827 0.28819 0.19778 0.04943
0 0.2378 0.34778 0.14879 0.06323
0 0.40016 0.40736 0.16355 0.05969
0 0.5455 0.46694 0.10887 0.05977
0 0.69863 0.52652 0.11757 0.04674
0 0.85029 0.58610 0.1114 0.05603
0 0.16776 0.64568 0.14415 0.05844
0 0.32834 0.70526 0.1969 0.06131
0 0.46871 0.76484 0.17741 0.04321
0 0.62749 0.82443 0.13277 0.04882
0 0.82696 0.88401 0.13224 0.07289
0 0.23686 0.95814 0.18127 0.06103
0 0.41479 0.05466 0.15108 0.0691
0 0.5322 0.10945 0.16554 0.06112
0 0.67462 0.16903 0.16645 0.04939
0 0.86378 0.22861 0.17581 0.04859
0 0.16765 0.28819 0.17114 0.07324
0 0.36073 0.34778 0.12082 0.06237
0 0.52046 0.40736 0.15216 0.06141
0 0.65495 0.46694 0.13808 0.06052
0 0.80865 0.52652 0.15494 0.07568
0 0.23636 0.58610 0.18249 0.07324
0 0.39247 0.64568 0.13992 0.06776
0 0.52869 0.70526 0.13902 0.07253
0 0.66102 0.76484 0.16787 0.04881
0 0.85015 0.82443 0.12009 0.08011
0 0.17043 0.88401 0.14377 0.06986
0 0.35293 0.95814 0.16579 0.04637
0 0.49122 0.05466 0.14548 0.04399
0 0.60318 0.10945 0.11068 0.07006
0 0.77975 0.16903 0.14732 0.07284
0 0.2379 0.22861 0.12939 0.07394
0 0.40012 0.28819 0.15588 0.07047
0 0.5236 0.34778 0.16093 0.04454
0 0.68833 0.40736 0.19102 0.04723
0 0.83991 0.46694 0.16898 0.07289
0 0.14295 0.52652 0.1735 0.0696
0 0.3289 0.58610 0.16137 0.04356
0 0.49248 0.64568 0.14688 0.05562
0 0.63039 0.70526 0.15432 0.0797
0 0.82707 0.76484 0.19994 0.06729
0 0.23695 0.82443 0.19802 0.05773
0 0.41471 0.88401 0.13626 0.06021
0 0.53533 0.95814 0.15047 0.06239
0 0.69895 0.05466 0.18287 0.06026
0 0.85641 0.10945 0.11904 0.06767
0 0.15511 0.16903 0.15884 0.05421
0 0.36561 0.22861 0.14861 0.07389
0 0.49066 0.28819 0.1868 0.06249
0 0.64539 0.34778 0.17427 0.05029
0 0.78985 0.40736 0.12883 0.07086
0 0.22797 0.46694 0.18843 0.04251
0 0.41461 0.52652 0.19041 0.06033
0 0.5401 0.58610 0.1701 0.07748
0 0.67526 0.64568 0.13815 0.07624
0 0.8698 0.70526 0.14835 0.06548
0 0.18182 0.76484 0.12235 0.07693
0 0.35836 0.82443 0.1799 0.0514
0 0.50397 0.88401 0.112 0.0454
0 0.6577 0.95814 0.14185 0.06782
0 0.82233 0.05466 0.17347 0.04722
0 0.23366 0.10945 0.12256 0.07429
0 0.38513 0.16903 0.15963 0.06494
0 0.53763 0.22861 0.19187 0.07563
0 0.69106 0.28819 0.1068 0.06807
0 0.86354 0.34778 0.19148 0.06714
0 0.18234 0.40736 0.18354 0.04948
0 0.34713 0.46694 0.17102 0.06892
0 0.49384 0.52652 0.15333 0.05302
0 0.65159 0.58610 0.17002 0.06799
0 0.81973 0.64568 0.1798 0.05078
0 0.23342 0.70526 0.14249 0.06067
0 0.38436 0.76484 0.16701 0.07047
0 0.55673 0.82443 0.15591 0.07991
0 0.70563 0.88401 0.19275 0.05786
0 0.84075 0.95814 0.13222 0.04417