0 0.16514 0.05593 0.13374 0.04954
0 0.32012 0.11093 0.13128 0.04696
0 0.47761 0.17205 0.15082 0.06675
0 0.6198 0.23317 0.12375 0.04746
0 0.79285 0.29429 0.14986 0.07194
0 0.23555 0.35542 0.19394 0.0495
0 0.3837 0.41654 0.15536 0.06319
0 0.54339 0.47766 0.16165 0.06596
0 0.68385 0.53878 0.18804 0.06865
0 0.86053 0.59990 0.14738 0.07492
0 0.1664 0.66103 0.13652 0.06319
0 0.32524 0.72215 0.17727 0.07716
0 0.46006 0.78327 0.18523 0.04494
0 0.61624 0.84439 0.16057 0.07875
0 0.80075 0.90551 0.16891 0.07504
0 0.23317 0.95786 0.14901 0.04425
0 0.39917 0.05593 0.1175 0.06729
0 0.54894 0.11093 0.15132 0.0765
0 0.67564 0.17205 0.15802 0.05006
0 0.83461 0.23317 0.15507 0.04729
0 0.16893 0.29429 0.15819 0.06596
0 0.35731 0.35542 0.13441 0.04333
0 0.51298 0.41654 0.14208 0.05508
0 0.65746 0.47766 0.14251 0.07686
0 0.7798 0.53878 0.13369 0.04571
0 0.23782 0.59990 0.10687 0.06326
0 0.39112 0.66103 0.1279 0.07482
0 0.53346 0.72215 0.12348 0.05795
0 0.65863 0.78327 0.17746 0.05789
0 0.828 0.84439 0.181 0.06725
0 0.16995 0.90551 0.13543 0.05466
0 0.34785 0.95786 0.14272 0.04813
0 0.47964 0.05593 0.12812 0.05914
0 0.60723 0.11093 0.14899 0.07925
0 0.80184 0.17205 0.1946 0.07407
0 0.23732 0.23317 0.18323 0.05259
0 0.38865 0.29429 0.1446 0.05265
0 0.52705 0.35542 0.17358 0.06245
0 0.69655 0.41654 0.10905 0.06857
0 0.84352 0.47766 0.18468 0.05826
0 0.13927 0.53878 0.19364 0.06523
0 0.3269 0.59990 0.10964 0.06513
0 0.48246 0.66103 0.14799 0.07436
0 0.63297 0.72215 0.18246 0.05267
0 0.80969 0.78327 0.1129 0.05686
0 0.23627 0.84439 0.1376 0.07478
0 0.41013 0.90551 0.12565 0.05025
0 0.53763 0.95786 0.18928 0.04761
0 0.67549 0.05593 0.17753 0.07511
0 0.85123 0.11093 0.13277 0.07165
0 0.1572 0.17205 0.15126 0.07121
0 0.36704 0.23317 0.1766 0.06486
0 0.49345 0.29429 0.1369 0.05436
0 0.64591 0.35542 0.13403 0.06638
0 0.81929 0.41654 0.18638 0.07066
0 0.22162 0.47766 0.15916 0.07562
0 0.40095 0.53878 0.14157 0.05689
0 0.53693 0.59990 0.11479 0.04619
0 0.67292 0.66103 0.15067 0.07046
0 0.83166 0.72215 0.16943 0.04887
0 0.1781 0.78327 0.14431 0.07133
0 0.36844 0.84439 0.16733 0.06808
0 0.49367 0.90551 0.19738 0.05067
0 0.65724 0.95786 0.12216 0.0626
0 0.79718 0.05593 0.11799 0.06554
0 0.23737 0.11093 0.19234 0.07495
0 0.38542 0.17205 0.17423 0.04347
0 0.53017 0.23317 0.16876 0.06376
0 0.68155 0.29429 0.18441 0.04589
0 0.83053 0.35542 0.16375 0.05541
0 0.17871 0.41654 0.13301 0.07133
0 0.35345 0.47766 0.11069 0.06343
0 0.49798 0.53878 0.18743 0.04796
0 0.65122 0.59990 0.11181 0.07575
0 0.81651 0.66103 0.15203 0.045
0 0.23848 0.72215 0.16584 0.05492
0 0.38913 0.78327 0.17379 0.04343
0 0.5525 0.84439 0.13927 0.05301
0 0.70449 0.90551 0.17331 0.05022
0 0.8712 0.95786 0.15607 0.07151