0 0.1692 0.05450 0.19908 0.07029
0 0.31664 0.11033 0.15689 0.07401
0 0.48628 0.17119 0.14601 0.05628
0 0.61567 0.23205 0.11276 0.04722
0 0.8224 0.29291 0.1858 0.04519
0 0.23949 0.35376 0.16805 0.07607
0 0.38879 0.41462 0.1407 0.05128
0 0.55498 0.47548 0.17204 0.07136
0 0.69383 0.53634 0.13186 0.06079
0 0.84917 0.59720 0.11973 0.07246
0 0.1706 0.65805 0.1348 0.05406
0 0.32719 0.71891 0.11662 0.06161
0 0.45393 0.77977 0.19876 0.07286
0 0.62321 0.84063 0.18251 0.07072
0 0.81729 0.90149 0.15017 0.07493
0 0.23871 0.94839 0.14193 0.06329
0 0.40287 0.05450 0.17135 0.07243
0 0.53479 0.11033 0.11594 0.07825
0 0.66853 0.17119 0.10874 0.07055
0 0.84069 0.23205 0.12484 0.04476
0 0.16477 0.29291 0.13091 0.04961
0 0.35859 0.35376 0.19916 0.07058
0 0.52819 0.41462 0.12555 0.04655
0 0.6596 0.47548 0.11111 0.07926
0 0.79992 0.53634 0.11419 0.07159
0 0.23435 0.59720 0.13983 0.07992
0 0.39638 0.65805 0.18475 0.05439
0 0.51752 0.71891 0.1088 0.07011
0 0.65745 0.77977 0.11859 0.07318
0 0.84348 0.84063 0.12364 0.05809
0 0.17085 0.90149 0.19568 0.05927
0 0.34697 0.94839 0.20005 0.06416
0 0.49504 0.05450 0.19568 0.07119
0 0.62603 0.11033 0.19652 0.06577
0 0.77884 0.17119 0.12744 0.0543
0 0.23555 0.23205 0.13062 0.07266
0 0.39986 0.29291 0.14224 0.07121
0 0.53202 0.35376 0.18862 0.05169
0 0.69585 0.41462 0.19649 0.06156
0 0.85216 0.47548 0.16553 0.04797
0 0.14114 0.53634 0.13233 0.04732
0 0.34243 0.59720 0.11484 0.06734
0 0.49332 0.65805 0.12514 0.04519
0 0.6146 0.71891 0.17617 0.05003
0 0.80113 0.77977 0.17034 0.07451
0 0.23372 0.84063 0.15598 0.0649
0 0.39789 0.90149 0.18502 0.06797
0 0.53885 0.94839 0.15003 0.07882
0 0.67571 0.05450 0.13646 0.0728
0 0.83944 0.11033 0.16143 0.07075
0 0.15374 0.17119 0.16636 0.07254
0 0.35968 0.23205 0.10771 0.05275
0 0.49712 0.29291 0.10953 0.058
0 0.62855 0.35376 0.11126 0.05274
0 0.82509 0.41462 0.1121 0.05053
0 0.21931 0.47548 0.1128 0.05316
0 0.40814 0.53634 0.19703 0.06824
0 0.53087 0.59720 0.11391 0.05882
0 0.69723 0.65805 0.14899 0.06354
0 0.85139 0.71891 0.19622 0.05
0 0.18541 0.77977 0.15402 0.06543
0 0.3542 0.84063 0.12589 0.07217
0 0.50743 0.90149 0.2002 0.04474
0 0.65097 0.94839 0.19751 0.07972
0 0.81573 0.05450 0.16953 0.06587
0 0.2379 0.11033 0.11328 0.07917
0 0.39117 0.17119 0.12602 0.07466
0 0.52791 0.23205 0.11038 0.04391
0 0.68534 0.29291 0.15374 0.05923
0 0.84187 0.35376 0.19565 0.05462
0 0.17835 0.41462 0.16052 0.04827
0 0.3556 0.47548 0.1475 0.07539
0 0.4947 0.53634 0.16282 0.05571
0 0.65395 0.59720 0.12629 0.0575
0 0.80407 0.65805 0.16948 0.07679
0 0.24179 0.71891 0.1366 0.05744
0 0.39669 0.77977 0.16585 0.06034
0 0.53099 0.84063 0.13959 0.07615
0 0.70103 0.90149 0.12045 0.06835
0 0.84751 0.94839 0.11403 0.06732