0 0.16727 0.05454 0.13853 0.05951
0 0.31791 0.10970 0.10895 0.07314
0 0.485 0.16973 0.18214 0.05615
0 0.63758 0.22976 0.12886 0.06132
0 0.80425 0.28980 0.13894 0.06174
0 0.23277 0.34983 0.10813 0.07562
0 0.38586 0.40987 0.15703 0.06008
0 0.55161 0.46990 0.11396 0.06902
0 0.7064 0.52994 0.19613 0.07051
0 0.85222 0.58997 0.16208 0.04511
0 0.16687 0.65001 0.15684 0.04947
0 0.3246 0.71004 0.14118 0.06979
0 0.45413 0.77008 0.15115 0.07432
0 0.60525 0.83011 0.17163 0.06281
0 0.81706 0.89015 0.11951 0.04458
0 0.24288 0.94688 0.16113 0.06865
0 0.40359 0.05454 0.19602 0.05804
0 0.55304 0.10970 0.18589 0.04681
0 0.68484 0.16973 0.19383 0.07996
0 0.85755 0.22976 0.13781 0.05852
0 0.16803 0.28980 0.15195 0.07015
0 0.36234 0.34983 0.1196 0.06907
0 0.5086 0.40987 0.12594 0.05043
0 0.66504 0.46990 0.15266 0.07632
0 0.80121 0.52994 0.18182 0.0594
0 0.24095 0.58997 0.15096 0.07327
0 0.38815 0.65001 0.1425 0.05053
0 0.52534 0.71004 0.13288 0.05603
0 0.67638 0.77008 0.19696 0.0461
0 0.83716 0.83011 0.11163 0.06692
0 0.16942 0.89015 0.1697 0.07382
0 0.34277 0.94688 0.19948 0.07036
0 0.48329 0.05454 0.12216 0.04827
0 0.60079 0.10970 0.20015 0.06098
0 0.80009 0.16973 0.13982 0.07479
0 0.23388 0.22976 0.15564 0.05239
0 0.38385 0.28980 0.11518 0.07727
0 0.52318 0.34983 0.17454 0.04522
0 0.6735 0.40987 0.174 0.0753
0 0.84833 0.46990 0.16347 0.05405
0 0.1428 0.52994 0.1432 0.06548
0 0.32999 0.58997 0.12095 0.06514
0 0.48927 0.65001 0.15383 0.06586
0 0.61312 0.71004 0.13826 0.07631
0 0.80695 0.77008 0.1916 0.07663
0 0.2386 0.83011 0.15494 0.06186
0 0.39908 0.89015 0.18422 0.06191
0 0.55445 0.94688 0.12465 0.06767
0 0.69712 0.05454 0.19776 0.07161
0 0.84791 0.10970 0.16737 0.04356
0 0.15582 0.16973 0.17041 0.07069
0 0.35904 0.22976 0.18904 0.07642
0 0.51372 0.28980 0.12102 0.07596
0 0.63054 0.34983 0.15337 0.05651
0 0.80261 0.40987 0.18687 0.07608
0 0.22077 0.46990 0.12045 0.07428
0 0.40726 0.52994 0.12444 0.0657
0 0.55199 0.58997 0.12891 0.07379
0 0.67141 0.65001 0.15131 0.0746
0 0.872 0.71004 0.18602 0.04859
0 0.18258 0.77008 0.18529 0.04796
0 0.36442 0.83011 0.14299 0.05515
0 0.49248 0.89015 0.14766 0.05624
0 0.63458 0.94688 0.12224 0.07321
0 0.80943 0.05454 0.14447 0.06203
0 0.23738 0.10970 0.16509 0.05758
0 0.38868 0.16973 0.19735 0.04347
0 0.53947 0.22976 0.16613 0.06063
0 0.67935 0.28980 0.18796 0.05757
0 0.85186 0.34983 0.1188 0.06183
0 0.18307 0.40987 0.16653 0.05937
0 0.34555 0.46990 0.12643 0.04444
0 0.51168 0.52994 0.16163 0.05837
0 0.65794 0.58997 0.16899 0.04758
0 0.82041 0.65001 0.1904 0.04469
0 0.23878 0.71004 0.10723 0.05701
0 0.39328 0.77008 0.14478 0.0447
0 0.531 0.83011 0.12098 0.05868
0 0.681 0.89015 0.19452 0.0669
0 0.85622 0.94688 0.18571 0.05604