0 0.16747 0.05469 0.1941 0.06932
0 0.31463 0.11083 0.14765 0.07009
0 0.46899 0.17167 0.13917 0.07593
0 0.627 0.23251 0.19383 0.06275
0 0.81006 0.29335 0.19601 0.04965
0 0.23843 0.35419 0.11254 0.07156
0 0.39026 0.41503 0.13829 0.06575
0 0.54204 0.47587 0.10736 0.07782
0 0.69837 0.53671 0.14341 0.06098
0 0.83692 0.59756 0.16311 0.05579
0 0.16535 0.65840 0.11984 0.07313
0 0.31618 0.71924 0.14436 0.05454
0 0.46521 0.78008 0.11319 0.07924
0 0.61562 0.84092 0.16412 0.05669
0 0.79353 0.90176 0.13741 0.04592
0 0.23549 0.96221 0.11409 0.04322
0 0.41252 0.05469 0.17689 0.06239
0 0.53397 0.11083 0.17647 0.04608
0 0.69654 0.17167 0.12789 0.07693
0 0.86057 0.23251 0.13573 0.06971
0 0.16473 0.29335 0.12133 0.0597
0 0.36983 0.35419 0.11005 0.05264
0 0.5056 0.41503 0.15828 0.07378
0 0.66267 0.47587 0.16939 0.04459
0 0.80233 0.53671 0.19917 0.06337
0 0.23951 0.59756 0.1908 0.06486
0 0.40033 0.65840 0.12007 0.054
0 0.51881 0.71924 0.1144 0.05623
0 0.67405 0.78008 0.13931 0.0799
0 0.83695 0.84092 0.18627 0.0657
0 0.16587 0.90176 0.17237 0.07323
0 0.34281 0.96221 0.12144 0.06509
0 0.49961 0.05469 0.12472 0.04447
0 0.62824 0.11083 0.19446 0.04467
0 0.81042 0.17167 0.1308 0.05881
0 0.24024 0.23251 0.10991 0.06834
0 0.3885 0.29335 0.16724 0.06782
0 0.53353 0.35419 0.14253 0.05597
0 0.69112 0.41503 0.17249 0.06096
0 0.8191 0.47587 0.11259 0.04895
0 0.14004 0.53671 0.19384 0.04665
0 0.33575 0.59756 0.1301 0.06409
0 0.50006 0.65840 0.16947 0.05644
0 0.6162 0.71924 0.12986 0.05591
0 0.815 0.78008 0.19511 0.04602
0 0.23313 0.84092 0.13683 0.07957
0 0.39904 0.90176 0.19438 0.05839
0 0.53177 0.96221 0.13072 0.0713
0 0.69329 0.05469 0.18548 0.07053
0 0.84119 0.11083 0.16741 0.07509
0 0.15572 0.17167 0.16589 0.07295
0 0.3649 0.23251 0.13418 0.0621
0 0.49074 0.29335 0.16765 0.05209
0 0.65517 0.35419 0.19839 0.07573
0 0.80451 0.41503 0.17219 0.0744
0 0.22238 0.47587 0.13943 0.04321
0 0.41334 0.53671 0.17586 0.04469
0 0.54319 0.59756 0.13389 0.06842
0 0.69987 0.65840 0.15039 0.05226
0 0.83864 0.71924 0.17758 0.04322
0 0.18403 0.78008 0.15705 0.06474
0 0.36902 0.84092 0.18225 0.04392
0 0.50929 0.90176 0.12028 0.0463
0 0.63846 0.96221 0.125 0.05605
0 0.82764 0.05469 0.17813 0.04273
0 0.23777 0.11083 0.13409 0.05995
0 0.39175 0.17167 0.15296 0.04683
0 0.52506 0.23251 0.16548 0.06952
0 0.69244 0.29335 0.14606 0.0676
0 0.83529 0.35419 0.12432 0.06352
0 0.17844 0.41503 0.11251 0.06382
0 0.35749 0.47587 0.11631 0.06002
0 0.49168 0.53671 0.1474 0.05641
0 0.66448 0.59756 0.14272 0.04375
0 0.80687 0.65840 0.12981 0.07504
0 0.23306 0.71924 0.16659 0.07866
0 0.38208 0.78008 0.1671 0.07674
0 0.55699 0.84092 0.16472 0.07091
0 0.68848 0.90176 0.10892 0.0532
0 0.84668 0.96221 0.12952 0.05487