0 0.16804 0.05575 0.14399 0.05497
0 0.327 0.10915 0.14204 0.04502
0 0.47872 0.16961 0.11527 0.07688
0 0.63157 0.23008 0.15764 0.04431
0 0.82327 0.29054 0.13574 0.05204
0 0.2425 0.35101 0.11752 0.05388
0 0.38421 0.41147 0.19755 0.0445
0 0.53188 0.47194 0.18414 0.07372
0 0.69782 0.53240 0.18214 0.05895
0 0.85684 0.59287 0.1104 0.04318
0 0.17162 0.65333 0.15076 0.05186
0 0.31812 0.71380 0.16822 0.06288
0 0.46002 0.77426 0.16855 0.07694
0 0.62431 0.83473 0.18404 0.0433
0 0.80591 0.89519 0.16262 0.07444
0 0.23706 0.95304 0.15805 0.07712
0 0.40297 0.05575 0.14174 0.0671
0 0.55483 0.10915 0.11311 0.07882
0 0.69743 0.16961 0.11191 0.07824
0 0.83933 0.23008 0.17639 0.07092
0 0.16768 0.29054 0.17932 0.04474
0 0.36657 0.35101 0.12582 0.06637
0 0.5248 0.41147 0.10972 0.05916
0 0.6447 0.47194 0.16597 0.06309
0 0.79583 0.53240 0.16103 0.05314
0 0.23759 0.59287 0.19561 0.05952
0 0.38962 0.65333 0.1836 0.06177
0 0.53329 0.71380 0.16573 0.0507
0 0.67121 0.77426 0.19881 0.07248
0 0.81869 0.83473 0.14845 0.04901
0 0.16814 0.89519 0.1955 0.06829
0 0.34151 0.95304 0.15113 0.0741
0 0.48982 0.05575 0.14958 0.07645
0 0.61562 0.10915 0.11081 0.04558
0 0.81075 0.16961 0.1135 0.06656
0 0.23191 0.23008 0.17749 0.05996
0 0.3913 0.29054 0.1671 0.05302
0 0.52001 0.35101 0.16135 0.04514
0 0.6996 0.41147 0.19629 0.05593
0 0.85205 0.47194 0.12404 0.07898
0 0.14079 0.53240 0.10717 0.05931
0 0.3323 0.59287 0.17526 0.06694
0 0.47801 0.65333 0.16697 0.05558
0 0.62773 0.71380 0.12199 0.06235
0 0.79855 0.77426 0.11312 0.05939
0 0.24251 0.83473 0.14987 0.0681
0 0.40808 0.89519 0.10738 0.07982
0 0.54127 0.95304 0.18085 0.07884
0 0.67462 0.05575 0.16636 0.05407
0 0.84768 0.10915 0.12801 0.04983
0 0.15661 0.16961 0.13812 0.07449
0 0.36251 0.23008 0.1315 0.06308
0 0.49564 0.29054 0.13044 0.07555
0 0.63429 0.35101 0.14956 0.07958
0 0.81629 0.41147 0.12525 0.04374
0 0.22714 0.47194 0.20007 0.05671
0 0.41055 0.53240 0.13838 0.06116
0 0.54542 0.59287 0.18855 0.07343
0 0.69776 0.65333 0.19577 0.06393
0 0.84247 0.71380 0.11832 0.06808
0 0.18247 0.77426 0.14609 0.07622
0 0.36113 0.83473 0.12655 0.0565
0 0.50363 0.89519 0.13603 0.06903
0 0.64115 0.95304 0.10666 0.07103
0 0.79148 0.05575 0.16189 0.0515
0 0.23692 0.10915 0.15382 0.06179
0 0.38614 0.16961 0.16306 0.05203
0 0.54278 0.23008 0.18891 0.04328
0 0.69239 0.29054 0.16632 0.07526
0 0.83309 0.35101 0.19255 0.06744
0 0.18083 0.41147 0.13377 0.07589
0 0.3526 0.47194 0.169 0.07786
0 0.50425 0.53240 0.16408 0.0588
0 0.64508 0.59287 0.14323 0.0624
0 0.82065 0.65333 0.12149 0.05436
0 0.23207 0.71380 0.15661 0.06862
0 0.38121 0.77426 0.19325 0.07848
0 0.55493 0.83473 0.1779 0.06806
0 0.68331 0.89519 0.18001 0.07312
0 0.84518 0.95304 0.17895 0.07613