0 0.16342 0.05448 0.10771 0.06693
0 0.32786 0.11078 0.17272 0.066
0 0.46963 0.17144 0.13016 0.04704
0 0.63665 0.23210 0.12789 0.06184
0 0.8017 0.29276 0.17854 0.04728
0 0.24177 0.35342 0.16615 0.07177
0 0.38597 0.41407 0.1552 0.06108
0 0.53895 0.47473 0.14187 0.06459
0 0.68887 0.53539 0.17239 0.06525
0 0.84908 0.59605 0.13464 0.04875
0 0.16514 0.65670 0.11638 0.04588
0 0.32055 0.71736 0.14202 0.07739
0 0.46128 0.77802 0.18305 0.06321
0 0.60234 0.83868 0.17242 0.05429
0 0.79725 0.89934 0.12149 0.04512
0 0.23309 0.95316 0.17812 0.05313
0 0.41052 0.05448 0.19333 0.06782
0 0.55331 0.11078 0.12602 0.04397
0 0.68352 0.17144 0.12549 0.052
0 0.86445 0.23210 0.13598 0.07178
0 0.16597 0.29276 0.16277 0.06444
0 0.3627 0.35342 0.19126 0.07258
0 0.52909 0.41407 0.12922 0.06642
0 0.67096 0.47473 0.11182 0.0447
0 0.81064 0.53539 0.1654 0.07897
0 0.24042 0.59605 0.1857 0.05764
0 0.39016 0.65670 0.15248 0.06828
0 0.54281 0.71736 0.18672 0.07168
0 0.65572 0.77802 0.13125 0.05331
0 0.84861 0.83868 0.12421 0.07658
0 0.16903 0.89934 0.1538 0.05457
0 0.34134 0.95316 0.16873 0.07969
0 0.48696 0.05448 0.12328 0.06281
0 0.60797 0.11078 0.13071 0.06552
0 0.79931 0.17144 0.1239 0.07845
0 0.23917 0.23210 0.18663 0.07903
0 0.39485 0.29276 0.1435 0.04412
0 0.53602 0.35342 0.18057 0.05264
0 0.66824 0.41407 0.13205 0.06446
0 0.84252 0.47473 0.13693 0.07957
0 0.14142 0.53539 0.12423 0.07251
0 0.33626 0.59605 0.10756 0.06886
0 0.49122 0.65670 0.19559 0.04939
0 0.63069 0.71736 0.15438 0.06919
0 0.80433 0.77802 0.17539 0.06927
0 0.2323 0.83868 0.15517 0.06626
0 0.41077 0.89934 0.13548 0.07011
0 0.54339 0.95316 0.19963 0.05594
0 0.687 0.05448 0.18976 0.04674
0 0.85101 0.11078 0.18369 0.04824
0 0.14981 0.17144 0.17886 0.04705
0 0.3622 0.23210 0.14248 0.07878
0 0.50448 0.29276 0.13701 0.05168
0 0.64709 0.35342 0.18628 0.05138
0 0.81593 0.41407 0.17492 0.07723
0 0.22497 0.47473 0.15047 0.04308
0 0.41424 0.53539 0.19088 0.05036
0 0.53364 0.59605 0.16193 0.06137
0 0.67357 0.65670 0.16447 0.06191
0 0.86674 0.71736 0.17837 0.07507
0 0.18584 0.77802 0.16376 0.07758
0 0.36013 0.83868 0.18938 0.07664
0 0.50773 0.89934 0.19853 0.05723
0 0.6506 0.95316 0.10888 0.06332
0 0.82196 0.05448 0.16701 0.07242
0 0.23688 0.11078 0.15336 0.07652
0 0.39025 0.17144 0.11558 0.06918
0 0.52559 0.23210 0.12354 0.05424
0 0.6776 0.29276 0.12041 0.04289
0 0.86942 0.35342 0.17028 0.07546
0 0.18445 0.41407 0.11991 0.07832
0 0.34996 0.47473 0.12277 0.04508
0 0.51099 0.53539 0.11594 0.07521
0 0.6688 0.59605 0.1534 0.05452
0 0.82494 0.65670 0.11098 0.05415
0 0.23842 0.71736 0.1517 0.04725
0 0.38798 0.77802 0.1478 0.05233
0 0.54401 0.83868 0.18075 0.07155
0 0.70828 0.89934 0.15692 0.06479
0 0.83403 0.95316 0.19084 0.05075