0 0.16892 0.05490 0.15621 0.07078
0 0.32561 0.11053 0.10994 0.04921
0 0.47242 0.17138 0.14983 0.05405
0 0.6342 0.23224 0.17131 0.07775
0 0.80076 0.29310 0.18132 0.05282
0 0.23301 0.35395 0.14955 0.07475
0 0.38134 0.41481 0.11377 0.06092
0 0.53181 0.47567 0.17027 0.04742
0 0.69281 0.53653 0.18353 0.06539
0 0.86432 0.59738 0.19505 0.06972
0 0.16696 0.65824 0.11663 0.06433
0 0.31536 0.71910 0.19397 0.06751
0 0.45632 0.77995 0.17489 0.07507
0 0.60275 0.84081 0.13479 0.06119
0 0.82327 0.90167 0.15678 0.05337
0 0.23666 0.95783 0.17099 0.08007
0 0.39671 0.05490 0.14201 0.06108
0 0.55635 0.11053 0.17644 0.07381
0 0.6997 0.17138 0.19499 0.07027
0 0.84193 0.23224 0.18834 0.06153
0 0.17037 0.29310 0.19999 0.07897
0 0.36976 0.35395 0.12772 0.04453
0 0.51967 0.41481 0.11998 0.04644
0 0.65479 0.47567 0.14264 0.07044
0 0.80325 0.53653 0.11325 0.04591
0 0.2351 0.59738 0.15443 0.06627
0 0.39114 0.65824 0.11312 0.06056
0 0.52633 0.71910 0.19169 0.06067
0 0.67186 0.77995 0.15351 0.05836
0 0.84638 0.84081 0.11964 0.0644
0 0.16634 0.90167 0.15969 0.0707
0 0.34322 0.95783 0.11519 0.04641
0 0.49219 0.05490 0.18065 0.06026
0 0.60921 0.11053 0.13584 0.04654
0 0.79653 0.17138 0.13322 0.04746
0 0.23874 0.23224 0.1417 0.05518
0 0.39432 0.29310 0.13984 0.04585
0 0.54158 0.35395 0.16761 0.07683
0 0.6699 0.41481 0.14379 0.06734
0 0.83799 0.47567 0.15358 0.06445
0 0.14026 0.53653 0.19359 0.04825
0 0.33899 0.59738 0.14637 0.06463
0 0.48063 0.65824 0.14551 0.06616
0 0.62977 0.71910 0.1533 0.05302
0 0.81734 0.77995 0.18836 0.0483
0 0.23167 0.84081 0.19386 0.06217
0 0.40892 0.90167 0.14915 0.05221
0 0.54106 0.95783 0.16723 0.04543
0 0.69955 0.05490 0.17875 0.04415
0 0.85589 0.11053 0.13901 0.04524
0 0.15293 0.17138 0.16582 0.06053
0 0.36044 0.23224 0.12193 0.06274
0 0.49093 0.29310 0.13173 0.07495
0 0.63168 0.35395 0.12676 0.05346
0 0.80565 0.41481 0.14512 0.04258
0 0.22044 0.47567 0.13277 0.06295
0 0.39727 0.53653 0.14865 0.06576
0 0.54246 0.59738 0.17655 0.05648
0 0.70058 0.65824 0.12756 0.06003
0 0.85347 0.71910 0.11229 0.07327
0 0.18152 0.77995 0.11264 0.04556
0 0.35931 0.84081 0.12874 0.04496
0 0.50422 0.90167 0.18252 0.07318
0 0.63608 0.95783 0.19387 0.0519
0 0.7912 0.05490 0.13868 0.05117
0 0.237 0.11053 0.14625 0.05637
0 0.39478 0.17138 0.15242 0.04288
0 0.53589 0.23224 0.18827 0.05699
0 0.68684 0.29310 0.17 0.07294
0 0.84665 0.35395 0.15287 0.07176
0 0.17736 0.41481 0.18744 0.05715
0 0.35037 0.47567 0.1515 0.07369
0 0.49696 0.53653 0.11075 0.06055
0 0.64976 0.59738 0.16171 0.05138
0 0.81017 0.65824 0.15303 0.07155
0 0.23544 0.71910 0.19453 0.05829
0 0.39645 0.77995 0.10657 0.04347
0 0.55159 0.84081 0.19686 0.05617
0 0.68959 0.90167 0.18414 0.05876
0 0.84572 0.95783 0.17724 0.06096