0 0.16949 0.05589 0.18044 0.0631
0 0.32865 0.10912 0.15066 0.07068
0 0.47513 0.17038 0.18421 0.07417
0 0.62593 0.23164 0.13647 0.04872
0 0.79779 0.29290 0.1981 0.07648
0 0.23521 0.35417 0.1323 0.04639
0 0.38327 0.41543 0.11293 0.07053
0 0.541 0.47669 0.17689 0.06993
0 0.69201 0.53795 0.18443 0.06948
0 0.84477 0.59922 0.19302 0.04746
0 0.17014 0.66048 0.1369 0.05924
0 0.32155 0.72174 0.18187 0.06161
0 0.46111 0.78300 0.15681 0.06243
0 0.62255 0.84427 0.14975 0.07485
0 0.79429 0.90553 0.18345 0.06799
0 0.23877 0.95100 0.19581 0.07282
0 0.4017 0.05589 0.11326 0.06246
0 0.5399 0.10912 0.17288 0.07848
0 0.6865 0.17038 0.12822 0.04494
0 0.86688 0.23164 0.14367 0.06285
0 0.16499 0.29290 0.13135 0.05305
0 0.36603 0.35417 0.18456 0.06056
0 0.52678 0.41543 0.19991 0.06825
0 0.64622 0.47669 0.16733 0.05028
0 0.78764 0.53795 0.17244 0.06536
0 0.23725 0.59922 0.19396 0.05473
0 0.39841 0.66048 0.1709 0.07565
0 0.53045 0.72174 0.15965 0.04746
0 0.66257 0.78300 0.14197 0.04629
0 0.83891 0.84427 0.16589 0.0786
0 0.16812 0.90553 0.14031 0.04819
0 0.34744 0.95100 0.1445 0.04818
0 0.47675 0.05589 0.14083 0.04829
0 0.62036 0.10912 0.15023 0.0458
0 0.79589 0.17038 0.15353 0.05956
0 0.23589 0.23164 0.19191 0.06765
0 0.38237 0.29290 0.12553 0.07378
0 0.52668 0.35417 0.13799 0.07223
0 0.67492 0.41543 0.1602 0.0693
0 0.82515 0.47669 0.15197 0.06025
0 0.14176 0.53795 0.13079 0.06915
0 0.33322 0.59922 0.16071 0.07856
0 0.47769 0.66048 0.18888 0.0615
0 0.62422 0.72174 0.11181 0.05393
0 0.82066 0.78300 0.14763 0.07221
0 0.23334 0.84427 0.11401 0.05134
0 0.41309 0.90553 0.15917 0.05126
0 0.53948 0.95100 0.15691 0.05995
0 0.67817 0.05589 0.17848 0.06578
0 0.83893 0.10912 0.12804 0.06563
0 0.15558 0.17038 0.16144 0.04705
0 0.35515 0.23164 0.14934 0.04709
0 0.51375 0.29290 0.18724 0.05315
0 0.63117 0.35417 0.16837 0.07017
0 0.80098 0.41543 0.13943 0.05794
0 0.22541 0.47669 0.1388 0.07369
0 0.39756 0.53795 0.12999 0.07769
0 0.5447 0.59922 0.19587 0.05748
0 0.69149 0.66048 0.13418 0.0444
0 0.86962 0.72174 0.121 0.06397
0 0.18355 0.78300 0.14013 0.07062
0 0.36743 0.84427 0.17599 0.0545
0 0.50018 0.90553 0.17262 0.06102
0 0.63376 0.95100 0.17215 0.05079
0 0.81042 0.05589 0.10665 0.07785
0 0.23398 0.10912 0.14136 0.06062
0 0.39749 0.17038 0.19106 0.06279
0 0.53472 0.23164 0.13608 0.05076
0 0.69472 0.29290 0.16236 0.04604
0 0.86391 0.35417 0.13414 0.0447
0 0.18118 0.41543 0.11785 0.07333
0 0.34565 0.47669 0.14268 0.07152
0 0.50719 0.53795 0.18316 0.04981
0 0.67193 0.59922 0.19857 0.07618
0 0.82046 0.66048 0.18734 0.06823
0 0.24118 0.72174 0.11397 0.0672
0 0.39484 0.78300 0.13791 0.07978
0 0.54696 0.84427 0.12833 0.0437
0 0.7067 0.90553 0.13603 0.05843
0 0.85132 0.95100 0.19888 0.0609