0 0.17034 0.05609 0.11149 0.07911
0 0.31928 0.10919 0.16331 0.05603
0 0.47747 0.17002 0.1069 0.07928
0 0.63797 0.23086 0.16745 0.04774
0 0.82799 0.29169 0.14768 0.05196
0 0.23724 0.35252 0.16362 0.04935
0 0.39752 0.41335 0.12049 0.05795
0 0.54557 0.47419 0.11982 0.06085
0 0.70145 0.53502 0.19807 0.07236
0 0.84907 0.59585 0.17487 0.06412
0 0.16902 0.65669 0.10801 0.06037
0 0.3238 0.71752 0.13644 0.06272
0 0.47022 0.77835 0.14093 0.04394
0 0.61762 0.83919 0.12521 0.05983
0 0.79882 0.90002 0.15242 0.06948
0 0.23308 0.95731 0.12029 0.06495
0 0.39821 0.05609 0.18568 0.07905
0 0.55123 0.10919 0.15602 0.06741
0 0.66951 0.17002 0.16237 0.04815
0 0.83341 0.23086 0.13563 0.04732
0 0.16546 0.29169 0.13837 0.07675
0 0.35667 0.35252 0.14935 0.07712
0 0.5085 0.41335 0.1123 0.04766
0 0.66084 0.47419 0.13386 0.04429
0 0.80703 0.53502 0.17105 0.05213
0 0.23149 0.59585 0.11985 0.07792
0 0.40024 0.65669 0.19833 0.05743
0 0.51743 0.71752 0.19942 0.05691
0 0.68038 0.77835 0.11987 0.0712
0 0.8212 0.83919 0.14585 0.04843
0 0.171 0.90002 0.17125 0.07442
0 0.34078 0.95731 0.16285 0.05506
0 0.49115 0.05609 0.19145 0.06631
0 0.62094 0.10919 0.12155 0.0436
0 0.77892 0.17002 0.13867 0.06618
0 0.23994 0.23086 0.15084 0.07178
0 0.39893 0.29169 0.13895 0.05902
0 0.53564 0.35252 0.16047 0.04652
0 0.69713 0.41335 0.15894 0.04557
0 0.84176 0.47419 0.19671 0.06599
0 0.14289 0.53502 0.15172 0.05427
0 0.34014 0.59585 0.15082 0.07446
0 0.49991 0.65669 0.15876 0.04547
0 0.62627 0.71752 0.17201 0.07107
0 0.81764 0.77835 0.19093 0.06858
0 0.23858 0.83919 0.13268 0.06897
0 0.40264 0.90002 0.17234 0.04854
0 0.53444 0.95731 0.16477 0.05478
0 0.68904 0.05609 0.1331 0.07079
0 0.85391 0.10919 0.19172 0.04679
0 0.15198 0.17002 0.18007 0.07514
0 0.35478 0.23086 0.19436 0.06327
0 0.5077 0.29169 0.19014 0.07529
0 0.63017 0.35252 0.13774 0.0792
0 0.82564 0.41335 0.16444 0.06576
0 0.2184 0.47419 0.14996 0.05281
0 0.40004 0.53502 0.11751 0.04289
0 0.53294 0.59585 0.19433 0.07846
0 0.69865 0.65669 0.15591 0.06864
0 0.83059 0.71752 0.19206 0.04814
0 0.17809 0.77835 0.12854 0.06635
0 0.37193 0.83919 0.13652 0.05013
0 0.49807 0.90002 0.1666 0.07773
0 0.6268 0.95731 0.14284 0.051
0 0.79681 0.05609 0.11104 0.04812
0 0.23404 0.10919 0.18045 0.07963
0 0.3997 0.17002 0.16903 0.07871
0 0.5207 0.23086 0.16425 0.07488
0 0.67885 0.29169 0.11374 0.05873
0 0.86928 0.35252 0.13122 0.0605
0 0.18052 0.41335 0.16278 0.07316
0 0.35552 0.47419 0.19602 0.05828
0 0.505 0.53502 0.12822 0.04266
0 0.65682 0.59585 0.12283 0.04562
0 0.79317 0.65669 0.14366 0.05952
0 0.24268 0.71752 0.14617 0.07873
0 0.39157 0.77835 0.16277 0.05351
0 0.5528 0.83919 0.1147 0.05498
0 0.69938 0.90002 0.19585 0.0696
0 0.85992 0.95731 0.12375 0.04785