0 0.16335 0.05468 0.15148 0.05076
0 0.32463 0.11035 0.13631 0.06976
0 0.47739 0.17157 0.14974 0.07044
0 0.62414 0.23279 0.1492 0.05227
0 0.80129 0.29400 0.16166 0.04257
0 0.23204 0.35522 0.17532 0.07206
0 0.39474 0.41644 0.20028 0.07965
0 0.55502 0.47765 0.18412 0.06537
0 0.70576 0.53887 0.13242 0.05598
0 0.85508 0.60009 0.18449 0.07879
0 0.17127 0.66130 0.15587 0.07536
0 0.31882 0.72252 0.10677 0.05884
0 0.45126 0.78374 0.17744 0.04821
0 0.61377 0.84495 0.18626 0.06699
0 0.79611 0.90617 0.12729 0.04848
0 0.23443 0.95373 0.14847 0.05448
0 0.39476 0.05468 0.18974 0.04804
0 0.5515 0.11035 0.11479 0.0485
0 0.69293 0.17157 0.15286 0.05193
0 0.83094 0.23279 0.12762 0.06062
0 0.16436 0.29400 0.11651 0.05857
0 0.35534 0.35522 0.14852 0.07618
0 0.50562 0.41644 0.10907 0.05327
0 0.65902 0.47765 0.1281 0.05374
0 0.79547 0.53887 0.1524 0.06373
0 0.23721 0.60009 0.13852 0.07137
0 0.39371 0.66130 0.16176 0.07661
0 0.53941 0.72252 0.12796 0.05623
0 0.6539 0.78374 0.18998 0.05396
0 0.85184 0.84495 0.15957 0.0652
0 0.16977 0.90617 0.18435 0.06088
0 0.3453 0.95373 0.12189 0.05164
0 0.49342 0.05468 0.13567 0.07533
0 0.62679 0.11035 0.16043 0.06246
0 0.81324 0.17157 0.11754 0.07002
0 0.23455 0.23279 0.16908 0.05769
0 0.38411 0.29400 0.12309 0.06965
0 0.527 0.35522 0.12284 0.06897
0 0.67453 0.41644 0.18245 0.05364
0 0.81776 0.47765 0.11149 0.04547
0 0.13737 0.53887 0.16106 0.06578
0 0.33073 0.60009 0.17246 0.06009
0 0.50062 0.66130 0.19131 0.07836
0 0.63297 0.72252 0.13336 0.05507
0 0.79419 0.78374 0.18714 0.06858
0 0.24113 0.84495 0.14472 0.05996
0 0.40945 0.90617 0.20016 0.05198
0 0.55018 0.95373 0.16418 0.06042
0 0.68591 0.05468 0.19659 0.0655
0 0.84642 0.11035 0.10972 0.05935
0 0.15238 0.17157 0.12306 0.04567
0 0.35543 0.23279 0.11654 0.07912
0 0.4953 0.29400 0.12363 0.04992
0 0.62894 0.35522 0.1888 0.04581
0 0.82004 0.41644 0.16406 0.06291
0 0.21855 0.47765 0.17751 0.04855
0 0.40652 0.53887 0.15744 0.04261
0 0.53849 0.60009 0.1246 0.06301
0 0.6847 0.66130 0.17778 0.06621
0 0.87155 0.72252 0.12231 0.05725
0 0.18312 0.78374 0.18729 0.06383
0 0.36114 0.84495 0.18446 0.04557
0 0.49262 0.90617 0.17669 0.06132
0 0.63936 0.95373 0.17406 0.04567
0 0.8115 0.05468 0.15538 0.05193
0 0.23412 0.11035 0.19207 0.04895
0 0.38123 0.17157 0.13255 0.04366
0 0.5315 0.23279 0.11651 0.07548
0 0.69689 0.29400 0.13948 0.0446
0 0.84631 0.35522 0.11717 0.06006
0 0.18441 0.41644 0.16319 0.06533
0 0.34293 0.47765 0.14 0.05592
0 0.50501 0.53887 0.16029 0.05926
0 0.66709 0.60009 0.16446 0.07245
0 0.80243 0.66130 0.17403 0.07312
0 0.23618 0.72252 0.1586 0.05385
0 0.38917 0.78374 0.14845 0.05174
0 0.54649 0.84495 0.13864 0.05711
0 0.68502 0.90617 0.11175 0.04862
0 0.83469 0.95373 0.14793 0.07076