0 0.16917 0.05539 0.11239 0.05207
0 0.31867 0.10906 0.14054 0.0572
0 0.47433 0.17038 0.19931 0.0788
0 0.62138 0.23170 0.12606 0.06202
0 0.80016 0.29302 0.13318 0.04699
0 0.24042 0.35434 0.15364 0.07693
0 0.39247 0.41567 0.16552 0.05965
0 0.54542 0.47699 0.14314 0.07654
0 0.71495 0.53831 0.17017 0.05343
0 0.86286 0.59963 0.11833 0.07192
0 0.16822 0.66095 0.11269 0.04453
0 0.32569 0.72227 0.11034 0.05046
0 0.46175 0.78359 0.15829 0.07171
0 0.60122 0.84491 0.19005 0.0687
0 0.80855 0.90623 0.1613 0.07666
0 0.24142 0.94327 0.15618 0.06539
0 0.40284 0.05539 0.16679 0.06296
0 0.53725 0.10906 0.14449 0.07083
0 0.68537 0.17038 0.13071 0.07551
0 0.84591 0.23170 0.1635 0.07613
0 0.16965 0.29302 0.16573 0.0747
0 0.36777 0.35434 0.17765 0.06819
0 0.51251 0.41567 0.12812 0.0578
0 0.6713 0.47699 0.13329 0.04423
0 0.78992 0.53831 0.10821 0.05142
0 0.23367 0.59963 0.13354 0.04295
0 0.38288 0.66095 0.13945 0.05682
0 0.52549 0.72227 0.16731 0.07664
0 0.68528 0.78359 0.16335 0.05388
0 0.84327 0.84491 0.17736 0.07514
0 0.16507 0.90623 0.18944 0.04798
0 0.34606 0.94327 0.19049 0.05411
0 0.48473 0.05539 0.11343 0.0582
0 0.62623 0.10906 0.15565 0.05035
0 0.79579 0.17038 0.11032 0.07137
0 0.23803 0.23170 0.18117 0.05157
0 0.39646 0.29302 0.13575 0.07584
0 0.52648 0.35434 0.12827 0.05365
0 0.67444 0.41567 0.13128 0.04962
0 0.85095 0.47699 0.11949 0.06973
0 0.13664 0.53831 0.12434 0.07851
0 0.32804 0.59963 0.18464 0.07642
0 0.48392 0.66095 0.17632 0.06885
0 0.63923 0.72227 0.1762 0.0731
0 0.80855 0.78359 0.13114 0.0751
0 0.23522 0.84491 0.11676 0.07592
0 0.40399 0.90623 0.11068 0.05112
0 0.54909 0.94327 0.1321 0.06605
0 0.68648 0.05539 0.16804 0.05163
0 0.86598 0.10906 0.16515 0.05912
0 0.1503 0.17038 0.16019 0.07195
0 0.35858 0.23170 0.12496 0.06942
0 0.50719 0.29302 0.14466 0.05165
0 0.63993 0.35434 0.13287 0.07025
0 0.80248 0.41567 0.1847 0.07666
0 0.21829 0.47699 0.17747 0.07419
0 0.40097 0.53831 0.1877 0.07906
0 0.54239 0.59963 0.14537 0.04781
0 0.68789 0.66095 0.17607 0.07474
0 0.84057 0.72227 0.11266 0.07117
0 0.18457 0.78359 0.19643 0.0711
0 0.36983 0.84491 0.17085 0.05975
0 0.51321 0.90623 0.13058 0.05691
0 0.64408 0.94327 0.17542 0.04648
0 0.80165 0.05539 0.15119 0.0596
0 0.24048 0.10906 0.18822 0.04798
0 0.39097 0.17038 0.13648 0.0535
0 0.53339 0.23170 0.15896 0.05677
0 0.69031 0.29302 0.12924 0.07729
0 0.83383 0.35434 0.11875 0.04972
0 0.18339 0.41567 0.12847 0.06713
0 0.34546 0.47699 0.14035 0.05729
0 0.49583 0.53831 0.17094 0.04972
0 0.65008 0.59963 0.10974 0.04362
0 0.8008 0.66095 0.171 0.07267
0 0.23435 0.72227 0.13066 0.05424
0 0.38351 0.78359 0.18683 0.0706
0 0.54893 0.84491 0.15755 0.0647
0 0.69022 0.90623 0.14948 0.05361
0 0.84077 0.94327 0.12046 0.07318