0 0.16688 0.05585 0.17385 0.04805
0 0.32287 0.11068 0.12427 0.05218
0 0.47333 0.17068 0.15226 0.06237
0 0.61288 0.23068 0.11745 0.0731
0 0.79082 0.29068 0.11926 0.06952
0 0.2361 0.35068 0.19537 0.06131
0 0.40016 0.41068 0.16555 0.07614
0 0.54553 0.47068 0.14742 0.07828
0 0.71224 0.53068 0.17279 0.05986
0 0.84401 0.59068 0.156 0.05327
0 0.16575 0.65068 0.16758 0.07736
0 0.32709 0.71068 0.17943 0.06114
0 0.46702 0.77068 0.16433 0.07551
0 0.61094 0.83068 0.1534 0.05047
0 0.82498 0.89068 0.15183 0.04674
0 0.23641 0.94730 0.11645 0.04711
0 0.40411 0.05585 0.19248 0.06408
0 0.54234 0.11068 0.14685 0.06001
0 0.68243 0.17068 0.14632 0.05653
0 0.85974 0.23068 0.10883 0.07088
0 0.16413 0.29068 0.15419 0.05961
0 0.36713 0.35068 0.19692 0.06905
0 0.50695 0.41068 0.13203 0.07748
0 0.65593 0.47068 0.17616 0.07337
0 0.78611 0.53068 0.11708 0.04393
0 0.23837 0.59068 0.1786 0.07886
0 0.38554 0.65068 0.17826 0.07591
0 0.54243 0.71068 0.15705 0.06652
0 0.65543 0.77068 0.12203 0.04284
0 0.8243 0.83068 0.19376 0.07928
0 0.16854 0.89068 0.1257 0.05697
0 0.34534 0.94730 0.10793 0.0575
0 0.47972 0.05585 0.16279 0.06167
0 0.60466 0.11068 0.16333 0.06323
0 0.8137 0.17068 0.15027 0.07859
0 0.23489 0.23068 0.16229 0.07469
0 0.38572 0.29068 0.17427 0.0604
0 0.53464 0.35068 0.14454 0.07553
0 0.66709 0.41068 0.16241 0.05713
0 0.81992 0.47068 0.1462 0.04428
0 0.13826 0.53068 0.11755 0.05402
0 0.3304 0.59068 0.13906 0.0545
0 0.49329 0.65068 0.15761 0.05982
0 0.63438 0.71068 0.11805 0.06084
0 0.82375 0.77068 0.11375 0.06908
0 0.23799 0.83068 0.13336 0.05628
0 0.40621 0.89068 0.16988 0.07793
0 0.54521 0.94730 0.14916 0.05254
0 0.69617 0.05585 0.15313 0.07054
0 0.84919 0.11068 0.11158 0.07671
0 0.15265 0.17068 0.11301 0.06447
0 0.36464 0.23068 0.13792 0.07661
0 0.49763 0.29068 0.13775 0.04456
0 0.62934 0.35068 0.19893 0.06342
0 0.80443 0.41068 0.17693 0.04254
0 0.22025 0.47068 0.16702 0.0482
0 0.40768 0.53068 0.1893 0.05779
0 0.55187 0.59068 0.15433 0.05123
0 0.68158 0.65068 0.14153 0.06261
0 0.85659 0.71068 0.18939 0.05418
0 0.17946 0.77068 0.12924 0.06915
0 0.36252 0.83068 0.12153 0.06457
0 0.49787 0.89068 0.16816 0.05145
0 0.65253 0.94730 0.13017 0.04484
0 0.81938 0.05585 0.12092 0.04255
0 0.23309 0.11068 0.13214 0.04956
0 0.38244 0.17068 0.13423 0.06095
0 0.53126 0.23068 0.10662 0.06567
0 0.69226 0.29068 0.12762 0.04706
0 0.86568 0.35068 0.16925 0.04744
0 0.18345 0.41068 0.19862 0.05427
0 0.35569 0.47068 0.13022 0.04574
0 0.49407 0.53068 0.16444 0.05784
0 0.64629 0.59068 0.19769 0.05307
0 0.82497 0.65068 0.15247 0.06621
0 0.23684 0.71068 0.13445 0.05071
0 0.38475 0.77068 0.16236 0.0671
0 0.55047 0.83068 0.1573 0.04972
0 0.71123 0.89068 0.1183 0.04599
0 0.86408 0.94730 0.15813 0.07706