0 0.16485 0.05507 0.19194 0.05281
0 0.31831 0.11000 0.1315 0.06101
0 0.46878 0.17126 0.1847 0.0564
0 0.62871 0.23251 0.16465 0.07127
0 0.81239 0.29377 0.16131 0.07277
0 0.23425 0.35503 0.16469 0.0645
0 0.38413 0.41629 0.13995 0.06807
0 0.55401 0.47755 0.15084 0.0509
0 0.69004 0.53881 0.13567 0.05042
0 0.85303 0.60006 0.11233 0.0683
0 0.16867 0.66132 0.12898 0.07599
0 0.3269 0.72258 0.16319 0.05197
0 0.47145 0.78384 0.1468 0.07433
0 0.61634 0.84510 0.14709 0.04718
0 0.82027 0.90636 0.11502 0.06651
0 0.23976 0.95098 0.11167 0.0782
0 0.41418 0.05507 0.18839 0.07215
0 0.54786 0.11000 0.12175 0.06544
0 0.68555 0.17126 0.11941 0.06395
0 0.85408 0.23251 0.16783 0.04264
0 0.16501 0.29377 0.11415 0.06518
0 0.36607 0.35503 0.17913 0.05179
0 0.50833 0.41629 0.15542 0.05405
0 0.66069 0.47755 0.1289 0.06895
0 0.79316 0.53881 0.11816 0.06106
0 0.23932 0.60006 0.11752 0.0789
0 0.39744 0.66132 0.11035 0.04437
0 0.53809 0.72258 0.18058 0.07739
0 0.67886 0.78384 0.11344 0.05247
0 0.83952 0.84510 0.14959 0.07803
0 0.16342 0.90636 0.18652 0.06671
0 0.35433 0.95098 0.16767 0.06029
0 0.49618 0.05507 0.18165 0.07213
0 0.61878 0.11000 0.19894 0.04274
0 0.77796 0.17126 0.17279 0.04799
0 0.23662 0.23251 0.14118 0.06829
0 0.38691 0.29377 0.17247 0.0628
0 0.52863 0.35503 0.18195 0.06301
0 0.70082 0.41629 0.11441 0.06063
0 0.85656 0.47755 0.11259 0.04655
0 0.14045 0.53881 0.17896 0.06379
0 0.33258 0.60006 0.18762 0.05555
0 0.49917 0.66132 0.13942 0.07347
0 0.61683 0.72258 0.17061 0.06037
0 0.80045 0.78384 0.16305 0.07937
0 0.23456 0.84510 0.1245 0.04479
0 0.40821 0.90636 0.16722 0.05073
0 0.5328 0.95098 0.1371 0.06392
0 0.67263 0.05507 0.14603 0.05353
0 0.85242 0.11000 0.18238 0.05562
0 0.15131 0.17126 0.17292 0.06137
0 0.3659 0.23251 0.13439 0.07642
0 0.51383 0.29377 0.11543 0.06096
0 0.63932 0.35503 0.13915 0.0445
0 0.79133 0.41629 0.18754 0.04909
0 0.22292 0.47755 0.18907 0.05786
0 0.41101 0.53881 0.19851 0.06695
0 0.55695 0.60006 0.14702 0.06085
0 0.6713 0.66132 0.12396 0.07776
0 0.84756 0.72258 0.14107 0.07634
0 0.18246 0.78384 0.14252 0.06732
0 0.35698 0.84510 0.12497 0.07378
0 0.50701 0.90636 0.18455 0.07496
0 0.64202 0.95098 0.13933 0.05576
0 0.80652 0.05507 0.14682 0.05735
0 0.24304 0.11000 0.13791 0.04475
0 0.3897 0.17126 0.12014 0.06417
0 0.538 0.23251 0.12755 0.07012
0 0.68552 0.29377 0.16469 0.07677
0 0.8667 0.35503 0.17959 0.06122
0 0.18511 0.41629 0.12801 0.05531
0 0.35392 0.47755 0.10829 0.05204
0 0.51203 0.53881 0.16162 0.07484
0 0.64293 0.60006 0.12069 0.06344
0 0.79854 0.66132 0.11859 0.07891
0 0.23906 0.72258 0.16284 0.07744
0 0.39028 0.78384 0.17404 0.05795
0 0.54984 0.84510 0.17533 0.04527
0 0.6857 0.90636 0.18944 0.07907
0 0.83879 0.95098 0.18599 0.05648