0 0.1698 0.05514 0.17975 0.06892
0 0.3153 0.11125 0.19208 0.06421
0 0.46353 0.17243 0.12472 0.05315
0 0.63017 0.23361 0.17367 0.04372
0 0.81744 0.29479 0.12619 0.05167
0 0.24025 0.35597 0.173 0.0672
0 0.39446 0.41714 0.17503 0.05195
0 0.54432 0.47832 0.14798 0.06006
0 0.69586 0.53950 0.18769 0.07309
0 0.86938 0.60068 0.17889 0.05417
0 0.16607 0.66186 0.12438 0.04937
0 0.32167 0.72304 0.14652 0.06354
0 0.46212 0.78422 0.11326 0.05074
0 0.60954 0.84540 0.12233 0.04979
0 0.82835 0.90658 0.16115 0.05417
0 0.23726 0.95561 0.13691 0.06704
0 0.41248 0.05514 0.18386 0.05652
0 0.54415 0.11125 0.17608 0.07355
0 0.69123 0.17243 0.10677 0.0607
0 0.84634 0.23361 0.17855 0.0752
0 0.17072 0.29479 0.12107 0.06539
0 0.36733 0.35597 0.16113 0.07433
0 0.52591 0.41714 0.19902 0.04379
0 0.64784 0.47832 0.10699 0.05887
0 0.81275 0.53950 0.14661 0.07611
0 0.23168 0.60068 0.14843 0.05385
0 0.39635 0.66186 0.11284 0.05515
0 0.5213 0.72304 0.15217 0.06125
0 0.65578 0.78422 0.11427 0.05385
0 0.85232 0.84540 0.17482 0.04957
0 0.16785 0.90658 0.1374 0.06652
0 0.34929 0.95561 0.14913 0.06681
0 0.47983 0.05514 0.15088 0.04356
0 0.60093 0.11125 0.15104 0.06459
0 0.78408 0.17243 0.14168 0.06727
0 0.23546 0.23361 0.20028 0.04509
0 0.39221 0.29479 0.16729 0.0757
0 0.53922 0.35597 0.11172 0.06916
0 0.6992 0.41714 0.12311 0.06165
0 0.83942 0.47832 0.14213 0.07328
0 0.14231 0.53950 0.15377 0.04457
0 0.34005 0.60068 0.19054 0.05241
0 0.47987 0.66186 0.1329 0.05146
0 0.62529 0.72304 0.16065 0.07226
0 0.7965 0.78422 0.19966 0.04974
0 0.23749 0.84540 0.1941 0.07455
0 0.39524 0.90658 0.15714 0.08011
0 0.55203 0.95561 0.17522 0.06359
0 0.68865 0.05514 0.19164 0.05647
0 0.85276 0.11125 0.19392 0.07992
0 0.15074 0.17243 0.13251 0.06652
0 0.35883 0.23361 0.17549 0.0594
0 0.51416 0.29479 0.14299 0.07049
0 0.64265 0.35597 0.17986 0.05178
0 0.80951 0.41714 0.10808 0.07307
0 0.22095 0.47832 0.11408 0.05978
0 0.40118 0.53950 0.12895 0.07029
0 0.55594 0.60068 0.13252 0.06311
0 0.69471 0.66186 0.1325 0.06383
0 0.86549 0.72304 0.13691 0.07592
0 0.18532 0.78422 0.17191 0.0506
0 0.36767 0.84540 0.1358 0.06552
0 0.5078 0.90658 0.19068 0.05068
0 0.62649 0.95561 0.16362 0.07127
0 0.80458 0.05514 0.12544 0.06998
0 0.24246 0.11125 0.19539 0.06795
0 0.39106 0.17243 0.16032 0.06003
0 0.52717 0.23361 0.11939 0.052
0 0.68674 0.29479 0.13688 0.05021
0 0.83354 0.35597 0.13931 0.06353
0 0.18077 0.41714 0.15996 0.07156
0 0.35335 0.47832 0.17147 0.06389
0 0.50389 0.53950 0.14929 0.06155
0 0.6445 0.60068 0.13392 0.0777
0 0.79728 0.66186 0.17745 0.05887
0 0.24255 0.72304 0.19887 0.07096
0 0.39615 0.78422 0.14862 0.05803
0 0.55193 0.84540 0.12608 0.07174
0 0.69961 0.90658 0.16816 0.05779
0 0.85955 0.95561 0.12124 0.05567