0 0.16516 0.05527 0.13572 0.04571
0 0.3144 0.11107 0.11814 0.07278
0 0.47367 0.17124 0.17242 0.05064
0 0.61455 0.23140 0.17058 0.05196
0 0.79649 0.29157 0.10984 0.04714
0 0.23316 0.35174 0.18842 0.05738
0 0.38461 0.41191 0.16739 0.0728
0 0.5529 0.47208 0.19809 0.04336
0 0.70655 0.53224 0.12637 0.07282
0 0.87025 0.59241 0.12728 0.05724
0 0.169 0.65258 0.16452 0.0789
0 0.31451 0.71275 0.14357 0.07808
0 0.45155 0.77292 0.15676 0.07926
0 0.62237 0.83308 0.14238 0.04973
0 0.78951 0.89325 0.13057 0.06962
0 0.24122 0.93980 0.17014 0.0524
0 0.40155 0.05527 0.17412 0.06378
0 0.55449 0.11107 0.13227 0.049
0 0.66737 0.17124 0.10792 0.05947
0 0.84059 0.23140 0.17045 0.06124
0 0.16985 0.29157 0.1466 0.05792
0 0.35765 0.35174 0.13832 0.07387
0 0.52156 0.41191 0.11587 0.06456
0 0.64258 0.47208 0.12757 0.05951
0 0.80855 0.53224 0.11584 0.05201
0 0.23649 0.59241 0.15559 0.05857
0 0.38711 0.65258 0.10663 0.04413
0 0.53933 0.71275 0.12593 0.05033
0 0.66855 0.77292 0.13864 0.05133
0 0.82006 0.83308 0.10937 0.04363
0 0.16423 0.89325 0.19651 0.05279
0 0.35733 0.93980 0.17076 0.06022
0 0.49133 0.05527 0.16533 0.04874
0 0.60747 0.11107 0.15599 0.07899
0 0.77808 0.17124 0.14562 0.0544
0 0.23603 0.23140 0.16933 0.05891
0 0.38451 0.29157 0.13278 0.06967
0 0.52753 0.35174 0.11132 0.06736
0 0.68035 0.41191 0.11827 0.05269
0 0.82449 0.47208 0.16816 0.06171
0 0.13859 0.53224 0.13889 0.0794
0 0.33163 0.59241 0.17721 0.04939
0 0.47882 0.65258 0.13385 0.04772
0 0.62998 0.71275 0.12586 0.07636
0 0.79661 0.77292 0.1339 0.05024
0 0.23298 0.83308 0.15708 0.04521
0 0.39882 0.89325 0.1518 0.07208
0 0.53114 0.93980 0.11153 0.07543
0 0.69602 0.05527 0.15183 0.06278
0 0.85605 0.11107 0.13976 0.06309
0 0.14998 0.17124 0.11787 0.06891
0 0.35536 0.23140 0.17464 0.07496
0 0.51061 0.29157 0.12321 0.0752
0 0.64831 0.35174 0.15861 0.05174
0 0.79319 0.41191 0.12633 0.05093
0 0.21952 0.47208 0.18292 0.04692
0 0.41103 0.53224 0.19008 0.04846
0 0.5519 0.59241 0.16026 0.07648
0 0.67372 0.65258 0.14718 0.05006
0 0.86125 0.71275 0.16658 0.06771
0 0.18449 0.77292 0.14021 0.0737
0 0.371 0.83308 0.19391 0.05346
0 0.49564 0.89325 0.12923 0.07579
0 0.64557 0.93980 0.19614 0.06584
0 0.79099 0.05527 0.14772 0.06048
0 0.23767 0.11107 0.15431 0.06608
0 0.39056 0.17124 0.17739 0.06115
0 0.52997 0.23140 0.12412 0.07178
0 0.66715 0.29157 0.18956 0.07883
0 0.83324 0.35174 0.14433 0.07315
0 0.18208 0.41191 0.1118 0.05885
0 0.35707 0.47208 0.16212 0.05326
0 0.50921 0.53224 0.13446 0.07244
0 0.67158 0.59241 0.16374 0.04398
0 0.79896 0.65258 0.17252 0.04911
0 0.23547 0.71275 0.19357 0.05701
0 0.39774 0.77292 0.1114 0.07364
0 0.53271 0.83308 0.1692 0.07024
0 0.69983 0.89325 0.14954 0.06619
0 0.85874 0.93980 0.19685 0.04773