0 0.16598 0.05549 0.13481 0.04828
0 0.3165 0.11126 0.14037 0.07598
0 0.48633 0.17220 0.11741 0.047
0 0.63031 0.23314 0.15158 0.04691
0 0.82722 0.29408 0.14517 0.07638
0 0.23649 0.35502 0.11164 0.05815
0 0.38572 0.41596 0.19499 0.06701
0 0.55659 0.47691 0.12951 0.07026
0 0.70021 0.53785 0.11858 0.04898
0 0.8545 0.59879 0.18361 0.07063
0 0.16599 0.65973 0.13954 0.04715
0 0.31505 0.72067 0.10855 0.04336
0 0.45567 0.78162 0.14068 0.07045
0 0.61961 0.84256 0.15315 0.0737
0 0.81691 0.90350 0.12709 0.06465
0 0.2346 0.96196 0.19355 0.05898
0 0.40517 0.05549 0.15196 0.04755
0 0.53375 0.11126 0.14182 0.06514
0 0.68042 0.17220 0.1221 0.06564
0 0.84406 0.23314 0.19283 0.05722
0 0.16542 0.29408 0.11842 0.05729
0 0.367 0.35502 0.1642 0.07781
0 0.51096 0.41596 0.19796 0.05616
0 0.6472 0.47691 0.12827 0.06811
0 0.79189 0.53785 0.1666 0.06167
0 0.23652 0.59879 0.10889 0.06494
0 0.38668 0.65973 0.13216 0.07063
0 0.53188 0.72067 0.13869 0.0649
0 0.65878 0.78162 0.12828 0.06462
0 0.8555 0.84256 0.12959 0.07128
0 0.17105 0.90350 0.16678 0.07547
0 0.34242 0.96196 0.19694 0.07904
0 0.48526 0.05549 0.15989 0.04912
0 0.61008 0.11126 0.14723 0.05414
0 0.80766 0.17220 0.13332 0.05377
0 0.23811 0.23314 0.11214 0.07278
0 0.39534 0.29408 0.11877 0.06261
0 0.52543 0.35502 0.19534 0.0723
0 0.70097 0.41596 0.12039 0.0512
0 0.858 0.47691 0.16556 0.07025
0 0.13983 0.53785 0.13954 0.07053
0 0.33428 0.59879 0.11345 0.04415
0 0.48641 0.65973 0.18668 0.07208
0 0.63729 0.72067 0.13772 0.0795
0 0.79475 0.78162 0.18973 0.06722
0 0.23716 0.84256 0.12664 0.06323
0 0.41476 0.90350 0.11209 0.06741
0 0.54248 0.96196 0.12794 0.06393
0 0.69433 0.05549 0.10863 0.04901
0 0.85219 0.11126 0.16614 0.04335
0 0.15124 0.17220 0.1522 0.05219
0 0.35949 0.23314 0.13119 0.07945
0 0.50419 0.29408 0.13823 0.07099
0 0.63255 0.35502 0.14607 0.0777
0 0.81399 0.41596 0.12674 0.06009
0 0.22865 0.47691 0.16002 0.07262
0 0.41168 0.53785 0.14684 0.06871
0 0.53807 0.59879 0.15497 0.05109
0 0.69196 0.65973 0.12275 0.0739
0 0.87057 0.72067 0.16222 0.0724
0 0.18473 0.78162 0.11178 0.04672
0 0.36491 0.84256 0.12851 0.0692
0 0.49176 0.90350 0.12586 0.04601
0 0.63018 0.96196 0.12233 0.04557
0 0.81959 0.05549 0.16858 0.05482
0 0.23883 0.11126 0.15027 0.06462
0 0.39004 0.17220 0.16809 0.07878
0 0.53196 0.23314 0.15341 0.07886
0 0.67967 0.29408 0.11993 0.07286
0 0.85859 0.35502 0.14458 0.05692
0 0.17887 0.41596 0.10673 0.053
0 0.35106 0.47691 0.11502 0.07351
0 0.5109 0.53785 0.1997 0.06648
0 0.64953 0.59879 0.13602 0.06676
0 0.82868 0.65973 0.15175 0.07327
0 0.23185 0.72067 0.11669 0.05008
0 0.39227 0.78162 0.17407 0.06382
0 0.55337 0.84256 0.16184 0.07342
0 0.70426 0.90350 0.17939 0.06778
0 0.86214 0.96196 0.14673 0.05407