0 0.16804 0.05507 0.12153 0.06005
0 0.31416 0.11099 0.16892 0.05639
0 0.46665 0.17164 0.14219 0.06722
0 0.62845 0.23230 0.17142 0.07537
0 0.81126 0.29295 0.13474 0.05355
0 0.23741 0.35361 0.16731 0.05272
0 0.38348 0.41426 0.13996 0.04548
0 0.53505 0.47491 0.19213 0.04945
0 0.69476 0.53557 0.14272 0.07109
0 0.85966 0.59622 0.16999 0.07673
0 0.16984 0.65687 0.17703 0.06674
0 0.32322 0.71753 0.12487 0.06194
0 0.4625 0.77818 0.17002 0.06889
0 0.62867 0.83883 0.18064 0.04413
0 0.81078 0.89949 0.17453 0.076
0 0.23479 0.96175 0.12258 0.06779
0 0.39867 0.05507 0.1158 0.04864
0 0.53667 0.11099 0.18314 0.06138
0 0.68184 0.17164 0.19847 0.06248
0 0.85429 0.23230 0.17694 0.06596
0 0.17096 0.29295 0.19184 0.0788
0 0.3596 0.35361 0.16344 0.06389
0 0.51083 0.41426 0.14936 0.06421
0 0.65992 0.47491 0.11039 0.07778
0 0.78456 0.53557 0.1626 0.04475
0 0.23342 0.59622 0.17974 0.06728
0 0.38143 0.65687 0.18319 0.04617
0 0.53085 0.71753 0.1271 0.06538
0 0.65341 0.77818 0.17516 0.07276
0 0.83983 0.83883 0.16995 0.04365
0 0.16796 0.89949 0.19772 0.06211
0 0.34156 0.96175 0.14487 0.05365
0 0.48604 0.05507 0.1109 0.06734
0 0.62248 0.11099 0.13579 0.06497
0 0.7985 0.17164 0.13574 0.04475
0 0.23615 0.23230 0.15252 0.07603
0 0.39129 0.29295 0.11131 0.07838
0 0.52758 0.35361 0.11502 0.04925
0 0.66923 0.41426 0.12861 0.0452
0 0.8491 0.47491 0.17983 0.07969
0 0.14142 0.53557 0.18798 0.05856
0 0.33614 0.59622 0.1649 0.07105
0 0.49132 0.65687 0.13742 0.07724
0 0.6309 0.71753 0.13164 0.07532
0 0.81428 0.77818 0.10908 0.07876
0 0.23422 0.83883 0.18803 0.05362
0 0.41065 0.89949 0.12941 0.0692
0 0.54994 0.96175 0.19897 0.07641
0 0.69205 0.05507 0.11809 0.07539
0 0.83614 0.11099 0.15631 0.07367
0 0.14976 0.17164 0.14176 0.04375
0 0.36722 0.23230 0.17996 0.0766
0 0.51027 0.29295 0.19225 0.06611
0 0.64415 0.35361 0.14011 0.06402
0 0.79169 0.41426 0.19196 0.07027
0 0.22137 0.47491 0.1173 0.06159
0 0.41352 0.53557 0.10935 0.07504
0 0.55393 0.59622 0.19134 0.04772
0 0.69031 0.65687 0.19382 0.06721
0 0.83736 0.71753 0.16169 0.06479
0 0.18308 0.77818 0.11139 0.06179
0 0.35533 0.83883 0.18924 0.05165
0 0.50403 0.89949 0.18616 0.07914
0 0.64077 0.96175 0.15969 0.07698
0 0.81623 0.05507 0.14949 0.06702
0 0.23651 0.11099 0.11244 0.04659
0 0.38171 0.17164 0.1422 0.06183
0 0.5289 0.23230 0.17587 0.06057
0 0.68284 0.29295 0.15531 0.045
0 0.83072 0.35361 0.1529 0.05709
0 0.1823 0.41426 0.18434 0.07279
0 0.34551 0.47491 0.10765 0.07209
0 0.51065 0.53557 0.13096 0.04695
0 0.66962 0.59622 0.11944 0.05796
0 0.80021 0.65687 0.10917 0.07252
0 0.23488 0.71753 0.13334 0.05196
0 0.38291 0.77818 0.19034 0.06458
0 0.55049 0.83883 0.12144 0.04381
0 0.70547 0.89949 0.19931 0.06813
0 0.85658 0.96175 0.11845 0.07361