0 0.16645 0.05485 0.11477 0.07707
0 0.32415 0.11080 0.15724 0.05363
0 0.4666 0.17118 0.18799 0.0619
0 0.61953 0.23155 0.15705 0.04739
0 0.79348 0.29193 0.15233 0.04644
0 0.23578 0.35231 0.19476 0.0638
0 0.39252 0.41268 0.17254 0.06629
0 0.55004 0.47306 0.12768 0.04831
0 0.70451 0.53344 0.11223 0.04407
0 0.8707 0.59381 0.16461 0.07649
0 0.16384 0.65419 0.12838 0.05121
0 0.32041 0.71457 0.15151 0.06014
0 0.45032 0.77494 0.11021 0.05931
0 0.60535 0.83532 0.18859 0.07971
0 0.81692 0.89569 0.17547 0.05106
0 0.23206 0.96319 0.18656 0.04763
0 0.4003 0.05485 0.10686 0.05562
0 0.54158 0.11080 0.17426 0.06323
0 0.69499 0.17118 0.17375 0.07569
0 0.85346 0.23155 0.1946 0.04723
0 0.1658 0.29193 0.14214 0.05566
0 0.36515 0.35231 0.16346 0.04881
0 0.50362 0.41268 0.19843 0.07936
0 0.64034 0.47306 0.14457 0.07776
0 0.79063 0.53344 0.19671 0.05416
0 0.24127 0.59381 0.13252 0.04346
0 0.3919 0.65419 0.12284 0.07119
0 0.5175 0.71457 0.12217 0.04446
0 0.67916 0.77494 0.13232 0.07319
0 0.85317 0.83532 0.11565 0.04939
0 0.16964 0.89569 0.12849 0.0567
0 0.34498 0.96319 0.10942 0.05936
0 0.49934 0.05485 0.19228 0.06234
0 0.59992 0.11080 0.17991 0.07026
0 0.78288 0.17118 0.15502 0.06062
0 0.2349 0.23155 0.19522 0.04618
0 0.38551 0.29193 0.11156 0.05258
0 0.52196 0.35231 0.17773 0.07496
0 0.68107 0.41268 0.127 0.06107
0 0.82136 0.47306 0.12374 0.07215
0 0.14131 0.53344 0.1675 0.0532
0 0.33224 0.59381 0.18972 0.07726
0 0.49542 0.65419 0.17662 0.07122
0 0.61663 0.71457 0.19221 0.06244
0 0.8098 0.77494 0.10985 0.06813
0 0.23564 0.83532 0.16968 0.04756
0 0.41059 0.89569 0.19402 0.07439
0 0.54912 0.96319 0.19478 0.05579
0 0.69217 0.05485 0.11704 0.07034
0 0.8645 0.11080 0.1141 0.05118
0 0.15658 0.17118 0.11224 0.0481
0 0.36065 0.23155 0.13949 0.04476
0 0.51056 0.29193 0.11591 0.07043
0 0.65079 0.35231 0.13 0.07773
0 0.81287 0.41268 0.19176 0.05799
0 0.22308 0.47306 0.1193 0.07925
0 0.40857 0.53344 0.18314 0.05518
0 0.55661 0.59381 0.16675 0.05603
0 0.69799 0.65419 0.135 0.04482
0 0.86448 0.71457 0.18824 0.07533
0 0.18338 0.77494 0.13369 0.06517
0 0.3592 0.83532 0.13011 0.06385
0 0.50979 0.89569 0.1626 0.05281
0 0.63347 0.96319 0.16471 0.0712
0 0.82581 0.05485 0.18248 0.06535
0 0.2354 0.11080 0.11329 0.06204
0 0.38386 0.17118 0.11574 0.04597
0 0.53664 0.23155 0.1943 0.05265
0 0.6695 0.29193 0.16665 0.04539
0 0.85443 0.35231 0.1549 0.04373
0 0.18239 0.41268 0.17528 0.05081
0 0.34291 0.47306 0.17791 0.0788
0 0.50445 0.53344 0.1523 0.05346
0 0.672 0.59381 0.10733 0.05987
0 0.79409 0.65419 0.18297 0.06809
0 0.23196 0.71457 0.19708 0.04993
0 0.38143 0.77494 0.12467 0.06397
0 0.53925 0.83532 0.1694 0.0445
0 0.7016 0.89569 0.1245 0.06721
0 0.87067 0.96319 0.19355 0.04438