0 0.16936 0.05460 0.18084 0.04988
0 0.32651 0.10944 0.11051 0.07589
0 0.47933 0.17025 0.1175 0.05581
0 0.61456 0.23107 0.16256 0.07667
0 0.79955 0.29188 0.15944 0.06082
0 0.23181 0.35270 0.13986 0.04333
0 0.38274 0.41351 0.17823 0.05629
0 0.55255 0.47433 0.16116 0.06727
0 0.68261 0.53515 0.12639 0.0569
0 0.85723 0.59596 0.19993 0.04974
0 0.1696 0.65678 0.13664 0.0617
0 0.32474 0.71759 0.16452 0.07504
0 0.45075 0.77841 0.17531 0.05943
0 0.62708 0.83922 0.16612 0.05678
0 0.79121 0.90004 0.16769 0.0674
0 0.23712 0.95379 0.16164 0.06076
0 0.41276 0.05460 0.13672 0.0636
0 0.54742 0.10944 0.11088 0.04494
0 0.67903 0.17025 0.18845 0.07794
0 0.84876 0.23107 0.16983 0.06204
0 0.17041 0.29188 0.19561 0.0713
0 0.35536 0.35270 0.11853 0.04811
0 0.5077 0.41351 0.1211 0.07031
0 0.66878 0.47433 0.14044 0.05121
0 0.80215 0.53515 0.1997 0.06074
0 0.23418 0.59596 0.12418 0.04911
0 0.39665 0.65678 0.14566 0.07162
0 0.53664 0.71759 0.17909 0.05202
0 0.67107 0.77841 0.14638 0.05759
0 0.82051 0.83922 0.16933 0.05041
0 0.16406 0.90004 0.19836 0.05179
0 0.34907 0.95379 0.11651 0.04343
0 0.47909 0.05460 0.18632 0.04401
0 0.62497 0.10944 0.10948 0.04616
0 0.80477 0.17025 0.13751 0.05776
0 0.24266 0.23107 0.17136 0.04634
0 0.39158 0.29188 0.11492 0.0607
0 0.54076 0.35270 0.1893 0.05623
0 0.69666 0.41351 0.15047 0.05182
0 0.84019 0.47433 0.1742 0.05164
0 0.13921 0.53515 0.17037 0.0742
0 0.33311 0.59596 0.10902 0.0429
0 0.50012 0.65678 0.10669 0.07982
0 0.62806 0.71759 0.13521 0.04615
0 0.80912 0.77841 0.1952 0.07944
0 0.24141 0.83922 0.19472 0.06371
0 0.40739 0.90004 0.16664 0.07784
0 0.55756 0.95379 0.15824 0.04819
0 0.67168 0.05460 0.16864 0.06218
0 0.83058 0.10944 0.19238 0.0642
0 0.15463 0.17025 0.11227 0.04281
0 0.35739 0.23107 0.14363 0.06662
0 0.49973 0.29188 0.12159 0.0764
0 0.65556 0.35270 0.16382 0.06366
0 0.80102 0.41351 0.1912 0.06284
0 0.22633 0.47433 0.17103 0.07576
0 0.40225 0.53515 0.14853 0.0702
0 0.53392 0.59596 0.13619 0.04644
0 0.67286 0.65678 0.13945 0.07745
0 0.84245 0.71759 0.12421 0.04612
0 0.17951 0.77841 0.12325 0.07746
0 0.37087 0.83922 0.12588 0.06023
0 0.50271 0.90004 0.14275 0.05093
0 0.65752 0.95379 0.1963 0.07967
0 0.79889 0.05460 0.12804 0.04988
0 0.24241 0.10944 0.15278 0.05113
0 0.38646 0.17025 0.12078 0.06899
0 0.53611 0.23107 0.14561 0.06316
0 0.69014 0.29188 0.18675 0.0622
0 0.83635 0.35270 0.10648 0.0675
0 0.18275 0.41351 0.11529 0.05258
0 0.34345 0.47433 0.19404 0.06066
0 0.49916 0.53515 0.13353 0.05983
0 0.64838 0.59596 0.19808 0.05111
0 0.79924 0.65678 0.15022 0.06693
0 0.24315 0.71759 0.19285 0.05466
0 0.39896 0.77841 0.18917 0.06904
0 0.55161 0.83922 0.14571 0.05836
0 0.70304 0.90004 0.17796 0.07845
0 0.87229 0.95379 0.14594 0.05809