0 0.17147 0.05464 0.16337 0.04433
0 0.32564 0.11152 0.18628 0.05602
0 0.46462 0.17088 0.1858 0.05577
0 0.62031 0.23024 0.10829 0.05051
0 0.8264 0.28960 0.15266 0.06972
0 0.23408 0.34896 0.14872 0.05187
0 0.39303 0.40832 0.16085 0.07641
0 0.54069 0.46768 0.15289 0.07764
0 0.69732 0.52704 0.13109 0.0765
0 0.83891 0.58640 0.15627 0.05067
0 0.16537 0.64576 0.15598 0.06304
0 0.329 0.70511 0.19132 0.07243
0 0.46358 0.76447 0.14362 0.04879
0 0.62783 0.82383 0.1847 0.07511
0 0.82708 0.88319 0.19745 0.06768
0 0.24242 0.94591 0.17854 0.07631
0 0.39885 0.05464 0.15314 0.06015
0 0.55373 0.11152 0.15337 0.04652
0 0.66707 0.17088 0.14617 0.06882
0 0.85562 0.23024 0.14562 0.05281
0 0.16401 0.28960 0.18944 0.04603
0 0.37116 0.34896 0.13132 0.05815
0 0.50599 0.40832 0.17155 0.04349
0 0.6537 0.46768 0.1584 0.0571
0 0.80896 0.52704 0.12466 0.04975
0 0.23541 0.58640 0.11901 0.04534
0 0.39644 0.64576 0.1801 0.06923
0 0.52681 0.70511 0.18021 0.05897
0 0.67992 0.76447 0.13039 0.06474
0 0.84555 0.82383 0.16862 0.06263
0 0.16674 0.88319 0.19996 0.04826
0 0.34649 0.94591 0.11901 0.0531
0 0.49193 0.05464 0.14284 0.07913
0 0.61566 0.11152 0.1656 0.06613
0 0.77719 0.17088 0.13379 0.05498
0 0.23913 0.23024 0.13858 0.0528
0 0.39211 0.28960 0.17359 0.04779
0 0.52099 0.34896 0.19643 0.05467
0 0.69899 0.40832 0.11559 0.06546
0 0.8281 0.46768 0.15622 0.05104
0 0.14265 0.52704 0.16634 0.07394
0 0.32835 0.58640 0.18496 0.06951
0 0.4873 0.64576 0.10671 0.06752
0 0.64016 0.70511 0.1964 0.07417
0 0.7947 0.76447 0.12919 0.05185
0 0.23174 0.82383 0.19523 0.04572
0 0.40099 0.88319 0.16339 0.07612
0 0.55176 0.94591 0.13337 0.04344
0 0.70058 0.05464 0.1491 0.04561
0 0.83342 0.11152 0.14548 0.07931
0 0.15615 0.17088 0.18393 0.04795
0 0.37121 0.23024 0.10849 0.05464
0 0.50381 0.28960 0.17001 0.06721
0 0.63564 0.34896 0.12099 0.079
0 0.80859 0.40832 0.13583 0.07342
0 0.22712 0.46768 0.15449 0.0688
0 0.40435 0.52704 0.12604 0.0757
0 0.54969 0.58640 0.11822 0.0676
0 0.67305 0.64576 0.16131 0.06768
0 0.86708 0.70511 0.18471 0.06572
0 0.18339 0.76447 0.14256 0.0444
0 0.35482 0.82383 0.15016 0.05227
0 0.51026 0.88319 0.14512 0.06964
0 0.64309 0.94591 0.16678 0.0775
0 0.82249 0.05464 0.1217 0.06921
0 0.23661 0.11152 0.16073 0.06681
0 0.38276 0.17088 0.18198 0.07657
0 0.52265 0.23024 0.13122 0.04865
0 0.67034 0.28960 0.12671 0.07833
0 0.86034 0.34896 0.18631 0.06068
0 0.18291 0.40832 0.1915 0.06442
0 0.3452 0.46768 0.13296 0.06984
0 0.50607 0.52704 0.11175 0.04909
0 0.67101 0.58640 0.11242 0.07942
0 0.82085 0.64576 0.1568 0.05279
0 0.24097 0.70511 0.11359 0.07946
0 0.38392 0.76447 0.14006 0.0562
0 0.54218 0.82383 0.14025 0.05959
0 0.6922 0.88319 0.1266 0.07329
0 0.86611 0.94591 0.11017 0.05958