0 0.16379 0.05569 0.11185 0.04248
0 0.31721 0.11051 0.16839 0.05357
0 0.47669 0.17027 0.10782 0.04425
0 0.62749 0.23003 0.13351 0.05912
0 0.79745 0.28978 0.19788 0.07221
0 0.23421 0.34954 0.17816 0.07688
0 0.39628 0.40930 0.12904 0.06254
0 0.54755 0.46905 0.17038 0.07275
0 0.68556 0.52881 0.11906 0.06365
0 0.86061 0.58856 0.16545 0.07074
0 0.16668 0.64832 0.18687 0.04277
0 0.32044 0.70808 0.1909 0.06041
0 0.46538 0.76783 0.13891 0.05187
0 0.61115 0.82759 0.15192 0.05404
0 0.79002 0.88735 0.17013 0.07889
0 0.23227 0.94091 0.17245 0.0503
0 0.40663 0.05569 0.14952 0.06205
0 0.54291 0.11051 0.14041 0.05093
0 0.69848 0.17027 0.13249 0.06382
0 0.8343 0.23003 0.11325 0.08007
0 0.16646 0.28978 0.14799 0.0474
0 0.36375 0.34954 0.12169 0.07843
0 0.50648 0.40930 0.14366 0.0471
0 0.66924 0.46905 0.19286 0.04945
0 0.8009 0.52881 0.15428 0.06681
0 0.24208 0.58856 0.19225 0.04726
0 0.39337 0.64832 0.11473 0.04549
0 0.5176 0.70808 0.19969 0.06729
0 0.66388 0.76783 0.11516 0.04346
0 0.82133 0.82759 0.13559 0.07958
0 0.16858 0.88735 0.18011 0.06277
0 0.34133 0.94091 0.16286 0.05652
0 0.49277 0.05569 0.14999 0.06908
0 0.61348 0.11051 0.13417 0.07816
0 0.78793 0.17027 0.11862 0.05684
0 0.23748 0.23003 0.13388 0.06856
0 0.39486 0.28978 0.12178 0.06513
0 0.53869 0.34954 0.13596 0.07166
0 0.67769 0.40930 0.11642 0.06475
0 0.82964 0.46905 0.18452 0.05661
0 0.13851 0.52881 0.19767 0.07451
0 0.33777 0.58856 0.12664 0.05094
0 0.49732 0.64832 0.17264 0.07248
0 0.63631 0.70808 0.10974 0.08002
0 0.82472 0.76783 0.16417 0.05304
0 0.24167 0.82759 0.16917 0.06922
0 0.3982 0.88735 0.10957 0.06749
0 0.55386 0.94091 0.10638 0.05807
0 0.6996 0.05569 0.1195 0.06122
0 0.8629 0.11051 0.18737 0.07822
0 0.15641 0.17027 0.13209 0.07837
0 0.35511 0.23003 0.15619 0.07007
0 0.50617 0.28978 0.1553 0.05693
0 0.63646 0.34954 0.15958 0.04394
0 0.81524 0.40930 0.13746 0.06441
0 0.22755 0.46905 0.14504 0.06372
0 0.40225 0.52881 0.14513 0.05582
0 0.5516 0.58856 0.19883 0.07562
0 0.67266 0.64832 0.11151 0.06598
0 0.85229 0.70808 0.14345 0.06596
0 0.18261 0.76783 0.18067 0.05358
0 0.36678 0.82759 0.16209 0.04524
0 0.49766 0.88735 0.13525 0.0535
0 0.63453 0.94091 0.19109 0.05128
0 0.82634 0.05569 0.11485 0.05547
0 0.23865 0.11051 0.13614 0.07442
0 0.38292 0.17027 0.18969 0.04847
0 0.53379 0.23003 0.16805 0.04838
0 0.67348 0.28978 0.1706 0.06161
0 0.86319 0.34954 0.15075 0.06518
0 0.18475 0.40930 0.11938 0.04851
0 0.34607 0.46905 0.19572 0.06639
0 0.49339 0.52881 0.18928 0.07425
0 0.66471 0.58856 0.14731 0.07193
0 0.80228 0.64832 0.18479 0.0524
0 0.23437 0.70808 0.13672 0.05429
0 0.385 0.76783 0.14073 0.04934
0 0.5327 0.82759 0.181 0.0593
0 0.69972 0.88735 0.11543 0.05475
0 0.84738 0.94091 0.1958 0.05298