0 0.1681 0.05594 0.10906 0.06837
0 0.32375 0.10934 0.18774 0.06984
0 0.48193 0.16991 0.19447 0.06178
0 0.61563 0.23047 0.15789 0.06122
0 0.81248 0.29104 0.12044 0.07426
0 0.24063 0.35160 0.16333 0.07223
0 0.39116 0.41217 0.18367 0.07738
0 0.54671 0.47273 0.18677 0.07571
0 0.69961 0.53330 0.13805 0.07702
0 0.84568 0.59386 0.15727 0.06514
0 0.16523 0.65443 0.19237 0.0647
0 0.32404 0.71499 0.12719 0.06155
0 0.47089 0.77556 0.19513 0.07195
0 0.62067 0.83612 0.17771 0.06663
0 0.79723 0.89669 0.1297 0.06848
0 0.24034 0.94724 0.12551 0.07584
0 0.41028 0.05594 0.11918 0.05199
0 0.55739 0.10934 0.1728 0.04724
0 0.68702 0.16991 0.184 0.05588
0 0.84452 0.23047 0.1699 0.06476
0 0.16511 0.29104 0.19503 0.07581
0 0.36927 0.35160 0.1858 0.07252
0 0.5272 0.41217 0.19412 0.07652
0 0.64192 0.47273 0.15769 0.05669
0 0.79363 0.53330 0.11197 0.07269
0 0.2378 0.59386 0.12322 0.04482
0 0.38371 0.65443 0.12951 0.0458
0 0.52415 0.71499 0.12381 0.04374
0 0.65775 0.77556 0.12126 0.05484
0 0.81994 0.83612 0.19948 0.0599
0 0.16971 0.89669 0.18336 0.04699
0 0.35491 0.94724 0.15243 0.07692
0 0.48922 0.05594 0.11844 0.07423
0 0.61038 0.10934 0.11512 0.04389
0 0.7774 0.16991 0.18664 0.072
0 0.24088 0.23047 0.18343 0.05332
0 0.38865 0.29104 0.11692 0.07072
0 0.51865 0.35160 0.11115 0.05085
0 0.66976 0.41217 0.16158 0.06483
0 0.81963 0.47273 0.10659 0.04909
0 0.13643 0.53330 0.13677 0.0454
0 0.34046 0.59386 0.16725 0.04991
0 0.49303 0.65443 0.19318 0.0677
0 0.64136 0.71499 0.11609 0.0747
0 0.80454 0.77556 0.13964 0.06064
0 0.23832 0.83612 0.16056 0.05088
0 0.40386 0.89669 0.13592 0.05929
0 0.54493 0.94724 0.13669 0.06636
0 0.66785 0.05594 0.14822 0.06328
0 0.84556 0.10934 0.14934 0.07029
0 0.15657 0.16991 0.13425 0.0526
0 0.36391 0.23047 0.12914 0.06604
0 0.51395 0.29104 0.15721 0.06808
0 0.62868 0.35160 0.13108 0.0473
0 0.80598 0.41217 0.18642 0.07282
0 0.22257 0.47273 0.11998 0.05135
0 0.40341 0.53330 0.19598 0.07903
0 0.54751 0.59386 0.10676 0.05577
0 0.683 0.65443 0.18244 0.04739
0 0.84123 0.71499 0.16314 0.06839
0 0.18108 0.77556 0.13947 0.04896
0 0.35952 0.83612 0.16457 0.0611
0 0.50412 0.89669 0.15851 0.06163
0 0.6522 0.94724 0.16173 0.07227
0 0.82603 0.05594 0.1594 0.06584
0 0.23904 0.10934 0.14915 0.07605
0 0.3995 0.16991 0.12961 0.06706
0 0.52121 0.23047 0.16476 0.06838
0 0.68496 0.29104 0.18294 0.06403
0 0.83804 0.35160 0.197 0.05034
0 0.17795 0.41217 0.19434 0.07448
0 0.34065 0.47273 0.18159 0.04308
0 0.50787 0.53330 0.1656 0.06012
0 0.66361 0.59386 0.14834 0.05679
0 0.79604 0.65443 0.17109 0.05503
0 0.23809 0.71499 0.11064 0.06574
0 0.3972 0.77556 0.1603 0.0543
0 0.5533 0.83612 0.13338 0.0646
0 0.6923 0.89669 0.1359 0.04906
0 0.8713 0.94724 0.17496 0.06152