0 0.16459 0.05601 0.11426 0.04856
0 0.31839 0.10900 0.14147 0.05857
0 0.47585 0.16916 0.12373 0.044
0 0.6297 0.22932 0.18248 0.05094
0 0.79591 0.28949 0.17425 0.06755
0 0.23277 0.34965 0.16967 0.07529
0 0.38886 0.40981 0.19224 0.05543
0 0.55335 0.46998 0.18347 0.04345
0 0.68698 0.53014 0.1578 0.07657
0 0.85149 0.59030 0.10753 0.06019
0 0.16439 0.65047 0.11499 0.07676
0 0.32687 0.71063 0.1546 0.0548
0 0.46674 0.77079 0.19587 0.06849
0 0.61613 0.83096 0.18555 0.04308
0 0.80514 0.89112 0.19422 0.06175
0 0.23718 0.95418 0.19784 0.05494
0 0.41258 0.05601 0.14119 0.0551
0 0.55535 0.10900 0.13632 0.07838
0 0.6839 0.16916 0.17991 0.07073
0 0.8527 0.22932 0.12607 0.05502
0 0.17091 0.28949 0.1965 0.06629
0 0.36434 0.34965 0.19377 0.0581
0 0.52354 0.40981 0.14055 0.06417
0 0.66131 0.46998 0.13858 0.07861
0 0.79442 0.53014 0.17137 0.06565
0 0.23398 0.59030 0.17363 0.04811
0 0.39283 0.65047 0.18152 0.07404
0 0.52208 0.71063 0.16204 0.06981
0 0.65992 0.77079 0.11523 0.04653
0 0.85258 0.83096 0.15882 0.04851
0 0.16438 0.89112 0.11013 0.05363
0 0.35149 0.95418 0.1775 0.0584
0 0.48702 0.05601 0.16826 0.06235
0 0.61761 0.10900 0.16258 0.0528
0 0.80503 0.16916 0.12747 0.07365
0 0.23497 0.22932 0.17336 0.07232
0 0.38195 0.28949 0.17437 0.05275
0 0.53927 0.34965 0.13852 0.06565
0 0.67951 0.40981 0.10915 0.04626
0 0.84422 0.46998 0.1856 0.06769
0 0.14233 0.53014 0.17869 0.05553
0 0.33123 0.59030 0.15412 0.06767
0 0.50064 0.65047 0.17272 0.05356
0 0.63857 0.71063 0.18066 0.06809
0 0.82132 0.77079 0.13724 0.05728
0 0.23914 0.83096 0.19221 0.0572
0 0.40567 0.89112 0.16044 0.05023
0 0.54131 0.95418 0.13321 0.06975
0 0.69492 0.05601 0.13123 0.07332
0 0.8555 0.10900 0.18999 0.07737
0 0.15569 0.16916 0.14058 0.06182
0 0.37172 0.22932 0.12021 0.04971
0 0.50971 0.28949 0.19529 0.06516
0 0.65336 0.34965 0.16743 0.0499
0 0.809 0.40981 0.19867 0.0579
0 0.22749 0.46998 0.12434 0.0746
0 0.40145 0.53014 0.1842 0.05861
0 0.53639 0.59030 0.15262 0.07734
0 0.68377 0.65047 0.16177 0.0565
0 0.8316 0.71063 0.1103 0.06876
0 0.18442 0.77079 0.15928 0.06462
0 0.35866 0.83096 0.1658 0.04623
0 0.50694 0.89112 0.15303 0.05798
0 0.65147 0.95418 0.11169 0.0773
0 0.81691 0.05601 0.15464 0.04452
0 0.23907 0.10900 0.11108 0.05691
0 0.38573 0.16916 0.1856 0.0515
0 0.52982 0.22932 0.16213 0.05102
0 0.69881 0.28949 0.17122 0.05589
0 0.84049 0.34965 0.16709 0.07728
0 0.17883 0.40981 0.16484 0.06138
0 0.34501 0.46998 0.196 0.07272
0 0.5094 0.53014 0.12275 0.05564
0 0.65054 0.59030 0.15084 0.05972
0 0.81373 0.65047 0.18549 0.07829
0 0.23356 0.71063 0.15292 0.04744
0 0.38281 0.77079 0.17795 0.04508
0 0.5392 0.83096 0.12303 0.06905
0 0.68857 0.89112 0.17127 0.07756
0 0.86879 0.95418 0.19228 0.04653