0 0.16862 0.05508 0.11265 0.07082
0 0.3189 0.11189 0.18399 0.06977
0 0.47699 0.17242 0.11232 0.05867
0 0.62439 0.23294 0.14657 0.04697
0 0.79667 0.29347 0.18511 0.05752
0 0.2352 0.35399 0.13821 0.06102
0 0.38574 0.41452 0.12402 0.06103
0 0.5579 0.47504 0.18649 0.05461
0 0.70668 0.53557 0.11213 0.04879
0 0.86108 0.59610 0.13952 0.07829
0 0.16487 0.65662 0.15711 0.06252
0 0.32702 0.71715 0.12577 0.07031
0 0.46579 0.77767 0.1998 0.06165
0 0.61109 0.83820 0.13306 0.07538
0 0.8026 0.89873 0.18856 0.06477
0 0.23558 0.95235 0.1409 0.06445
0 0.39818 0.05508 0.14284 0.07975
0 0.55109 0.11189 0.12698 0.05006
0 0.69321 0.17242 0.13093 0.06069
0 0.85056 0.23294 0.18703 0.04428
0 0.17025 0.29347 0.10783 0.05716
0 0.36411 0.35399 0.17376 0.0547
0 0.52746 0.41452 0.12264 0.0669
0 0.65248 0.47504 0.14081 0.05679
0 0.79026 0.53557 0.18522 0.06835
0 0.23263 0.59610 0.18515 0.05444
0 0.38344 0.65662 0.19974 0.04653
0 0.52401 0.71715 0.16789 0.07563
0 0.66391 0.77767 0.13414 0.07778
0 0.83488 0.83820 0.1097 0.07396
0 0.16533 0.89873 0.15898 0.07764
0 0.35514 0.95235 0.17028 0.07948
0 0.48371 0.05508 0.1857 0.05396
0 0.60533 0.11189 0.19711 0.07442
0 0.81074 0.17242 0.19447 0.06558
0 0.23658 0.23294 0.16377 0.06122
0 0.39242 0.29347 0.19259 0.07561
0 0.54191 0.35399 0.17634 0.07277
0 0.67265 0.41452 0.14837 0.07281
0 0.85513 0.47504 0.11559 0.04534
0 0.1373 0.53557 0.14208 0.06625
0 0.34229 0.59610 0.12138 0.04592
0 0.48222 0.65662 0.13928 0.04896
0 0.62797 0.71715 0.16793 0.05329
0 0.82368 0.77767 0.1443 0.06369
0 0.23512 0.83820 0.17949 0.05166
0 0.39581 0.89873 0.11623 0.07324
0 0.5475 0.95235 0.19578 0.04506
0 0.68648 0.05508 0.12568 0.07655
0 0.83796 0.11189 0.19802 0.07003
0 0.15104 0.17242 0.15362 0.04997
0 0.36972 0.23294 0.15388 0.06763
0 0.50626 0.29347 0.18652 0.06264
0 0.6427 0.35399 0.11005 0.04797
0 0.8172 0.41452 0.1317 0.05857
0 0.22506 0.47504 0.16897 0.07758
0 0.40918 0.53557 0.19625 0.04954
0 0.55205 0.59610 0.19823 0.05026
0 0.68953 0.65662 0.16459 0.06442
0 0.83409 0.71715 0.17832 0.05291
0 0.18035 0.77767 0.1349 0.07182
0 0.36605 0.83820 0.14402 0.05124
0 0.49579 0.89873 0.15646 0.04754
0 0.63061 0.95235 0.19407 0.07149
0 0.82382 0.05508 0.12527 0.0425
0 0.24 0.11189 0.16439 0.07606
0 0.3875 0.17242 0.17333 0.04587
0 0.51934 0.23294 0.11052 0.0428
0 0.69229 0.29347 0.16173 0.07234
0 0.86044 0.35399 0.16344 0.05997
0 0.18091 0.41452 0.12323 0.06128
0 0.34391 0.47504 0.15195 0.04352
0 0.51212 0.53557 0.12989 0.0721
0 0.67043 0.59610 0.11298 0.05933
0 0.79941 0.65662 0.16183 0.06949
0 0.2385 0.71715 0.18419 0.04592
0 0.39348 0.77767 0.13392 0.07875
0 0.5322 0.83820 0.128 0.05158
0 0.70092 0.89873 0.11099 0.06315
0 0.85531 0.95235 0.11586 0.0473