0 0.16998 0.05480 0.19516 0.06867
0 0.31498 0.11117 0.15415 0.05359
0 0.48231 0.17117 0.19598 0.04966
0 0.63582 0.23116 0.15037 0.05461
0 0.81308 0.29116 0.19402 0.07763
0 0.23497 0.35115 0.18071 0.0676
0 0.39249 0.41115 0.15267 0.07076
0 0.5464 0.47115 0.10736 0.07911
0 0.68772 0.53114 0.12871 0.05856
0 0.8327 0.59114 0.14735 0.05384
0 0.16525 0.65113 0.18979 0.07466
0 0.32885 0.71113 0.19217 0.0574
0 0.46765 0.77113 0.16486 0.07012
0 0.6002 0.83112 0.1503 0.0666
0 0.81129 0.89112 0.18377 0.07506
0 0.23451 0.94119 0.14026 0.05716
0 0.40498 0.05480 0.16893 0.0799
0 0.5466 0.11117 0.1389 0.0543
0 0.6685 0.17117 0.11774 0.04395
0 0.86738 0.23116 0.15004 0.05547
0 0.16737 0.29116 0.10984 0.07373
0 0.3574 0.35115 0.15761 0.07342
0 0.52883 0.41115 0.19684 0.05478
0 0.66918 0.47115 0.12347 0.077
0 0.80068 0.53114 0.11003 0.06616
0 0.23574 0.59114 0.14808 0.04514
0 0.39916 0.65113 0.14338 0.06802
0 0.54093 0.71113 0.19754 0.05598
0 0.65507 0.77113 0.16917 0.04822
0 0.82034 0.83112 0.17491 0.0443
0 0.16532 0.89112 0.1164 0.07312
0 0.34608 0.94119 0.15273 0.07589
0 0.49715 0.05480 0.19332 0.04288
0 0.59935 0.11117 0.16944 0.05185
0 0.78606 0.17117 0.14598 0.04444
0 0.2399 0.23116 0.13613 0.05569
0 0.38283 0.29116 0.19957 0.05652
0 0.53997 0.35115 0.17719 0.06883
0 0.67262 0.41115 0.13676 0.05908
0 0.83548 0.47115 0.14172 0.07558
0 0.13808 0.53114 0.15966 0.0501
0 0.3358 0.59114 0.17511 0.04643
0 0.5 0.65113 0.14472 0.0513
0 0.61715 0.71113 0.16392 0.06545
0 0.82442 0.77113 0.19771 0.0649
0 0.23715 0.83112 0.18679 0.0626
0 0.40662 0.89112 0.14235 0.06702
0 0.53093 0.94119 0.13182 0.07104
0 0.68347 0.05480 0.18474 0.05396
0 0.86126 0.11117 0.15248 0.05352
0 0.15382 0.17117 0.15045 0.06198
0 0.3717 0.23116 0.11976 0.06959
0 0.50254 0.29116 0.11552 0.0768
0 0.6277 0.35115 0.13463 0.05464
0 0.79389 0.41115 0.19879 0.05091
0 0.22302 0.47115 0.11339 0.04681
0 0.39805 0.53114 0.13082 0.05465
0 0.54317 0.59114 0.14027 0.04396
0 0.68794 0.65113 0.16672 0.05486
0 0.83515 0.71113 0.11515 0.04652
0 0.17769 0.77113 0.10839 0.06449
0 0.35423 0.83112 0.13545 0.07584
0 0.49218 0.89112 0.19603 0.07631
0 0.63934 0.94119 0.19142 0.06262
0 0.80725 0.05480 0.17474 0.07091
0 0.2415 0.11117 0.16789 0.05814
0 0.38579 0.17117 0.16416 0.04334
0 0.53948 0.23116 0.12621 0.04998
0 0.6797 0.29116 0.17279 0.05097
0 0.83108 0.35115 0.12374 0.06348
0 0.18368 0.41115 0.19033 0.04534
0 0.34313 0.47115 0.11154 0.05826
0 0.4905 0.53114 0.13652 0.06421
0 0.65883 0.59114 0.18653 0.07414
0 0.82163 0.65113 0.11753 0.06786
0 0.23944 0.71113 0.17678 0.07302
0 0.38691 0.77113 0.15063 0.04529
0 0.54533 0.83112 0.13459 0.06396
0 0.68662 0.89112 0.16285 0.04642
0 0.85282 0.94119 0.12609 0.06941