0 0.16456 0.05522 0.1671 0.06213
0 0.31317 0.11039 0.10861 0.057
0 0.46616 0.16990 0.17709 0.07268
0 0.61463 0.22941 0.13464 0.07617
0 0.81991 0.28892 0.14499 0.04468
0 0.23922 0.34843 0.17876 0.04251
0 0.38277 0.40793 0.1924 0.07021
0 0.54008 0.46744 0.14469 0.06009
0 0.69233 0.52695 0.11037 0.0507
0 0.85149 0.58646 0.16712 0.06827
0 0.16401 0.64597 0.11517 0.08
0 0.32172 0.70547 0.14676 0.07731
0 0.45664 0.76498 0.14276 0.06724
0 0.60223 0.82449 0.19394 0.07104
0 0.79457 0.88400 0.17474 0.06239
0 0.23615 0.94932 0.1694 0.05527
0 0.40158 0.05522 0.11899 0.04397
0 0.53892 0.11039 0.18816 0.06573
0 0.69649 0.16990 0.11151 0.06781
0 0.87058 0.22941 0.13135 0.04877
0 0.1673 0.28892 0.17093 0.06545
0 0.36373 0.34843 0.19359 0.07343
0 0.50863 0.40793 0.14264 0.05345
0 0.65767 0.46744 0.15618 0.05029
0 0.78231 0.52695 0.14475 0.07021
0 0.24273 0.58646 0.15981 0.07972
0 0.38424 0.64597 0.15441 0.06875
0 0.53051 0.70547 0.16082 0.04455
0 0.67328 0.76498 0.19905 0.07263
0 0.85092 0.82449 0.19685 0.07282
0 0.16655 0.88400 0.13379 0.05777
0 0.35341 0.94932 0.10795 0.07289
0 0.49396 0.05522 0.13455 0.07705
0 0.6287 0.11039 0.18758 0.05957
0 0.80185 0.16990 0.16713 0.06713
0 0.23947 0.22941 0.18087 0.05309
0 0.39539 0.28892 0.16275 0.04349
0 0.52374 0.34843 0.17317 0.07853
0 0.70064 0.40793 0.18959 0.07091
0 0.85605 0.46744 0.15341 0.06564
0 0.13996 0.52695 0.14848 0.07607
0 0.34209 0.58646 0.16791 0.04548
0 0.49695 0.64597 0.17455 0.0762
0 0.61433 0.70547 0.12263 0.0746
0 0.8113 0.76498 0.20021 0.06481
0 0.23601 0.82449 0.11871 0.07024
0 0.40824 0.88400 0.16958 0.05636
0 0.55723 0.94932 0.19385 0.04418
0 0.67428 0.05522 0.14612 0.05335
0 0.84198 0.11039 0.1443 0.05581
0 0.15718 0.16990 0.12695 0.07564
0 0.35887 0.22941 0.19562 0.05024
0 0.5021 0.28892 0.16144 0.05498
0 0.65089 0.34843 0.12074 0.06329
0 0.80111 0.40793 0.11773 0.05427
0 0.22724 0.46744 0.17984 0.07094
0 0.41377 0.52695 0.13479 0.07825
0 0.54697 0.58646 0.17402 0.07835
0 0.68955 0.64597 0.11722 0.07943
0 0.84168 0.70547 0.11849 0.06909
0 0.17736 0.76498 0.19954 0.06525
0 0.36959 0.82449 0.12206 0.06443
0 0.49605 0.88400 0.17261 0.06391
0 0.6473 0.94932 0.16418 0.0605
0 0.82456 0.05522 0.16526 0.05212
0 0.23326 0.11039 0.10795 0.05834
0 0.3931 0.16990 0.19 0.06181
0 0.53796 0.22941 0.11389 0.07069
0 0.68874 0.28892 0.18935 0.05246
0 0.84445 0.34843 0.11863 0.04575
0 0.1815 0.40793 0.17364 0.06606
0 0.34475 0.46744 0.10813 0.05927
0 0.49955 0.52695 0.11577 0.06145
0 0.661 0.58646 0.18294 0.07156
0 0.79006 0.64597 0.16185 0.0763
0 0.23269 0.70547 0.13022 0.05287
0 0.38697 0.76498 0.1076 0.04479
0 0.53879 0.82449 0.18792 0.07732
0 0.70476 0.88400 0.12859 0.07428
0 0.83221 0.94932 0.1975 0.06431