0 0.16939 0.05585 0.19002 0.06715
0 0.31931 0.11087 0.18874 0.0517
0 0.47631 0.17082 0.14482 0.04664
0 0.62436 0.23077 0.11225 0.07837
0 0.80428 0.29072 0.18595 0.07256
0 0.23997 0.35067 0.12832 0.0522
0 0.39774 0.41062 0.1114 0.06131
0 0.54882 0.47057 0.18536 0.0444
0 0.70296 0.53052 0.11517 0.05803
0 0.85509 0.59047 0.12333 0.0529
0 0.16606 0.65042 0.1121 0.05274
0 0.31678 0.71037 0.15912 0.07728
0 0.46247 0.77033 0.18878 0.05226
0 0.62242 0.83028 0.13484 0.07073
0 0.79781 0.89023 0.16757 0.06618
0 0.24018 0.95241 0.12714 0.05508
0 0.40418 0.05585 0.10937 0.04927
0 0.55752 0.11087 0.16682 0.05863
0 0.68002 0.17082 0.15693 0.07922
0 0.872 0.23077 0.19998 0.06784
0 0.16766 0.29072 0.14559 0.07044
0 0.36691 0.35067 0.19573 0.04794
0 0.51026 0.41062 0.19966 0.05624
0 0.6712 0.47057 0.12484 0.04302
0 0.81254 0.53052 0.18811 0.05162
0 0.23329 0.59047 0.17189 0.07437
0 0.38255 0.65042 0.12733 0.07651
0 0.52261 0.71037 0.16264 0.05482
0 0.67144 0.77033 0.10788 0.04578
0 0.8362 0.83028 0.17331 0.06547
0 0.1657 0.89023 0.15542 0.05042
0 0.35603 0.95241 0.175 0.05989
0 0.48479 0.05585 0.15617 0.07302
0 0.6154 0.11087 0.18773 0.04331
0 0.77878 0.17082 0.13498 0.07977
0 0.23663 0.23077 0.1066 0.05862
0 0.39455 0.29072 0.12386 0.05981
0 0.51896 0.35067 0.19197 0.06756
0 0.68632 0.41062 0.19047 0.05418
0 0.83542 0.47057 0.18529 0.0574
0 0.13623 0.53052 0.13037 0.07229
0 0.33945 0.59047 0.12574 0.06893
0 0.48987 0.65042 0.13889 0.07057
0 0.61309 0.71037 0.14674 0.06408
0 0.80318 0.77033 0.1624 0.06584
0 0.23868 0.83028 0.14165 0.04995
0 0.39762 0.89023 0.19707 0.07638
0 0.53122 0.95241 0.13668 0.04612
0 0.68671 0.05585 0.16056 0.05357
0 0.85657 0.11087 0.12021 0.07629
0 0.1543 0.17082 0.16628 0.07174
0 0.35995 0.23077 0.16365 0.04906
0 0.51039 0.29072 0.13812 0.07729
0 0.6386 0.35067 0.1085 0.07416
0 0.82494 0.41062 0.17498 0.04971
0 0.21782 0.47057 0.14058 0.05996
0 0.41119 0.53052 0.14689 0.05347
0 0.54019 0.59047 0.11772 0.06809
0 0.6774 0.65042 0.19236 0.0512
0 0.84279 0.71037 0.13643 0.06817
0 0.17919 0.77033 0.10778 0.06988
0 0.36874 0.83028 0.19332 0.04588
0 0.49629 0.89023 0.1674 0.0641
0 0.63904 0.95241 0.14693 0.0508
0 0.81575 0.05585 0.1765 0.04577
0 0.24203 0.11087 0.11187 0.04964
0 0.40016 0.17082 0.12651 0.07996
0 0.53148 0.23077 0.17725 0.04255
0 0.66832 0.29072 0.1275 0.05437
0 0.86943 0.35067 0.1861 0.06882
0 0.17985 0.41062 0.12295 0.05205
0 0.34115 0.47057 0.13346 0.05425
0 0.496 0.53052 0.19962 0.05351
0 0.64212 0.59047 0.14378 0.06421
0 0.81372 0.65042 0.19458 0.0585
0 0.23716 0.71037 0.19925 0.06237
0 0.3983 0.77033 0.13342 0.0771
0 0.5365 0.83028 0.19097 0.04386
0 0.70396 0.89023 0.18462 0.0586
0 0.87099 0.95241 0.16883 0.0466