0 0.16454 0.05522 0.11224 0.05647
0 0.32281 0.11020 0.19243 0.07567
0 0.47488 0.17087 0.18627 0.04834
0 0.61899 0.23154 0.18487 0.06343
0 0.79398 0.29221 0.11261 0.07831
0 0.23436 0.35288 0.12553 0.04381
0 0.38325 0.41355 0.13848 0.05803
0 0.55789 0.47422 0.13385 0.06221
0 0.69635 0.53489 0.16241 0.04827
0 0.86753 0.59556 0.19744 0.04845
0 0.16601 0.65624 0.12815 0.07767
0 0.32152 0.71691 0.14845 0.06692
0 0.46562 0.77758 0.12857 0.04683
0 0.60406 0.83825 0.19983 0.06703
0 0.79568 0.89892 0.18104 0.05987
0 0.23732 0.94311 0.18573 0.07192
0 0.3961 0.05522 0.17987 0.05228
0 0.55535 0.11020 0.1337 0.06028
0 0.68668 0.17087 0.19735 0.05116
0 0.8613 0.23154 0.19906 0.048
0 0.16612 0.29221 0.12523 0.05096
0 0.36108 0.35288 0.17059 0.07798
0 0.51946 0.41355 0.14749 0.04795
0 0.65323 0.47422 0.12948 0.06157
0 0.80245 0.53489 0.14653 0.06206
0 0.24215 0.59556 0.17598 0.06227
0 0.39838 0.65624 0.11255 0.05785
0 0.52079 0.71691 0.19103 0.04837
0 0.67806 0.77758 0.14089 0.06772
0 0.82727 0.83825 0.15617 0.07921
0 0.16641 0.89892 0.18953 0.07328
0 0.3495 0.94311 0.15868 0.07544
0 0.49238 0.05522 0.12443 0.04783
0 0.6098 0.11020 0.15004 0.07509
0 0.79674 0.17087 0.17405 0.06656
0 0.23502 0.23154 0.15613 0.06775
0 0.39349 0.29221 0.14297 0.07291
0 0.51747 0.35288 0.17598 0.07344
0 0.67608 0.41355 0.14362 0.05218
0 0.83066 0.47422 0.13307 0.06709
0 0.13675 0.53489 0.17987 0.07495
0 0.34254 0.59556 0.12844 0.0641
0 0.49814 0.65624 0.19902 0.06627
0 0.64216 0.71691 0.17019 0.05378
0 0.79664 0.77758 0.15999 0.05696
0 0.23423 0.83825 0.11012 0.06124
0 0.40743 0.89892 0.12074 0.05057
0 0.54631 0.94311 0.15553 0.05572
0 0.69438 0.05522 0.19127 0.06794
0 0.83572 0.11020 0.11773 0.07724
0 0.15419 0.17087 0.13678 0.07815
0 0.35734 0.23154 0.11416 0.05821
0 0.49871 0.29221 0.13878 0.07996
0 0.64758 0.35288 0.11562 0.07559
0 0.81668 0.41355 0.16487 0.06133
0 0.22869 0.47422 0.1988 0.06516
0 0.40237 0.53489 0.16711 0.04321
0 0.53925 0.59556 0.17422 0.07501
0 0.69792 0.65624 0.13401 0.04826
0 0.84217 0.71691 0.1513 0.07092
0 0.17907 0.77758 0.10662 0.07969
0 0.36921 0.83825 0.15145 0.06869
0 0.50234 0.89892 0.19247 0.04483
0 0.6538 0.94311 0.1745 0.06527
0 0.80987 0.05522 0.15703 0.07967
0 0.24231 0.11020 0.19305 0.05435
0 0.38128 0.17087 0.19706 0.05152
0 0.51829 0.23154 0.10999 0.04954
0 0.694 0.29221 0.17616 0.05976
0 0.85489 0.35288 0.18369 0.05049
0 0.18062 0.41355 0.11723 0.05396
0 0.34099 0.47422 0.16406 0.05789
0 0.50101 0.53489 0.11637 0.05667
0 0.64969 0.59556 0.16934 0.07605
0 0.81967 0.65624 0.15579 0.07892
0 0.23156 0.71691 0.1851 0.05346
0 0.39516 0.77758 0.12511 0.04774
0 0.53472 0.83825 0.14313 0.07981
0 0.70822 0.89892 0.17037 0.07223
0 0.85849 0.94311 0.19345 0.04904