0 0.16645 0.05579 0.17026 0.04331
0 0.32356 0.10962 0.19907 0.07505
0 0.47778 0.16950 0.17156 0.04855
0 0.61817 0.22938 0.17299 0.06114
0 0.82166 0.28926 0.16669 0.0497
0 0.24086 0.34914 0.19767 0.04391
0 0.3933 0.40901 0.15319 0.06129
0 0.55324 0.46889 0.18464 0.06763
0 0.69964 0.52877 0.18386 0.08005
0 0.86019 0.58865 0.11184 0.0513
0 0.16363 0.64853 0.12699 0.05495
0 0.31379 0.70841 0.16718 0.05746
0 0.47061 0.76828 0.14556 0.07906
0 0.60518 0.82816 0.10703 0.07394
0 0.79909 0.88804 0.1527 0.0535
0 0.23427 0.94895 0.14649 0.0471
0 0.40963 0.05579 0.16126 0.05691
0 0.54019 0.10962 0.19236 0.05622
0 0.67221 0.16950 0.11535 0.0474
0 0.84829 0.22938 0.11158 0.04289
0 0.1681 0.28926 0.16665 0.04591
0 0.36662 0.34914 0.14525 0.06313
0 0.52585 0.40901 0.14894 0.04393
0 0.67196 0.46889 0.16882 0.06892
0 0.77819 0.52877 0.16695 0.04335
0 0.23775 0.58865 0.16265 0.05166
0 0.39329 0.64853 0.18666 0.05592
0 0.52843 0.70841 0.11645 0.05187
0 0.68142 0.76828 0.15252 0.049
0 0.83467 0.82816 0.17525 0.07409
0 0.17142 0.88804 0.14048 0.05646
0 0.34967 0.94895 0.19739 0.04795
0 0.49309 0.05579 0.11992 0.07446
0 0.62084 0.10962 0.13189 0.06244
0 0.78752 0.16950 0.17605 0.04977
0 0.24304 0.22938 0.18575 0.0462
0 0.38665 0.28926 0.16178 0.0786
0 0.52218 0.34914 0.18514 0.06941
0 0.69591 0.40901 0.17249 0.04861
0 0.85105 0.46889 0.1236 0.06358
0 0.13852 0.52877 0.1929 0.06661
0 0.33836 0.58865 0.13139 0.06413
0 0.49927 0.64853 0.19219 0.06408
0 0.62268 0.70841 0.17873 0.06524
0 0.81074 0.76828 0.13914 0.04614
0 0.23593 0.82816 0.17805 0.0666
0 0.40345 0.88804 0.12168 0.0531
0 0.55186 0.94895 0.14746 0.05156
0 0.67932 0.05579 0.12828 0.05247
0 0.85076 0.10962 0.10872 0.06487
0 0.15657 0.16950 0.18148 0.06953
0 0.36917 0.22938 0.14645 0.07101
0 0.4985 0.28926 0.17677 0.05785
0 0.62927 0.34914 0.13075 0.07454
0 0.80359 0.40901 0.14717 0.05466
0 0.22442 0.46889 0.14965 0.05425
0 0.39742 0.52877 0.1143 0.08003
0 0.54259 0.58865 0.1147 0.07902
0 0.67161 0.64853 0.1429 0.06229
0 0.8495 0.70841 0.19461 0.05921
0 0.18043 0.76828 0.19013 0.06238
0 0.36721 0.82816 0.17731 0.04676
0 0.51118 0.88804 0.14916 0.06682
0 0.6272 0.94895 0.11934 0.05037
0 0.80438 0.05579 0.14265 0.05933
0 0.23982 0.10962 0.18487 0.04283
0 0.38508 0.16950 0.11946 0.04655
0 0.52207 0.22938 0.16069 0.05896
0 0.68788 0.28926 0.16692 0.05485
0 0.84598 0.34914 0.17378 0.06326
0 0.18204 0.40901 0.15605 0.07071
0 0.35176 0.46889 0.15377 0.07285
0 0.50939 0.52877 0.16806 0.06821
0 0.66029 0.58865 0.17786 0.04307
0 0.81629 0.64853 0.16771 0.06575
0 0.23214 0.70841 0.18062 0.07578
0 0.38418 0.76828 0.16509 0.04668
0 0.54193 0.82816 0.19544 0.04827
0 0.70767 0.88804 0.16819 0.05642
0 0.87034 0.94895 0.17578 0.05759