0 0.16706 0.05492 0.11791 0.06314
0 0.32846 0.10955 0.11478 0.04506
0 0.47369 0.16985 0.128 0.07488
0 0.628 0.23014 0.12598 0.05029
0 0.79031 0.29044 0.16356 0.05143
0 0.23366 0.35074 0.14326 0.05678
0 0.39857 0.41103 0.17458 0.05326
0 0.54138 0.47133 0.1967 0.07073
0 0.6841 0.53162 0.1768 0.05445
0 0.84509 0.59192 0.11349 0.04648
0 0.16482 0.65221 0.1879 0.07283
0 0.31703 0.71251 0.14027 0.05193
0 0.46386 0.77280 0.18121 0.06143
0 0.6287 0.83310 0.18021 0.04393
0 0.82653 0.89340 0.13731 0.06597
0 0.23202 0.93829 0.19563 0.05704
0 0.41291 0.05492 0.18418 0.05405
0 0.53598 0.10955 0.16538 0.05495
0 0.70072 0.16985 0.13394 0.07756
0 0.84411 0.23014 0.16424 0.06008
0 0.16523 0.29044 0.19926 0.04243
0 0.37093 0.35074 0.1385 0.0698
0 0.52445 0.41103 0.12866 0.05749
0 0.6699 0.47133 0.1061 0.04329
0 0.80427 0.53162 0.19179 0.06648
0 0.24177 0.59192 0.16523 0.059
0 0.39793 0.65221 0.18019 0.06474
0 0.52665 0.71251 0.17666 0.06573
0 0.65788 0.77280 0.16423 0.05955
0 0.85024 0.83310 0.12336 0.04428
0 0.16901 0.89340 0.1856 0.06957
0 0.34777 0.93829 0.17357 0.07034
0 0.49941 0.05492 0.16752 0.05769
0 0.62795 0.10955 0.16384 0.04437
0 0.7771 0.16985 0.18845 0.07818
0 0.23465 0.23014 0.1808 0.07551
0 0.38243 0.29044 0.17437 0.07364
0 0.53904 0.35074 0.14464 0.05935
0 0.68043 0.41103 0.20013 0.07578
0 0.84088 0.47133 0.16488 0.07462
0 0.1385 0.53162 0.13936 0.06685
0 0.34285 0.59192 0.12329 0.06154
0 0.49106 0.65221 0.13632 0.04529
0 0.63336 0.71251 0.13016 0.05609
0 0.82422 0.77280 0.19479 0.05114
0 0.23635 0.83310 0.19025 0.07487
0 0.3962 0.89340 0.19922 0.06635
0 0.55443 0.93829 0.19587 0.07001
0 0.69058 0.05492 0.18849 0.04832
0 0.86592 0.10955 0.12136 0.07824
0 0.15489 0.16985 0.1199 0.05753
0 0.36655 0.23014 0.16733 0.06548
0 0.51239 0.29044 0.18056 0.07254
0 0.64488 0.35074 0.11288 0.06831
0 0.80254 0.41103 0.12912 0.04243
0 0.22883 0.47133 0.10708 0.06138
0 0.3989 0.53162 0.12799 0.0796
0 0.53859 0.59192 0.13009 0.04269
0 0.69529 0.65221 0.19207 0.04397
0 0.86291 0.71251 0.14072 0.04633
0 0.17876 0.77280 0.10965 0.06518
0 0.3677 0.83310 0.16743 0.04417
0 0.5054 0.89340 0.18303 0.05834
0 0.65691 0.93829 0.11396 0.05585
0 0.80973 0.05492 0.10715 0.06874
0 0.23704 0.10955 0.14054 0.05612
0 0.3925 0.16985 0.14498 0.05467
0 0.54307 0.23014 0.14529 0.06798
0 0.67882 0.29044 0.14975 0.06442
0 0.84133 0.35074 0.15 0.05149
0 0.18227 0.41103 0.15775 0.05656
0 0.35322 0.47133 0.15629 0.05015
0 0.49205 0.53162 0.15393 0.05218
0 0.65196 0.59192 0.17971 0.07438
0 0.79295 0.65221 0.1334 0.05853
0 0.23514 0.71251 0.15797 0.0672
0 0.38992 0.77280 0.16025 0.06246
0 0.5352 0.83310 0.12529 0.07776
0 0.68263 0.89340 0.15841 0.055
0 0.84912 0.93829 0.12625 0.05604