0 0.16648 0.05566 0.19127 0.04438
0 0.32655 0.10941 0.19339 0.06372
0 0.48023 0.17038 0.16519 0.06465
0 0.62996 0.23135 0.19161 0.0775
0 0.7999 0.29232 0.17187 0.04593
0 0.23307 0.35329 0.10801 0.05132
0 0.38212 0.41426 0.12236 0.07673
0 0.53877 0.47523 0.14804 0.07966
0 0.6943 0.53620 0.10977 0.06716
0 0.85448 0.59717 0.11981 0.05854
0 0.17154 0.65814 0.1716 0.07435
0 0.31743 0.71911 0.16208 0.05652
0 0.47205 0.78008 0.15314 0.05233
0 0.6171 0.84105 0.1756 0.04701
0 0.80891 0.90202 0.13448 0.07995
0 0.24288 0.95332 0.13856 0.05458
0 0.4139 0.05566 0.17085 0.06553
0 0.54278 0.10941 0.1093 0.05432
0 0.67826 0.17038 0.148 0.06507
0 0.85132 0.23135 0.14286 0.06222
0 0.16813 0.29232 0.1732 0.05925
0 0.37129 0.35329 0.14816 0.04695
0 0.52847 0.41426 0.14227 0.07462
0 0.67182 0.47523 0.16478 0.05831
0 0.7932 0.53620 0.10887 0.04426
0 0.24119 0.59717 0.1398 0.06399
0 0.39108 0.65814 0.14825 0.04628
0 0.53256 0.71911 0.17971 0.04831
0 0.66861 0.78008 0.1365 0.06224
0 0.83638 0.84105 0.19726 0.07197
0 0.16428 0.90202 0.14202 0.07061
0 0.34705 0.95332 0.10728 0.0765
0 0.48683 0.05566 0.14797 0.0508
0 0.60574 0.10941 0.16403 0.05741
0 0.79059 0.17038 0.11459 0.04776
0 0.23554 0.23135 0.12739 0.05107
0 0.39908 0.29232 0.1878 0.05629
0 0.53443 0.35329 0.14339 0.05139
0 0.66902 0.41426 0.12638 0.06423
0 0.81669 0.47523 0.16248 0.06245
0 0.14263 0.53620 0.16555 0.05499
0 0.34203 0.59717 0.19085 0.05112
0 0.47782 0.65814 0.16686 0.05903
0 0.62655 0.71911 0.15232 0.04515
0 0.80763 0.78008 0.11683 0.05939
0 0.23867 0.84105 0.11839 0.06585
0 0.39867 0.90202 0.1138 0.04939
0 0.55313 0.95332 0.19226 0.07862
0 0.6865 0.05566 0.17151 0.05861
0 0.85592 0.10941 0.15702 0.07596
0 0.1509 0.17038 0.1628 0.06965
0 0.36167 0.23135 0.12574 0.08
0 0.49816 0.29232 0.19068 0.07599
0 0.64864 0.35329 0.15893 0.0526
0 0.82756 0.41426 0.15416 0.0538
0 0.22305 0.47523 0.11657 0.0716
0 0.40541 0.53620 0.19421 0.06837
0 0.53582 0.59717 0.11429 0.0476
0 0.69993 0.65814 0.12318 0.05334
0 0.85384 0.71911 0.16339 0.04271
0 0.1859 0.78008 0.1146 0.05095
0 0.36087 0.84105 0.12424 0.05161
0 0.49033 0.90202 0.11126 0.07837
0 0.64005 0.95332 0.18656 0.04413
0 0.81985 0.05566 0.18239 0.07334
0 0.23338 0.10941 0.17916 0.07274
0 0.39741 0.17038 0.15008 0.05395
0 0.52437 0.23135 0.17139 0.05575
0 0.67659 0.29232 0.13008 0.05859
0 0.83404 0.35329 0.17203 0.07356
0 0.18213 0.41426 0.18872 0.06729
0 0.34451 0.47523 0.16582 0.04852
0 0.51188 0.53620 0.14497 0.07383
0 0.67031 0.59717 0.14958 0.07535
0 0.81768 0.65814 0.10783 0.04719
0 0.23832 0.71911 0.11165 0.04633
0 0.39248 0.78008 0.11587 0.0685
0 0.54567 0.84105 0.17037 0.04455
0 0.69618 0.90202 0.17849 0.05678
0 0.84925 0.95332 0.12441 0.0529