0 0.17014 0.05538 0.16891 0.04703
0 0.31455 0.11191 0.14901 0.04973
0 0.47524 0.17322 0.13178 0.05738
0 0.61784 0.23452 0.13371 0.06981
0 0.81505 0.29583 0.19401 0.05653
0 0.23312 0.35714 0.18769 0.05319
0 0.39903 0.41844 0.11529 0.04641
0 0.55134 0.47975 0.11868 0.07247
0 0.71281 0.54106 0.16954 0.06173
0 0.86575 0.60236 0.1452 0.06519
0 0.16344 0.66367 0.15417 0.04423
0 0.31822 0.72498 0.10652 0.05828
0 0.45583 0.78628 0.17988 0.07407
0 0.60241 0.84759 0.10723 0.05728
0 0.82369 0.90890 0.17029 0.05792
0 0.24295 0.94276 0.19076 0.05301
0 0.40542 0.05538 0.19675 0.05141
0 0.54578 0.11191 0.12814 0.07574
0 0.6852 0.17322 0.14215 0.04363
0 0.84409 0.23452 0.16051 0.06993
0 0.16793 0.29583 0.18304 0.05331
0 0.35713 0.35714 0.18897 0.06527
0 0.51732 0.41844 0.12143 0.07155
0 0.64741 0.47975 0.15759 0.0782
0 0.7937 0.54106 0.10899 0.05205
0 0.23426 0.60236 0.1622 0.05807
0 0.39775 0.66367 0.18997 0.04337
0 0.51856 0.72498 0.15141 0.06012
0 0.65976 0.78628 0.13076 0.06619
0 0.85392 0.84759 0.12326 0.06665
0 0.1698 0.90890 0.18788 0.0614
0 0.34261 0.94276 0.19246 0.05768
0 0.48506 0.05538 0.12649 0.06378
0 0.61559 0.11191 0.19513 0.06416
0 0.78121 0.17322 0.15645 0.07088
0 0.23801 0.23452 0.18519 0.04699
0 0.38931 0.29583 0.19728 0.06781
0 0.52717 0.35714 0.19926 0.0744
0 0.68652 0.41844 0.1408 0.05307
0 0.85227 0.47975 0.15555 0.07128
0 0.14198 0.54106 0.16753 0.06042
0 0.33982 0.60236 0.12051 0.04874
0 0.48004 0.66367 0.11434 0.07136
0 0.63175 0.72498 0.12936 0.07866
0 0.79653 0.78628 0.11907 0.0514
0 0.23686 0.84759 0.17372 0.04436
0 0.39561 0.90890 0.10736 0.04657
0 0.55369 0.94276 0.16436 0.07267
0 0.68515 0.05538 0.19789 0.05713
0 0.86935 0.11191 0.16134 0.06398
0 0.15531 0.17322 0.15366 0.04795
0 0.36099 0.23452 0.12057 0.0615
0 0.50535 0.29583 0.16859 0.07809
0 0.64555 0.35714 0.17293 0.07641
0 0.82554 0.41844 0.16099 0.05816
0 0.22856 0.47975 0.1626 0.05957
0 0.40629 0.54106 0.10825 0.05454
0 0.54004 0.60236 0.17671 0.04618
0 0.69688 0.66367 0.16903 0.05868
0 0.87081 0.72498 0.10688 0.0543
0 0.18366 0.78628 0.16726 0.07968
0 0.37049 0.84759 0.11962 0.0588
0 0.50685 0.90890 0.16756 0.05756
0 0.65606 0.94276 0.13735 0.05731
0 0.79506 0.05538 0.16693 0.04856
0 0.23751 0.11191 0.16365 0.05817
0 0.3905 0.17322 0.18238 0.06161
0 0.52933 0.23452 0.18954 0.05307
0 0.69225 0.29583 0.17437 0.06702
0 0.85139 0.35714 0.1584 0.06587
0 0.17835 0.41844 0.17156 0.06915
0 0.35193 0.47975 0.15786 0.05197
0 0.5102 0.54106 0.14455 0.06092
0 0.66067 0.60236 0.12165 0.05456
0 0.80719 0.66367 0.12765 0.06684
0 0.23445 0.72498 0.11773 0.07946
0 0.39252 0.78628 0.12488 0.0719
0 0.53928 0.84759 0.11193 0.05728
0 0.70915 0.90890 0.19005 0.05969
0 0.84422 0.94276 0.17495 0.06324