0 0.16537 0.05475 0.11722 0.04801
0 0.32689 0.10915 0.13457 0.0629
0 0.47674 0.16934 0.11422 0.04759
0 0.6277 0.22954 0.17349 0.07597
0 0.81063 0.28973 0.17277 0.05271
0 0.23178 0.34992 0.15961 0.07752
0 0.38936 0.41011 0.12982 0.05508
0 0.53531 0.47030 0.14725 0.06167
0 0.69255 0.53050 0.11095 0.05836
0 0.85644 0.59069 0.11236 0.04711
0 0.16402 0.65088 0.1169 0.04827
0 0.32302 0.71107 0.14703 0.07781
0 0.45778 0.77126 0.10821 0.07968
0 0.62604 0.83146 0.10796 0.06488
0 0.79043 0.89165 0.15528 0.05058
0 0.23815 0.95945 0.15861 0.06253
0 0.39865 0.05475 0.17816 0.07848
0 0.55221 0.10915 0.13754 0.05054
0 0.68564 0.16934 0.11947 0.04315
0 0.8507 0.22954 0.1812 0.07599
0 0.16892 0.28973 0.12036 0.04566
0 0.36895 0.34992 0.16942 0.0586
0 0.524 0.41011 0.14489 0.06246
0 0.6399 0.47030 0.15676 0.06621
0 0.77851 0.53050 0.1507 0.05784
0 0.23768 0.59069 0.18059 0.05388
0 0.39516 0.65088 0.11185 0.05661
0 0.5407 0.71107 0.15076 0.04713
0 0.65806 0.77126 0.14964 0.07935
0 0.82909 0.83146 0.13511 0.04798
0 0.16384 0.89165 0.17313 0.06479
0 0.35239 0.95945 0.12417 0.05986
0 0.47706 0.05475 0.14131 0.0506
0 0.60483 0.10915 0.1305 0.05484
0 0.77863 0.16934 0.15792 0.05611
0 0.23306 0.22954 0.19842 0.07004
0 0.3995 0.28973 0.13753 0.06027
0 0.5313 0.34992 0.1311 0.07346
0 0.67054 0.41011 0.14244 0.04946
0 0.85627 0.47030 0.11422 0.07913
0 0.13757 0.53050 0.16805 0.07386
0 0.32819 0.59069 0.16901 0.04754
0 0.49733 0.65088 0.11962 0.0701
0 0.63209 0.71107 0.19115 0.0586
0 0.8055 0.77126 0.15224 0.06609
0 0.2374 0.83146 0.13151 0.04857
0 0.41474 0.89165 0.185 0.05422
0 0.54153 0.95945 0.13091 0.0439
0 0.68256 0.05475 0.14165 0.05844
0 0.84306 0.10915 0.12003 0.06992
0 0.15093 0.16934 0.15165 0.07285
0 0.36699 0.22954 0.1322 0.04982
0 0.502 0.28973 0.18841 0.0634
0 0.64895 0.34992 0.16505 0.07999
0 0.82908 0.41011 0.1543 0.0708
0 0.2223 0.47030 0.18822 0.07714
0 0.40543 0.53050 0.14059 0.07035
0 0.55472 0.59069 0.19159 0.06055
0 0.67527 0.65088 0.10723 0.04614
0 0.83776 0.71107 0.11343 0.07658
0 0.18032 0.77126 0.14324 0.05318
0 0.35488 0.83146 0.16161 0.06799
0 0.50994 0.89165 0.16062 0.05544
0 0.64907 0.95945 0.19787 0.07546
0 0.80366 0.05475 0.17238 0.04693
0 0.24042 0.10915 0.19067 0.07658
0 0.38536 0.16934 0.1609 0.05771
0 0.52511 0.22954 0.11681 0.0517
0 0.7009 0.28973 0.17634 0.06747
0 0.86334 0.34992 0.19284 0.05169
0 0.18254 0.41011 0.1797 0.07409
0 0.34238 0.47030 0.12078 0.05643
0 0.50468 0.53050 0.10703 0.04355
0 0.64298 0.59069 0.192 0.07201
0 0.80944 0.65088 0.10885 0.07677
0 0.24278 0.71107 0.17329 0.07579
0 0.38774 0.77126 0.16816 0.07352
0 0.54829 0.83146 0.19597 0.04958
0 0.71416 0.89165 0.12556 0.04938
0 0.85605 0.95945 0.12381 0.0516