0 0.16598 0.05526 0.17927 0.04656
0 0.32405 0.11220 0.145 0.06276
0 0.48347 0.17179 0.15138 0.05199
0 0.6126 0.23138 0.12934 0.07393
0 0.80674 0.29097 0.14121 0.04614
0 0.23539 0.35056 0.18531 0.07234
0 0.39639 0.41015 0.18907 0.0636
0 0.55172 0.46975 0.12889 0.04245
0 0.70342 0.52934 0.17176 0.06253
0 0.84683 0.58893 0.13138 0.05043
0 0.16532 0.64852 0.14762 0.06455
0 0.31501 0.70811 0.11514 0.05985
0 0.45397 0.76770 0.13427 0.0684
0 0.6179 0.82729 0.19696 0.05168
0 0.8133 0.88688 0.14535 0.07778
0 0.2428 0.93714 0.19301 0.06834
0 0.40509 0.05526 0.16514 0.07752
0 0.55632 0.11220 0.17229 0.05819
0 0.6748 0.17179 0.15835 0.07312
0 0.85396 0.23138 0.14205 0.05902
0 0.16403 0.29097 0.14885 0.07118
0 0.36878 0.35056 0.19161 0.04276
0 0.50812 0.41015 0.17008 0.07995
0 0.65812 0.46975 0.11712 0.04526
0 0.80803 0.52934 0.14094 0.04882
0 0.24259 0.58893 0.18598 0.06182
0 0.39374 0.64852 0.13198 0.07181
0 0.52246 0.70811 0.14735 0.05596
0 0.65608 0.76770 0.13605 0.05349
0 0.83194 0.82729 0.1179 0.04816
0 0.17154 0.88688 0.16641 0.07657
0 0.34514 0.93714 0.17165 0.05271
0 0.48192 0.05526 0.19375 0.05532
0 0.60304 0.11220 0.17956 0.04431
0 0.81153 0.17179 0.13624 0.05014
0 0.23648 0.23138 0.16328 0.06218
0 0.39202 0.29097 0.11937 0.05138
0 0.5176 0.35056 0.1066 0.06475
0 0.68319 0.41015 0.14573 0.07309
0 0.85142 0.46975 0.19038 0.057
0 0.13651 0.52934 0.12077 0.07195
0 0.33201 0.58893 0.13535 0.06939
0 0.48577 0.64852 0.19666 0.08013
0 0.63521 0.70811 0.19732 0.04319
0 0.8284 0.76770 0.18666 0.06729
0 0.24284 0.82729 0.19014 0.06252
0 0.40734 0.88688 0.13801 0.07853
0 0.5539 0.93714 0.18855 0.06865
0 0.67677 0.05526 0.13145 0.06006
0 0.84627 0.11220 0.18054 0.05361
0 0.15148 0.17179 0.15879 0.05829
0 0.37165 0.23138 0.11193 0.05737
0 0.49018 0.29097 0.16347 0.04633
0 0.64826 0.35056 0.17762 0.06046
0 0.80472 0.41015 0.19632 0.0717
0 0.22571 0.46975 0.1126 0.06026
0 0.39729 0.52934 0.12656 0.05446
0 0.53293 0.58893 0.17655 0.05703
0 0.68628 0.64852 0.16933 0.06906
0 0.8682 0.70811 0.15952 0.07627
0 0.18246 0.76770 0.12004 0.0709
0 0.36844 0.82729 0.19747 0.04754
0 0.49085 0.88688 0.19962 0.04685
0 0.64587 0.93714 0.13467 0.04602
0 0.804 0.05526 0.11114 0.0527
0 0.23305 0.11220 0.1967 0.04431
0 0.38361 0.17179 0.14647 0.04866
0 0.51817 0.23138 0.1264 0.07898
0 0.68062 0.29097 0.13547 0.04913
0 0.8715 0.35056 0.19417 0.0598
0 0.18498 0.41015 0.19779 0.06971
0 0.35069 0.46975 0.1145 0.06098
0 0.49993 0.52934 0.19711 0.0636
0 0.64033 0.58893 0.16381 0.07092
0 0.82055 0.64852 0.18161 0.07894
0 0.23959 0.70811 0.19457 0.05718
0 0.38189 0.76770 0.11343 0.06701
0 0.55072 0.82729 0.19566 0.04438
0 0.70873 0.88688 0.12889 0.0761
0 0.83302 0.93714 0.12655 0.07593