0 0.16767 0.05541 0.1826 0.0495
0 0.32539 0.11004 0.14933 0.07483
0 0.47192 0.17094 0.1698 0.06186
0 0.61389 0.23184 0.1332 0.06011
0 0.82919 0.29274 0.17494 0.04263
0 0.23756 0.35364 0.17529 0.071
0 0.39752 0.41454 0.17281 0.0618
0 0.55499 0.47544 0.12581 0.05909
0 0.70436 0.53634 0.1222 0.07918
0 0.85221 0.59724 0.15639 0.05564
0 0.16702 0.65815 0.1729 0.04988
0 0.31913 0.71905 0.10616 0.06048
0 0.4499 0.77995 0.12407 0.07595
0 0.60549 0.84085 0.17546 0.06354
0 0.79288 0.90175 0.19993 0.05182
0 0.2408 0.94562 0.12465 0.05242
0 0.40281 0.05541 0.12802 0.06367
0 0.53218 0.11004 0.13767 0.07234
0 0.67771 0.17094 0.11917 0.04323
0 0.86718 0.23184 0.13779 0.07022
0 0.1711 0.29274 0.15944 0.05755
0 0.36158 0.35364 0.14953 0.0692
0 0.52587 0.41454 0.19012 0.0666
0 0.65541 0.47544 0.11713 0.06686
0 0.81179 0.53634 0.11608 0.07858
0 0.23435 0.59724 0.14301 0.06187
0 0.39135 0.65815 0.17176 0.04291
0 0.52368 0.71905 0.18984 0.07367
0 0.68128 0.77995 0.11042 0.06605
0 0.83857 0.84085 0.13361 0.06537
0 0.16625 0.90175 0.19599 0.06905
0 0.34474 0.94562 0.17781 0.0626
0 0.48049 0.05541 0.11132 0.04473
0 0.6172 0.11004 0.10875 0.06338
0 0.80794 0.17094 0.19347 0.04495
0 0.24141 0.23184 0.14101 0.07079
0 0.39754 0.29274 0.10756 0.04376
0 0.52342 0.35364 0.15355 0.07858
0 0.68424 0.41454 0.19555 0.05652
0 0.84456 0.47544 0.19398 0.08002
0 0.13674 0.53634 0.11113 0.07104
0 0.33572 0.59724 0.19229 0.04557
0 0.48363 0.65815 0.15356 0.06176
0 0.62443 0.71905 0.12412 0.07512
0 0.81095 0.77995 0.16441 0.06729
0 0.23642 0.84085 0.18859 0.04502
0 0.3994 0.90175 0.14565 0.07732
0 0.5316 0.94562 0.19379 0.04391
0 0.66783 0.05541 0.15607 0.07979
0 0.8419 0.11004 0.18568 0.06881
0 0.15503 0.17094 0.17777 0.07493
0 0.35985 0.23184 0.16725 0.04878
0 0.50876 0.29274 0.19368 0.06847
0 0.65153 0.35364 0.17193 0.07442
0 0.79161 0.41454 0.12759 0.05108
0 0.21788 0.47544 0.17238 0.04714
0 0.40939 0.53634 0.12851 0.04436
0 0.54883 0.59724 0.15701 0.06654
0 0.68686 0.65815 0.14163 0.04538
0 0.86921 0.71905 0.16573 0.07149
0 0.17846 0.77995 0.19918 0.06344
0 0.37144 0.84085 0.17932 0.04597
0 0.49549 0.90175 0.17365 0.0699
0 0.62733 0.94562 0.18551 0.05827
0 0.79867 0.05541 0.13076 0.06773
0 0.23974 0.11004 0.14956 0.07285
0 0.38797 0.17094 0.14028 0.07598
0 0.53594 0.23184 0.16424 0.06763
0 0.68698 0.29274 0.13524 0.07369
0 0.83488 0.35364 0.16571 0.07893
0 0.18278 0.41454 0.17952 0.07069
0 0.35297 0.47544 0.18979 0.06434
0 0.51158 0.53634 0.17007 0.07835
0 0.64046 0.59724 0.12628 0.05053
0 0.79553 0.65815 0.12462 0.05019
0 0.23759 0.71905 0.14478 0.07959
0 0.38552 0.77995 0.17838 0.0619
0 0.55363 0.84085 0.18024 0.05141
0 0.69549 0.90175 0.1626 0.05699
0 0.84296 0.94562 0.12116 0.05045