0 0.16417 0.05462 0.12257 0.0482
0 0.32041 0.10920 0.1683 0.06695
0 0.47932 0.16866 0.17563 0.05488
0 0.62523 0.22811 0.12746 0.04506
0 0.79685 0.28757 0.13599 0.07782
0 0.23942 0.34703 0.13326 0.05415
0 0.39037 0.40649 0.14456 0.07559
0 0.55445 0.46594 0.11447 0.0544
0 0.69054 0.52540 0.14004 0.07208
0 0.85572 0.58486 0.18362 0.04494
0 0.16684 0.64432 0.11954 0.05731
0 0.32555 0.70377 0.11958 0.07107
0 0.46183 0.76323 0.18079 0.05653
0 0.59945 0.82269 0.1832 0.05876
0 0.80281 0.88215 0.18706 0.04852
0 0.24028 0.95675 0.16895 0.07912
0 0.40838 0.05462 0.18344 0.05755
0 0.54311 0.10920 0.17918 0.05205
0 0.66864 0.16866 0.12934 0.07415
0 0.86416 0.22811 0.15135 0.07989
0 0.16998 0.28757 0.15705 0.05821
0 0.36724 0.34703 0.13708 0.06021
0 0.52367 0.40649 0.13886 0.07601
0 0.64238 0.46594 0.16336 0.07369
0 0.80845 0.52540 0.19213 0.06332
0 0.23781 0.58486 0.11981 0.07013
0 0.3882 0.64432 0.16594 0.07266
0 0.53387 0.70377 0.18867 0.05468
0 0.66546 0.76323 0.15691 0.07601
0 0.82004 0.82269 0.17739 0.07574
0 0.16375 0.88215 0.15135 0.06153
0 0.35168 0.95675 0.15796 0.04992
0 0.49915 0.05462 0.13675 0.06538
0 0.62724 0.10920 0.11069 0.05722
0 0.79191 0.16866 0.17917 0.07218
0 0.24062 0.22811 0.1736 0.06029
0 0.39141 0.28757 0.18052 0.0596
0 0.54246 0.34703 0.18587 0.04489
0 0.69176 0.40649 0.19767 0.0542
0 0.85506 0.46594 0.13091 0.04313
0 0.14155 0.52540 0.10775 0.05821
0 0.33616 0.58486 0.11522 0.06711
0 0.47947 0.64432 0.14222 0.05018
0 0.62925 0.70377 0.10785 0.04856
0 0.80965 0.76323 0.17675 0.06865
0 0.2337 0.82269 0.14242 0.07945
0 0.39911 0.88215 0.15326 0.06686
0 0.54758 0.95675 0.19131 0.06655
0 0.69287 0.05462 0.14832 0.07409
0 0.83506 0.10920 0.13628 0.07093
0 0.15501 0.16866 0.11276 0.05507
0 0.35497 0.22811 0.19302 0.07225
0 0.50813 0.28757 0.18001 0.05721
0 0.63413 0.34703 0.12605 0.07727
0 0.79073 0.40649 0.17245 0.0745
0 0.22464 0.46594 0.12622 0.05759
0 0.40517 0.52540 0.17165 0.05775
0 0.53116 0.58486 0.1074 0.04792
0 0.6958 0.64432 0.18447 0.04444
0 0.84604 0.70377 0.18311 0.06225
0 0.17935 0.76323 0.18479 0.04574
0 0.36825 0.82269 0.17718 0.07395
0 0.50228 0.88215 0.18139 0.04816
0 0.65079 0.95675 0.14298 0.05607
0 0.80849 0.05462 0.18944 0.05263
0 0.23195 0.10920 0.18655 0.05468
0 0.39167 0.16866 0.16108 0.06476
0 0.51896 0.22811 0.13496 0.0552
0 0.67912 0.28757 0.15925 0.04998
0 0.83762 0.34703 0.17312 0.06122
0 0.17817 0.40649 0.14388 0.05504
0 0.34846 0.46594 0.12373 0.07485
0 0.50668 0.52540 0.1575 0.06575
0 0.64744 0.58486 0.19323 0.07912
0 0.79727 0.64432 0.15914 0.05657
0 0.23952 0.70377 0.19712 0.07318
0 0.39245 0.76323 0.128 0.04739
0 0.55188 0.82269 0.1363 0.04827
0 0.69395 0.88215 0.10978 0.071
0 0.83048 0.95675 0.11302 0.06558