0 0.16412 0.05485 0.17706 0.07947
0 0.31353 0.11041 0.15291 0.06849
0 0.47492 0.17085 0.1902 0.05013
0 0.62815 0.23129 0.19249 0.0618
0 0.82116 0.29173 0.14897 0.06022
0 0.24103 0.35217 0.13683 0.06012
0 0.39531 0.41262 0.13782 0.07818
0 0.55171 0.47306 0.13026 0.06481
0 0.6921 0.53350 0.12822 0.04847
0 0.85517 0.59394 0.14 0.07886
0 0.17005 0.65438 0.13279 0.06523
0 0.31565 0.71483 0.19899 0.07166
0 0.46282 0.77527 0.15246 0.06447
0 0.62783 0.83571 0.17119 0.06858
0 0.807 0.89615 0.12062 0.07366
0 0.23447 0.96296 0.14786 0.05069
0 0.41353 0.05485 0.1212 0.05186
0 0.53566 0.11041 0.14391 0.06481
0 0.70072 0.17085 0.16233 0.04878
0 0.86086 0.23129 0.18571 0.06741
0 0.16775 0.29173 0.19176 0.07001
0 0.35895 0.35217 0.11966 0.04778
0 0.50683 0.41262 0.15889 0.0583
0 0.64405 0.47306 0.14267 0.05047
0 0.80538 0.53350 0.13459 0.05305
0 0.23542 0.59394 0.17671 0.06827
0 0.38833 0.65438 0.19803 0.07119
0 0.52802 0.71483 0.13968 0.05581
0 0.68112 0.77527 0.15376 0.06497
0 0.84245 0.83571 0.18106 0.04891
0 0.16476 0.89615 0.17092 0.05179
0 0.34184 0.96296 0.13081 0.04441
0 0.48234 0.05485 0.16512 0.04871
0 0.60164 0.11041 0.13305 0.07238
0 0.78284 0.17085 0.1184 0.04478
0 0.23355 0.23129 0.1777 0.04599
0 0.38687 0.29173 0.16652 0.05879
0 0.5338 0.35217 0.15472 0.04287
0 0.69293 0.41262 0.17178 0.04891
0 0.83803 0.47306 0.14779 0.07944
0 0.14087 0.53350 0.12266 0.06292
0 0.3318 0.59394 0.19599 0.07695
0 0.48349 0.65438 0.10809 0.07914
0 0.62449 0.71483 0.16007 0.04704
0 0.80181 0.77527 0.19991 0.04263
0 0.23626 0.83571 0.12188 0.04296
0 0.4038 0.89615 0.1537 0.07913
0 0.5371 0.96296 0.14466 0.05601
0 0.69819 0.05485 0.19452 0.05918
0 0.86505 0.11041 0.15241 0.0587
0 0.15699 0.17085 0.17232 0.05017
0 0.36887 0.23129 0.14035 0.06017
0 0.49589 0.29173 0.13904 0.06849
0 0.64536 0.35217 0.19436 0.05926
0 0.81122 0.41262 0.17437 0.05817
0 0.22644 0.47306 0.18422 0.05111
0 0.41238 0.53350 0.15211 0.07487
0 0.54079 0.59394 0.15959 0.07788
0 0.69474 0.65438 0.17482 0.05436
0 0.86036 0.71483 0.16896 0.07903
0 0.18323 0.77527 0.12956 0.07592
0 0.35816 0.83571 0.13436 0.07343
0 0.49339 0.89615 0.15134 0.06674
0 0.63554 0.96296 0.19636 0.07392
0 0.79455 0.05485 0.16701 0.04421
0 0.23593 0.11041 0.17023 0.06473
0 0.39987 0.17085 0.19492 0.07985
0 0.5232 0.23129 0.20016 0.0521
0 0.67656 0.29173 0.14546 0.04643
0 0.86102 0.35217 0.17826 0.05158
0 0.17826 0.41262 0.14822 0.0546
0 0.35496 0.47306 0.16962 0.06347
0 0.50913 0.53350 0.11498 0.0536
0 0.66618 0.59394 0.1707 0.06915
0 0.82568 0.65438 0.1329 0.05886
0 0.24185 0.71483 0.12816 0.07434
0 0.38141 0.77527 0.13051 0.05182
0 0.54589 0.83571 0.19746 0.07339
0 0.70759 0.89615 0.18015 0.07356
0 0.83364 0.96296 0.17264 0.05205