0 0.16436 0.05499 0.13141 0.04318
0 0.32697 0.11113 0.16577 0.05891
0 0.48148 0.17165 0.17918 0.04441
0 0.63917 0.23217 0.16696 0.07473
0 0.82277 0.29269 0.16702 0.07345
0 0.243 0.35321 0.13338 0.06053
0 0.38742 0.41373 0.1804 0.06703
0 0.53751 0.47425 0.13347 0.05207
0 0.68713 0.53477 0.19661 0.06792
0 0.83119 0.59529 0.14576 0.05246
0 0.16555 0.65581 0.1482 0.07484
0 0.3173 0.71633 0.13956 0.0589
0 0.47016 0.77685 0.13211 0.07633
0 0.61368 0.83737 0.19587 0.07699
0 0.82966 0.89789 0.1358 0.07617
0 0.23172 0.95554 0.1304 0.06197
0 0.41262 0.05499 0.1106 0.06601
0 0.54359 0.11113 0.13389 0.04654
0 0.67223 0.17165 0.1168 0.04296
0 0.85785 0.23217 0.17631 0.06103
0 0.16626 0.29269 0.13092 0.05771
0 0.35571 0.35321 0.18538 0.08003
0 0.51276 0.41373 0.1777 0.08014
0 0.66136 0.47425 0.13014 0.05362
0 0.78172 0.53477 0.17132 0.06161
0 0.24001 0.59529 0.11509 0.07429
0 0.39076 0.65581 0.17362 0.06419
0 0.52962 0.71633 0.16675 0.06181
0 0.67238 0.77685 0.18948 0.04342
0 0.84339 0.83737 0.14066 0.04292
0 0.16555 0.89789 0.12159 0.06784
0 0.34888 0.95554 0.12298 0.07464
0 0.49732 0.05499 0.14753 0.07475
0 0.62007 0.11113 0.13778 0.07097
0 0.79629 0.17165 0.13662 0.05115
0 0.24035 0.23217 0.11525 0.06218
0 0.38302 0.29269 0.15459 0.06189
0 0.52952 0.35321 0.1103 0.06598
0 0.69222 0.41373 0.15459 0.06146
0 0.85411 0.47425 0.10964 0.05429
0 0.13681 0.53477 0.14198 0.04359
0 0.33171 0.59529 0.16114 0.04417
0 0.47944 0.65581 0.19429 0.06118
0 0.62812 0.71633 0.10766 0.04445
0 0.82012 0.77685 0.13555 0.07519
0 0.23926 0.83737 0.16819 0.05504
0 0.40724 0.89789 0.13729 0.05839
0 0.53597 0.95554 0.13811 0.04254
0 0.68136 0.05499 0.18015 0.05788
0 0.87072 0.11113 0.12756 0.0686
0 0.15075 0.17165 0.11199 0.05855
0 0.36399 0.23217 0.19437 0.05081
0 0.49119 0.29269 0.11159 0.07545
0 0.63236 0.35321 0.11169 0.07459
0 0.80993 0.41373 0.15528 0.05454
0 0.22249 0.47425 0.19808 0.05683
0 0.41343 0.53477 0.11054 0.05134
0 0.54728 0.59529 0.14874 0.07771
0 0.6799 0.65581 0.18076 0.04866
0 0.83277 0.71633 0.18475 0.0661
0 0.18185 0.77685 0.12322 0.04771
0 0.36339 0.83737 0.1449 0.04833
0 0.51241 0.89789 0.19097 0.07495
0 0.64959 0.95554 0.1432 0.04987
0 0.8135 0.05499 0.16149 0.07866
0 0.24149 0.11113 0.13682 0.05616
0 0.38308 0.17165 0.13204 0.0426
0 0.5319 0.23217 0.13994 0.0747
0 0.67724 0.29269 0.16557 0.0744
0 0.86997 0.35321 0.14793 0.06282
0 0.18073 0.41373 0.16851 0.06037
0 0.34072 0.47425 0.15139 0.04563
0 0.49589 0.53477 0.14242 0.05674
0 0.66417 0.59529 0.14139 0.06217
0 0.82549 0.65581 0.19626 0.07904
0 0.24002 0.71633 0.12139 0.05897
0 0.3867 0.77685 0.15113 0.07305
0 0.55232 0.83737 0.19716 0.07622
0 0.68847 0.89789 0.19352 0.07373
0 0.85344 0.95554 0.10733 0.06091