0 0.16911 0.05445 0.17327 0.0604
0 0.32443 0.10893 0.15758 0.07429
0 0.47883 0.17035 0.12942 0.07623
0 0.63268 0.23178 0.17894 0.05026
0 0.82502 0.29321 0.14939 0.06666
0 0.23197 0.35464 0.13045 0.05146
0 0.38167 0.41607 0.19903 0.06593
0 0.53134 0.47750 0.17415 0.07637
0 0.69517 0.53892 0.13502 0.06122
0 0.86352 0.60035 0.17332 0.05853
0 0.17125 0.66178 0.16654 0.07778
0 0.32018 0.72321 0.1844 0.04276
0 0.45142 0.78464 0.18652 0.06772
0 0.62774 0.84606 0.1747 0.06645
0 0.82514 0.90749 0.14338 0.05362
0 0.23683 0.94100 0.11244 0.05294
0 0.40452 0.05445 0.12164 0.04886
0 0.54882 0.10893 0.19919 0.06531
0 0.69798 0.17035 0.12876 0.07743
0 0.85177 0.23178 0.194 0.07274
0 0.16956 0.29321 0.11593 0.05431
0 0.35738 0.35464 0.19596 0.05214
0 0.52254 0.41607 0.10858 0.05224
0 0.65723 0.47750 0.17135 0.06035
0 0.78115 0.53892 0.13088 0.05925
0 0.23765 0.60035 0.12542 0.07352
0 0.39298 0.66178 0.19217 0.06115
0 0.52921 0.72321 0.13343 0.0629
0 0.66376 0.78464 0.13111 0.04965
0 0.8374 0.84606 0.15383 0.06668
0 0.16801 0.90749 0.16086 0.06346
0 0.35579 0.94100 0.10882 0.05185
0 0.48067 0.05445 0.11189 0.0508
0 0.61045 0.10893 0.19992 0.07109
0 0.80737 0.17035 0.16304 0.0427
0 0.23737 0.23178 0.18437 0.04774
0 0.38514 0.29321 0.14037 0.04386
0 0.53803 0.35464 0.17751 0.06778
0 0.69632 0.41607 0.16388 0.05269
0 0.81854 0.47750 0.18688 0.06675
0 0.13891 0.53892 0.19354 0.04888
0 0.32844 0.60035 0.15473 0.05273
0 0.50008 0.66178 0.17855 0.04342
0 0.62248 0.72321 0.18066 0.07636
0 0.81643 0.78464 0.16431 0.04516
0 0.23749 0.84606 0.17137 0.04579
0 0.41462 0.90749 0.13931 0.06163
0 0.53742 0.94100 0.11278 0.0485
0 0.69286 0.05445 0.16586 0.05025
0 0.85831 0.10893 0.18412 0.06481
0 0.15003 0.17035 0.14768 0.04252
0 0.35394 0.23178 0.11337 0.06828
0 0.49328 0.29321 0.1144 0.05918
0 0.63958 0.35464 0.11602 0.04667
0 0.82901 0.41607 0.14972 0.07747
0 0.22742 0.47750 0.18451 0.0641
0 0.40602 0.53892 0.12778 0.05272
0 0.54848 0.60035 0.17289 0.04266
0 0.68128 0.66178 0.16555 0.05545
0 0.83661 0.72321 0.17457 0.07308
0 0.18393 0.78464 0.12673 0.05646
0 0.3669 0.84606 0.13828 0.07414
0 0.49547 0.90749 0.16467 0.07677
0 0.64041 0.94100 0.14744 0.06474
0 0.79855 0.05445 0.15156 0.06549
0 0.24282 0.10893 0.13 0.06531
0 0.38289 0.17035 0.19373 0.07669
0 0.52544 0.23178 0.1787 0.07395
0 0.67308 0.29321 0.13612 0.07382
0 0.85499 0.35464 0.15295 0.05987
0 0.18217 0.41607 0.18011 0.04748
0 0.34493 0.47750 0.12027 0.0682
0 0.49328 0.53892 0.16158 0.04563
0 0.66166 0.60035 0.13099 0.0447
0 0.7988 0.66178 0.11463 0.0685
0 0.23186 0.72321 0.15532 0.06215
0 0.38191 0.78464 0.1711 0.07703
0 0.55681 0.84606 0.15903 0.05959
0 0.69429 0.90749 0.15536 0.07209
0 0.85412 0.94100 0.13507 0.05672