0 0.17073 0.05545 0.18578 0.04267
0 0.32369 0.11115 0.14282 0.07712
0 0.46563 0.17194 0.18503 0.0431
0 0.6348 0.23273 0.17663 0.04354
0 0.80746 0.29352 0.16111 0.06926
0 0.23896 0.35431 0.12121 0.06273
0 0.39373 0.41510 0.15593 0.06221
0 0.54921 0.47589 0.14969 0.06137
0 0.6826 0.53668 0.14185 0.0449
0 0.83976 0.59747 0.11486 0.0511
0 0.16473 0.65826 0.1305 0.04684
0 0.32789 0.71905 0.13773 0.07975
0 0.46097 0.77984 0.14143 0.04509
0 0.61946 0.84063 0.11986 0.04469
0 0.81634 0.90142 0.13593 0.06738
0 0.23235 0.94914 0.13258 0.0554
0 0.39925 0.05545 0.18339 0.04727
0 0.53853 0.11115 0.13832 0.06645
0 0.69804 0.17194 0.18828 0.07058
0 0.83998 0.23273 0.13134 0.07279
0 0.16541 0.29352 0.17917 0.05257
0 0.3661 0.35431 0.1635 0.05879
0 0.52027 0.41510 0.10776 0.05758
0 0.66269 0.47589 0.17221 0.06536
0 0.80897 0.53668 0.10755 0.07147
0 0.23998 0.59747 0.17054 0.07792
0 0.38149 0.65826 0.18884 0.04738
0 0.53263 0.71905 0.14678 0.05207
0 0.68403 0.77984 0.16559 0.05669
0 0.82049 0.84063 0.16132 0.0799
0 0.16795 0.90142 0.12751 0.05528
0 0.35644 0.94914 0.18004 0.07635
0 0.48124 0.05545 0.13318 0.05138
0 0.61494 0.11115 0.19322 0.05072
0 0.78085 0.17194 0.13421 0.0798
0 0.24023 0.23273 0.15663 0.07829
0 0.38723 0.29352 0.13752 0.0665
0 0.52216 0.35431 0.12844 0.06144
0 0.70031 0.41510 0.15747 0.05593
0 0.84637 0.47589 0.11622 0.07141
0 0.14184 0.53668 0.119 0.07201
0 0.33805 0.59747 0.11497 0.04352
0 0.49315 0.65826 0.13538 0.0444
0 0.62909 0.71905 0.18268 0.05462
0 0.79705 0.77984 0.15448 0.07258
0 0.23721 0.84063 0.18776 0.06619
0 0.40599 0.90142 0.19851 0.07949
0 0.55327 0.94914 0.13686 0.04839
0 0.67385 0.05545 0.12677 0.06568
0 0.85263 0.11115 0.15492 0.05407
0 0.15589 0.17194 0.13935 0.04563
0 0.3603 0.23273 0.1871 0.07549
0 0.50369 0.29352 0.13058 0.0647
0 0.64903 0.35431 0.18561 0.05386
0 0.7976 0.41510 0.16101 0.04876
0 0.22493 0.47589 0.17389 0.05524
0 0.39472 0.53668 0.13845 0.04497
0 0.54473 0.59747 0.10694 0.06707
0 0.68633 0.65826 0.12421 0.05164
0 0.83058 0.71905 0.1539 0.07101
0 0.185 0.77984 0.10835 0.0537
0 0.36893 0.84063 0.15792 0.05822
0 0.50938 0.90142 0.1321 0.04453
0 0.65129 0.94914 0.17171 0.04359
0 0.80449 0.05545 0.18916 0.04946
0 0.23319 0.11115 0.10839 0.05264
0 0.38796 0.17194 0.13824 0.04492
0 0.53425 0.23273 0.1458 0.055
0 0.69866 0.29352 0.11361 0.04431
0 0.83423 0.35431 0.11355 0.04625
0 0.18361 0.41510 0.11289 0.04514
0 0.34124 0.47589 0.19095 0.07654
0 0.50893 0.53668 0.19745 0.05419
0 0.65485 0.59747 0.14296 0.06474
0 0.79126 0.65826 0.13563 0.05667
0 0.24133 0.71905 0.15823 0.07831
0 0.38431 0.77984 0.18074 0.07042
0 0.53395 0.84063 0.18133 0.07588
0 0.68998 0.90142 0.18745 0.06501
0 0.8436 0.94914 0.1813 0.06843