0 0.16832 0.05459 0.11152 0.04684
0 0.31364 0.11215 0.11022 0.05528
0 0.46428 0.17297 0.18271 0.04381
0 0.62259 0.23379 0.14492 0.06273
0 0.79341 0.29461 0.14229 0.07023
0 0.2334 0.35543 0.15539 0.04926
0 0.38833 0.41625 0.19018 0.0585
0 0.53191 0.47707 0.14434 0.04613
0 0.70518 0.53789 0.16305 0.05386
0 0.85745 0.59871 0.115 0.07185
0 0.16478 0.65953 0.13774 0.06268
0 0.31405 0.72035 0.11972 0.07143
0 0.45849 0.78118 0.12915 0.06652
0 0.61304 0.84200 0.1418 0.07611
0 0.79761 0.90282 0.13155 0.04472
0 0.24165 0.94544 0.12639 0.04906
0 0.40676 0.05459 0.16581 0.05813
0 0.53146 0.11215 0.18146 0.07033
0 0.69755 0.17297 0.12572 0.0761
0 0.84947 0.23379 0.19057 0.0434
0 0.16382 0.29461 0.17637 0.04761
0 0.35581 0.35543 0.15664 0.05842
0 0.52927 0.41625 0.19752 0.07126
0 0.668 0.47707 0.15932 0.0622
0 0.80019 0.53789 0.12659 0.07088
0 0.23171 0.59871 0.18694 0.04883
0 0.38738 0.65953 0.18734 0.0678
0 0.52946 0.72035 0.1356 0.06576
0 0.65663 0.78118 0.13689 0.04268
0 0.84046 0.84200 0.18526 0.07034
0 0.16605 0.90282 0.1525 0.07983
0 0.3481 0.94544 0.11096 0.04726
0 0.49043 0.05459 0.17942 0.05602
0 0.60118 0.11215 0.14629 0.04963
0 0.7781 0.17297 0.13246 0.06937
0 0.23494 0.23379 0.13751 0.04913
0 0.39126 0.29461 0.14066 0.07964
0 0.53205 0.35543 0.181 0.04307
0 0.67516 0.41625 0.10971 0.04393
0 0.8547 0.47707 0.17458 0.07276
0 0.14185 0.53789 0.18834 0.07485
0 0.33408 0.59871 0.13301 0.06378
0 0.50026 0.65953 0.16799 0.07087
0 0.63057 0.72035 0.12793 0.06202
0 0.79889 0.78118 0.1647 0.06452
0 0.24096 0.84200 0.11315 0.04962
0 0.40381 0.90282 0.19721 0.06141
0 0.5376 0.94544 0.16357 0.04435
0 0.69946 0.05459 0.14224 0.04454
0 0.83632 0.11215 0.10895 0.05507
0 0.15364 0.17297 0.18692 0.06622
0 0.37144 0.23379 0.16297 0.07606
0 0.50621 0.29461 0.186 0.06782
0 0.64575 0.35543 0.15364 0.06827
0 0.80836 0.41625 0.10681 0.06866
0 0.2242 0.47707 0.19272 0.07259
0 0.41308 0.53789 0.14479 0.06734
0 0.54102 0.59871 0.17511 0.06203
0 0.67473 0.65953 0.12031 0.05494
0 0.84822 0.72035 0.18293 0.07766
0 0.17941 0.78118 0.19182 0.05172
0 0.36192 0.84200 0.17941 0.06171
0 0.50569 0.90282 0.17745 0.07035
0 0.64319 0.94544 0.14427 0.05201
0 0.80497 0.05459 0.17224 0.07432
0 0.2417 0.11215 0.15938 0.06272
0 0.38695 0.17297 0.1612 0.07675
0 0.52778 0.23379 0.13858 0.05565
0 0.68456 0.29461 0.17246 0.0777
0 0.8329 0.35543 0.12123 0.07741
0 0.17903 0.41625 0.10621 0.06459
0 0.34233 0.47707 0.15905 0.04626
0 0.49247 0.53789 0.15759 0.05626
0 0.66878 0.59871 0.158 0.05283
0 0.79079 0.65953 0.17155 0.05246
0 0.24129 0.72035 0.19351 0.05097
0 0.39097 0.78118 0.19509 0.04248
0 0.53391 0.84200 0.19123 0.0761
0 0.69758 0.90282 0.16302 0.05953
0 0.85567 0.94544 0.19339 0.06424