0 0.16987 0.05484 0.18215 0.06801
0 0.32083 0.10899 0.16574 0.04453
0 0.47375 0.17021 0.17305 0.04371
0 0.6166 0.23143 0.17099 0.05323
0 0.82515 0.29266 0.13633 0.04534
0 0.23935 0.35388 0.15619 0.07639
0 0.39735 0.41510 0.18839 0.07435
0 0.54861 0.47633 0.11121 0.05735
0 0.71472 0.53755 0.15324 0.04881
0 0.87178 0.59877 0.14687 0.05866
0 0.16542 0.66000 0.19132 0.05812
0 0.32303 0.72122 0.16548 0.06991
0 0.46586 0.78244 0.19875 0.05776
0 0.61411 0.84367 0.16124 0.07832
0 0.82367 0.90489 0.18532 0.07682
0 0.23364 0.95831 0.15027 0.07831
0 0.39722 0.05484 0.15747 0.05547
0 0.53091 0.10899 0.12295 0.05337
0 0.67215 0.17021 0.16588 0.07587
0 0.85291 0.23143 0.19685 0.05035
0 0.16759 0.29266 0.15641 0.04736
0 0.36084 0.35388 0.15128 0.06206
0 0.51159 0.41510 0.18089 0.07657
0 0.63984 0.47633 0.11481 0.05761
0 0.8081 0.53755 0.18911 0.05056
0 0.23893 0.59877 0.10643 0.0454
0 0.38983 0.66000 0.15429 0.07761
0 0.52366 0.72122 0.17003 0.06516
0 0.68011 0.78244 0.15941 0.05666
0 0.851 0.84367 0.15118 0.0675
0 0.17043 0.90489 0.13628 0.0723
0 0.34839 0.95831 0.16278 0.055
0 0.49998 0.05484 0.19216 0.06855
0 0.62459 0.10899 0.17041 0.05011
0 0.77894 0.17021 0.19532 0.07858
0 0.23419 0.23143 0.11541 0.06927
0 0.39701 0.29266 0.15425 0.04872
0 0.52793 0.35388 0.11645 0.05912
0 0.68281 0.41510 0.15747 0.0663
0 0.85631 0.47633 0.17101 0.0775
0 0.14281 0.53755 0.11996 0.06239
0 0.33942 0.59877 0.17938 0.06605
0 0.49035 0.66000 0.14369 0.0681
0 0.64112 0.72122 0.19076 0.07724
0 0.8094 0.78244 0.13501 0.04819
0 0.23335 0.84367 0.11182 0.05773
0 0.40129 0.90489 0.12676 0.05421
0 0.53886 0.95831 0.11388 0.06859
0 0.68594 0.05484 0.19567 0.07602
0 0.83314 0.10899 0.10761 0.06093
0 0.15025 0.17021 0.11688 0.07282
0 0.3569 0.23143 0.10724 0.05474
0 0.51369 0.29266 0.12645 0.06316
0 0.65202 0.35388 0.10714 0.05709
0 0.81806 0.41510 0.16664 0.07625
0 0.22856 0.47633 0.15481 0.06792
0 0.41483 0.53755 0.12922 0.07367
0 0.55758 0.59877 0.12433 0.04658
0 0.67205 0.66000 0.11463 0.05296
0 0.87088 0.72122 0.1408 0.07138
0 0.18173 0.78244 0.1068 0.05057
0 0.35523 0.84367 0.16289 0.04371
0 0.4978 0.90489 0.15121 0.05889
0 0.65471 0.95831 0.13512 0.07776
0 0.82307 0.05484 0.17625 0.05231
0 0.23142 0.10899 0.1852 0.06391
0 0.39356 0.17021 0.13081 0.05599
0 0.53842 0.23143 0.15455 0.04344
0 0.67529 0.29266 0.14819 0.0613
0 0.83299 0.35388 0.13824 0.07362
0 0.17932 0.41510 0.18518 0.05219
0 0.34206 0.47633 0.1987 0.04416
0 0.50209 0.53755 0.16513 0.05172
0 0.65339 0.59877 0.12316 0.06734
0 0.8048 0.66000 0.11766 0.05485
0 0.24186 0.72122 0.16075 0.0673
0 0.38929 0.78244 0.13704 0.04292
0 0.53852 0.84367 0.13135 0.06951
0 0.68223 0.90489 0.15794 0.05718
0 0.83956 0.95831 0.12309 0.04369