0 0.16945 0.05598 0.15457 0.05028
0 0.32366 0.11098 0.18224 0.06554
0 0.48133 0.17180 0.19048 0.06901
0 0.63606 0.23263 0.19963 0.07463
0 0.82961 0.29345 0.14421 0.06096
0 0.24048 0.35428 0.12852 0.07495
0 0.39825 0.41510 0.11898 0.06819
0 0.54033 0.47593 0.14689 0.04703
0 0.70867 0.53675 0.18528 0.07782
0 0.87138 0.59758 0.17052 0.04269
0 0.16531 0.65840 0.1347 0.04856
0 0.31981 0.71923 0.14115 0.06624
0 0.472 0.78005 0.12285 0.05019
0 0.61758 0.84088 0.13989 0.06813
0 0.79019 0.90170 0.13018 0.06318
0 0.2427 0.95602 0.14228 0.07195
0 0.39583 0.05598 0.12457 0.05264
0 0.55706 0.11098 0.14827 0.05183
0 0.6811 0.17180 0.11385 0.07771
0 0.86633 0.23263 0.1307 0.04808
0 0.17073 0.29345 0.15062 0.05084
0 0.36259 0.35428 0.14687 0.0639
0 0.50593 0.41510 0.10799 0.06765
0 0.65576 0.47593 0.12101 0.0532
0 0.80066 0.53675 0.16844 0.0622
0 0.23853 0.59758 0.16122 0.05074
0 0.39238 0.65840 0.12315 0.06376
0 0.53497 0.71923 0.139 0.05618
0 0.66636 0.78005 0.1652 0.06091
0 0.81833 0.84088 0.15433 0.059
0 0.16407 0.90170 0.18542 0.07766
0 0.35749 0.95602 0.11571 0.07806
0 0.48278 0.05598 0.19671 0.07444
0 0.60022 0.11098 0.12059 0.04625
0 0.80506 0.17180 0.17536 0.07354
0 0.23556 0.23263 0.19963 0.05327
0 0.39595 0.29345 0.15036 0.06231
0 0.53791 0.35428 0.14983 0.04631
0 0.66791 0.41510 0.16362 0.05945
0 0.85014 0.47593 0.19655 0.05381
0 0.14246 0.53675 0.13265 0.06566
0 0.34259 0.59758 0.19405 0.05595
0 0.49916 0.65840 0.13012 0.06548
0 0.64018 0.71923 0.17981 0.0746
0 0.82312 0.78005 0.13511 0.07463
0 0.24214 0.84088 0.13163 0.06304
0 0.40616 0.90170 0.11989 0.06652
0 0.55469 0.95602 0.19877 0.05434
0 0.67411 0.05598 0.11198 0.04536
0 0.86356 0.11098 0.17649 0.04287
0 0.15293 0.17180 0.13464 0.06646
0 0.36528 0.23263 0.17078 0.06057
0 0.51488 0.29345 0.16684 0.04418
0 0.63067 0.35428 0.11724 0.06319
0 0.8043 0.41510 0.14714 0.05535
0 0.21796 0.47593 0.13249 0.04319
0 0.40511 0.53675 0.11831 0.06674
0 0.54756 0.59758 0.15736 0.06315
0 0.67195 0.65840 0.13728 0.05807
0 0.83483 0.71923 0.11213 0.07277
0 0.18559 0.78005 0.11432 0.04841
0 0.37016 0.84088 0.14467 0.07079
0 0.51004 0.90170 0.17505 0.06081
0 0.62894 0.95602 0.1857 0.05828
0 0.79046 0.05598 0.14456 0.06812
0 0.24124 0.11098 0.17191 0.07993
0 0.38398 0.17180 0.14684 0.0795
0 0.54164 0.23263 0.12655 0.08007
0 0.69871 0.29345 0.17383 0.06203
0 0.83482 0.35428 0.14477 0.06749
0 0.18487 0.41510 0.19262 0.07299
0 0.34733 0.47593 0.16686 0.051
0 0.49348 0.53675 0.1422 0.06774
0 0.66573 0.59758 0.13958 0.06198
0 0.7948 0.65840 0.12185 0.05153
0 0.23715 0.71923 0.16042 0.05896
0 0.39586 0.78005 0.17124 0.06591
0 0.55674 0.84088 0.16335 0.06744
0 0.71328 0.90170 0.1953 0.06706
0 0.84392 0.95602 0.17747 0.07711