0 0.16666 0.05559 0.16662 0.06192
0 0.31775 0.11126 0.1758 0.05552
0 0.47516 0.17102 0.12723 0.05322
0 0.63631 0.23078 0.11169 0.04441
0 0.79889 0.29054 0.14208 0.06334
0 0.24114 0.35030 0.12047 0.0785
0 0.391 0.41006 0.15727 0.05866
0 0.55539 0.46982 0.13656 0.05362
0 0.68473 0.52958 0.13446 0.04331
0 0.85576 0.58934 0.1243 0.04992
0 0.17057 0.64910 0.13961 0.07864
0 0.3215 0.70886 0.13171 0.06035
0 0.46083 0.76862 0.13028 0.06182
0 0.6177 0.82838 0.16599 0.05128
0 0.8087 0.88814 0.15054 0.07148
0 0.23398 0.95244 0.18989 0.04809
0 0.40733 0.05559 0.14118 0.0782
0 0.5498 0.11126 0.16518 0.06869
0 0.68463 0.17102 0.1517 0.06526
0 0.85323 0.23078 0.18777 0.06542
0 0.16496 0.29054 0.17639 0.05972
0 0.37013 0.35030 0.12577 0.0649
0 0.50513 0.41006 0.11873 0.05702
0 0.6715 0.46982 0.12647 0.05588
0 0.78131 0.52958 0.19903 0.07655
0 0.23246 0.58934 0.17341 0.07564
0 0.39054 0.64910 0.16279 0.06954
0 0.53902 0.70886 0.16674 0.05949
0 0.68278 0.76862 0.13746 0.04941
0 0.82082 0.82838 0.12137 0.04692
0 0.16931 0.88814 0.18588 0.07666
0 0.35268 0.95244 0.19216 0.05514
0 0.49446 0.05559 0.14027 0.04334
0 0.60705 0.11126 0.16768 0.06518
0 0.78984 0.17102 0.18484 0.07271
0 0.24096 0.23078 0.14804 0.07104
0 0.38781 0.29054 0.13524 0.05564
0 0.53099 0.35030 0.17707 0.0746
0 0.674 0.41006 0.1182 0.07993
0 0.84333 0.46982 0.20009 0.05885
0 0.14172 0.52958 0.16981 0.06487
0 0.34075 0.58934 0.14495 0.05829
0 0.47694 0.64910 0.12613 0.07752
0 0.63026 0.70886 0.12735 0.05927
0 0.80815 0.76862 0.17299 0.05799
0 0.2351 0.82838 0.16035 0.04523
0 0.39674 0.88814 0.141 0.059
0 0.55148 0.95244 0.19731 0.05298
0 0.69014 0.05559 0.17765 0.06549
0 0.8454 0.11126 0.14737 0.05364
0 0.15662 0.17102 0.11705 0.07708
0 0.36928 0.23078 0.18684 0.07693
0 0.50217 0.29054 0.18231 0.05669
0 0.65178 0.35030 0.14181 0.08009
0 0.81376 0.41006 0.12245 0.07195
0 0.22116 0.46982 0.11316 0.07174
0 0.40705 0.52958 0.11245 0.05825
0 0.54668 0.58934 0.14915 0.07972
0 0.68643 0.64910 0.10979 0.06062
0 0.8651 0.70886 0.18453 0.07308
0 0.1839 0.76862 0.11572 0.05049
0 0.35964 0.82838 0.16348 0.05997
0 0.51227 0.88814 0.19623 0.06192
0 0.6432 0.95244 0.17601 0.04823
0 0.81146 0.05559 0.10654 0.05432
0 0.23323 0.11126 0.10802 0.07844
0 0.38803 0.17102 0.19926 0.05551
0 0.543 0.23078 0.15258 0.07794
0 0.67347 0.29054 0.17966 0.06866
0 0.85314 0.35030 0.17118 0.06917
0 0.17984 0.41006 0.10616 0.04665
0 0.35254 0.46982 0.13909 0.05987
0 0.492 0.52958 0.15719 0.07374
0 0.6548 0.58934 0.11025 0.05491
0 0.79989 0.64910 0.11687 0.04621
0 0.2385 0.70886 0.16663 0.06062
0 0.38745 0.76862 0.18948 0.06604
0 0.53618 0.82838 0.15216 0.04981
0 0.70599 0.88814 0.18007 0.07261
0 0.84975 0.95244 0.16411 0.04361