0 0.16416 0.05545 0.13579 0.07934
0 0.3145 0.11033 0.17003 0.06035
0 0.4674 0.17090 0.1202 0.05259
0 0.62986 0.23147 0.13829 0.04397
0 0.82128 0.29204 0.19784 0.07089
0 0.23754 0.35261 0.13994 0.05169
0 0.38782 0.41318 0.18822 0.07655
0 0.53806 0.47375 0.1621 0.05979
0 0.69947 0.53432 0.16616 0.06966
0 0.83446 0.59489 0.1353 0.04465
0 0.16814 0.65546 0.11919 0.04287
0 0.31559 0.71603 0.16562 0.05752
0 0.45337 0.77660 0.18145 0.07996
0 0.60364 0.83717 0.15097 0.0777
0 0.78949 0.89774 0.14436 0.06974
0 0.23316 0.94581 0.12554 0.07791
0 0.41252 0.05545 0.12706 0.05289
0 0.54521 0.11033 0.12903 0.05731
0 0.695 0.17090 0.17736 0.05142
0 0.83169 0.23147 0.18833 0.0717
0 0.17035 0.29204 0.12331 0.04498
0 0.35958 0.35261 0.1897 0.06112
0 0.52297 0.41318 0.13638 0.04573
0 0.65126 0.47375 0.11656 0.06587
0 0.77624 0.53432 0.13209 0.05437
0 0.2424 0.59489 0.13397 0.0459
0 0.39995 0.65546 0.17401 0.07708
0 0.53417 0.71603 0.11578 0.04765
0 0.66666 0.77660 0.13711 0.08006
0 0.85047 0.83717 0.18724 0.0743
0 0.16507 0.89774 0.15537 0.06835
0 0.35388 0.94581 0.14105 0.07756
0 0.4793 0.05545 0.12976 0.064
0 0.60725 0.11033 0.16286 0.0533
0 0.79866 0.17090 0.16813 0.06532
0 0.23693 0.23147 0.10887 0.05982
0 0.39912 0.29204 0.11958 0.05136
0 0.53135 0.35261 0.20031 0.07374
0 0.67729 0.41318 0.11815 0.05299
0 0.83947 0.47375 0.15303 0.07539
0 0.13612 0.53432 0.16126 0.04644
0 0.33724 0.59489 0.11747 0.04817
0 0.49306 0.65546 0.10831 0.06961
0 0.62589 0.71603 0.19559 0.04462
0 0.80185 0.77660 0.16558 0.04316
0 0.23708 0.83717 0.16755 0.05455
0 0.41303 0.89774 0.17196 0.06811
0 0.53362 0.94581 0.1375 0.07363
0 0.68432 0.05545 0.17648 0.04967
0 0.83474 0.11033 0.16724 0.07705
0 0.15664 0.17090 0.19472 0.06179
0 0.37041 0.23147 0.10766 0.06691
0 0.49328 0.29204 0.14411 0.05413
0 0.63336 0.35261 0.19415 0.06274
0 0.81937 0.41318 0.19289 0.07789
0 0.22003 0.47375 0.17581 0.0705
0 0.40648 0.53432 0.12406 0.0467
0 0.53407 0.59489 0.19781 0.07192
0 0.67908 0.65546 0.17354 0.07511
0 0.83638 0.71603 0.13526 0.06107
0 0.17854 0.77660 0.1804 0.07425
0 0.35516 0.83717 0.13549 0.0499
0 0.49724 0.89774 0.18053 0.05794
0 0.64624 0.94581 0.19027 0.06307
0 0.82191 0.05545 0.10616 0.06068
0 0.23412 0.11033 0.11699 0.07469
0 0.39937 0.17090 0.1262 0.06366
0 0.52171 0.23147 0.13819 0.07454
0 0.67344 0.29204 0.11169 0.05897
0 0.84907 0.35261 0.18043 0.05556
0 0.18025 0.41318 0.11372 0.0575
0 0.35109 0.47375 0.12245 0.05456
0 0.49178 0.53432 0.17786 0.04995
0 0.6582 0.59489 0.12336 0.05864
0 0.79001 0.65546 0.11954 0.07574
0 0.23409 0.71603 0.17752 0.06501
0 0.38939 0.77660 0.12295 0.07226
0 0.55231 0.83717 0.1945 0.04416
0 0.69301 0.89774 0.1257 0.0755
0 0.83918 0.94581 0.13295 0.05011