0 0.16803 0.05552 0.19362 0.06089
0 0.31333 0.11149 0.18446 0.04765
0 0.47956 0.17231 0.15658 0.06051
0 0.63811 0.23313 0.12783 0.0759
0 0.80538 0.29396 0.13037 0.07058
0 0.23467 0.35478 0.10915 0.07212
0 0.38749 0.41560 0.18241 0.07705
0 0.55182 0.47642 0.17027 0.0509
0 0.68153 0.53725 0.13354 0.0647
0 0.86514 0.59807 0.15352 0.07632
0 0.1677 0.65889 0.18608 0.05384
0 0.32677 0.71971 0.15146 0.05659
0 0.46516 0.78053 0.14004 0.06458
0 0.6108 0.84136 0.15704 0.07783
0 0.79198 0.90218 0.14454 0.04251
0 0.24015 0.95488 0.11304 0.07566
0 0.41305 0.05552 0.17396 0.06972
0 0.55652 0.11149 0.14305 0.04842
0 0.67165 0.17231 0.16502 0.07757
0 0.86974 0.23313 0.15183 0.06203
0 0.16354 0.29396 0.13907 0.05396
0 0.35421 0.35478 0.15339 0.07595
0 0.5134 0.41560 0.14151 0.07169
0 0.66289 0.47642 0.1633 0.06549
0 0.80189 0.53725 0.1194 0.07133
0 0.23792 0.59807 0.16262 0.05741
0 0.39601 0.65889 0.18016 0.0676
0 0.5224 0.71971 0.175 0.05227
0 0.66939 0.78053 0.1402 0.06498
0 0.82348 0.84136 0.1895 0.05732
0 0.17087 0.90218 0.16625 0.07017
0 0.34508 0.95488 0.14734 0.05533
0 0.47794 0.05552 0.12699 0.05001
0 0.61768 0.11149 0.18446 0.05856
0 0.79036 0.17231 0.17792 0.05346
0 0.24136 0.23313 0.1063 0.05916
0 0.396 0.29396 0.19472 0.05512
0 0.5402 0.35478 0.11982 0.0623
0 0.68678 0.41560 0.18692 0.07924
0 0.83427 0.47642 0.19004 0.04599
0 0.13696 0.53725 0.19215 0.04458
0 0.32875 0.59807 0.19127 0.05506
0 0.4985 0.65889 0.12857 0.05504
0 0.61592 0.71971 0.19428 0.06108
0 0.79736 0.78053 0.19548 0.05899
0 0.23721 0.84136 0.1982 0.07563
0 0.41446 0.90218 0.19917 0.05521
0 0.53829 0.95488 0.18344 0.05327
0 0.69296 0.05552 0.12837 0.07233
0 0.84795 0.11149 0.14131 0.07361
0 0.15521 0.17231 0.19188 0.04843
0 0.36914 0.23313 0.10913 0.04299
0 0.51142 0.29396 0.12568 0.05961
0 0.63504 0.35478 0.1354 0.076
0 0.80617 0.41560 0.18066 0.05403
0 0.22402 0.47642 0.13704 0.07982
0 0.40911 0.53725 0.17121 0.04818
0 0.53812 0.59807 0.14928 0.05016
0 0.67099 0.65889 0.19573 0.07754
0 0.86977 0.71971 0.18095 0.06193
0 0.18188 0.78053 0.12689 0.04707
0 0.36515 0.84136 0.18597 0.05625
0 0.49102 0.90218 0.18624 0.05261
0 0.6503 0.95488 0.18464 0.07303
0 0.80999 0.05552 0.16091 0.06399
0 0.2382 0.11149 0.15609 0.05833
0 0.39604 0.17231 0.11267 0.07185
0 0.54205 0.23313 0.1868 0.07259
0 0.67758 0.29396 0.19861 0.07011
0 0.85463 0.35478 0.11222 0.05441
0 0.17793 0.41560 0.12219 0.05736
0 0.35486 0.47642 0.17365 0.0565
0 0.49149 0.53725 0.15911 0.05808
0 0.64292 0.59807 0.17519 0.04325
0 0.81919 0.65889 0.10987 0.07015
0 0.23625 0.71971 0.19192 0.06414
0 0.39837 0.78053 0.14996 0.07593
0 0.53448 0.84136 0.11487 0.05476
0 0.69099 0.90218 0.19865 0.06635
0 0.86718 0.95488 0.15841 0.06284