0 0.16716 0.05459 0.1461 0.06942
0 0.32556 0.11042 0.16317 0.0785
0 0.47306 0.17162 0.14192 0.07395
0 0.62947 0.23283 0.12981 0.05744
0 0.81598 0.29403 0.17908 0.0719
0 0.23775 0.35524 0.19725 0.06021
0 0.38187 0.41644 0.15671 0.05473
0 0.53752 0.47765 0.1793 0.05142
0 0.70283 0.53885 0.11892 0.04877
0 0.83771 0.60006 0.13542 0.04772
0 0.17047 0.66126 0.12606 0.06251
0 0.31996 0.72247 0.17501 0.0427
0 0.47097 0.78367 0.18616 0.04513
0 0.61763 0.84488 0.1531 0.07456
0 0.81474 0.90608 0.16918 0.06517
0 0.24155 0.93979 0.14662 0.05735
0 0.4132 0.05459 0.12733 0.06985
0 0.54578 0.11042 0.13419 0.04364
0 0.69484 0.17162 0.19985 0.06273
0 0.84964 0.23283 0.18337 0.06252
0 0.17142 0.29403 0.1356 0.04526
0 0.35399 0.35524 0.19436 0.07957
0 0.50601 0.41644 0.17227 0.04362
0 0.6689 0.47765 0.18734 0.06777
0 0.8101 0.53885 0.1165 0.05784
0 0.23617 0.60006 0.12784 0.05583
0 0.38741 0.66126 0.15087 0.05212
0 0.52337 0.72247 0.19262 0.0535
0 0.66129 0.78367 0.16272 0.05279
0 0.85652 0.84488 0.13004 0.05177
0 0.1685 0.90608 0.14785 0.05388
0 0.34127 0.93979 0.12154 0.07048
0 0.49351 0.05459 0.16161 0.05087
0 0.607 0.11042 0.15549 0.06168
0 0.78124 0.17162 0.17641 0.06563
0 0.23904 0.23283 0.11972 0.05228
0 0.39018 0.29403 0.18126 0.07677
0 0.52362 0.35524 0.1215 0.04531
0 0.69918 0.41644 0.12671 0.06108
0 0.83647 0.47765 0.10788 0.04352
0 0.13924 0.53885 0.17723 0.06256
0 0.33966 0.60006 0.14516 0.05632
0 0.48824 0.66126 0.14391 0.04914
0 0.61628 0.72247 0.18255 0.05159
0 0.8219 0.78367 0.10936 0.06389
0 0.23362 0.84488 0.17081 0.04492
0 0.40358 0.90608 0.13001 0.05004
0 0.54458 0.93979 0.1353 0.07407
0 0.68398 0.05459 0.15169 0.06973
0 0.85676 0.11042 0.1841 0.07116
0 0.1568 0.17162 0.1471 0.05461
0 0.35404 0.23283 0.13581 0.06955
0 0.51458 0.29403 0.17254 0.05044
0 0.63243 0.35524 0.15682 0.05356
0 0.80376 0.41644 0.11845 0.05435
0 0.22873 0.47765 0.17783 0.04974
0 0.40445 0.53885 0.14487 0.0526
0 0.53538 0.60006 0.17768 0.04477
0 0.69956 0.66126 0.12123 0.05829
0 0.87165 0.72247 0.16865 0.0744
0 0.17969 0.78367 0.11536 0.05567
0 0.36592 0.84488 0.17882 0.07732
0 0.49388 0.90608 0.10819 0.06764
0 0.63981 0.93979 0.13319 0.06374
0 0.81139 0.05459 0.17262 0.04887
0 0.234 0.11042 0.18264 0.0609
0 0.39949 0.17162 0.17406 0.07807
0 0.52948 0.23283 0.18384 0.06809
0 0.68286 0.29403 0.18988 0.07516
0 0.8335 0.35524 0.13847 0.07915
0 0.17955 0.41644 0.15064 0.05873
0 0.35467 0.47765 0.16952 0.07207
0 0.50501 0.53885 0.11645 0.06497
0 0.6496 0.60006 0.11901 0.06711
0 0.79505 0.66126 0.18516 0.04474
0 0.23578 0.72247 0.14321 0.05586
0 0.38852 0.78367 0.18436 0.05982
0 0.55679 0.84488 0.1081 0.0552
0 0.71118 0.90608 0.19795 0.04392
0 0.83887 0.93979 0.11607 0.05754