0 0.16474 0.05512 0.1609 0.0462
0 0.31641 0.11195 0.11101 0.06342
0 0.47223 0.17156 0.1897 0.0581
0 0.61254 0.23117 0.11171 0.05245
0 0.81311 0.29078 0.19173 0.05981
0 0.2333 0.35040 0.15603 0.05002
0 0.39109 0.41001 0.1455 0.06873
0 0.54527 0.46962 0.1434 0.04331
0 0.70736 0.52923 0.1928 0.04899
0 0.84694 0.58884 0.18107 0.06642
0 0.16424 0.64845 0.18125 0.06704
0 0.32423 0.70807 0.13004 0.07023
0 0.46009 0.76768 0.17338 0.06774
0 0.62765 0.82729 0.14168 0.04404
0 0.7956 0.88690 0.16496 0.07991
0 0.23161 0.96130 0.13765 0.0537
0 0.41087 0.05512 0.15478 0.07285
0 0.53366 0.11195 0.18654 0.0493
0 0.68387 0.17156 0.15684 0.06023
0 0.83182 0.23117 0.19247 0.06173
0 0.16748 0.29078 0.18846 0.07744
0 0.36931 0.35040 0.14914 0.0633
0 0.5058 0.41001 0.14615 0.06203
0 0.65139 0.46962 0.14743 0.05703
0 0.79264 0.52923 0.13045 0.04967
0 0.23147 0.58884 0.1073 0.05886
0 0.39347 0.64845 0.1936 0.05179
0 0.52606 0.70807 0.176 0.05937
0 0.66274 0.76768 0.15351 0.07734
0 0.82916 0.82729 0.10848 0.05574
0 0.16515 0.88690 0.17755 0.07993
0 0.34769 0.96130 0.13512 0.0718
0 0.47887 0.05512 0.11199 0.07564
0 0.61514 0.11195 0.12112 0.06502
0 0.79758 0.17156 0.19271 0.04624
0 0.23748 0.23117 0.1428 0.07737
0 0.39156 0.29078 0.12407 0.05319
0 0.53243 0.35040 0.17638 0.05388
0 0.68582 0.41001 0.14877 0.05897
0 0.85682 0.46962 0.19244 0.07607
0 0.14141 0.52923 0.12504 0.06424
0 0.33755 0.58884 0.18726 0.0539
0 0.48519 0.64845 0.17919 0.04343
0 0.62065 0.70807 0.11284 0.07489
0 0.82811 0.76768 0.1276 0.07762
0 0.24013 0.82729 0.10867 0.06423
0 0.39791 0.88690 0.19897 0.0554
0 0.53724 0.96130 0.17084 0.05153
0 0.6847 0.05512 0.12063 0.04859
0 0.83704 0.11195 0.17141 0.06698
0 0.15625 0.17156 0.17001 0.05049
0 0.36687 0.23117 0.19776 0.05665
0 0.50498 0.29078 0.1818 0.06921
0 0.63816 0.35040 0.11297 0.06398
0 0.8107 0.41001 0.19838 0.06547
0 0.22097 0.46962 0.16046 0.05641
0 0.41223 0.52923 0.15078 0.04583
0 0.54472 0.58884 0.12557 0.07773
0 0.67108 0.64845 0.18551 0.07402
0 0.83606 0.70807 0.16312 0.07723
0 0.18393 0.76768 0.13733 0.05542
0 0.37127 0.82729 0.1723 0.05547
0 0.50652 0.88690 0.16521 0.05376
0 0.63946 0.96130 0.12886 0.06861
0 0.79908 0.05512 0.16245 0.07102
0 0.24141 0.11195 0.19098 0.04667
0 0.38666 0.17156 0.17503 0.07213
0 0.53491 0.23117 0.16583 0.05266
0 0.69565 0.29078 0.12535 0.06198
0 0.85502 0.35040 0.11513 0.05321
0 0.17755 0.41001 0.16026 0.04756
0 0.34906 0.46962 0.13572 0.0659
0 0.50279 0.52923 0.1895 0.0601
0 0.64455 0.58884 0.15145 0.06251
0 0.81951 0.64845 0.13796 0.05919
0 0.24231 0.70807 0.1432 0.0729
0 0.38407 0.76768 0.1677 0.06732
0 0.5405 0.82729 0.13072 0.08
0 0.69048 0.88690 0.19683 0.05847
0 0.85377 0.96130 0.18061 0.05419