0 0.17159 0.05474 0.15095 0.07021
0 0.31814 0.11093 0.19176 0.05679
0 0.46683 0.17043 0.12445 0.0801
0 0.63725 0.22993 0.14709 0.05007
0 0.79154 0.28943 0.17096 0.04807
0 0.24074 0.34893 0.1893 0.07264
0 0.39787 0.40843 0.14997 0.07883
0 0.53372 0.46793 0.11377 0.07717
0 0.68659 0.52743 0.17024 0.07143
0 0.83091 0.58693 0.11466 0.05876
0 0.16571 0.64643 0.11136 0.04442
0 0.31317 0.70593 0.19919 0.07863
0 0.46663 0.76543 0.12811 0.0483
0 0.62578 0.82493 0.18265 0.04772
0 0.82148 0.88443 0.11943 0.06939
0 0.23453 0.96014 0.18036 0.07809
0 0.40728 0.05474 0.15672 0.07052
0 0.53226 0.11093 0.12828 0.06359
0 0.69203 0.17043 0.14464 0.04791
0 0.84458 0.22993 0.12147 0.06634
0 0.16902 0.28943 0.14765 0.06609
0 0.3597 0.34893 0.14631 0.07442
0 0.5091 0.40843 0.13568 0.07647
0 0.66135 0.46793 0.19487 0.047
0 0.77588 0.52743 0.12928 0.04543
0 0.24026 0.58693 0.20017 0.06285
0 0.39544 0.64643 0.11137 0.07423
0 0.53186 0.70593 0.18749 0.0445
0 0.68654 0.76543 0.16133 0.07251
0 0.83257 0.82493 0.16139 0.04287
0 0.17043 0.88443 0.14319 0.05357
0 0.35688 0.96014 0.15184 0.05071
0 0.48087 0.05474 0.15291 0.07939
0 0.60735 0.11093 0.18161 0.04592
0 0.78302 0.17043 0.14651 0.06964
0 0.24243 0.22993 0.1632 0.07281
0 0.39432 0.28943 0.16571 0.05542
0 0.5263 0.34893 0.15563 0.07867
0 0.6833 0.40843 0.14416 0.07213
0 0.83726 0.46793 0.17108 0.0599
0 0.13874 0.52743 0.14616 0.05798
0 0.33389 0.58693 0.12857 0.04284
0 0.49821 0.64643 0.17908 0.05683
0 0.62239 0.70593 0.12492 0.04412
0 0.81803 0.76543 0.1375 0.0742
0 0.24081 0.82493 0.13869 0.04471
0 0.41426 0.88443 0.14748 0.04895
0 0.54524 0.96014 0.18531 0.07972
0 0.68059 0.05474 0.18131 0.05532
0 0.86589 0.11093 0.16884 0.06256
0 0.15099 0.17043 0.12995 0.0779
0 0.36245 0.22993 0.13899 0.04387
0 0.4942 0.28943 0.14898 0.04899
0 0.63293 0.34893 0.1727 0.04883
0 0.80738 0.40843 0.15312 0.07173
0 0.22322 0.46793 0.13891 0.04371
0 0.41431 0.52743 0.1821 0.06092
0 0.54834 0.58693 0.12239 0.0706
0 0.69969 0.64643 0.12633 0.07134
0 0.86299 0.70593 0.18577 0.05398
0 0.18511 0.76543 0.14691 0.04986
0 0.35434 0.82493 0.19469 0.06133
0 0.51329 0.88443 0.17983 0.04354
0 0.63379 0.96014 0.18414 0.0586
0 0.79594 0.05474 0.13202 0.06439
0 0.24274 0.11093 0.14266 0.04509
0 0.39013 0.17043 0.19409 0.06815
0 0.51937 0.22993 0.14811 0.07532
0 0.69628 0.28943 0.13088 0.04427
0 0.83139 0.34893 0.17556 0.04508
0 0.18498 0.40843 0.15844 0.05639
0 0.35427 0.46793 0.15393 0.0493
0 0.49966 0.52743 0.13875 0.04481
0 0.66116 0.58693 0.10649 0.05474
0 0.80322 0.64643 0.13272 0.07488
0 0.23396 0.70593 0.18576 0.06487
0 0.39761 0.76543 0.13575 0.05828
0 0.53317 0.82493 0.19481 0.06136
0 0.7119 0.88443 0.16907 0.05563
0 0.85852 0.96014 0.10703 0.04729