0 0.16759 0.05540 0.18861 0.07111
0 0.32124 0.10986 0.19629 0.07575
0 0.47718 0.17085 0.12773 0.07647
0 0.62593 0.23185 0.17718 0.05676
0 0.82224 0.29285 0.18226 0.07896
0 0.24316 0.35385 0.14822 0.05398
0 0.39032 0.41485 0.16178 0.07242
0 0.53893 0.47585 0.14882 0.06126
0 0.68167 0.53685 0.1719 0.06193
0 0.86173 0.59784 0.17781 0.04943
0 0.16362 0.65884 0.17896 0.07386
0 0.31562 0.71984 0.11552 0.04278
0 0.44954 0.78084 0.17097 0.0674
0 0.60843 0.84184 0.17898 0.06729
0 0.81666 0.90284 0.16165 0.07268
0 0.23504 0.96176 0.14579 0.05983
0 0.40749 0.05540 0.19864 0.06098
0 0.53741 0.10986 0.17563 0.05797
0 0.68299 0.17085 0.10791 0.05063
0 0.85675 0.23185 0.12997 0.07456
0 0.1692 0.29285 0.14198 0.07138
0 0.37035 0.35385 0.16051 0.07113
0 0.51309 0.41485 0.12908 0.05175
0 0.64437 0.47585 0.1894 0.06476
0 0.78819 0.53685 0.16775 0.06038
0 0.24267 0.59784 0.18221 0.06381
0 0.39995 0.65884 0.1396 0.05807
0 0.51865 0.71984 0.1248 0.0546
0 0.68321 0.78084 0.1455 0.05397
0 0.82619 0.84184 0.16991 0.06478
0 0.16877 0.90284 0.12041 0.05906
0 0.35257 0.96176 0.16692 0.06504
0 0.48631 0.05540 0.1556 0.05845
0 0.60527 0.10986 0.17205 0.06596
0 0.80961 0.17085 0.18382 0.04937
0 0.2407 0.23185 0.16064 0.05532
0 0.38553 0.29285 0.12837 0.06799
0 0.5244 0.35385 0.14625 0.07625
0 0.69802 0.41485 0.19913 0.06116
0 0.81912 0.47585 0.11932 0.04923
0 0.14166 0.53685 0.14736 0.04725
0 0.34059 0.59784 0.17327 0.06701
0 0.48483 0.65884 0.10869 0.07621
0 0.61701 0.71984 0.17665 0.07472
0 0.79255 0.78084 0.14696 0.05588
0 0.24083 0.84184 0.1831 0.07434
0 0.41472 0.90284 0.18123 0.07613
0 0.53705 0.96176 0.14906 0.04549
0 0.69112 0.05540 0.14541 0.06952
0 0.86026 0.10986 0.19326 0.05298
0 0.15228 0.17085 0.15776 0.07841
0 0.36913 0.23185 0.1148 0.06002
0 0.49013 0.29285 0.17472 0.07798
0 0.64365 0.35385 0.13842 0.05852
0 0.79275 0.41485 0.1837 0.07146
0 0.22017 0.47585 0.14362 0.06984
0 0.41302 0.53685 0.19093 0.0638
0 0.55548 0.59784 0.15172 0.06829
0 0.66873 0.65884 0.13196 0.05538
0 0.84241 0.71984 0.16841 0.06752
0 0.1802 0.78084 0.16443 0.05456
0 0.37169 0.84184 0.16841 0.04609
0 0.5094 0.90284 0.1691 0.04477
0 0.63916 0.96176 0.12719 0.05948
0 0.80396 0.05540 0.12298 0.06644
0 0.23293 0.10986 0.16654 0.04361
0 0.3943 0.17085 0.10718 0.05601
0 0.53402 0.23185 0.19382 0.04903
0 0.6966 0.29285 0.14608 0.05052
0 0.8407 0.35385 0.11457 0.0737
0 0.17965 0.41485 0.11217 0.0601
0 0.34868 0.47585 0.17941 0.06216
0 0.49122 0.53685 0.13568 0.07775
0 0.66761 0.59784 0.15694 0.06859
0 0.80749 0.65884 0.13368 0.06438
0 0.23173 0.71984 0.15135 0.07971
0 0.38332 0.78084 0.14953 0.07248
0 0.55457 0.84184 0.13551 0.0744
0 0.71311 0.90284 0.17358 0.06484
0 0.83559 0.96176 0.16629 0.06802