0 0.16737 0.05532 0.16985 0.06915
0 0.32129 0.10966 0.15747 0.04859
0 0.48259 0.17071 0.19081 0.05464
0 0.62541 0.23176 0.11545 0.07294
0 0.80564 0.29281 0.11464 0.05068
0 0.24264 0.35386 0.10929 0.05481
0 0.38763 0.41491 0.13663 0.05985
0 0.53446 0.47595 0.12172 0.05571
0 0.7047 0.53700 0.20017 0.0452
0 0.86937 0.59805 0.14524 0.06148
0 0.1674 0.65910 0.17719 0.05277
0 0.32113 0.72015 0.17143 0.06383
0 0.44927 0.78119 0.17872 0.04346
0 0.60465 0.84224 0.19207 0.06557
0 0.82085 0.90329 0.13536 0.0584
0 0.2386 0.96166 0.12537 0.06676
0 0.41068 0.05532 0.11294 0.05397
0 0.55353 0.10966 0.16143 0.05339
0 0.69033 0.17071 0.15721 0.05866
0 0.83373 0.23176 0.16679 0.06318
0 0.17005 0.29281 0.16245 0.04704
0 0.35632 0.35386 0.14849 0.04735
0 0.51825 0.41491 0.12139 0.05105
0 0.65848 0.47595 0.17818 0.04646
0 0.77647 0.53700 0.19877 0.04594
0 0.24243 0.59805 0.11956 0.04954
0 0.39307 0.65910 0.1841 0.0682
0 0.53487 0.72015 0.18914 0.06285
0 0.66739 0.78119 0.11271 0.06209
0 0.84595 0.84224 0.15112 0.07794
0 0.16726 0.90329 0.17572 0.06647
0 0.34738 0.96166 0.17524 0.06952
0 0.50042 0.05532 0.18302 0.05843
0 0.61372 0.10966 0.15636 0.05179
0 0.78047 0.17071 0.15894 0.07772
0 0.24152 0.23176 0.13874 0.07268
0 0.38776 0.29281 0.15799 0.07115
0 0.52557 0.35386 0.10806 0.04476
0 0.67979 0.41491 0.17553 0.07662
0 0.85291 0.47595 0.18469 0.06715
0 0.1398 0.53700 0.18491 0.07818
0 0.32709 0.59805 0.10919 0.06299
0 0.48243 0.65910 0.19207 0.05394
0 0.63512 0.72015 0.11502 0.04576
0 0.80686 0.78119 0.18629 0.05832
0 0.23448 0.84224 0.1553 0.05629
0 0.39854 0.90329 0.10761 0.07458
0 0.53664 0.96166 0.11824 0.07953
0 0.68378 0.05532 0.16199 0.04446
0 0.83168 0.10966 0.17412 0.05589
0 0.15257 0.17071 0.10956 0.0801
0 0.36033 0.23176 0.12268 0.05808
0 0.49687 0.29281 0.12798 0.05678
0 0.63456 0.35386 0.17348 0.04637
0 0.81943 0.41491 0.17872 0.06466
0 0.21924 0.47595 0.16163 0.04794
0 0.4109 0.53700 0.18837 0.05663
0 0.53908 0.59805 0.14887 0.07774
0 0.67861 0.65910 0.19883 0.06884
0 0.85821 0.72015 0.13058 0.05159
0 0.1773 0.78119 0.17118 0.07041
0 0.36783 0.84224 0.16233 0.05474
0 0.50725 0.90329 0.1324 0.05638
0 0.65573 0.96166 0.13239 0.06101
0 0.79194 0.05532 0.17053 0.04999
0 0.2395 0.10966 0.18255 0.05327
0 0.39522 0.17071 0.11325 0.05346
0 0.53956 0.23176 0.14089 0.05864
0 0.68579 0.29281 0.18208 0.06046
0 0.86596 0.35386 0.19642 0.07757
0 0.17739 0.41491 0.19976 0.07396
0 0.35345 0.47595 0.14619 0.05336
0 0.5069 0.53700 0.1469 0.07856
0 0.66826 0.59805 0.13797 0.06969
0 0.80277 0.65910 0.14893 0.07504
0 0.23751 0.72015 0.17866 0.06216
0 0.38994 0.78119 0.17731 0.04442
0 0.53569 0.84224 0.19963 0.07863
0 0.70998 0.90329 0.12521 0.06778
0 0.83224 0.96166 0.14146 0.0449