0 0.16625 0.05505 0.11451 0.06017
0 0.32862 0.10997 0.16837 0.06364
0 0.48094 0.17135 0.19232 0.05893
0 0.62657 0.23272 0.16771 0.04702
0 0.82427 0.29410 0.19595 0.04898
0 0.23202 0.35548 0.14757 0.06726
0 0.38268 0.41685 0.13081 0.07249
0 0.55015 0.47823 0.19043 0.06274
0 0.71339 0.53960 0.1826 0.04918
0 0.85164 0.60098 0.19758 0.07951
0 0.1641 0.66236 0.19563 0.04645
0 0.31427 0.72373 0.14316 0.07565
0 0.45387 0.78511 0.19965 0.04254
0 0.62859 0.84648 0.14163 0.06724
0 0.8143 0.90786 0.1142 0.06087
0 0.2314 0.94106 0.13177 0.04593
0 0.41029 0.05505 0.20026 0.05615
0 0.53277 0.10997 0.15539 0.07229
0 0.69276 0.17135 0.1327 0.05718
0 0.8486 0.23272 0.14701 0.0596
0 0.17096 0.29410 0.13425 0.0729
0 0.3643 0.35548 0.17032 0.0489
0 0.51235 0.41685 0.15712 0.05858
0 0.65902 0.47823 0.13116 0.06894
0 0.81473 0.53960 0.18437 0.05024
0 0.23227 0.60098 0.12133 0.07361
0 0.39062 0.66236 0.18201 0.07727
0 0.5214 0.72373 0.12218 0.0733
0 0.67873 0.78511 0.12645 0.04586
0 0.85566 0.84648 0.12681 0.07122
0 0.16395 0.90786 0.17171 0.05651
0 0.34028 0.94106 0.15246 0.06202
0 0.49797 0.05505 0.11699 0.07837
0 0.60994 0.10997 0.17511 0.06585
0 0.80599 0.17135 0.11993 0.06197
0 0.23814 0.23272 0.19256 0.06082
0 0.3878 0.29410 0.18037 0.06343
0 0.53195 0.35548 0.11863 0.07676
0 0.67348 0.41685 0.16107 0.05821
0 0.85802 0.47823 0.19878 0.07706
0 0.13749 0.53960 0.10657 0.04922
0 0.33049 0.60098 0.11894 0.07791
0 0.48427 0.66236 0.12185 0.05543
0 0.61533 0.72373 0.13736 0.06963
0 0.79471 0.78511 0.14305 0.07517
0 0.23621 0.84648 0.12759 0.04784
0 0.40689 0.90786 0.11259 0.04804
0 0.54991 0.94106 0.12268 0.05786
0 0.68081 0.05505 0.10862 0.06645
0 0.84709 0.10997 0.18973 0.05026
0 0.15525 0.17135 0.10949 0.06831
0 0.35621 0.23272 0.12666 0.05088
0 0.49476 0.29410 0.1444 0.0532
0 0.64495 0.35548 0.16225 0.07806
0 0.79407 0.41685 0.14875 0.06168
0 0.22819 0.47823 0.11976 0.0766
0 0.40096 0.53960 0.17177 0.07071
0 0.5542 0.60098 0.1314 0.06112
0 0.67013 0.66236 0.12965 0.06038
0 0.86839 0.72373 0.12391 0.04534
0 0.17786 0.78511 0.17894 0.07912
0 0.36474 0.84648 0.17331 0.05678
0 0.50746 0.90786 0.13901 0.05275
0 0.65787 0.94106 0.17576 0.07004
0 0.79701 0.05505 0.11395 0.07617
0 0.23778 0.10997 0.1485 0.0536
0 0.38721 0.17135 0.13443 0.07352
0 0.51977 0.23272 0.14523 0.07774
0 0.68039 0.29410 0.11464 0.04761
0 0.85758 0.35548 0.18179 0.07574
0 0.18063 0.41685 0.13961 0.06365
0 0.3461 0.47823 0.17702 0.06926
0 0.49673 0.53960 0.17812 0.0635
0 0.6496 0.60098 0.13014 0.05462
0 0.82218 0.66236 0.18197 0.0768
0 0.24266 0.72373 0.14436 0.05719
0 0.38877 0.78511 0.12144 0.04708
0 0.53555 0.84648 0.12113 0.06105
0 0.71078 0.90786 0.14537 0.05551
0 0.85525 0.94106 0.16443 0.05155