0 0.1643 0.05610 0.11945 0.05335
0 0.32457 0.11001 0.13869 0.07243
0 0.46986 0.17032 0.11224 0.04662
0 0.62673 0.23063 0.1589 0.05439
0 0.82906 0.29094 0.15276 0.04469
0 0.24298 0.35125 0.11308 0.06635
0 0.39786 0.41156 0.16479 0.06297
0 0.53761 0.47187 0.19 0.07367
0 0.68232 0.53218 0.15524 0.04453
0 0.86906 0.59249 0.17652 0.0542
0 0.1675 0.65280 0.18616 0.04724
0 0.31962 0.71311 0.15947 0.05777
0 0.46138 0.77342 0.13431 0.07758
0 0.62055 0.83373 0.15459 0.06898
0 0.82158 0.89404 0.13301 0.0762
0 0.23423 0.94465 0.11675 0.04918
0 0.39954 0.05610 0.14653 0.05849
0 0.54712 0.11001 0.13133 0.05159
0 0.69817 0.17032 0.12562 0.0619
0 0.85248 0.23063 0.13453 0.0688
0 0.16526 0.29094 0.10768 0.07558
0 0.36258 0.35125 0.1358 0.07579
0 0.50378 0.41156 0.12786 0.04826
0 0.6687 0.47187 0.12485 0.07387
0 0.80328 0.53218 0.14091 0.07347
0 0.23576 0.59249 0.18658 0.05383
0 0.38319 0.65280 0.14845 0.0513
0 0.53998 0.71311 0.15648 0.05089
0 0.67865 0.77342 0.18551 0.07622
0 0.84089 0.83373 0.12707 0.05063
0 0.16408 0.89404 0.20016 0.05117
0 0.354 0.94465 0.1076 0.06419
0 0.49066 0.05610 0.14537 0.05372
0 0.62126 0.11001 0.16708 0.05462
0 0.80195 0.17032 0.19371 0.05425
0 0.23219 0.23063 0.12162 0.06971
0 0.39696 0.29094 0.18238 0.07637
0 0.51798 0.35125 0.1418 0.07723
0 0.66954 0.41156 0.18015 0.04574
0 0.82497 0.47187 0.16267 0.05876
0 0.13891 0.53218 0.19716 0.06121
0 0.33425 0.59249 0.13006 0.063
0 0.49088 0.65280 0.15327 0.07047
0 0.63924 0.71311 0.10994 0.07943
0 0.82708 0.77342 0.19139 0.06765
0 0.23266 0.83373 0.1278 0.07283
0 0.41257 0.89404 0.17995 0.06285
0 0.5543 0.94465 0.10972 0.0508
0 0.69631 0.05610 0.11877 0.05427
0 0.85847 0.11001 0.1816 0.06519
0 0.15625 0.17032 0.18977 0.04842
0 0.35803 0.23063 0.18068 0.05016
0 0.49412 0.29094 0.11266 0.0715
0 0.63245 0.35125 0.18583 0.05527
0 0.80836 0.41156 0.11242 0.07219
0 0.22082 0.47187 0.11951 0.07097
0 0.41288 0.53218 0.11212 0.04688
0 0.55519 0.59249 0.15621 0.05318
0 0.68327 0.65280 0.18948 0.0661
0 0.84249 0.71311 0.16141 0.07114
0 0.1851 0.77342 0.17057 0.05394
0 0.35835 0.83373 0.13102 0.05961
0 0.49474 0.89404 0.16473 0.065
0 0.64284 0.94465 0.15259 0.06889
0 0.79834 0.05610 0.19261 0.06867
0 0.239 0.11001 0.17701 0.06732
0 0.38828 0.17032 0.13942 0.05909
0 0.52019 0.23063 0.15487 0.04311
0 0.68384 0.29094 0.12671 0.05835
0 0.85558 0.35125 0.17991 0.06404
0 0.18129 0.41156 0.20002 0.06393
0 0.34102 0.47187 0.11937 0.04886
0 0.49266 0.53218 0.16034 0.07122
0 0.66978 0.59249 0.18716 0.04614
0 0.81554 0.65280 0.15296 0.05388
0 0.24227 0.71311 0.11969 0.04721
0 0.39076 0.77342 0.16029 0.051
0 0.54305 0.83373 0.15052 0.07232
0 0.70787 0.89404 0.15852 0.06926
0 0.8429 0.94465 0.18271 0.05874