0 0.16393 0.05561 0.15026 0.05602
0 0.31331 0.10944 0.15188 0.07101
0 0.47457 0.16893 0.1547 0.07516
0 0.61915 0.22842 0.14269 0.04532
0 0.82178 0.28791 0.1423 0.06379
0 0.23811 0.34740 0.12537 0.05547
0 0.38752 0.40690 0.11632 0.04889
0 0.54481 0.46639 0.17348 0.07364
0 0.69491 0.52588 0.10817 0.06477
0 0.85328 0.58537 0.20013 0.07317
0 0.17141 0.64486 0.11322 0.0553
0 0.31425 0.70436 0.14305 0.07644
0 0.45025 0.76385 0.13737 0.04681
0 0.60729 0.82334 0.16769 0.06473
0 0.8143 0.88283 0.15257 0.06676
0 0.23608 0.96091 0.10826 0.04471
0 0.40896 0.05561 0.10991 0.0731
0 0.54133 0.10944 0.14415 0.07858
0 0.67122 0.16893 0.1503 0.07104
0 0.84536 0.22842 0.19599 0.06098
0 0.17032 0.28791 0.13331 0.06479
0 0.36687 0.34740 0.16814 0.05649
0 0.51817 0.40690 0.16897 0.04801
0 0.64885 0.46639 0.10701 0.05343
0 0.799 0.52588 0.17358 0.06645
0 0.23598 0.58537 0.15054 0.05937
0 0.38448 0.64486 0.11437 0.07512
0 0.51786 0.70436 0.14893 0.06859
0 0.68382 0.76385 0.14091 0.0652
0 0.85193 0.82334 0.19522 0.05716
0 0.17059 0.88283 0.12925 0.06022
0 0.35334 0.96091 0.18087 0.05332
0 0.49127 0.05561 0.19127 0.07918
0 0.60503 0.10944 0.19162 0.04549
0 0.78601 0.16893 0.12733 0.05857
0 0.2315 0.22842 0.13757 0.0455
0 0.38771 0.28791 0.10766 0.07459
0 0.537 0.34740 0.14544 0.07576
0 0.67653 0.40690 0.18302 0.05096
0 0.81683 0.46639 0.18536 0.06049
0 0.13632 0.52588 0.11399 0.06651
0 0.33819 0.58537 0.1975 0.05774
0 0.483 0.64486 0.12032 0.04586
0 0.61558 0.70436 0.17923 0.06888
0 0.80481 0.76385 0.15343 0.07198
0 0.23887 0.82334 0.17444 0.06826
0 0.40159 0.88283 0.17975 0.06881
0 0.54792 0.96091 0.19583 0.0549
0 0.68917 0.05561 0.16344 0.06782
0 0.86911 0.10944 0.13475 0.07338
0 0.15521 0.16893 0.19049 0.07577
0 0.35593 0.22842 0.1398 0.07194
0 0.50713 0.28791 0.11723 0.06001
0 0.63371 0.34740 0.14012 0.07215
0 0.82482 0.40690 0.14723 0.05276
0 0.22477 0.46639 0.17268 0.04497
0 0.39586 0.52588 0.1904 0.07955
0 0.54978 0.58537 0.11643 0.05999
0 0.68159 0.64486 0.18831 0.04806
0 0.84022 0.70436 0.1143 0.05648
0 0.18294 0.76385 0.1264 0.05764
0 0.36457 0.82334 0.10678 0.06349
0 0.50889 0.88283 0.14329 0.0724
0 0.63656 0.96091 0.16961 0.05247
0 0.81895 0.05561 0.18051 0.05612
0 0.23174 0.10944 0.15502 0.04697
0 0.38322 0.16893 0.15844 0.06193
0 0.5404 0.22842 0.1526 0.07242
0 0.67812 0.28791 0.19425 0.07649
0 0.87186 0.34740 0.19014 0.04773
0 0.18229 0.40690 0.16109 0.05097
0 0.34478 0.46639 0.15458 0.05399
0 0.49881 0.52588 0.1391 0.06142
0 0.65563 0.58537 0.122 0.05074
0 0.80059 0.64486 0.16709 0.05651
0 0.24086 0.70436 0.12029 0.05683
0 0.38628 0.76385 0.11855 0.07019
0 0.53599 0.82334 0.11586 0.07299
0 0.70636 0.88283 0.18343 0.07075
0 0.85906 0.96091 0.11615 0.05007