0 0.10501 0.13519 0.1799 0.03854
0 0.10501 0.17254 0.19766 0.04189
0 0.10501 0.22607 0.17691 0.03272
0 0.10501 0.31787 0.19967 0.04158
0 0.10501 0.34983 0.16446 0.0359
0 0.10501 0.40992 0.19473 0.04354
0 0.10501 0.41042 0.20174 0.03645
0 0.10501 0.47702 0.19999 0.03399
0 0.10501 0.57541 0.21905 0.04153
0 0.10501 0.59975 0.17645 0.03497
0 0.10501 0.70323 0.16319 0.03229
0 0.10501 0.69802 0.22085 0.03753
0 0.10501 0.72459 0.18524 0.03309
0 0.10501 0.88304 0.18624 0.03896
0 0.10501 0.94069 0.17322 0.04259
0 0.10501 0.96991 0.19223 0.03663
0 0.3148 0.14554 0.18987 0.03536
0 0.3148 0.21628 0.16708 0.03951
0 0.3148 0.26053 0.18571 0.03526
0 0.3148 0.34843 0.1639 0.04223
0 0.3148 0.37441 0.20034 0.03505
0 0.3148 0.42281 0.18826 0.03838
0 0.3148 0.51196 0.16237 0.03237
0 0.3148 0.57411 0.18358 0.04219
0 0.3148 0.57801 0.16375 0.03711
0 0.3148 0.69924 0.19312 0.0345
0 0.3148 0.71610 0.21996 0.03947
0 0.3148 0.82555 0.1916 0.03771
0 0.3148 0.81077 0.19671 0.03762
0 0.3148 0.91666 0.1995 0.04293
0 0.3148 0.87207 0.21098 0.03844
0 0.52459 0.13530 0.19657 0.0401
0 0.52459 0.16779 0.19452 0.04125
0 0.52459 0.25668 0.17669 0.034
0 0.52459 0.29493 0.19703 0.03351
0 0.52459 0.31804 0.20282 0.03301
0 0.52459 0.38561 0.20411 0.03568
0 0.52459 0.46448 0.17895 0.03407
0 0.52459 0.48863 0.17141 0.03974
0 0.52459 0.54728 0.18267 0.04361
0 0.52459 0.55687 0.17018 0.03369
0 0.52459 0.62344 0.19967 0.03489
0 0.52459 0.73250 0.20596 0.04051
0 0.52459 0.84140 0.17263 0.03677
0 0.52459 0.80213 0.18654 0.03508
0 0.52459 0.90324 0.1874 0.03527
0 0.52459 0.97918 0.21422 0.04181
0 0.73438 0.11735 0.20422 0.04082
0 0.73438 0.17290 0.18435 0.03533
0 0.73438 0.20397 0.1845 0.03425
0 0.73438 0.26803 0.18678 0.03599
0 0.73438 0.31131 0.16707 0.03514
0 0.73438 0.36547 0.17208 0.04114
0 0.73438 0.42460 0.16589 0.04292
0 0.73438 0.45251 0.21007 0.03776
0 0.73438 0.51876 0.18353 0.03533
0 0.73438 0.53164 0.19931 0.03327
0 0.73438 0.61952 0.17811 0.04073
0 0.73438 0.63136 0.17444 0.03728
0 0.73438 0.69076 0.21929 0.03542
0 0.73438 0.73061 0.20374 0.03677
0 0.73438 0.85929 0.18106 0.03762
0 0.73438 0.90527 0.17533 0.03403
0 0.90921 0.13200 0.2033 0.03651
0 0.90921 0.19953 0.18659 0.03283
0 0.90921 0.22156 0.16233 0.04012
0 0.90921 0.28576 0.17697 0.0325
0 0.90921 0.37665 0.19251 0.03593
0 0.90921 0.39515 0.1628 0.04128
0 0.90921 0.43977 0.16332 0.03851
0 0.90921 0.49437 0.20818 0.04242
0 0.90921 0.56085 0.20964 0.0345
0 0.90921 0.63714 0.17058 0.03867
0 0.90921 0.64785 0.18965 0.03996
0 0.90921 0.65605 0.17684 0.04375
0 0.90921 0.78862 0.17264 0.04217
0 0.90921 0.90368 0.16381 0.04055
0 0.90921 0.91525 0.22024 0.0414
0 0.90921 0.96126 0.2201 0.04044