0 0.10105 0.13281 0.23459 0.04381
0 0.1076 0.18586 0.23171 0.04769
0 0.1005 0.23891 0.23211 0.05018
0 0.09645 0.29196 0.22947 0.05139
0 0.09871 0.34501 0.26453 0.04985
0 0.10406 0.39806 0.25943 0.04481
0 0.11462 0.45111 0.26173 0.04735
0 0.10193 0.50416 0.23678 0.049
0 0.09763 0.55721 0.23376 0.0481
0 0.10936 0.61026 0.22906 0.04784
0 0.10468 0.66331 0.23244 0.05136
0 0.10768 0.71636 0.22843 0.04914
0 0.10649 0.76941 0.22497 0.0503
0 0.10194 0.82246 0.23217 0.05137
0 0.10365 0.87551 0.23523 0.04469
0 0.10759 0.92856 0.23919 0.04801
0 0.32411 0.14609 0.22705 0.05072
0 0.29556 0.20444 0.23811 0.04917
0 0.29512 0.26280 0.22621 0.05137
0 0.29149 0.32115 0.23353 0.0485
0 0.32783 0.37951 0.23385 0.04388
0 0.33006 0.43786 0.22389 0.04585
0 0.3367 0.49622 0.24356 0.04732
0 0.30342 0.55457 0.24292 0.04572
0 0.33259 0.61293 0.2402 0.05001
0 0.3207 0.67129 0.23048 0.0522
0 0.33431 0.72964 0.22776 0.04613
0 0.32112 0.78800 0.25589 0.04827
0 0.34313 0.84635 0.26069 0.04674
0 0.29261 0.90471 0.25809 0.04873
0 0.32609 0.96306 0.26353 0.04414
0 0.51276 0.13281 0.26229 0.0504
0 0.53903 0.18586 0.24764 0.05039
0 0.52633 0.23891 0.22719 0.05201
0 0.49596 0.29196 0.25862 0.04853
0 0.47245 0.34501 0.23803 0.04496
0 0.5598 0.39806 0.25344 0.051
0 0.55345 0.45111 0.2636 0.04913
0 0.55012 0.50416 0.24668 0.05007
0 0.53091 0.55721 0.23994 0.05252
0 0.48038 0.61026 0.22374 0.04901
0 0.48917 0.66331 0.26413 0.04905
0 0.49791 0.71636 0.22938 0.04532
0 0.51086 0.76941 0.25586 0.04586
0 0.53771 0.82246 0.24318 0.04423
0 0.53088 0.87551 0.26512 0.04806
0 0.50224 0.92856 0.24967 0.04432
0 0.68551 0.11953 0.23852 0.04658
0 0.7226 0.16727 0.25775 0.04984
0 0.66285 0.21502 0.25497 0.05098
0 0.76499 0.26276 0.24928 0.05098
0 0.74767 0.31051 0.24592 0.04617
0 0.74752 0.35825 0.24759 0.04619
0 0.70996 0.40600 0.23331 0.05078
0 0.7802 0.45374 0.22623 0.04625
0 0.67915 0.50149 0.24772 0.05097
0 0.79658 0.54923 0.25818 0.04853
0 0.80095 0.59698 0.26251 0.05238
0 0.70786 0.64472 0.22451 0.04717
0 0.72763 0.69247 0.26438 0.05206
0 0.78031 0.74021 0.25791 0.04889
0 0.68666 0.78796 0.25513 0.04734
0 0.71004 0.83571 0.2323 0.04555
0 0.99263 0.13281 0.26344 0.04467
0 0.91288 0.18586 0.23367 0.04689
0 0.99115 0.23891 0.22895 0.0442
0 0.98987 0.29196 0.25748 0.05151
0 0.95392 0.34501 0.25005 0.04556
0 0.8537 0.39806 0.25325 0.04734
0 0.98756 0.45111 0.22242 0.0498
0 0.89192 0.50416 0.258 0.0495
0 0.82704 0.55721 0.24784 0.04962
0 0.91833 0.61026 0.2283 0.04697
0 0.90614 0.66331 0.25099 0.04434
0 0.89725 0.71636 0.25145 0.0505
0 0.83169 0.76941 0.25158 0.0503
0 0.97324 0.82246 0.22748 0.05159
0 0.93616 0.87551 0.22955 0.04576
0 0.89879 0.92856 0.23624 0.04801