0 0.10768 0.13281 0.40618 0.08487
0 0.10385 0.18586 0.41375 0.07514
0 0.09718 0.23891 0.37499 0.08396
0 0.1168 0.29196 0.42595 0.07655
0 0.09959 0.34501 0.39581 0.08235
0 0.09845 0.39806 0.39739 0.08413
0 0.10831 0.45111 0.41547 0.08446
0 0.10014 0.50416 0.41387 0.08573
0 0.11496 0.55721 0.38406 0.08471
0 0.11198 0.61026 0.40106 0.08689
0 0.10617 0.66331 0.40998 0.07965
0 0.09352 0.71636 0.37338 0.08441
0 0.11416 0.76941 0.38611 0.08033
0 0.09383 0.82246 0.38004 0.08179
0 0.10486 0.87551 0.39882 0.07423
0 0.09399 0.92856 0.42465 0.07346
0 0.28709 0.14609 0.39648 0.08035
0 0.28112 0.20444 0.37411 0.08548
0 0.28214 0.26280 0.37547 0.08386
0 0.2912 0.32115 0.40079 0.07412
0 0.3053 0.37951 0.39011 0.08208
0 0.33763 0.43786 0.41344 0.07921
0 0.35448 0.49622 0.43754 0.07861
0 0.2901 0.55457 0.38525 0.08024
0 0.35845 0.61293 0.39228 0.07734
0 0.31936 0.67129 0.40587 0.07702
0 0.35163 0.72964 0.38634 0.08445
0 0.3502 0.78800 0.39261 0.07596
0 0.29502 0.84635 0.43841 0.08713
0 0.28618 0.90471 0.40045 0.08395
0 0.28212 0.96306 0.398 0.08472
0 0.58604 0.13281 0.42676 0.08564
0 0.4728 0.18586 0.40213 0.07603
0 0.52634 0.23891 0.39423 0.07382
0 0.59585 0.29196 0.43688 0.07334
0 0.57483 0.34501 0.42181 0.07357
0 0.46261 0.39806 0.37865 0.08728
0 0.55856 0.45111 0.41153 0.08332
0 0.54603 0.50416 0.38127 0.07556
0 0.53814 0.55721 0.3894 0.08279
0 0.58623 0.61026 0.3782 0.07888
0 0.49856 0.66331 0.42266 0.08167
0 0.52929 0.71636 0.40481 0.07366
0 0.53384 0.76941 0.3916 0.07419
0 0.57186 0.82246 0.38325 0.07607
0 0.51203 0.87551 0.41085 0.07707
0 0.50299 0.92856 0.39295 0.07717
0 0.77091 0.11953 0.37871 0.08689
0 0.72973 0.16727 0.42843 0.08289
0 0.68845 0.21502 0.37462 0.08544
0 0.699 0.26276 0.37593 0.07841
0 0.67377 0.31051 0.40586 0.08729
0 0.66122 0.35825 0.40277 0.08626
0 0.70634 0.40600 0.40614 0.07863
0 0.67128 0.45374 0.42918 0.08165
0 0.823 0.50149 0.36934 0.08318
0 0.68454 0.54923 0.39813 0.08249
0 0.68304 0.59698 0.37384 0.07706
0 0.80729 0.64472 0.43183 0.08199
0 0.80036 0.69247 0.42833 0.08087
0 0.70305 0.74021 0.43327 0.08013
0 0.7373 0.78796 0.42922 0.087
0 0.747 0.83571 0.40211 0.08644
0 0.89816 0.13281 0.38205 0.07336
0 0.82004 0.18586 0.42616 0.07445
0 0.883 0.23891 0.42544 0.07493
0 0.82633 0.34501 0.39758 0.07382
0 0.81853 0.39806 0.41546 0.08305
0 0.86436 0.45111 0.43302 0.07816
0 0.9822 0.55721 0.41046 0.08179
0 0.87271 0.61026 0.39954 0.08543
0 0.96908 0.66331 0.42609 0.08493
0 0.9554 0.71636 0.41314 0.0782
0 0.85787 0.76941 0.41122 0.08069
0 0.91151 0.87551 0.43377 0.07369
0 0.95881 0.92856 0.41101 0.08099