0 0.10501 0.12010 0.18035 0.04305
0 0.10501 0.18982 0.17227 0.03549
0 0.10501 0.24666 0.21197 0.03783
0 0.10501 0.31706 0.17651 0.03899
0 0.10501 0.37898 0.19986 0.03531
0 0.10501 0.42205 0.19512 0.04233
0 0.10501 0.46337 0.18077 0.03842
0 0.10501 0.53621 0.19087 0.03795
0 0.10501 0.53553 0.18092 0.04177
0 0.10501 0.64530 0.16244 0.03579
0 0.10501 0.68080 0.1864 0.03818
0 0.10501 0.68442 0.196 0.04271
0 0.10501 0.71833 0.19242 0.03629
0 0.10501 0.86998 0.17177 0.03915
0 0.10501 0.89697 0.22033 0.04011
0 0.10501 0.91688 0.16717 0.04175
0 0.3148 0.15497 0.16994 0.03454
0 0.3148 0.22071 0.19308 0.03673
0 0.3148 0.25587 0.20009 0.03641
0 0.3148 0.34748 0.18837 0.03708
0 0.3148 0.35544 0.19856 0.03809
0 0.3148 0.39413 0.18139 0.03647
0 0.3148 0.47102 0.19659 0.03921
0 0.3148 0.51313 0.19125 0.03575
0 0.3148 0.60696 0.20073 0.04284
0 0.3148 0.70585 0.19498 0.03993
0 0.3148 0.79514 0.20294 0.0346
0 0.3148 0.73036 0.21686 0.03254
0 0.3148 0.88971 0.17199 0.03709
0 0.3148 0.99267 0.18623 0.03272
0 0.3148 0.92822 0.16421 0.0345
0 0.52459 0.13836 0.21293 0.03989
0 0.52459 0.17471 0.20902 0.03834
0 0.52459 0.21848 0.17175 0.04065
0 0.52459 0.27292 0.19607 0.03503
0 0.52459 0.35793 0.20591 0.04225
0 0.52459 0.38817 0.186 0.03959
0 0.52459 0.47227 0.18366 0.03348
0 0.52459 0.54884 0.17254 0.03917
0 0.52459 0.58814 0.18919 0.04364
0 0.52459 0.63550 0.21544 0.03898
0 0.52459 0.68350 0.17464 0.03368
0 0.52459 0.77866 0.21508 0.04132
0 0.52459 0.84387 0.21154 0.0387
0 0.52459 0.89235 0.2158 0.04296
0 0.52459 0.91150 0.21918 0.03702
0 0.52459 0.90119 0.20818 0.03822
0 0.73438 0.12286 0.21727 0.04327
0 0.73438 0.16694 0.20792 0.03913
0 0.73438 0.20636 0.19589 0.04002
0 0.73438 0.24939 0.21987 0.04205
0 0.73438 0.31184 0.1835 0.04109
0 0.73438 0.35364 0.2047 0.03803
0 0.73438 0.39110 0.20555 0.03921
0 0.73438 0.47997 0.20321 0.03849
0 0.73438 0.51317 0.17044 0.03644
0 0.73438 0.52369 0.18469 0.0324
0 0.73438 0.55848 0.16373 0.04334
0 0.73438 0.69290 0.1988 0.03773
0 0.73438 0.62818 0.16247 0.03657
0 0.73438 0.75735 0.18215 0.04015
0 0.73438 0.76478 0.21208 0.04014
0 0.73438 0.86587 0.18173 0.03784
0 0.90921 0.12018 0.17331 0.03363
0 0.90921 0.17633 0.19108 0.04076
0 0.90921 0.21815 0.17482 0.0331
0 0.90921 0.28614 0.17071 0.03476
0 0.90921 0.34659 0.19172 0.03757
0 0.90921 0.40135 0.17272 0.03559
0 0.90921 0.40824 0.22099 0.04265
0 0.90921 0.47558 0.18214 0.03604
0 0.90921 0.50976 0.21108 0.04047
0 0.90921 0.63422 0.20639 0.04062
0 0.90921 0.70642 0.18172 0.03549
0 0.90921 0.69769 0.1955 0.03219
0 0.90921 0.80723 0.20062 0.0355
0 0.90921 0.81899 0.1927 0.03498
0 0.90921 0.89717 0.19488 0.03749