0 0.10501 0.13281 0.41629 0.07813
0 0.10501 0.18586 0.41064 0.07359
0 0.10501 0.23891 0.40388 0.07625
0 0.10501 0.29196 0.37204 0.07822
0 0.10501 0.34501 0.38783 0.07741
0 0.10501 0.39806 0.40929 0.07353
0 0.10501 0.45111 0.37593 0.07961
0 0.10501 0.50416 0.41525 0.07661
0 0.10501 0.55721 0.38844 0.08724
0 0.10501 0.61026 0.40531 0.08653
0 0.10501 0.66331 0.37773 0.08145
0 0.10501 0.71636 0.38052 0.07592
0 0.10501 0.76941 0.43695 0.07473
0 0.10501 0.82246 0.36909 0.07769
0 0.10501 0.87551 0.39401 0.08479
0 0.10501 0.92856 0.42431 0.08271
0 0.3148 0.14609 0.37745 0.07808
0 0.3148 0.20444 0.41946 0.08229
0 0.3148 0.26280 0.38884 0.08417
0 0.3148 0.32115 0.39504 0.07498
0 0.3148 0.37951 0.42285 0.08712
0 0.3148 0.43786 0.41112 0.07554
0 0.3148 0.49622 0.42308 0.0777
0 0.3148 0.55457 0.38848 0.08623
0 0.3148 0.61293 0.41193 0.07352
0 0.3148 0.67129 0.37741 0.07995
0 0.3148 0.72964 0.43413 0.07644
0 0.3148 0.78800 0.37673 0.08662
0 0.3148 0.84635 0.37411 0.07491
0 0.3148 0.90471 0.44063 0.08188
0 0.3148 0.96306 0.37161 0.08045
0 0.52459 0.13281 0.42597 0.08506
0 0.52459 0.18586 0.39067 0.0804
0 0.52459 0.23891 0.38065 0.07852
0 0.52459 0.29196 0.37321 0.08113
0 0.52459 0.34501 0.42055 0.08386
0 0.52459 0.39806 0.40966 0.0784
0 0.52459 0.45111 0.41407 0.07713
0 0.52459 0.50416 0.40158 0.07864
0 0.52459 0.55721 0.41502 0.07986
0 0.52459 0.61026 0.4079 0.07349
0 0.52459 0.66331 0.37642 0.0766
0 0.52459 0.71636 0.38729 0.07645
0 0.52459 0.76941 0.37977 0.08397
0 0.52459 0.82246 0.40546 0.07368
0 0.52459 0.87551 0.37971 0.07947
0 0.52459 0.92856 0.42663 0.0817
0 0.73438 0.11953 0.41104 0.07868
0 0.73438 0.16727 0.41454 0.07422
0 0.73438 0.21502 0.44113 0.08314
0 0.73438 0.26276 0.39269 0.07395
0 0.73438 0.31051 0.43642 0.0742
0 0.73438 0.35825 0.40487 0.07995
0 0.73438 0.40600 0.41268 0.07333
0 0.73438 0.45374 0.43077 0.07351
0 0.73438 0.50149 0.41318 0.07412
0 0.73438 0.54923 0.42112 0.07458
0 0.73438 0.59698 0.40538 0.08501
0 0.73438 0.64472 0.39206 0.07936
0 0.73438 0.69247 0.39036 0.07897
0 0.73438 0.74021 0.41403 0.08357
0 0.73438 0.78796 0.38928 0.07586
0 0.73438 0.83571 0.38498 0.07843
0 0.90921 0.13281 0.42465 0.0867
0 0.90921 0.18586 0.41904 0.08683
0 0.90921 0.23891 0.43376 0.08422
0 0.90921 0.29196 0.43522 0.08145
0 0.90921 0.34501 0.37198 0.08449
0 0.90921 0.39806 0.4149 0.08244
0 0.90921 0.45111 0.42358 0.07418
0 0.90921 0.50416 0.43159 0.08623
0 0.90921 0.55721 0.39778 0.08554
0 0.90921 0.61026 0.40672 0.08178
0 0.90921 0.66331 0.42038 0.07615
0 0.90921 0.71636 0.43704 0.08673
0 0.90921 0.76941 0.36886 0.08219
0 0.90921 0.82246 0.38851 0.08343
0 0.90921 0.87551 0.40953 0.08303
0 0.90921 0.92856 0.43185 0.08425