0 0.10501 0.13281 0.40408 0.07524
0 0.10501 0.18586 0.42417 0.08127
0 0.10501 0.23891 0.44206 0.0847
0 0.10501 0.29196 0.42278 0.08295
0 0.10501 0.34501 0.37557 0.07392
0 0.10501 0.39806 0.41695 0.08505
0 0.10501 0.45111 0.42382 0.08174
0 0.10501 0.50416 0.38019 0.0768
0 0.10501 0.55721 0.37046 0.08522
0 0.10501 0.61026 0.37426 0.0747
0 0.10501 0.66331 0.41902 0.0827
0 0.10501 0.71636 0.40638 0.08048
0 0.10501 0.76941 0.39739 0.08444
0 0.10501 0.82246 0.44084 0.08457
0 0.10501 0.87551 0.42792 0.07743
0 0.10501 0.92856 0.41995 0.0833
0 0.3148 0.14609 0.379 0.0812
0 0.3148 0.20444 0.43393 0.08446
0 0.3148 0.26280 0.39138 0.07709
0 0.3148 0.32115 0.38091 0.07575
0 0.3148 0.37951 0.41157 0.07455
0 0.3148 0.43786 0.38884 0.08465
0 0.3148 0.49622 0.43281 0.08184
0 0.3148 0.55457 0.38607 0.07917
0 0.3148 0.61293 0.37343 0.08669
0 0.3148 0.67129 0.41346 0.07906
0 0.3148 0.72964 0.37319 0.07932
0 0.3148 0.78800 0.38613 0.07336
0 0.3148 0.84635 0.39415 0.07437
0 0.3148 0.90471 0.41792 0.08566
0 0.3148 0.96306 0.4008 0.08003
0 0.52459 0.13281 0.37357 0.07544
0 0.52459 0.18586 0.40548 0.07392
0 0.52459 0.23891 0.3803 0.07488
0 0.52459 0.29196 0.37996 0.07859
0 0.52459 0.34501 0.37534 0.07358
0 0.52459 0.39806 0.41315 0.08053
0 0.52459 0.45111 0.40555 0.0779
0 0.52459 0.50416 0.3719 0.08105
0 0.52459 0.55721 0.43201 0.08404
0 0.52459 0.61026 0.43301 0.08551
0 0.52459 0.66331 0.39753 0.08521
0 0.52459 0.71636 0.4408 0.07724
0 0.52459 0.76941 0.40382 0.07473
0 0.52459 0.82246 0.41602 0.08062
0 0.52459 0.87551 0.40497 0.08549
0 0.52459 0.92856 0.38295 0.0736
0 0.73438 0.11953 0.43331 0.08714
0 0.73438 0.16727 0.39632 0.07527
0 0.73438 0.21502 0.42589 0.08612
0 0.73438 0.26276 0.39097 0.08676
0 0.73438 0.31051 0.40503 0.07589
0 0.73438 0.35825 0.36956 0.08219
0 0.73438 0.40600 0.44229 0.08217
0 0.73438 0.45374 0.38253 0.08742
0 0.73438 0.50149 0.40358 0.07309
0 0.73438 0.54923 0.42381 0.07321
0 0.73438 0.59698 0.40831 0.07488
0 0.73438 0.64472 0.38453 0.07905
0 0.73438 0.69247 0.425 0.08599
0 0.73438 0.74021 0.37623 0.08598
0 0.73438 0.78796 0.42915 0.08053
0 0.73438 0.83571 0.39576 0.08448
0 0.90921 0.13281 0.38221 0.07902
0 0.90921 0.18586 0.37345 0.07653
0 0.90921 0.23891 0.37559 0.08039
0 0.90921 0.29196 0.42814 0.07971
0 0.90921 0.34501 0.40146 0.07485
0 0.90921 0.39806 0.41739 0.08145
0 0.90921 0.45111 0.4055 0.07936
0 0.90921 0.50416 0.37573 0.07565
0 0.90921 0.55721 0.36921 0.08261
0 0.90921 0.61026 0.37288 0.07626
0 0.90921 0.66331 0.41152 0.08514
0 0.90921 0.71636 0.39142 0.08723
0 0.90921 0.76941 0.43978 0.0732
0 0.90921 0.82246 0.42977 0.07721
0 0.90921 0.87551 0.38129 0.07591
0 0.90921 0.92856 0.41109 0.08505