0 0.10501 0.13281 0.42282 0.0866
0 0.10501 0.18586 0.39775 0.07335
0 0.10501 0.23891 0.43202 0.0807
0 0.10501 0.29196 0.43307 0.07304
0 0.10501 0.34501 0.39058 0.0781
0 0.10501 0.39806 0.40348 0.0759
0 0.10501 0.45111 0.43056 0.07642
0 0.10501 0.50416 0.39968 0.07471
0 0.10501 0.55721 0.37658 0.08019
0 0.10501 0.61026 0.41296 0.07646
0 0.10501 0.66331 0.38359 0.08165
0 0.10501 0.71636 0.44233 0.08366
0 0.10501 0.76941 0.42771 0.0821
0 0.10501 0.82246 0.40293 0.08739
0 0.10501 0.87551 0.41837 0.07331
0 0.10501 0.92856 0.41046 0.08418
0 0.3148 0.14609 0.36983 0.08532
0 0.3148 0.20444 0.37353 0.07444
0 0.3148 0.26280 0.39113 0.0858
0 0.3148 0.32115 0.38373 0.07971
0 0.3148 0.37951 0.40504 0.07543
0 0.3148 0.43786 0.43835 0.08107
0 0.3148 0.49622 0.38988 0.07922
0 0.3148 0.55457 0.39374 0.07675
0 0.3148 0.61293 0.42639 0.08284
0 0.3148 0.67129 0.37205 0.07823
0 0.3148 0.72964 0.4145 0.07618
0 0.3148 0.78800 0.40374 0.08105
0 0.3148 0.84635 0.38845 0.07868
0 0.3148 0.90471 0.38568 0.07366
0 0.3148 0.96306 0.42138 0.08361
0 0.52459 0.13281 0.44191 0.07896
0 0.52459 0.18586 0.41452 0.07729
0 0.52459 0.23891 0.38654 0.07837
0 0.52459 0.29196 0.44255 0.08398
0 0.52459 0.34501 0.38248 0.07952
0 0.52459 0.39806 0.42112 0.08327
0 0.52459 0.45111 0.41077 0.07701
0 0.52459 0.50416 0.38887 0.07568
0 0.52459 0.55721 0.40945 0.08449
0 0.52459 0.61026 0.43334 0.08126
0 0.52459 0.66331 0.43738 0.08444
0 0.52459 0.71636 0.38103 0.07744
0 0.52459 0.76941 0.37638 0.08652
0 0.52459 0.82246 0.41325 0.08113
0 0.52459 0.87551 0.36887 0.07958
0 0.52459 0.92856 0.41595 0.07798
0 0.73438 0.11953 0.38581 0.07561
0 0.73438 0.16727 0.44189 0.08626
0 0.73438 0.21502 0.4335 0.08594
0 0.73438 0.26276 0.40556 0.07841
0 0.73438 0.31051 0.41907 0.07682
0 0.73438 0.35825 0.38382 0.07328
0 0.73438 0.40600 0.39409 0.0772
0 0.73438 0.45374 0.37496 0.08299
0 0.73438 0.50149 0.42475 0.0767
0 0.73438 0.54923 0.37579 0.07543
0 0.73438 0.59698 0.37232 0.0834
0 0.73438 0.64472 0.41613 0.07316
0 0.73438 0.69247 0.40477 0.07675
0 0.73438 0.74021 0.43959 0.07823
0 0.73438 0.78796 0.40191 0.0752
0 0.73438 0.83571 0.38779 0.07537
0 0.90921 0.13281 0.39634 0.08681
0 0.90921 0.18586 0.4283 0.08234
0 0.90921 0.23891 0.41441 0.08721
0 0.90921 0.29196 0.42333 0.07789
0 0.90921 0.34501 0.43611 0.07585
0 0.90921 0.39806 0.40113 0.07312
0 0.90921 0.45111 0.43973 0.08051
0 0.90921 0.50416 0.42734 0.07518
0 0.90921 0.55721 0.38278 0.08541
0 0.90921 0.61026 0.40032 0.08616
0 0.90921 0.66331 0.40694 0.07502
0 0.90921 0.71636 0.38476 0.07374
0 0.90921 0.76941 0.42971 0.07907
0 0.90921 0.82246 0.37529 0.08074
0 0.90921 0.87551 0.39732 0.0831
0 0.90921 0.92856 0.37497 0.07388