0 0.10501 0.13281 0.40782 0.08266
0 0.10501 0.18586 0.38323 0.07925
0 0.10501 0.23891 0.41805 0.08357
0 0.10501 0.29196 0.37219 0.08125
0 0.10501 0.34501 0.42733 0.0762
0 0.10501 0.39806 0.38222 0.07472
0 0.10501 0.45111 0.41487 0.08421
0 0.10501 0.50416 0.38954 0.08013
0 0.10501 0.55721 0.41756 0.08567
0 0.10501 0.61026 0.42456 0.07385
0 0.10501 0.66331 0.43092 0.08157
0 0.10501 0.71636 0.37015 0.07937
0 0.10501 0.76941 0.38824 0.07588
0 0.10501 0.82246 0.40737 0.0774
0 0.10501 0.87551 0.44086 0.08015
0 0.10501 0.92856 0.40249 0.08588
0 0.3148 0.14609 0.39791 0.0788
0 0.3148 0.20444 0.39987 0.08376
0 0.3148 0.26280 0.40229 0.07729
0 0.3148 0.32115 0.43916 0.08449
0 0.3148 0.37951 0.4185 0.0763
0 0.3148 0.43786 0.40942 0.08635
0 0.3148 0.49622 0.44029 0.08412
0 0.3148 0.55457 0.39994 0.07482
0 0.3148 0.61293 0.41415 0.07808
0 0.3148 0.67129 0.41729 0.08395
0 0.3148 0.72964 0.38756 0.08668
0 0.3148 0.78800 0.43849 0.07991
0 0.3148 0.84635 0.4284 0.08614
0 0.3148 0.90471 0.38692 0.07323
0 0.3148 0.96306 0.39863 0.08467
0 0.52459 0.13281 0.40758 0.08003
0 0.52459 0.18586 0.40736 0.07856
0 0.52459 0.23891 0.39585 0.0845
0 0.52459 0.29196 0.44148 0.08394
0 0.52459 0.34501 0.38656 0.07843
0 0.52459 0.39806 0.42915 0.08315
0 0.52459 0.45111 0.40227 0.07696
0 0.52459 0.50416 0.41766 0.08755
0 0.52459 0.55721 0.37121 0.08551
0 0.52459 0.61026 0.44034 0.08568
0 0.52459 0.66331 0.38343 0.08323
0 0.52459 0.71636 0.37478 0.0776
0 0.52459 0.76941 0.38219 0.07389
0 0.52459 0.82246 0.42153 0.08569
0 0.52459 0.87551 0.44161 0.07908
0 0.52459 0.92856 0.41947 0.07828
0 0.73438 0.11953 0.42013 0.07591
0 0.73438 0.16727 0.43654 0.0824
0 0.73438 0.21502 0.37872 0.08357
0 0.73438 0.26276 0.42244 0.08273
0 0.73438 0.31051 0.39745 0.07422
0 0.73438 0.35825 0.43366 0.07349
0 0.73438 0.40600 0.37228 0.08529
0 0.73438 0.45374 0.37101 0.07961
0 0.73438 0.50149 0.37931 0.07702
0 0.73438 0.54923 0.41091 0.07638
0 0.73438 0.59698 0.41748 0.07663
0 0.73438 0.64472 0.3993 0.08283
0 0.73438 0.69247 0.40866 0.0752
0 0.73438 0.74021 0.43568 0.07336
0 0.73438 0.78796 0.43911 0.0744
0 0.73438 0.83571 0.3691 0.08718
0 0.90921 0.13281 0.3702 0.08454
0 0.90921 0.18586 0.42173 0.08393
0 0.90921 0.23891 0.39618 0.08435
0 0.90921 0.29196 0.39792 0.08491
0 0.90921 0.34501 0.37982 0.08516
0 0.90921 0.39806 0.41765 0.07749
0 0.90921 0.45111 0.40181 0.08334
0 0.90921 0.50416 0.4294 0.08157
0 0.90921 0.55721 0.43709 0.07761
0 0.90921 0.61026 0.38547 0.08644
0 0.90921 0.66331 0.43756 0.07778
0 0.90921 0.71636 0.39724 0.08114
0 0.90921 0.76941 0.40688 0.08648
0 0.90921 0.82246 0.40278 0.07586
0 0.90921 0.87551 0.38372 0.07417
0 0.90921 0.92856 0.42058 0.07871