0 0.10501 0.12594 0.16673 0.03414
0 0.10501 0.19974 0.18099 0.03953
0 0.10501 0.26089 0.21637 0.0364
0 0.10501 0.28766 0.178 0.04276
0 0.10501 0.32545 0.21974 0.03938
0 0.10501 0.36776 0.17837 0.03213
0 0.10501 0.48347 0.21072 0.03465
0 0.10501 0.53993 0.17449 0.04013
0 0.10501 0.59181 0.20285 0.04127
0 0.10501 0.59573 0.20178 0.04108
0 0.10501 0.64286 0.18669 0.04311
0 0.10501 0.65596 0.21231 0.04314
0 0.10501 0.73403 0.16455 0.03366
0 0.10501 0.89286 0.17429 0.0324
0 0.10501 0.82042 0.18336 0.0384
0 0.10501 0.96189 0.21875 0.03892
0 0.3148 0.15901 0.18568 0.03842
0 0.3148 0.18423 0.21421 0.041
0 0.3148 0.28782 0.18316 0.04244
0 0.3148 0.33116 0.19709 0.03265
0 0.3148 0.40809 0.2029 0.04315
0 0.3148 0.40365 0.21426 0.043
0 0.3148 0.53965 0.19353 0.03876
0 0.3148 0.59472 0.16336 0.04303
0 0.3148 0.58905 0.1976 0.03989
0 0.3148 0.68004 0.17498 0.03253
0 0.3148 0.74340 0.21706 0.04365
0 0.3148 0.81711 0.17588 0.04112
0 0.3148 0.77990 0.22016 0.03715
0 0.3148 0.85530 0.21798 0.03455
0 0.3148 0.91963 0.21684 0.03996
0 0.52459 0.13031 0.19678 0.03217
0 0.52459 0.18199 0.17238 0.03484
0 0.52459 0.24422 0.21494 0.04259
0 0.52459 0.31669 0.21617 0.04223
0 0.52459 0.34697 0.19057 0.03514
0 0.52459 0.37828 0.2204 0.04332
0 0.52459 0.45898 0.17394 0.04245
0 0.52459 0.49210 0.20861 0.04004
0 0.52459 0.60584 0.19178 0.04149
0 0.52459 0.58344 0.21241 0.04067
0 0.52459 0.69233 0.21257 0.03661
0 0.52459 0.76889 0.17846 0.0363
0 0.52459 0.69521 0.16348 0.04356
0 0.52459 0.80178 0.18033 0.0402
0 0.52459 0.83219 0.17008 0.03868
0 0.52459 0.89190 0.21326 0.04328
0 0.73438 0.11456 0.19729 0.04332
0 0.73438 0.18223 0.17974 0.04177
0 0.73438 0.19924 0.18925 0.04298
0 0.73438 0.24543 0.20649 0.04048
0 0.73438 0.31504 0.20226 0.04244
0 0.73438 0.35753 0.18617 0.03928
0 0.73438 0.42983 0.1714 0.03428
0 0.73438 0.44081 0.16726 0.03648
0 0.73438 0.54154 0.20778 0.03414
0 0.73438 0.58106 0.17145 0.03992
0 0.73438 0.54815 0.19879 0.03755
0 0.73438 0.64922 0.19269 0.03262
0 0.73438 0.71376 0.20739 0.03661
0 0.73438 0.78265 0.21761 0.04019
0 0.73438 0.78069 0.16722 0.04212
0 0.73438 0.91112 0.20104 0.04247
0 0.90921 0.12237 0.17241 0.03889
0 0.90921 0.18400 0.21826 0.03852
0 0.90921 0.24810 0.16905 0.03831
0 0.90921 0.26760 0.20305 0.03543
0 0.90921 0.33632 0.19229 0.04302
0 0.90921 0.36148 0.21594 0.04218
0 0.90921 0.49380 0.18489 0.0436
0 0.90921 0.50877 0.21316 0.0346
0 0.90921 0.58427 0.1948 0.03706
0 0.90921 0.61575 0.17086 0.03238
0 0.90921 0.64929 0.16955 0.04263
0 0.90921 0.68552 0.16652 0.03286
0 0.90921 0.78485 0.16903 0.03738
0 0.90921 0.90180 0.16908 0.04021
0 0.90921 0.79032 0.19297 0.04013
0 0.90921 0.88625 0.18098 0.03977