0 0.09568 0.13281 0.39599 0.07644
0 0.11822 0.18586 0.44062 0.08311
0 0.10324 0.23891 0.41249 0.07986
0 0.10041 0.29196 0.44176 0.07959
0 0.11792 0.34501 0.39774 0.08157
0 0.11196 0.39806 0.39946 0.08111
0 0.10207 0.45111 0.37396 0.08579
0 0.11735 0.50416 0.41496 0.08461
0 0.1038 0.55721 0.40415 0.07975
0 0.1034 0.61026 0.39476 0.07703
0 0.09762 0.66331 0.41195 0.08489
0 0.11245 0.71636 0.40949 0.08416
0 0.10914 0.76941 0.43947 0.07386
0 0.11671 0.82246 0.43418 0.07463
0 0.10918 0.87551 0.43422 0.07341
0 0.10036 0.92856 0.43762 0.07834
0 0.29462 0.14609 0.40227 0.07853
0 0.30556 0.20444 0.38327 0.07514
0 0.35827 0.26280 0.40107 0.08484
0 0.34021 0.32115 0.37768 0.08238
0 0.29471 0.37951 0.37556 0.07396
0 0.33789 0.43786 0.3751 0.07983
0 0.35649 0.49622 0.39837 0.0738
0 0.30599 0.55457 0.3886 0.079
0 0.33534 0.61293 0.41917 0.08308
0 0.31873 0.67129 0.42285 0.077
0 0.32649 0.72964 0.38027 0.07541
0 0.33894 0.78800 0.44131 0.08183
0 0.35725 0.84635 0.37059 0.08747
0 0.28842 0.90471 0.36974 0.07335
0 0.31602 0.96306 0.4306 0.08021
0 0.54185 0.13281 0.377 0.08118
0 0.53833 0.18586 0.41592 0.08237
0 0.4686 0.23891 0.38783 0.0783
0 0.49869 0.29196 0.39532 0.07644
0 0.5101 0.34501 0.37973 0.08622
0 0.46264 0.39806 0.43709 0.07768
0 0.59678 0.45111 0.39264 0.07312
0 0.47659 0.50416 0.42969 0.08049
0 0.47576 0.55721 0.39155 0.07984
0 0.46704 0.61026 0.43125 0.08266
0 0.52994 0.66331 0.38267 0.07895
0 0.47638 0.71636 0.39163 0.07306
0 0.57768 0.76941 0.39022 0.08638
0 0.47373 0.82246 0.43109 0.08188
0 0.54738 0.87551 0.41645 0.0819
0 0.51664 0.92856 0.38199 0.08518
0 0.76279 0.11953 0.41968 0.07439
0 0.76994 0.16727 0.37489 0.08719
0 0.83611 0.21502 0.37497 0.0797
0 0.78727 0.26276 0.3803 0.08289
0 0.70917 0.31051 0.43116 0.0754
0 0.77689 0.35825 0.3985 0.08429
0 0.68024 0.40600 0.38875 0.07756
0 0.79934 0.45374 0.39925 0.07365
0 0.70221 0.50149 0.43548 0.0842
0 0.69942 0.54923 0.41411 0.08125
0 0.74039 0.59698 0.42053 0.07814
0 0.67416 0.64472 0.43675 0.07709
0 0.70448 0.69247 0.38384 0.08643
0 0.81007 0.74021 0.41758 0.07427
0 0.83819 0.78796 0.42448 0.07978
0 0.77706 0.83571 0.39722 0.0775
0 0.90469 0.13281 0.43833 0.07448
0 0.95436 0.18586 0.439 0.08098
0 0.86416 0.23891 0.42965 0.08115
0 0.83742 0.34501 0.39527 0.07778
0 0.98646 0.39806 0.40417 0.08239
0 0.88082 0.45111 0.37541 0.07324
0 0.99953 0.50416 0.39985 0.07829
0 0.83116 0.55721 0.41067 0.07576
0 0.94435 0.61026 0.39747 0.07308
0 0.98782 0.66331 0.37904 0.08093
0 0.97416 0.76941 0.39643 0.08618
0 0.91517 0.87551 0.3858 0.08732
0 0.97525 0.92856 0.3783 0.07781