0 0.09711 0.13281 0.22788 0.0446
0 0.11193 0.18586 0.24513 0.04888
0 0.10787 0.23891 0.25499 0.05101
0 0.09497 0.29196 0.23075 0.04821
0 0.10623 0.34501 0.24649 0.04975
0 0.09809 0.39806 0.25297 0.0485
0 0.10199 0.45111 0.25705 0.0465
0 0.10083 0.50416 0.25957 0.04573
0 0.10113 0.55721 0.2289 0.0482
0 0.09739 0.61026 0.23145 0.04634
0 0.11427 0.66331 0.24609 0.04751
0 0.0946 0.71636 0.26534 0.05252
0 0.10529 0.76941 0.24832 0.05139
0 0.10295 0.82246 0.23434 0.04671
0 0.11346 0.87551 0.25726 0.05046
0 0.10057 0.92856 0.2615 0.04478
0 0.29864 0.14609 0.23329 0.05206
0 0.31056 0.20444 0.26375 0.04647
0 0.32546 0.26280 0.24644 0.04437
0 0.29081 0.32115 0.22812 0.05139
0 0.34101 0.37951 0.23232 0.04721
0 0.32067 0.43786 0.23686 0.05225
0 0.30353 0.49622 0.23454 0.04655
0 0.29061 0.55457 0.23476 0.04816
0 0.33055 0.61293 0.23075 0.04581
0 0.34209 0.67129 0.22886 0.04586
0 0.30099 0.72964 0.23126 0.04584
0 0.307 0.78800 0.26093 0.04435
0 0.3263 0.84635 0.26209 0.04889
0 0.29458 0.90471 0.24363 0.04866
0 0.34203 0.96306 0.23404 0.0467
0 0.53035 0.13281 0.26438 0.04537
0 0.48368 0.18586 0.25958 0.04428
0 0.56413 0.23891 0.2616 0.05051
0 0.56187 0.29196 0.25972 0.04481
0 0.55316 0.34501 0.26281 0.04875
0 0.48117 0.39806 0.23611 0.04491
0 0.49865 0.45111 0.26159 0.04969
0 0.51771 0.50416 0.22796 0.04932
0 0.47536 0.55721 0.26152 0.05071
0 0.50901 0.61026 0.2572 0.0462
0 0.53798 0.66331 0.23721 0.04756
0 0.49387 0.71636 0.24076 0.04721
0 0.52306 0.76941 0.25853 0.05104
0 0.53492 0.82246 0.26553 0.04489
0 0.56692 0.87551 0.26262 0.04591
0 0.56184 0.92856 0.24483 0.04666
0 0.75505 0.11953 0.22311 0.0488
0 0.79819 0.16727 0.22959 0.05079
0 0.67656 0.21502 0.26217 0.04923
0 0.79647 0.26276 0.24119 0.05044
0 0.73158 0.31051 0.26059 0.04915
0 0.75354 0.35825 0.22948 0.05132
0 0.75449 0.40600 0.25113 0.04478
0 0.71569 0.45374 0.26221 0.04613
0 0.69089 0.50149 0.23711 0.05027
0 0.74406 0.54923 0.26373 0.04576
0 0.69811 0.59698 0.24841 0.04409
0 0.75588 0.64472 0.26299 0.051
0 0.80026 0.69247 0.23919 0.04709
0 0.76053 0.74021 0.24578 0.04723
0 0.76145 0.78796 0.25903 0.05166
0 0.76731 0.83571 0.22944 0.05013
0 0.93922 0.13281 0.24099 0.05253
0 0.96277 0.18586 0.22762 0.04961
0 0.86464 0.23891 0.25359 0.05242
0 0.83932 0.29196 0.25028 0.04762
0 0.97913 0.34501 0.2459 0.04972
0 0.91767 0.39806 0.23048 0.04431
0 0.96469 0.45111 0.2331 0.049
0 0.89629 0.50416 0.24709 0.04515
0 0.86265 0.55721 0.25013 0.04788
0 0.86311 0.61026 0.24809 0.04845
0 0.83008 0.66331 0.22867 0.04483
0 0.98422 0.71636 0.22366 0.04857
0 0.997 0.76941 0.25685 0.05069
0 0.86463 0.82246 0.22683 0.05201
0 0.87462 0.87551 0.22873 0.05241
0 0.86758 0.92856 0.25698 0.04407