0 0.09496 0.13281 0.2518 0.04798
0 0.10574 0.18586 0.22193 0.0494
0 0.10587 0.23891 0.25929 0.05194
0 0.09581 0.29196 0.24297 0.05089
0 0.10075 0.34501 0.23401 0.04595
0 0.11231 0.39806 0.22387 0.04728
0 0.09994 0.45111 0.26321 0.04569
0 0.10849 0.50416 0.2488 0.04449
0 0.11008 0.55721 0.22666 0.05134
0 0.11098 0.61026 0.25112 0.04775
0 0.09871 0.66331 0.22141 0.04789
0 0.11378 0.71636 0.24443 0.0475
0 0.10837 0.76941 0.25852 0.0443
0 0.10028 0.82246 0.25988 0.047
0 0.10061 0.87551 0.26304 0.05017
0 0.11456 0.92856 0.23458 0.05067
0 0.3378 0.14609 0.24493 0.0446
0 0.30532 0.20444 0.26212 0.04848
0 0.2906 0.26280 0.22945 0.04464
0 0.31661 0.32115 0.24566 0.04752
0 0.32439 0.37951 0.26293 0.0489
0 0.29839 0.43786 0.25142 0.04834
0 0.28351 0.49622 0.26407 0.04604
0 0.30366 0.55457 0.2418 0.04416
0 0.34539 0.61293 0.23903 0.04996
0 0.32946 0.67129 0.24382 0.05061
0 0.32782 0.72964 0.25031 0.04946
0 0.31933 0.78800 0.22895 0.04552
0 0.29297 0.84635 0.24259 0.04891
0 0.32878 0.90471 0.25213 0.04662
0 0.28983 0.96306 0.22416 0.04898
0 0.54664 0.13281 0.25973 0.04508
0 0.54874 0.18586 0.25223 0.05068
0 0.49961 0.23891 0.23904 0.05065
0 0.49407 0.29196 0.25742 0.04685
0 0.53066 0.34501 0.23237 0.04932
0 0.49794 0.39806 0.26274 0.05088
0 0.53514 0.45111 0.24557 0.04622
0 0.49846 0.50416 0.2279 0.0495
0 0.51083 0.55721 0.24687 0.04809
0 0.48779 0.61026 0.2564 0.04425
0 0.5523 0.66331 0.26438 0.04943
0 0.50658 0.71636 0.26088 0.04897
0 0.49064 0.76941 0.22473 0.05223
0 0.53103 0.82246 0.23803 0.04865
0 0.50834 0.87551 0.22429 0.04468
0 0.55737 0.92856 0.23779 0.04379
0 0.69891 0.11953 0.24428 0.04573
0 0.69289 0.16727 0.26003 0.04922
0 0.75535 0.21502 0.25199 0.05037
0 0.75884 0.26276 0.22804 0.05201
0 0.73782 0.31051 0.24641 0.04859
0 0.74924 0.35825 0.23255 0.04494
0 0.6973 0.40600 0.264 0.04603
0 0.77564 0.45374 0.24104 0.04716
0 0.69218 0.50149 0.24924 0.04945
0 0.7263 0.54923 0.22183 0.04497
0 0.69521 0.59698 0.25115 0.04803
0 0.73863 0.64472 0.24917 0.04476
0 0.7761 0.69247 0.23661 0.04903
0 0.68126 0.74021 0.25611 0.04839
0 0.66115 0.78796 0.25718 0.05146
0 0.68441 0.83571 0.23589 0.04917
0 0.97745 0.13281 0.24855 0.04919
0 0.99338 0.18586 0.25553 0.04657
0 0.96737 0.23891 0.23337 0.04598
0 0.86299 0.29196 0.23412 0.04978
0 0.95357 0.34501 0.25885 0.04989
0 0.87687 0.39806 0.24624 0.04673
0 0.96331 0.45111 0.23124 0.04835
0 0.94128 0.50416 0.23281 0.04426
0 0.95036 0.55721 0.23722 0.0448
0 0.95719 0.61026 0.22319 0.0484
0 0.98497 0.66331 0.23523 0.04751
0 0.9762 0.71636 0.23526 0.04729
0 0.93952 0.76941 0.23818 0.04754
0 0.82628 0.82246 0.25342 0.05171
0 0.8441 0.87551 0.23994 0.04551
0 0.83644 0.92856 0.24429 0.0504