0 0.11354 0.13281 0.43877 0.08104
0 0.1121 0.18586 0.38969 0.07988
0 0.09732 0.23891 0.43966 0.07738
0 0.09287 0.29196 0.39843 0.07741
0 0.11535 0.34501 0.37064 0.08011
0 0.11979 0.39806 0.39805 0.0766
0 0.11805 0.45111 0.41311 0.07529
0 0.11959 0.50416 0.37062 0.08367
0 0.11278 0.55721 0.41588 0.07864
0 0.10908 0.61026 0.39379 0.07317
0 0.1073 0.66331 0.41036 0.08679
0 0.11379 0.71636 0.43061 0.07826
0 0.11091 0.76941 0.38104 0.08443
0 0.11997 0.82246 0.37216 0.07495
0 0.10127 0.87551 0.40686 0.0769
0 0.10475 0.92856 0.43043 0.07549
0 0.32271 0.14609 0.3779 0.07572
0 0.29666 0.20444 0.39911 0.08575
0 0.28651 0.26280 0.40773 0.07423
0 0.33867 0.32115 0.3819 0.07871
0 0.29618 0.37951 0.3707 0.08128
0 0.32671 0.43786 0.39841 0.08446
0 0.35984 0.49622 0.39465 0.07986
0 0.34973 0.55457 0.44001 0.08177
0 0.2828 0.61293 0.37783 0.07949
0 0.35797 0.67129 0.43056 0.08263
0 0.32962 0.72964 0.40799 0.07804
0 0.33399 0.78800 0.37192 0.08313
0 0.34762 0.84635 0.3905 0.08625
0 0.33718 0.90471 0.41089 0.08376
0 0.32252 0.96306 0.38979 0.07548
0 0.60326 0.13281 0.38479 0.07391
0 0.57318 0.18586 0.40712 0.07851
0 0.524 0.23891 0.38437 0.08669
0 0.5496 0.29196 0.39301 0.07397
0 0.48761 0.34501 0.40123 0.08146
0 0.59021 0.39806 0.39581 0.0855
0 0.48895 0.45111 0.41594 0.08291
0 0.57126 0.50416 0.37171 0.07714
0 0.51477 0.55721 0.37171 0.08724
0 0.59627 0.61026 0.39383 0.07313
0 0.50201 0.66331 0.39647 0.08441
0 0.5091 0.71636 0.4285 0.07706
0 0.59999 0.76941 0.43559 0.07398
0 0.60003 0.82246 0.3998 0.07597
0 0.47107 0.87551 0.39906 0.07646
0 0.57221 0.92856 0.37339 0.08421
0 0.77791 0.11953 0.41912 0.08723
0 0.815 0.16727 0.39118 0.08092
0 0.81622 0.21502 0.37748 0.07619
0 0.83065 0.26276 0.43096 0.07775
0 0.73468 0.31051 0.40844 0.08621
0 0.65493 0.35825 0.38252 0.08368
0 0.79757 0.40600 0.39223 0.08421
0 0.6787 0.45374 0.39599 0.08229
0 0.69945 0.50149 0.38658 0.08208
0 0.68661 0.54923 0.43854 0.07964
0 0.66253 0.59698 0.39811 0.07983
0 0.72852 0.64472 0.40867 0.07534
0 0.75573 0.69247 0.40759 0.07745
0 0.76249 0.74021 0.38913 0.07439
0 0.64751 0.78796 0.43093 0.08698
0 0.6919 0.83571 0.43559 0.08342
0 0.81299 0.13281 0.38363 0.07885
0 0.87375 0.18586 0.39371 0.08196
0 0.97071 0.23891 0.4186 0.07395
0 0.802 0.29196 0.39004 0.0851
0 0.83957 0.34501 0.44232 0.07648
0 0.99141 0.39806 0.39861 0.08376
0 0.928 0.45111 0.42377 0.08133
0 0.83321 0.50416 0.38524 0.08559
0 0.87919 0.55721 0.41216 0.07982
0 0.83181 0.61026 0.41276 0.08291
0 0.81339 0.71636 0.38477 0.07539
0 0.97349 0.76941 0.39216 0.07685
0 0.99562 0.82246 0.38595 0.07692
0 0.99463 0.87551 0.37077 0.0752
0 0.94689 0.92856 0.41169 0.08296