0 0.10501 0.13281 0.43205 0.08602
0 0.10501 0.18586 0.42282 0.07344
0 0.10501 0.23891 0.40584 0.07669
0 0.10501 0.29196 0.4152 0.07932
0 0.10501 0.34501 0.40191 0.0861
0 0.10501 0.39806 0.40764 0.0865
0 0.10501 0.45111 0.41965 0.08193
0 0.10501 0.50416 0.38986 0.08659
0 0.10501 0.55721 0.41587 0.07692
0 0.10501 0.61026 0.41414 0.07962
0 0.10501 0.66331 0.39538 0.08212
0 0.10501 0.71636 0.38584 0.07874
0 0.10501 0.76941 0.38534 0.07363
0 0.10501 0.82246 0.42 0.08415
0 0.10501 0.87551 0.41661 0.07635
0 0.10501 0.92856 0.3951 0.07448
0 0.3148 0.14609 0.43846 0.07728
0 0.3148 0.20444 0.42198 0.08175
0 0.3148 0.26280 0.40757 0.07601
0 0.3148 0.32115 0.37737 0.07919
0 0.3148 0.37951 0.37478 0.07811
0 0.3148 0.43786 0.39163 0.07341
0 0.3148 0.49622 0.38931 0.08077
0 0.3148 0.55457 0.37669 0.08003
0 0.3148 0.61293 0.4095 0.08498
0 0.3148 0.67129 0.41673 0.07424
0 0.3148 0.72964 0.40412 0.07742
0 0.3148 0.78800 0.38212 0.08587
0 0.3148 0.84635 0.39988 0.08181
0 0.3148 0.90471 0.44155 0.07548
0 0.3148 0.96306 0.40908 0.07498
0 0.52459 0.13281 0.42664 0.08246
0 0.52459 0.18586 0.39442 0.07926
0 0.52459 0.23891 0.37378 0.08672
0 0.52459 0.29196 0.39708 0.07375
0 0.52459 0.34501 0.38565 0.08722
0 0.52459 0.39806 0.40537 0.07848
0 0.52459 0.45111 0.4144 0.07655
0 0.52459 0.50416 0.38971 0.08032
0 0.52459 0.55721 0.42187 0.07609
0 0.52459 0.61026 0.38598 0.08432
0 0.52459 0.66331 0.40896 0.07816
0 0.52459 0.71636 0.36971 0.08235
0 0.52459 0.76941 0.41932 0.08043
0 0.52459 0.82246 0.41625 0.08182
0 0.52459 0.87551 0.43441 0.07761
0 0.52459 0.92856 0.41123 0.07897
0 0.73438 0.11953 0.41052 0.08134
0 0.73438 0.16727 0.42728 0.0782
0 0.73438 0.21502 0.37304 0.07904
0 0.73438 0.26276 0.38643 0.07354
0 0.73438 0.31051 0.42771 0.08457
0 0.73438 0.35825 0.37349 0.0845
0 0.73438 0.40600 0.42584 0.08639
0 0.73438 0.45374 0.42906 0.07747
0 0.73438 0.50149 0.375 0.08645
0 0.73438 0.54923 0.37413 0.07688
0 0.73438 0.59698 0.40886 0.07971
0 0.73438 0.64472 0.38978 0.07546
0 0.73438 0.69247 0.41956 0.07704
0 0.73438 0.74021 0.40907 0.07369
0 0.73438 0.78796 0.40734 0.07935
0 0.73438 0.83571 0.41987 0.07594
0 0.90921 0.13281 0.41028 0.07916
0 0.90921 0.18586 0.44078 0.08229
0 0.90921 0.23891 0.42967 0.07326
0 0.90921 0.29196 0.40869 0.07785
0 0.90921 0.34501 0.39107 0.08383
0 0.90921 0.39806 0.40481 0.07586
0 0.90921 0.45111 0.41327 0.08208
0 0.90921 0.50416 0.37962 0.08685
0 0.90921 0.55721 0.44123 0.08025
0 0.90921 0.61026 0.42672 0.0782
0 0.90921 0.66331 0.40307 0.08152
0 0.90921 0.71636 0.40006 0.07773
0 0.90921 0.76941 0.40487 0.07574
0 0.90921 0.82246 0.37496 0.08379
0 0.90921 0.87551 0.39481 0.083
0 0.90921 0.92856 0.41749 0.08301