0 0.10501 0.13281 0.39112 0.07641
0 0.10501 0.18586 0.40444 0.08116
0 0.10501 0.23891 0.41442 0.07614
0 0.10501 0.29196 0.38377 0.07763
0 0.10501 0.34501 0.39575 0.07989
0 0.10501 0.39806 0.39898 0.07873
0 0.10501 0.45111 0.40106 0.08672
0 0.10501 0.50416 0.44196 0.07875
0 0.10501 0.55721 0.41391 0.07486
0 0.10501 0.61026 0.37451 0.07477
0 0.10501 0.66331 0.39593 0.08566
0 0.10501 0.71636 0.4269 0.07909
0 0.10501 0.76941 0.40732 0.08143
0 0.10501 0.82246 0.38063 0.08053
0 0.10501 0.87551 0.43062 0.07421
0 0.10501 0.92856 0.42378 0.0867
0 0.3148 0.14609 0.40431 0.07346
0 0.3148 0.20444 0.42293 0.07504
0 0.3148 0.26280 0.37506 0.08577
0 0.3148 0.32115 0.38738 0.07511
0 0.3148 0.37951 0.38669 0.08253
0 0.3148 0.43786 0.40843 0.07598
0 0.3148 0.49622 0.38111 0.07648
0 0.3148 0.55457 0.38373 0.07942
0 0.3148 0.61293 0.42149 0.07968
0 0.3148 0.67129 0.38606 0.07966
0 0.3148 0.72964 0.40952 0.07382
0 0.3148 0.78800 0.38384 0.07949
0 0.3148 0.84635 0.42249 0.08473
0 0.3148 0.90471 0.39738 0.07466
0 0.3148 0.96306 0.39799 0.08019
0 0.52459 0.13281 0.39963 0.08592
0 0.52459 0.18586 0.38962 0.08724
0 0.52459 0.23891 0.44025 0.08443
0 0.52459 0.29196 0.42415 0.07758
0 0.52459 0.34501 0.37936 0.0815
0 0.52459 0.39806 0.37848 0.07965
0 0.52459 0.45111 0.37183 0.07495
0 0.52459 0.50416 0.4327 0.08618
0 0.52459 0.55721 0.3939 0.08447
0 0.52459 0.61026 0.37902 0.07594
0 0.52459 0.66331 0.4293 0.07925
0 0.52459 0.71636 0.42026 0.07885
0 0.52459 0.76941 0.40139 0.08031
0 0.52459 0.82246 0.43422 0.08661
0 0.52459 0.87551 0.44094 0.08304
0 0.52459 0.92856 0.41672 0.07897
0 0.73438 0.11953 0.40806 0.08147
0 0.73438 0.16727 0.38716 0.07301
0 0.73438 0.21502 0.41546 0.08616
0 0.73438 0.26276 0.37841 0.07584
0 0.73438 0.31051 0.43612 0.08048
0 0.73438 0.35825 0.3902 0.08486
0 0.73438 0.40600 0.41784 0.08499
0 0.73438 0.45374 0.39306 0.07536
0 0.73438 0.50149 0.38335 0.08742
0 0.73438 0.54923 0.41892 0.08731
0 0.73438 0.59698 0.37215 0.07783
0 0.73438 0.64472 0.39401 0.0856
0 0.73438 0.69247 0.38356 0.08503
0 0.73438 0.74021 0.38696 0.08543
0 0.73438 0.78796 0.4062 0.0787
0 0.73438 0.83571 0.38992 0.07496
0 0.90921 0.13281 0.43816 0.08287
0 0.90921 0.18586 0.39209 0.08279
0 0.90921 0.23891 0.37518 0.07469
0 0.90921 0.29196 0.40437 0.08365
0 0.90921 0.34501 0.43272 0.08356
0 0.90921 0.39806 0.4327 0.07375
0 0.90921 0.45111 0.39778 0.07819
0 0.90921 0.50416 0.37725 0.08643
0 0.90921 0.55721 0.44216 0.08105
0 0.90921 0.61026 0.41948 0.08053
0 0.90921 0.66331 0.36915 0.07487
0 0.90921 0.71636 0.41018 0.0765
0 0.90921 0.76941 0.42613 0.08231
0 0.90921 0.82246 0.42176 0.08363
0 0.90921 0.87551 0.39725 0.07982
0 0.90921 0.92856 0.40561 0.08602