0 0.09569 0.13281 0.42897 0.08461
0 0.11559 0.18586 0.42097 0.0769
0 0.11287 0.23891 0.401 0.07592
0 0.09769 0.29196 0.44194 0.07646
0 0.1198 0.34501 0.42677 0.07771
0 0.11807 0.39806 0.37581 0.07756
0 0.11847 0.45111 0.39082 0.08707
0 0.11472 0.50416 0.41937 0.07647
0 0.10977 0.55721 0.41456 0.07436
0 0.09871 0.61026 0.43074 0.0756
0 0.11036 0.66331 0.3782 0.08155
0 0.10627 0.71636 0.43079 0.07518
0 0.09762 0.76941 0.42877 0.08013
0 0.11488 0.82246 0.40717 0.08411
0 0.09943 0.87551 0.43413 0.08194
0 0.10687 0.92856 0.40355 0.07663
0 0.27881 0.14609 0.37095 0.07872
0 0.32525 0.20444 0.3967 0.08738
0 0.33674 0.26280 0.4022 0.07972
0 0.3178 0.32115 0.43329 0.08517
0 0.35664 0.37951 0.42207 0.07721
0 0.3139 0.43786 0.43096 0.0851
0 0.32958 0.49622 0.38003 0.08102
0 0.28673 0.55457 0.43349 0.07824
0 0.34462 0.61293 0.39992 0.0871
0 0.3425 0.67129 0.41456 0.08583
0 0.32664 0.72964 0.4138 0.08702
0 0.31058 0.78800 0.38839 0.07347
0 0.36057 0.84635 0.41189 0.08164
0 0.29674 0.90471 0.44183 0.07412
0 0.33562 0.96306 0.4062 0.07434
0 0.57972 0.13281 0.39327 0.0749
0 0.53448 0.18586 0.37421 0.08669
0 0.47314 0.23891 0.37583 0.07971
0 0.47467 0.29196 0.40822 0.07297
0 0.55857 0.34501 0.3718 0.07384
0 0.52408 0.39806 0.4239 0.08727
0 0.51554 0.45111 0.4191 0.07565
0 0.57544 0.50416 0.37643 0.07795
0 0.5429 0.55721 0.43 0.07873
0 0.52075 0.61026 0.40061 0.0863
0 0.58834 0.66331 0.4009 0.07864
0 0.59758 0.71636 0.42673 0.07628
0 0.52539 0.76941 0.41234 0.08361
0 0.55638 0.82246 0.42819 0.07351
0 0.49862 0.87551 0.42676 0.07516
0 0.59365 0.92856 0.43508 0.0851
0 0.68989 0.11953 0.44039 0.07752
0 0.71834 0.16727 0.41857 0.07581
0 0.69202 0.21502 0.38604 0.07378
0 0.78678 0.26276 0.37232 0.08591
0 0.76117 0.31051 0.42108 0.08534
0 0.7382 0.35825 0.40745 0.08598
0 0.65202 0.40600 0.41468 0.07706
0 0.69605 0.45374 0.40019 0.08219
0 0.78251 0.50149 0.38804 0.07564
0 0.75072 0.54923 0.3719 0.08295
0 0.75057 0.59698 0.38395 0.08047
0 0.83584 0.64472 0.42307 0.08513
0 0.82635 0.69247 0.41912 0.08617
0 0.7486 0.74021 0.40474 0.07457
0 0.83862 0.78796 0.3772 0.07867
0 0.69787 0.83571 0.39754 0.08266
0 0.85618 0.13281 0.41053 0.08421
0 0.95545 0.23891 0.38067 0.08585
0 0.83913 0.29196 0.37862 0.07806
0 0.92851 0.34501 0.37971 0.07398
0 0.96885 0.39806 0.3941 0.08327
0 0.98205 0.45111 0.43316 0.07673
0 0.96195 0.50416 0.41258 0.08288
0 0.8956 0.55721 0.39182 0.07822
0 0.80649 0.61026 0.37909 0.08636
0 0.82731 0.66331 0.4303 0.08206
0 0.85746 0.71636 0.41856 0.07581
0 0.9161 0.76941 0.40842 0.08215
0 0.83792 0.82246 0.41295 0.07458
0 0.9333 0.87551 0.37311 0.07878
0 0.95375 0.92856 0.39605 0.08115