0 0.10501 0.13281 0.43118 0.07508
0 0.10501 0.18586 0.41532 0.0738
0 0.10501 0.23891 0.40948 0.08647
0 0.10501 0.29196 0.38736 0.08369
0 0.10501 0.34501 0.42506 0.0741
0 0.10501 0.39806 0.40922 0.07962
0 0.10501 0.45111 0.39141 0.07643
0 0.10501 0.50416 0.36984 0.07793
0 0.10501 0.55721 0.41727 0.0735
0 0.10501 0.61026 0.413 0.07687
0 0.10501 0.66331 0.43089 0.07861
0 0.10501 0.71636 0.44227 0.08588
0 0.10501 0.76941 0.38395 0.07962
0 0.10501 0.82246 0.42963 0.0791
0 0.10501 0.87551 0.37164 0.08722
0 0.10501 0.92856 0.37497 0.08255
0 0.3148 0.14609 0.43139 0.08057
0 0.3148 0.20444 0.41473 0.07316
0 0.3148 0.26280 0.37017 0.07355
0 0.3148 0.32115 0.41382 0.0755
0 0.3148 0.37951 0.44075 0.07801
0 0.3148 0.43786 0.37371 0.07341
0 0.3148 0.49622 0.4328 0.07787
0 0.3148 0.55457 0.40493 0.08711
0 0.3148 0.61293 0.37572 0.07524
0 0.3148 0.67129 0.3898 0.08609
0 0.3148 0.72964 0.39886 0.07955
0 0.3148 0.78800 0.38643 0.0845
0 0.3148 0.84635 0.43157 0.08741
0 0.3148 0.90471 0.38568 0.07534
0 0.3148 0.96306 0.3968 0.07529
0 0.52459 0.13281 0.39143 0.0832
0 0.52459 0.18586 0.43305 0.08167
0 0.52459 0.23891 0.39068 0.07732
0 0.52459 0.29196 0.36887 0.08362
0 0.52459 0.34501 0.3812 0.07764
0 0.52459 0.39806 0.37153 0.07882
0 0.52459 0.45111 0.41713 0.07474
0 0.52459 0.50416 0.39631 0.08551
0 0.52459 0.55721 0.37217 0.07802
0 0.52459 0.61026 0.42353 0.07916
0 0.52459 0.66331 0.40749 0.07888
0 0.52459 0.71636 0.41916 0.0737
0 0.52459 0.76941 0.43558 0.0776
0 0.52459 0.82246 0.40294 0.07486
0 0.52459 0.87551 0.3768 0.0858
0 0.52459 0.92856 0.38214 0.08222
0 0.73438 0.11953 0.44221 0.07902
0 0.73438 0.16727 0.4345 0.08613
0 0.73438 0.21502 0.41225 0.08234
0 0.73438 0.26276 0.42063 0.07667
0 0.73438 0.31051 0.39181 0.07673
0 0.73438 0.35825 0.41835 0.07647
0 0.73438 0.40600 0.37928 0.08284
0 0.73438 0.45374 0.37275 0.08701
0 0.73438 0.50149 0.42495 0.0735
0 0.73438 0.54923 0.41791 0.07411
0 0.73438 0.59698 0.43519 0.0855
0 0.73438 0.64472 0.40772 0.08473
0 0.73438 0.69247 0.36896 0.08611
0 0.73438 0.74021 0.43575 0.07631
0 0.73438 0.78796 0.42639 0.07513
0 0.73438 0.83571 0.42628 0.0739
0 0.90921 0.13281 0.37112 0.08132
0 0.90921 0.18586 0.42937 0.07442
0 0.90921 0.23891 0.42832 0.07438
0 0.90921 0.29196 0.43763 0.08562
0 0.90921 0.34501 0.42362 0.08095
0 0.90921 0.39806 0.41966 0.08731
0 0.90921 0.45111 0.4255 0.0788
0 0.90921 0.50416 0.40383 0.076
0 0.90921 0.55721 0.42814 0.0837
0 0.90921 0.61026 0.38498 0.08194
0 0.90921 0.66331 0.40337 0.08323
0 0.90921 0.71636 0.39245 0.07659
0 0.90921 0.76941 0.37553 0.07788
0 0.90921 0.82246 0.3716 0.07378
0 0.90921 0.87551 0.4367 0.08256
0 0.90921 0.92856 0.41355 0.08517