0 0.10501 0.14267 0.21542 0.03887
0 0.10501 0.19208 0.17714 0.03233
0 0.10501 0.23590 0.18107 0.0378
0 0.10501 0.28853 0.19198 0.03759
0 0.10501 0.36252 0.19167 0.03525
0 0.10501 0.41163 0.17818 0.03417
0 0.10501 0.45271 0.17252 0.04354
0 0.10501 0.46126 0.21448 0.03671
0 0.10501 0.51466 0.17018 0.04016
0 0.10501 0.58520 0.20604 0.04161
0 0.10501 0.71883 0.17794 0.04248
0 0.10501 0.70594 0.18718 0.03526
0 0.10501 0.73088 0.21637 0.03399
0 0.10501 0.84810 0.2209 0.03748
0 0.10501 0.96113 0.17664 0.03891
0 0.10501 0.96301 0.20988 0.03577
0 0.3148 0.15755 0.16341 0.04156
0 0.3148 0.18856 0.19694 0.03947
0 0.3148 0.26385 0.16898 0.04276
0 0.3148 0.31216 0.18536 0.03783
0 0.3148 0.35526 0.18672 0.04025
0 0.3148 0.44835 0.18685 0.03328
0 0.3148 0.49077 0.2044 0.03973
0 0.3148 0.58800 0.17986 0.03909
0 0.3148 0.62595 0.21049 0.03672
0 0.3148 0.69910 0.18046 0.04041
0 0.3148 0.75089 0.1818 0.03633
0 0.3148 0.84039 0.1748 0.03748
0 0.3148 0.88866 0.17388 0.04305
0 0.3148 0.88348 0.19676 0.034
0 0.3148 0.88661 0.16233 0.0432
0 0.3148 0.99996 0.18629 0.04199
0 0.52459 0.14005 0.18357 0.03479
0 0.52459 0.17470 0.1624 0.03702
0 0.52459 0.25533 0.19455 0.04186
0 0.52459 0.26347 0.21457 0.03988
0 0.52459 0.37701 0.19037 0.03423
0 0.52459 0.43238 0.19013 0.04294
0 0.52459 0.41078 0.19091 0.03829
0 0.52459 0.49870 0.1676 0.04369
0 0.52459 0.51659 0.1799 0.04162
0 0.52459 0.57148 0.20656 0.03308
0 0.52459 0.60994 0.19193 0.04348
0 0.52459 0.69982 0.16836 0.03971
0 0.52459 0.84194 0.20512 0.03422
0 0.52459 0.81464 0.18348 0.03225
0 0.52459 0.82354 0.20082 0.03999
0 0.52459 0.98606 0.21436 0.03609
0 0.73438 0.12826 0.18842 0.03996
0 0.73438 0.17407 0.20733 0.03773
0 0.73438 0.21039 0.16576 0.03392
0 0.73438 0.23767 0.20148 0.03756
0 0.73438 0.30348 0.20617 0.04037
0 0.73438 0.38714 0.16545 0.03472
0 0.73438 0.41376 0.19856 0.03872
0 0.73438 0.46859 0.17104 0.04322
0 0.73438 0.45214 0.19701 0.03815
0 0.73438 0.50172 0.19645 0.04267
0 0.73438 0.55631 0.19436 0.03629
0 0.73438 0.59799 0.17485 0.03617
0 0.73438 0.68288 0.17228 0.03931
0 0.73438 0.76246 0.16925 0.03951
0 0.73438 0.82750 0.21902 0.03836
0 0.73438 0.83169 0.2073 0.03349
0 0.90921 0.13065 0.16615 0.03429
0 0.90921 0.17374 0.19153 0.03649
0 0.90921 0.23753 0.19609 0.03593
0 0.90921 0.30104 0.19041 0.03596
0 0.90921 0.31800 0.19533 0.04322
0 0.90921 0.40765 0.2188 0.03706
0 0.90921 0.49452 0.18146 0.04214
0 0.90921 0.45772 0.2196 0.0337
0 0.90921 0.52849 0.19654 0.04178
0 0.90921 0.61094 0.2111 0.03902
0 0.90921 0.67045 0.18556 0.03659
0 0.90921 0.75968 0.19768 0.03878
0 0.90921 0.83858 0.16276 0.03659
0 0.90921 0.81172 0.17359 0.04259
0 0.90921 0.88612 0.16525 0.03285
0 0.90921 0.94201 0.1791 0.03381