0 0.10501 0.13281 0.41677 0.08553
0 0.10501 0.18586 0.39543 0.08002
0 0.10501 0.23891 0.40949 0.08313
0 0.10501 0.29196 0.39589 0.0826
0 0.10501 0.34501 0.43916 0.0836
0 0.10501 0.39806 0.4287 0.07669
0 0.10501 0.45111 0.40979 0.08631
0 0.10501 0.50416 0.43036 0.07363
0 0.10501 0.55721 0.41875 0.08602
0 0.10501 0.61026 0.40004 0.08489
0 0.10501 0.66331 0.42468 0.07495
0 0.10501 0.71636 0.41485 0.08508
0 0.10501 0.76941 0.42664 0.0867
0 0.10501 0.82246 0.38934 0.07945
0 0.10501 0.87551 0.39088 0.07704
0 0.10501 0.92856 0.42831 0.07793
0 0.3148 0.14609 0.3832 0.08006
0 0.3148 0.20444 0.39798 0.0753
0 0.3148 0.26280 0.44032 0.07965
0 0.3148 0.32115 0.37416 0.08563
0 0.3148 0.37951 0.42086 0.08058
0 0.3148 0.43786 0.40474 0.0824
0 0.3148 0.49622 0.37642 0.0747
0 0.3148 0.55457 0.40131 0.07538
0 0.3148 0.61293 0.43442 0.0871
0 0.3148 0.67129 0.42313 0.08236
0 0.3148 0.72964 0.39701 0.08512
0 0.3148 0.78800 0.43226 0.0849
0 0.3148 0.84635 0.41794 0.08173
0 0.3148 0.90471 0.39251 0.0783
0 0.3148 0.96306 0.41274 0.08508
0 0.52459 0.13281 0.4018 0.07989
0 0.52459 0.18586 0.39306 0.08162
0 0.52459 0.23891 0.40531 0.08545
0 0.52459 0.29196 0.40116 0.08354
0 0.52459 0.34501 0.40917 0.07492
0 0.52459 0.39806 0.42461 0.08022
0 0.52459 0.45111 0.41172 0.08723
0 0.52459 0.50416 0.43399 0.08212
0 0.52459 0.55721 0.41388 0.07344
0 0.52459 0.61026 0.41043 0.0873
0 0.52459 0.66331 0.39795 0.07665
0 0.52459 0.71636 0.37551 0.07592
0 0.52459 0.76941 0.39487 0.08186
0 0.52459 0.82246 0.38437 0.07819
0 0.52459 0.87551 0.42814 0.0868
0 0.52459 0.92856 0.39199 0.08452
0 0.73438 0.11953 0.44012 0.08499
0 0.73438 0.16727 0.37953 0.08161
0 0.73438 0.21502 0.40762 0.08301
0 0.73438 0.26276 0.38476 0.08672
0 0.73438 0.31051 0.38192 0.08257
0 0.73438 0.35825 0.43274 0.07475
0 0.73438 0.40600 0.37516 0.07951
0 0.73438 0.45374 0.37475 0.0845
0 0.73438 0.50149 0.3901 0.07969
0 0.73438 0.54923 0.39487 0.08704
0 0.73438 0.59698 0.39844 0.0866
0 0.73438 0.64472 0.433 0.0842
0 0.73438 0.69247 0.40319 0.07858
0 0.73438 0.74021 0.38435 0.08415
0 0.73438 0.78796 0.42984 0.08397
0 0.73438 0.83571 0.43406 0.07782
0 0.90921 0.13281 0.3829 0.08431
0 0.90921 0.18586 0.40432 0.08356
0 0.90921 0.23891 0.39757 0.08353
0 0.90921 0.29196 0.37729 0.0759
0 0.90921 0.34501 0.41954 0.07846
0 0.90921 0.39806 0.38375 0.08428
0 0.90921 0.45111 0.41416 0.07855
0 0.90921 0.50416 0.42252 0.08231
0 0.90921 0.55721 0.37649 0.07923
0 0.90921 0.61026 0.38609 0.07707
0 0.90921 0.66331 0.42557 0.08552
0 0.90921 0.71636 0.4045 0.07392
0 0.90921 0.76941 0.39444 0.07408
0 0.90921 0.82246 0.43811 0.07583
0 0.90921 0.87551 0.3852 0.0844
0 0.90921 0.92856 0.39022 0.0734