0 0.10501 0.12704 0.20544 0.03984
0 0.10501 0.18014 0.21235 0.03359
0 0.10501 0.24992 0.20304 0.03378
0 0.10501 0.32068 0.19231 0.03937
0 0.10501 0.31598 0.20988 0.04294
0 0.10501 0.42859 0.17503 0.03357
0 0.10501 0.44639 0.17784 0.03581
0 0.10501 0.55237 0.20848 0.03268
0 0.10501 0.51363 0.18172 0.04263
0 0.10501 0.61785 0.20389 0.03731
0 0.10501 0.64151 0.19837 0.03429
0 0.10501 0.73440 0.20621 0.03701
0 0.10501 0.82419 0.18614 0.04243
0 0.10501 0.83378 0.21114 0.03618
0 0.10501 0.83919 0.17822 0.04278
0 0.10501 0.87640 0.19749 0.03595
0 0.3148 0.15810 0.18295 0.03618
0 0.3148 0.21484 0.16896 0.03534
0 0.3148 0.24841 0.1923 0.03414
0 0.3148 0.29730 0.1624 0.04332
0 0.3148 0.36819 0.17719 0.0394
0 0.3148 0.42771 0.21677 0.03918
0 0.3148 0.54275 0.21751 0.03488
0 0.3148 0.56498 0.2168 0.03342
0 0.3148 0.65003 0.21111 0.03842
0 0.3148 0.72995 0.19998 0.0404
0 0.3148 0.76129 0.17198 0.03356
0 0.3148 0.75166 0.20581 0.04145
0 0.3148 0.88832 0.20848 0.04146
0 0.3148 0.97870 0.20587 0.03771
0 0.3148 0.95508 0.18947 0.0404
0 0.52459 0.13305 0.21811 0.03638
0 0.52459 0.20241 0.17825 0.03345
0 0.52459 0.25735 0.19073 0.0426
0 0.52459 0.28735 0.16568 0.04133
0 0.52459 0.35229 0.2154 0.03425
0 0.52459 0.38270 0.17273 0.03974
0 0.52459 0.42864 0.16564 0.04196
0 0.52459 0.49399 0.20393 0.0434
0 0.52459 0.58574 0.19152 0.0417
0 0.52459 0.66719 0.20686 0.03932
0 0.52459 0.64374 0.16588 0.04209
0 0.52459 0.76994 0.21563 0.04315
0 0.52459 0.79755 0.19743 0.04369
0 0.52459 0.83247 0.21667 0.04222
0 0.52459 0.91101 0.20243 0.03977
0 0.52459 0.99075 0.17729 0.03294
0 0.73438 0.11226 0.20965 0.0346
0 0.73438 0.17332 0.18502 0.04121
0 0.73438 0.22092 0.16481 0.04097
0 0.73438 0.27719 0.19366 0.03769
0 0.73438 0.31825 0.20788 0.03898
0 0.73438 0.32988 0.21007 0.04363
0 0.73438 0.43266 0.20766 0.03915
0 0.73438 0.41158 0.20449 0.04249
0 0.73438 0.52452 0.20765 0.04139
0 0.73438 0.51948 0.19576 0.04254
0 0.73438 0.64709 0.20897 0.04022
0 0.73438 0.67805 0.19823 0.0373
0 0.73438 0.65714 0.18183 0.04079
0 0.73438 0.69545 0.21555 0.03264
0 0.73438 0.74015 0.16429 0.03403
0 0.73438 0.79801 0.199 0.03788
0 0.90921 0.14176 0.21785 0.03345
0 0.90921 0.19035 0.16456 0.03404
0 0.90921 0.24213 0.19886 0.03565
0 0.90921 0.26280 0.17257 0.03227
0 0.90921 0.37370 0.21966 0.04019
0 0.90921 0.42584 0.16988 0.03799
0 0.90921 0.46402 0.19996 0.03227
0 0.90921 0.53288 0.20896 0.03464
0 0.90921 0.56406 0.21555 0.03301
0 0.90921 0.57509 0.16448 0.04372
0 0.90921 0.72336 0.17149 0.04079
0 0.90921 0.78695 0.16343 0.03871
0 0.90921 0.81134 0.19177 0.04378
0 0.90921 0.88476 0.20757 0.03468
0 0.90921 0.82870 0.21573 0.04047
0 0.90921 0.90455 0.18034 0.03543