0 0.11256 0.13281 0.44003 0.0868
0 0.11831 0.18586 0.41518 0.0811
0 0.11731 0.23891 0.39221 0.07715
0 0.11197 0.29196 0.43492 0.07491
0 0.10327 0.34501 0.41838 0.08598
0 0.09893 0.39806 0.38636 0.08661
0 0.10066 0.45111 0.44143 0.07699
0 0.11113 0.50416 0.43665 0.08731
0 0.09549 0.55721 0.37836 0.07705
0 0.1081 0.61026 0.42377 0.08664
0 0.09855 0.66331 0.38836 0.08327
0 0.09633 0.71636 0.4006 0.08737
0 0.11643 0.76941 0.41938 0.08576
0 0.11155 0.82246 0.42096 0.08651
0 0.11852 0.87551 0.41058 0.08055
0 0.10554 0.92856 0.36892 0.08572
0 0.33126 0.14609 0.40926 0.0767
0 0.28838 0.20444 0.3742 0.08163
0 0.29809 0.26280 0.39649 0.08736
0 0.3125 0.32115 0.37541 0.0809
0 0.29332 0.37951 0.37155 0.07557
0 0.32744 0.43786 0.40053 0.08346
0 0.30139 0.49622 0.43064 0.08387
0 0.32364 0.55457 0.37836 0.07622
0 0.30803 0.61293 0.3833 0.07695
0 0.28684 0.67129 0.42395 0.08337
0 0.35234 0.72964 0.43584 0.08594
0 0.36008 0.78800 0.40363 0.07871
0 0.28966 0.84635 0.4 0.08176
0 0.27945 0.90471 0.43515 0.08418
0 0.35787 0.96306 0.39578 0.07319
0 0.58846 0.13281 0.4047 0.07628
0 0.50323 0.18586 0.38539 0.07481
0 0.51749 0.23891 0.43553 0.07704
0 0.54907 0.29196 0.4208 0.08597
0 0.55915 0.34501 0.39424 0.0736
0 0.49863 0.39806 0.37457 0.0865
0 0.50355 0.45111 0.41757 0.07499
0 0.46877 0.50416 0.44096 0.08692
0 0.48187 0.55721 0.40505 0.08607
0 0.58757 0.61026 0.43309 0.07962
0 0.53842 0.66331 0.37838 0.08268
0 0.50535 0.71636 0.36939 0.07509
0 0.59063 0.76941 0.38081 0.08748
0 0.50206 0.82246 0.43144 0.0838
0 0.48317 0.87551 0.39057 0.08403
0 0.5612 0.92856 0.42853 0.07524
0 0.66476 0.11953 0.4014 0.07866
0 0.79732 0.16727 0.41547 0.08645
0 0.72924 0.21502 0.42771 0.08467
0 0.70873 0.26276 0.40879 0.07578
0 0.78178 0.31051 0.43487 0.07475
0 0.68589 0.35825 0.40198 0.07828
0 0.67847 0.40600 0.43426 0.08116
0 0.76424 0.45374 0.41093 0.08299
0 0.82801 0.50149 0.40466 0.08419
0 0.78093 0.54923 0.4383 0.08621
0 0.68145 0.59698 0.38593 0.08362
0 0.67912 0.64472 0.41665 0.08397
0 0.76856 0.69247 0.41401 0.08347
0 0.81113 0.74021 0.38137 0.07591
0 0.84061 0.78796 0.38061 0.07509
0 0.8289 0.83571 0.39253 0.08132
0 0.81482 0.13281 0.43737 0.08481
0 0.83199 0.23891 0.42043 0.07361
0 0.83839 0.29196 0.39999 0.08146
0 0.89062 0.34501 0.38365 0.07327
0 0.85948 0.45111 0.40854 0.08727
0 0.91371 0.50416 0.38452 0.08256
0 0.94771 0.55721 0.40343 0.08083
0 0.92096 0.66331 0.37989 0.08286
0 0.94049 0.71636 0.43627 0.07662
0 0.83386 0.76941 0.39744 0.07744
0 0.8966 0.87551 0.39825 0.07974
0 0.82829 0.92856 0.41031 0.08148