0 0.10457 0.13281 0.25333 0.04812
0 0.10864 0.18586 0.2387 0.04763
0 0.11389 0.23891 0.24032 0.04614
0 0.11166 0.29196 0.25562 0.04521
0 0.11366 0.34501 0.26221 0.04922
0 0.0992 0.39806 0.23924 0.05233
0 0.09613 0.45111 0.23162 0.04394
0 0.10752 0.50416 0.25202 0.04647
0 0.10601 0.55721 0.26229 0.04806
0 0.09613 0.61026 0.24962 0.04751
0 0.09683 0.66331 0.25344 0.04643
0 0.1035 0.71636 0.25019 0.04496
0 0.10224 0.76941 0.24907 0.05145
0 0.10871 0.82246 0.26012 0.0509
0 0.09498 0.87551 0.24473 0.04757
0 0.11523 0.92856 0.23804 0.04935
0 0.31232 0.14609 0.25348 0.0464
0 0.31346 0.20444 0.26433 0.0488
0 0.32144 0.26280 0.26533 0.04477
0 0.34043 0.32115 0.24837 0.04947
0 0.34283 0.37951 0.23356 0.05251
0 0.31878 0.43786 0.23327 0.04545
0 0.31293 0.49622 0.25156 0.04658
0 0.3133 0.55457 0.2358 0.0493
0 0.29206 0.61293 0.25047 0.04379
0 0.32409 0.67129 0.25526 0.05188
0 0.32639 0.72964 0.23294 0.04997
0 0.33621 0.78800 0.25934 0.04828
0 0.31064 0.84635 0.241 0.04673
0 0.32226 0.90471 0.25021 0.04981
0 0.33241 0.96306 0.2336 0.04852
0 0.54983 0.13281 0.2285 0.04398
0 0.47661 0.18586 0.24856 0.05001
0 0.51312 0.23891 0.26333 0.04958
0 0.57646 0.29196 0.23907 0.04501
0 0.56105 0.34501 0.26294 0.04762
0 0.54709 0.39806 0.26166 0.05168
0 0.50062 0.45111 0.2347 0.04538
0 0.57577 0.50416 0.24479 0.04575
0 0.51835 0.55721 0.22501 0.04645
0 0.49416 0.61026 0.25331 0.04803
0 0.5513 0.66331 0.25238 0.05219
0 0.57436 0.71636 0.25239 0.05142
0 0.56842 0.76941 0.25764 0.04662
0 0.56753 0.82246 0.25656 0.05129
0 0.57099 0.87551 0.22456 0.048
0 0.56253 0.92856 0.25092 0.04522
0 0.7185 0.11953 0.2386 0.05015
0 0.69334 0.16727 0.26299 0.04432
0 0.80308 0.21502 0.22344 0.05235
0 0.78367 0.26276 0.23003 0.05194
0 0.72 0.31051 0.25437 0.05029
0 0.76881 0.35825 0.24269 0.04386
0 0.71096 0.40600 0.2495 0.04872
0 0.73439 0.45374 0.2444 0.04967
0 0.79075 0.50149 0.24468 0.04578
0 0.77729 0.54923 0.24104 0.04868
0 0.69312 0.59698 0.25503 0.04779
0 0.76434 0.64472 0.24381 0.04896
0 0.80651 0.69247 0.23086 0.05035
0 0.75541 0.74021 0.24375 0.04597
0 0.66539 0.78796 0.23605 0.04701
0 0.75393 0.83571 0.25728 0.04632
0 0.82921 0.13281 0.22935 0.04524
0 0.99333 0.18586 0.24546 0.04502
0 0.8707 0.23891 0.24562 0.0451
0 0.82047 0.29196 0.23609 0.04772
0 0.88838 0.34501 0.24446 0.04587
0 0.84803 0.39806 0.24952 0.04642
0 0.99304 0.45111 0.22962 0.04613
0 0.98128 0.50416 0.24522 0.0518
0 0.85295 0.55721 0.23468 0.04703
0 0.87558 0.61026 0.23089 0.04491
0 0.95239 0.66331 0.25725 0.0477
0 0.95297 0.71636 0.22511 0.0459
0 0.8653 0.76941 0.24617 0.04593
0 0.98565 0.82246 0.25779 0.04807
0 0.97708 0.87551 0.22541 0.04811
0 0.83876 0.92856 0.24744 0.05204