0 0.10501 0.14211 0.19899 0.04322
0 0.10501 0.17163 0.22019 0.03381
0 0.10501 0.23588 0.16968 0.03329
0 0.10501 0.30700 0.18751 0.03388
0 0.10501 0.35648 0.21291 0.03419
0 0.10501 0.40767 0.18214 0.03399
0 0.10501 0.44412 0.21488 0.04117
0 0.10501 0.52240 0.21865 0.0379
0 0.10501 0.53522 0.18386 0.03674
0 0.10501 0.61226 0.19543 0.03525
0 0.10501 0.71753 0.17499 0.03868
0 0.10501 0.72400 0.21757 0.03593
0 0.10501 0.74107 0.21935 0.04062
0 0.10501 0.88761 0.20926 0.03774
0 0.10501 0.82469 0.20347 0.04191
0 0.10501 0.96985 0.17709 0.03696
0 0.3148 0.15646 0.2032 0.03816
0 0.3148 0.20051 0.16881 0.03474
0 0.3148 0.25662 0.18557 0.03495
0 0.3148 0.32684 0.22092 0.03493
0 0.3148 0.36664 0.18158 0.03623
0 0.3148 0.43493 0.17785 0.03591
0 0.3148 0.45793 0.16473 0.04272
0 0.3148 0.52752 0.17516 0.03245
0 0.3148 0.56111 0.16485 0.04215
0 0.3148 0.60611 0.21641 0.03705
0 0.3148 0.72794 0.2066 0.03895
0 0.3148 0.85457 0.22013 0.0409
0 0.3148 0.86841 0.20769 0.03599
0 0.3148 0.95038 0.19303 0.03835
0 0.52459 0.12757 0.19854 0.03221
0 0.52459 0.17208 0.20703 0.03774
0 0.52459 0.23314 0.20294 0.0382
0 0.52459 0.30562 0.17802 0.0363
0 0.52459 0.34735 0.21948 0.03298
0 0.52459 0.37208 0.1873 0.03548
0 0.52459 0.42580 0.20242 0.04341
0 0.52459 0.50229 0.21607 0.04273
0 0.52459 0.51220 0.20662 0.03983
0 0.52459 0.65278 0.17397 0.03321
0 0.52459 0.72464 0.18009 0.03222
0 0.52459 0.74456 0.16761 0.04107
0 0.52459 0.71323 0.19823 0.03938
0 0.52459 0.76103 0.17779 0.03773
0 0.52459 0.85483 0.17285 0.03943
0 0.52459 0.93395 0.16398 0.03454
0 0.73438 0.11937 0.18572 0.03667
0 0.73438 0.15948 0.19265 0.04282
0 0.73438 0.22174 0.19502 0.03739
0 0.73438 0.27325 0.16747 0.04362
0 0.73438 0.30646 0.18543 0.03541
0 0.73438 0.39365 0.17778 0.03279
0 0.73438 0.38202 0.16728 0.03299
0 0.73438 0.44899 0.20666 0.04311
0 0.73438 0.46961 0.17453 0.04023
0 0.73438 0.51235 0.21466 0.04046
0 0.73438 0.61471 0.19201 0.04105
0 0.73438 0.59087 0.17546 0.0355
0 0.73438 0.74281 0.21781 0.03222
0 0.73438 0.69632 0.18607 0.03421
0 0.73438 0.71050 0.21043 0.03211
0 0.73438 0.81795 0.17624 0.04221
0 0.90921 0.13600 0.17951 0.04169
0 0.90921 0.20324 0.1703 0.04119
0 0.90921 0.23552 0.21114 0.03951
0 0.90921 0.29475 0.20453 0.03753
0 0.90921 0.36664 0.16791 0.04074
0 0.90921 0.38259 0.21564 0.04173
0 0.90921 0.44804 0.21437 0.04157
0 0.90921 0.50809 0.19951 0.03906
0 0.90921 0.51745 0.22001 0.03292
0 0.90921 0.61876 0.20881 0.04047
0 0.90921 0.63763 0.17141 0.0385
0 0.90921 0.72722 0.2051 0.03573
0 0.90921 0.77187 0.16317 0.04266
0 0.90921 0.90113 0.1878 0.03294
0 0.90921 0.85952 0.20929 0.03234