0 0.10501 0.13281 0.41457 0.07477
0 0.10501 0.18586 0.37232 0.08467
0 0.10501 0.23891 0.41561 0.08624
0 0.10501 0.29196 0.37774 0.0851
0 0.10501 0.34501 0.38707 0.07382
0 0.10501 0.39806 0.38939 0.08411
0 0.10501 0.45111 0.41369 0.08334
0 0.10501 0.50416 0.37654 0.07506
0 0.10501 0.55721 0.43084 0.0872
0 0.10501 0.61026 0.40057 0.07726
0 0.10501 0.66331 0.43191 0.0844
0 0.10501 0.71636 0.37413 0.07994
0 0.10501 0.76941 0.38503 0.08609
0 0.10501 0.82246 0.3716 0.07897
0 0.10501 0.87551 0.4401 0.08641
0 0.10501 0.92856 0.37371 0.0851
0 0.3148 0.14609 0.40097 0.07553
0 0.3148 0.20444 0.40896 0.08178
0 0.3148 0.26280 0.39276 0.08207
0 0.3148 0.32115 0.43775 0.08705
0 0.3148 0.37951 0.4136 0.07501
0 0.3148 0.43786 0.40643 0.07748
0 0.3148 0.49622 0.38739 0.07696
0 0.3148 0.55457 0.41102 0.07916
0 0.3148 0.61293 0.38596 0.07784
0 0.3148 0.67129 0.43019 0.07968
0 0.3148 0.72964 0.40437 0.08469
0 0.3148 0.78800 0.42826 0.08371
0 0.3148 0.84635 0.43882 0.08619
0 0.3148 0.90471 0.41678 0.08721
0 0.3148 0.96306 0.4055 0.07914
0 0.52459 0.13281 0.39006 0.08385
0 0.52459 0.18586 0.39855 0.07654
0 0.52459 0.23891 0.43546 0.08005
0 0.52459 0.29196 0.3935 0.08079
0 0.52459 0.34501 0.37371 0.07547
0 0.52459 0.39806 0.43218 0.07558
0 0.52459 0.45111 0.398 0.07632
0 0.52459 0.50416 0.44214 0.07385
0 0.52459 0.55721 0.38467 0.08233
0 0.52459 0.61026 0.38955 0.08105
0 0.52459 0.66331 0.43424 0.08131
0 0.52459 0.71636 0.37205 0.08344
0 0.52459 0.76941 0.43757 0.07995
0 0.52459 0.82246 0.44084 0.08134
0 0.52459 0.87551 0.41187 0.0739
0 0.52459 0.92856 0.37978 0.07373
0 0.73438 0.11953 0.41041 0.07698
0 0.73438 0.16727 0.39639 0.08657
0 0.73438 0.21502 0.37592 0.07575
0 0.73438 0.26276 0.42876 0.08099
0 0.73438 0.31051 0.41102 0.08684
0 0.73438 0.35825 0.40615 0.07457
0 0.73438 0.40600 0.39885 0.08151
0 0.73438 0.45374 0.41841 0.0835
0 0.73438 0.50149 0.41987 0.07722
0 0.73438 0.54923 0.43985 0.08283
0 0.73438 0.59698 0.37221 0.0864
0 0.73438 0.64472 0.40012 0.07543
0 0.73438 0.69247 0.38014 0.08495
0 0.73438 0.74021 0.389 0.08752
0 0.73438 0.78796 0.4388 0.07844
0 0.73438 0.83571 0.37285 0.0763
0 0.90921 0.13281 0.4423 0.08274
0 0.90921 0.18586 0.37406 0.08295
0 0.90921 0.23891 0.3873 0.07358
0 0.90921 0.29196 0.41294 0.08516
0 0.90921 0.34501 0.39742 0.07521
0 0.90921 0.39806 0.37292 0.07984
0 0.90921 0.45111 0.40793 0.08195
0 0.90921 0.50416 0.42746 0.08181
0 0.90921 0.55721 0.43191 0.07673
0 0.90921 0.61026 0.44215 0.07785
0 0.90921 0.66331 0.38166 0.08382
0 0.90921 0.71636 0.41451 0.0743
0 0.90921 0.76941 0.39373 0.07382
0 0.90921 0.82246 0.41496 0.07901
0 0.90921 0.87551 0.4153 0.07715
0 0.90921 0.92856 0.44019 0.07426