0 0.11136 0.13281 0.40902 0.08197
0 0.10102 0.18586 0.43626 0.08501
0 0.10557 0.23891 0.39295 0.08723
0 0.11016 0.29196 0.37059 0.08022
0 0.1158 0.34501 0.37011 0.07624
0 0.11834 0.39806 0.39698 0.07923
0 0.11594 0.45111 0.37233 0.07694
0 0.1128 0.50416 0.41186 0.08101
0 0.11013 0.55721 0.44098 0.07871
0 0.0959 0.61026 0.37901 0.07534
0 0.11145 0.66331 0.44212 0.08673
0 0.10746 0.71636 0.42036 0.07352
0 0.10171 0.76941 0.42169 0.08454
0 0.10808 0.82246 0.4272 0.07779
0 0.11907 0.87551 0.42335 0.07763
0 0.12057 0.92856 0.40084 0.07426
0 0.30882 0.14609 0.41288 0.08582
0 0.32288 0.20444 0.4198 0.08483
0 0.30502 0.26280 0.38976 0.07938
0 0.34208 0.32115 0.40969 0.08155
0 0.31115 0.37951 0.41243 0.08592
0 0.31315 0.43786 0.37201 0.07881
0 0.30665 0.49622 0.39291 0.0873
0 0.30326 0.55457 0.41301 0.08162
0 0.32804 0.61293 0.43147 0.08008
0 0.31594 0.67129 0.41607 0.08516
0 0.32258 0.72964 0.39112 0.07314
0 0.29698 0.78800 0.44133 0.07936
0 0.28256 0.84635 0.41546 0.08579
0 0.35832 0.90471 0.37125 0.08346
0 0.29953 0.96306 0.37966 0.0783
0 0.57421 0.13281 0.41559 0.0847
0 0.57261 0.18586 0.40163 0.08743
0 0.48782 0.23891 0.41893 0.08641
0 0.60145 0.29196 0.41223 0.08312
0 0.53945 0.34501 0.37594 0.07724
0 0.50306 0.39806 0.39558 0.07644
0 0.47452 0.45111 0.43004 0.0766
0 0.52 0.50416 0.41177 0.08619
0 0.60229 0.55721 0.41448 0.07299
0 0.49131 0.61026 0.4265 0.08527
0 0.57417 0.66331 0.4017 0.08021
0 0.57385 0.71636 0.38144 0.08154
0 0.49708 0.76941 0.43802 0.08367
0 0.60311 0.82246 0.4222 0.07889
0 0.48086 0.87551 0.42225 0.07811
0 0.58542 0.92856 0.37782 0.0787
0 0.77238 0.11953 0.36917 0.08708
0 0.65629 0.16727 0.43278 0.07659
0 0.69438 0.21502 0.40874 0.08052
0 0.72206 0.26276 0.39427 0.07982
0 0.84164 0.31051 0.38238 0.08195
0 0.84419 0.35825 0.42027 0.07831
0 0.78219 0.40600 0.42891 0.07634
0 0.74165 0.45374 0.39637 0.07597
0 0.67452 0.50149 0.42465 0.0754
0 0.839 0.54923 0.39611 0.08201
0 0.82414 0.59698 0.42738 0.08176
0 0.8416 0.64472 0.39574 0.07887
0 0.70522 0.69247 0.4189 0.08354
0 0.6499 0.74021 0.40823 0.07875
0 0.70259 0.78796 0.43738 0.08296
0 0.78664 0.83571 0.42846 0.07918
0 0.89131 0.13281 0.40976 0.07747
0 0.89828 0.18586 0.42612 0.08532
0 0.94206 0.23891 0.41095 0.08444
0 0.92673 0.29196 0.37001 0.08151
0 0.97689 0.34501 0.43045 0.08086
0 0.90064 0.39806 0.39124 0.07674
0 0.89733 0.45111 0.3697 0.07622
0 0.91756 0.50416 0.37428 0.07802
0 0.90484 0.55721 0.43489 0.07647
0 0.91574 0.61026 0.37901 0.07895
0 0.97059 0.71636 0.39847 0.08675
0 0.86618 0.76941 0.38822 0.08072
0 0.9732 0.87551 0.44179 0.07387
0 0.8179 0.92856 0.40062 0.07702