0 0.10501 0.13281 0.37022 0.08469
0 0.10501 0.18586 0.43993 0.07794
0 0.10501 0.23891 0.4156 0.07396
0 0.10501 0.29196 0.40547 0.08424
0 0.10501 0.34501 0.4359 0.0778
0 0.10501 0.39806 0.40027 0.08048
0 0.10501 0.45111 0.43269 0.07614
0 0.10501 0.50416 0.43627 0.07419
0 0.10501 0.55721 0.42116 0.08121
0 0.10501 0.61026 0.38041 0.07927
0 0.10501 0.66331 0.40639 0.08461
0 0.10501 0.71636 0.40873 0.0767
0 0.10501 0.76941 0.41503 0.08151
0 0.10501 0.82246 0.3995 0.07991
0 0.10501 0.87551 0.38079 0.07697
0 0.10501 0.92856 0.38581 0.07554
0 0.3148 0.14609 0.42678 0.07491
0 0.3148 0.20444 0.42938 0.07487
0 0.3148 0.26280 0.3951 0.08688
0 0.3148 0.32115 0.43606 0.07421
0 0.3148 0.37951 0.43813 0.07489
0 0.3148 0.43786 0.4301 0.0803
0 0.3148 0.49622 0.37063 0.07982
0 0.3148 0.55457 0.43551 0.08393
0 0.3148 0.61293 0.42841 0.08606
0 0.3148 0.67129 0.43315 0.07587
0 0.3148 0.72964 0.39456 0.07488
0 0.3148 0.78800 0.37929 0.0804
0 0.3148 0.84635 0.40073 0.07756
0 0.3148 0.90471 0.37439 0.08389
0 0.3148 0.96306 0.43818 0.08722
0 0.52459 0.13281 0.42516 0.0822
0 0.52459 0.18586 0.42604 0.07672
0 0.52459 0.23891 0.43448 0.07769
0 0.52459 0.29196 0.44026 0.08639
0 0.52459 0.34501 0.3751 0.07426
0 0.52459 0.39806 0.42108 0.0781
0 0.52459 0.45111 0.44255 0.08657
0 0.52459 0.50416 0.39477 0.08378
0 0.52459 0.55721 0.37614 0.08708
0 0.52459 0.61026 0.44117 0.08119
0 0.52459 0.66331 0.43155 0.07737
0 0.52459 0.71636 0.3811 0.08307
0 0.52459 0.76941 0.38627 0.08664
0 0.52459 0.82246 0.41146 0.08646
0 0.52459 0.87551 0.404 0.07897
0 0.52459 0.92856 0.41598 0.08582
0 0.73438 0.11953 0.42572 0.08058
0 0.73438 0.16727 0.42262 0.08007
0 0.73438 0.21502 0.43656 0.07468
0 0.73438 0.26276 0.39667 0.07961
0 0.73438 0.31051 0.44124 0.07427
0 0.73438 0.35825 0.38816 0.07647
0 0.73438 0.40600 0.41111 0.07518
0 0.73438 0.45374 0.43966 0.07774
0 0.73438 0.50149 0.40132 0.08156
0 0.73438 0.54923 0.40842 0.07307
0 0.73438 0.59698 0.38842 0.07431
0 0.73438 0.64472 0.39097 0.07965
0 0.73438 0.69247 0.39994 0.08279
0 0.73438 0.74021 0.41422 0.07371
0 0.73438 0.78796 0.40416 0.074
0 0.73438 0.83571 0.43232 0.07649
0 0.90921 0.13281 0.39012 0.07402
0 0.90921 0.18586 0.43394 0.07514
0 0.90921 0.23891 0.43036 0.08046
0 0.90921 0.29196 0.41559 0.08086
0 0.90921 0.34501 0.41466 0.07438
0 0.90921 0.39806 0.42017 0.07703
0 0.90921 0.45111 0.40021 0.08693
0 0.90921 0.50416 0.42381 0.08718
0 0.90921 0.55721 0.38729 0.08559
0 0.90921 0.61026 0.37633 0.08461
0 0.90921 0.66331 0.44124 0.08304
0 0.90921 0.71636 0.39212 0.08667
0 0.90921 0.76941 0.41189 0.08294
0 0.90921 0.82246 0.40982 0.0751
0 0.90921 0.87551 0.40808 0.0781
0 0.90921 0.92856 0.41862 0.07959