0 0.10035 0.13281 0.37612 0.08555
0 0.11002 0.18586 0.37171 0.07594
0 0.09417 0.23891 0.41896 0.07496
0 0.11867 0.29196 0.37073 0.08573
0 0.10417 0.34501 0.39443 0.07435
0 0.11004 0.39806 0.43728 0.0869
0 0.11557 0.45111 0.40138 0.08055
0 0.11049 0.50416 0.42729 0.08094
0 0.09631 0.55721 0.40894 0.08049
0 0.11904 0.61026 0.38011 0.08721
0 0.10678 0.66331 0.42518 0.08254
0 0.10817 0.71636 0.39159 0.08033
0 0.09658 0.76941 0.40385 0.08338
0 0.09628 0.82246 0.43317 0.08684
0 0.10029 0.87551 0.435 0.08063
0 0.10021 0.92856 0.43246 0.08549
0 0.28406 0.14609 0.42556 0.08097
0 0.28393 0.20444 0.38925 0.07535
0 0.32337 0.26280 0.37346 0.07925
0 0.34933 0.32115 0.38212 0.07427
0 0.31375 0.37951 0.37619 0.07316
0 0.35161 0.43786 0.43503 0.07972
0 0.35769 0.49622 0.37755 0.08615
0 0.28148 0.55457 0.39553 0.07853
0 0.27865 0.61293 0.36997 0.0821
0 0.29294 0.67129 0.37425 0.07846
0 0.30994 0.72964 0.41891 0.08064
0 0.33571 0.78800 0.3725 0.08738
0 0.29822 0.84635 0.39303 0.07388
0 0.29422 0.90471 0.42722 0.07996
0 0.33759 0.96306 0.43691 0.07923
0 0.48297 0.13281 0.42965 0.07987
0 0.54188 0.18586 0.37879 0.07789
0 0.59208 0.23891 0.41831 0.07319
0 0.51689 0.29196 0.41659 0.08127
0 0.5843 0.34501 0.44215 0.07754
0 0.54261 0.39806 0.39648 0.0745
0 0.58425 0.45111 0.40115 0.0751
0 0.55235 0.50416 0.42179 0.08202
0 0.58747 0.55721 0.41686 0.0742
0 0.51962 0.61026 0.387 0.08324
0 0.54743 0.66331 0.42652 0.08691
0 0.50155 0.71636 0.38085 0.07508
0 0.52161 0.76941 0.40964 0.07801
0 0.56169 0.82246 0.37686 0.08277
0 0.53139 0.87551 0.38522 0.07548
0 0.50633 0.92856 0.38352 0.08285
0 0.72773 0.11953 0.37761 0.07344
0 0.75671 0.16727 0.43432 0.08615
0 0.70199 0.21502 0.43229 0.08292
0 0.6577 0.26276 0.37918 0.08163
0 0.8402 0.31051 0.43594 0.08692
0 0.68563 0.35825 0.42488 0.07606
0 0.81874 0.40600 0.41515 0.07324
0 0.72082 0.45374 0.4129 0.07603
0 0.73387 0.50149 0.39841 0.075
0 0.70713 0.54923 0.4351 0.07858
0 0.6513 0.59698 0.36992 0.08197
0 0.7422 0.64472 0.38574 0.07846
0 0.82168 0.69247 0.43028 0.0753
0 0.74946 0.74021 0.3944 0.08357
0 0.74844 0.78796 0.37392 0.08177
0 0.79586 0.83571 0.3759 0.07855
0 0.94465 0.13281 0.38691 0.07766
0 0.92324 0.23891 0.37732 0.07893
0 0.84321 0.29196 0.43315 0.08283
0 0.88094 0.34501 0.42532 0.08703
0 0.93191 0.39806 0.39496 0.08152
0 0.87333 0.45111 0.43995 0.08101
0 0.846 0.50416 0.40257 0.08167
0 0.84702 0.55721 0.39221 0.07475
0 0.89678 0.61026 0.41019 0.08455
0 0.99131 0.66331 0.38506 0.08149
0 0.93028 0.71636 0.37349 0.07925
0 0.88812 0.82246 0.41941 0.07907
0 0.86546 0.87551 0.4102 0.08568
0 0.88907 0.92856 0.3699 0.08399