0 0.10501 0.13062 0.20689 0.04346
0 0.10501 0.16990 0.20558 0.04323
0 0.10501 0.24054 0.19272 0.03575
0 0.10501 0.30018 0.16366 0.03592
0 0.10501 0.31321 0.1762 0.04258
0 0.10501 0.38783 0.20088 0.04131
0 0.10501 0.43236 0.21625 0.04037
0 0.10501 0.55334 0.21346 0.03419
0 0.10501 0.57463 0.21288 0.03539
0 0.10501 0.63837 0.20373 0.03371
0 0.10501 0.65461 0.16688 0.04197
0 0.10501 0.69655 0.17805 0.03686
0 0.10501 0.80159 0.21363 0.03632
0 0.10501 0.90387 0.16288 0.04357
0 0.10501 0.87419 0.2164 0.03226
0 0.10501 0.84082 0.20067 0.03536
0 0.3148 0.14066 0.17545 0.04149
0 0.3148 0.21430 0.19778 0.03767
0 0.3148 0.24547 0.20663 0.03262
0 0.3148 0.30795 0.17141 0.03956
0 0.3148 0.37405 0.21316 0.03511
0 0.3148 0.42814 0.17736 0.04023
0 0.3148 0.51143 0.21932 0.04077
0 0.3148 0.50275 0.17395 0.04335
0 0.3148 0.66446 0.17208 0.03926
0 0.3148 0.62437 0.18996 0.03848
0 0.3148 0.79906 0.17366 0.03718
0 0.3148 0.79527 0.18685 0.03393
0 0.3148 0.86311 0.17751 0.03619
0 0.3148 0.90005 0.17252 0.03663
0 0.3148 0.91144 0.18811 0.04016
0 0.52459 0.13194 0.21778 0.0405
0 0.52459 0.17457 0.21068 0.03371
0 0.52459 0.22870 0.1636 0.03531
0 0.52459 0.27252 0.17668 0.03763
0 0.52459 0.32126 0.1849 0.03343
0 0.52459 0.40041 0.18271 0.04297
0 0.52459 0.47856 0.17693 0.03919
0 0.52459 0.52318 0.17685 0.04124
0 0.52459 0.60175 0.17599 0.03478
0 0.52459 0.62304 0.16769 0.03618
0 0.52459 0.68041 0.1983 0.03613
0 0.52459 0.70984 0.19949 0.03502
0 0.52459 0.80304 0.2186 0.03681
0 0.52459 0.80438 0.16809 0.03828
0 0.52459 0.88856 0.17316 0.04096
0 0.52459 0.89010 0.17618 0.03599
0 0.73438 0.12066 0.17979 0.03501
0 0.73438 0.15352 0.19656 0.03284
0 0.73438 0.21926 0.21121 0.03606
0 0.73438 0.24210 0.18924 0.04093
0 0.73438 0.34044 0.18569 0.03899
0 0.73438 0.34557 0.19309 0.03738
0 0.73438 0.41487 0.18395 0.04307
0 0.73438 0.45609 0.18295 0.03382
0 0.73438 0.53734 0.18348 0.04319
0 0.73438 0.57721 0.16313 0.03949
0 0.73438 0.61124 0.19049 0.0395
0 0.73438 0.66072 0.18633 0.03282
0 0.73438 0.68024 0.21203 0.04156
0 0.73438 0.75907 0.18404 0.04058
0 0.73438 0.73772 0.19226 0.03234
0 0.73438 0.81873 0.20773 0.04237
0 0.90921 0.14021 0.16704 0.03774
0 0.90921 0.20128 0.19935 0.03483
0 0.90921 0.24263 0.16603 0.0361
0 0.90921 0.30714 0.18598 0.0335
0 0.90921 0.34228 0.16765 0.03803
0 0.90921 0.39485 0.16685 0.03471
0 0.90921 0.46768 0.20181 0.04353
0 0.90921 0.46919 0.16783 0.04323
0 0.90921 0.56934 0.17856 0.04222
0 0.90921 0.60156 0.16248 0.04347
0 0.90921 0.60298 0.2073 0.03944
0 0.90921 0.64737 0.17592 0.03611
0 0.90921 0.78801 0.18773 0.03972
0 0.90921 0.88531 0.22106 0.04152
0 0.90921 0.88391 0.2005 0.03338
0 0.90921 0.92853 0.18766 0.03958