0 0.10501 0.13281 0.41701 0.08665
0 0.10501 0.18586 0.4386 0.08651
0 0.10501 0.23891 0.41371 0.0762
0 0.10501 0.29196 0.40335 0.07654
0 0.10501 0.34501 0.41113 0.08017
0 0.10501 0.39806 0.39956 0.0774
0 0.10501 0.45111 0.43013 0.08715
0 0.10501 0.50416 0.43261 0.08119
0 0.10501 0.55721 0.42732 0.07907
0 0.10501 0.61026 0.39174 0.07735
0 0.10501 0.66331 0.42477 0.08619
0 0.10501 0.71636 0.393 0.07401
0 0.10501 0.76941 0.42242 0.07924
0 0.10501 0.82246 0.40068 0.07534
0 0.10501 0.87551 0.38708 0.076
0 0.10501 0.92856 0.41784 0.07593
0 0.3148 0.14609 0.37549 0.08149
0 0.3148 0.20444 0.37817 0.07805
0 0.3148 0.26280 0.39504 0.08258
0 0.3148 0.32115 0.38803 0.07532
0 0.3148 0.37951 0.37783 0.08512
0 0.3148 0.43786 0.37699 0.08332
0 0.3148 0.49622 0.43074 0.07627
0 0.3148 0.55457 0.36888 0.07641
0 0.3148 0.61293 0.43549 0.07341
0 0.3148 0.67129 0.4318 0.08091
0 0.3148 0.72964 0.40592 0.08065
0 0.3148 0.78800 0.41782 0.07304
0 0.3148 0.84635 0.40745 0.08503
0 0.3148 0.90471 0.38982 0.07412
0 0.3148 0.96306 0.41532 0.07439
0 0.52459 0.13281 0.38685 0.07782
0 0.52459 0.18586 0.43252 0.07323
0 0.52459 0.23891 0.38533 0.07988
0 0.52459 0.29196 0.40891 0.08223
0 0.52459 0.34501 0.41041 0.07325
0 0.52459 0.39806 0.4424 0.0776
0 0.52459 0.45111 0.38615 0.08044
0 0.52459 0.50416 0.43397 0.08026
0 0.52459 0.55721 0.38625 0.08205
0 0.52459 0.61026 0.37806 0.08363
0 0.52459 0.66331 0.392 0.08422
0 0.52459 0.71636 0.42452 0.08559
0 0.52459 0.76941 0.38202 0.08216
0 0.52459 0.82246 0.42379 0.07627
0 0.52459 0.87551 0.41705 0.08473
0 0.52459 0.92856 0.3949 0.08205
0 0.73438 0.11953 0.43394 0.08394
0 0.73438 0.16727 0.4107 0.08723
0 0.73438 0.21502 0.3793 0.08107
0 0.73438 0.26276 0.42117 0.08473
0 0.73438 0.31051 0.41664 0.08272
0 0.73438 0.35825 0.38443 0.07729
0 0.73438 0.40600 0.4141 0.08466
0 0.73438 0.45374 0.41172 0.08457
0 0.73438 0.50149 0.43816 0.08611
0 0.73438 0.54923 0.39858 0.07436
0 0.73438 0.59698 0.42543 0.08421
0 0.73438 0.64472 0.42249 0.08326
0 0.73438 0.69247 0.39389 0.07754
0 0.73438 0.74021 0.44148 0.07578
0 0.73438 0.78796 0.41963 0.07434
0 0.73438 0.83571 0.40854 0.0858
0 0.90921 0.13281 0.42204 0.08156
0 0.90921 0.18586 0.37914 0.08489
0 0.90921 0.23891 0.41879 0.07848
0 0.90921 0.29196 0.42967 0.08636
0 0.90921 0.34501 0.43815 0.08594
0 0.90921 0.39806 0.37396 0.07994
0 0.90921 0.45111 0.38258 0.08034
0 0.90921 0.50416 0.37462 0.0754
0 0.90921 0.55721 0.3995 0.08482
0 0.90921 0.61026 0.39128 0.08686
0 0.90921 0.66331 0.39926 0.07592
0 0.90921 0.71636 0.41612 0.07312
0 0.90921 0.76941 0.38567 0.08347
0 0.90921 0.82246 0.37675 0.07753
0 0.90921 0.87551 0.44014 0.08435
0 0.90921 0.92856 0.41436 0.0797