0 0.10977 0.13281 0.23564 0.05059
0 0.10529 0.18586 0.23525 0.04668
0 0.09658 0.23891 0.23138 0.04499
0 0.10161 0.29196 0.22145 0.05082
0 0.10826 0.34501 0.25806 0.04723
0 0.10543 0.39806 0.22627 0.04962
0 0.09675 0.45111 0.23122 0.05212
0 0.10841 0.50416 0.23317 0.04981
0 0.10993 0.55721 0.22901 0.04407
0 0.10388 0.61026 0.24619 0.04789
0 0.10963 0.66331 0.22989 0.04477
0 0.0966 0.71636 0.26223 0.04926
0 0.09786 0.76941 0.22823 0.05052
0 0.09752 0.82246 0.23988 0.04604
0 0.10624 0.87551 0.24425 0.04878
0 0.11412 0.92856 0.26043 0.05102
0 0.33927 0.14609 0.23338 0.05031
0 0.33565 0.20444 0.24475 0.0487
0 0.30713 0.26280 0.23545 0.05113
0 0.28764 0.32115 0.23037 0.05009
0 0.31702 0.37951 0.25971 0.05079
0 0.30194 0.43786 0.23609 0.04663
0 0.31709 0.49622 0.24134 0.04942
0 0.34526 0.55457 0.22978 0.04521
0 0.30984 0.61293 0.26006 0.0459
0 0.29496 0.67129 0.23903 0.0509
0 0.32943 0.72964 0.2639 0.04677
0 0.28903 0.78800 0.25163 0.04613
0 0.28352 0.84635 0.2597 0.04568
0 0.29456 0.90471 0.26395 0.04732
0 0.33465 0.96306 0.23932 0.0467
0 0.49344 0.13281 0.24673 0.04629
0 0.51955 0.18586 0.24726 0.04897
0 0.49042 0.23891 0.25749 0.04937
0 0.47295 0.29196 0.23332 0.04653
0 0.52053 0.34501 0.26317 0.05057
0 0.5332 0.39806 0.22797 0.04553
0 0.56961 0.45111 0.2398 0.04759
0 0.56678 0.50416 0.25585 0.05169
0 0.4875 0.55721 0.25309 0.05164
0 0.50092 0.61026 0.23702 0.0453
0 0.51442 0.66331 0.22237 0.04803
0 0.5446 0.71636 0.22841 0.0489
0 0.56272 0.76941 0.22926 0.04837
0 0.53528 0.82246 0.25559 0.05219
0 0.51046 0.87551 0.2233 0.04716
0 0.51226 0.92856 0.2255 0.04532
0 0.76871 0.11953 0.24089 0.04691
0 0.68388 0.16727 0.26134 0.05023
0 0.76123 0.21502 0.22798 0.04793
0 0.66896 0.26276 0.25572 0.04743
0 0.75444 0.31051 0.22581 0.04672
0 0.74884 0.35825 0.23642 0.04522
0 0.77956 0.40600 0.24 0.04898
0 0.76066 0.45374 0.2382 0.05071
0 0.74175 0.50149 0.24825 0.04889
0 0.76455 0.54923 0.25436 0.04733
0 0.68006 0.59698 0.2474 0.0466
0 0.67957 0.64472 0.22182 0.05165
0 0.78549 0.69247 0.25366 0.04855
0 0.67917 0.74021 0.25383 0.0497
0 0.75458 0.78796 0.2348 0.0495
0 0.72222 0.83571 0.25193 0.05223
0 0.82548 0.13281 0.22193 0.04479
0 0.83356 0.18586 0.24403 0.05082
0 0.92747 0.23891 0.24604 0.04872
0 0.95407 0.29196 0.26506 0.05087
0 0.8186 0.34501 0.24337 0.05147
0 0.83028 0.39806 0.24466 0.04873
0 0.82537 0.45111 0.23858 0.04521
0 0.83478 0.50416 0.25787 0.04436
0 0.92578 0.55721 0.2341 0.04591
0 0.98243 0.61026 0.26302 0.04736
0 0.82441 0.66331 0.25118 0.04809
0 0.81945 0.71636 0.24281 0.04514
0 0.8454 0.76941 0.26319 0.0444
0 0.85904 0.82246 0.26197 0.05149
0 0.97387 0.87551 0.22537 0.04559
0 0.97518 0.92856 0.26346 0.04964