0 0.11119 0.13281 0.40104 0.08345
0 0.11608 0.18586 0.37727 0.08014
0 0.10411 0.23891 0.38776 0.08333
0 0.11934 0.29196 0.39993 0.08689
0 0.11363 0.34501 0.42233 0.07541
0 0.11754 0.39806 0.38305 0.08375
0 0.10742 0.45111 0.44178 0.08571
0 0.11058 0.50416 0.43453 0.08499
0 0.12015 0.55721 0.37647 0.08353
0 0.09366 0.61026 0.37646 0.07487
0 0.11757 0.66331 0.3766 0.08198
0 0.10084 0.71636 0.42284 0.08004
0 0.1165 0.76941 0.36909 0.08739
0 0.11416 0.82246 0.43662 0.0819
0 0.09996 0.87551 0.39432 0.07476
0 0.09384 0.92856 0.3844 0.07327
0 0.31747 0.14609 0.3707 0.07476
0 0.29219 0.20444 0.39897 0.07475
0 0.34432 0.26280 0.40407 0.08058
0 0.28785 0.32115 0.42134 0.08565
0 0.28407 0.37951 0.43767 0.08558
0 0.28603 0.43786 0.38585 0.08016
0 0.33762 0.49622 0.38843 0.07541
0 0.34716 0.55457 0.43598 0.08352
0 0.2883 0.61293 0.37677 0.08104
0 0.32597 0.67129 0.41382 0.07489
0 0.28366 0.72964 0.44118 0.08077
0 0.32001 0.78800 0.38775 0.08052
0 0.33215 0.84635 0.39953 0.07868
0 0.33523 0.90471 0.40821 0.0867
0 0.28471 0.96306 0.41424 0.08508
0 0.59888 0.13281 0.3956 0.07861
0 0.55845 0.18586 0.42857 0.08476
0 0.5812 0.23891 0.39373 0.08127
0 0.48586 0.29196 0.41902 0.07914
0 0.52756 0.34501 0.42304 0.0751
0 0.58516 0.39806 0.38888 0.08685
0 0.57391 0.45111 0.43338 0.0869
0 0.57155 0.50416 0.38364 0.07353
0 0.56955 0.55721 0.38041 0.08656
0 0.53022 0.61026 0.43056 0.08055
0 0.59252 0.66331 0.43316 0.08428
0 0.53914 0.71636 0.40459 0.08308
0 0.57964 0.76941 0.37895 0.08478
0 0.59079 0.82246 0.39535 0.08145
0 0.58103 0.87551 0.38708 0.08645
0 0.57652 0.92856 0.38772 0.08006
0 0.7461 0.11953 0.39787 0.07522
0 0.77503 0.16727 0.39431 0.07502
0 0.79975 0.21502 0.37911 0.08563
0 0.77723 0.26276 0.41379 0.07316
0 0.69956 0.31051 0.43263 0.07627
0 0.75896 0.35825 0.37537 0.08256
0 0.7527 0.40600 0.43987 0.07402
0 0.66054 0.45374 0.376 0.07994
0 0.7171 0.50149 0.39281 0.08311
0 0.77565 0.54923 0.42952 0.08135
0 0.76811 0.59698 0.42911 0.07624
0 0.67602 0.64472 0.3741 0.08095
0 0.8303 0.69247 0.41248 0.08712
0 0.74416 0.74021 0.38047 0.08149
0 0.71446 0.78796 0.42368 0.0733
0 0.82743 0.83571 0.38592 0.07658
0 0.85807 0.18586 0.43186 0.08549
0 0.8021 0.23891 0.42129 0.08004
0 0.81389 0.29196 0.42969 0.0808
0 0.81346 0.45111 0.41653 0.07439
0 0.99872 0.50416 0.37096 0.08677
0 0.97309 0.55721 0.43603 0.08343
0 0.94612 0.61026 0.43026 0.07753
0 0.96126 0.66331 0.40928 0.08157
0 0.9191 0.71636 0.43408 0.08626
0 0.91421 0.76941 0.38177 0.07377
0 0.99154 0.82246 0.39816 0.07575
0 0.83014 0.87551 0.42366 0.07657
0 0.85918 0.92856 0.40174 0.08521