0 0.10501 0.13494 0.20909 0.03512
0 0.10501 0.17290 0.18973 0.03784
0 0.10501 0.22552 0.18505 0.03629
0 0.10501 0.30783 0.21055 0.04233
0 0.10501 0.36844 0.20305 0.04109
0 0.10501 0.41068 0.18527 0.03305
0 0.10501 0.44835 0.21027 0.04261
0 0.10501 0.51858 0.18866 0.03485
0 0.10501 0.58846 0.21712 0.03923
0 0.10501 0.62569 0.16521 0.04155
0 0.10501 0.71629 0.21838 0.03764
0 0.10501 0.64877 0.1798 0.03687
0 0.10501 0.84105 0.20259 0.03533
0 0.10501 0.80938 0.1787 0.03986
0 0.10501 0.86502 0.16793 0.03308
0 0.10501 0.93209 0.16319 0.04185
0 0.3148 0.14039 0.21225 0.04305
0 0.3148 0.21039 0.19066 0.04361
0 0.3148 0.26758 0.17824 0.04049
0 0.3148 0.31737 0.1876 0.0332
0 0.3148 0.36555 0.20649 0.03721
0 0.3148 0.39872 0.19732 0.03451
0 0.3148 0.46054 0.17071 0.0323
0 0.3148 0.56530 0.1631 0.04332
0 0.3148 0.60842 0.19575 0.04229
0 0.3148 0.64024 0.21827 0.03671
0 0.3148 0.77252 0.17619 0.03687
0 0.3148 0.75501 0.18884 0.04163
0 0.3148 0.83457 0.19303 0.04129
0 0.3148 0.97200 0.16276 0.03497
0 0.3148 0.95095 0.18592 0.03539
0 0.52459 0.12375 0.21338 0.03679
0 0.52459 0.19791 0.19717 0.03984
0 0.52459 0.24794 0.16261 0.04168
0 0.52459 0.31792 0.20841 0.03384
0 0.52459 0.31440 0.20572 0.03941
0 0.52459 0.41857 0.18346 0.04052
0 0.52459 0.42741 0.22081 0.04118
0 0.52459 0.47063 0.2201 0.03506
0 0.52459 0.53514 0.19739 0.03493
0 0.52459 0.63919 0.17063 0.0428
0 0.52459 0.68241 0.17119 0.03981
0 0.52459 0.67931 0.22063 0.03655
0 0.52459 0.83835 0.18112 0.03574
0 0.52459 0.76761 0.18856 0.03318
0 0.52459 0.90999 0.21731 0.04103
0 0.73438 0.12589 0.18754 0.03975
0 0.73438 0.18224 0.18849 0.03461
0 0.73438 0.21080 0.21782 0.03953
0 0.73438 0.24303 0.17345 0.03642
0 0.73438 0.29111 0.17564 0.04176
0 0.73438 0.36807 0.17225 0.03296
0 0.73438 0.38074 0.18482 0.03396
0 0.73438 0.45748 0.18344 0.03936
0 0.73438 0.45408 0.16457 0.0436
0 0.73438 0.57538 0.21321 0.03876
0 0.73438 0.61651 0.20922 0.0342
0 0.73438 0.68020 0.18056 0.04257
0 0.73438 0.64689 0.20092 0.04218
0 0.73438 0.68868 0.17287 0.0347
0 0.73438 0.79675 0.16654 0.03216
0 0.73438 0.88412 0.17591 0.0379
0 0.90921 0.13915 0.17282 0.04021
0 0.90921 0.16840 0.17869 0.04217
0 0.90921 0.25009 0.22079 0.03654
0 0.90921 0.27871 0.19648 0.03653
0 0.90921 0.34785 0.18977 0.03349
0 0.90921 0.39872 0.17446 0.03698
0 0.90921 0.48206 0.20281 0.0424
0 0.90921 0.45845 0.20452 0.03836
0 0.90921 0.55174 0.17632 0.04016
0 0.90921 0.62622 0.18082 0.04031
0 0.90921 0.72167 0.21881 0.04076
0 0.90921 0.65370 0.17819 0.0323
0 0.90921 0.74875 0.20035 0.04358
0 0.90921 0.83770 0.17448 0.03372
0 0.90921 0.91036 0.18419 0.04322
0 0.90921 0.98079 0.18547 0.0409