0 0.10501 0.13281 0.38789 0.08125
0 0.10501 0.18586 0.39262 0.08611
0 0.10501 0.23891 0.4279 0.07518
0 0.10501 0.29196 0.43548 0.08368
0 0.10501 0.34501 0.42848 0.0845
0 0.10501 0.39806 0.43643 0.08113
0 0.10501 0.45111 0.38801 0.0875
0 0.10501 0.50416 0.38449 0.08131
0 0.10501 0.55721 0.38199 0.08331
0 0.10501 0.61026 0.39436 0.07373
0 0.10501 0.66331 0.40153 0.07404
0 0.10501 0.71636 0.43933 0.07628
0 0.10501 0.76941 0.37038 0.08583
0 0.10501 0.82246 0.42717 0.07423
0 0.10501 0.87551 0.38573 0.07777
0 0.10501 0.92856 0.3925 0.07771
0 0.3148 0.14609 0.42938 0.08721
0 0.3148 0.20444 0.37761 0.08092
0 0.3148 0.26280 0.37115 0.07674
0 0.3148 0.32115 0.38841 0.08049
0 0.3148 0.37951 0.36992 0.08632
0 0.3148 0.43786 0.38676 0.07998
0 0.3148 0.49622 0.39585 0.08205
0 0.3148 0.55457 0.41173 0.08636
0 0.3148 0.61293 0.41975 0.08559
0 0.3148 0.67129 0.40295 0.08383
0 0.3148 0.72964 0.37305 0.07323
0 0.3148 0.78800 0.43523 0.07942
0 0.3148 0.84635 0.37159 0.08006
0 0.3148 0.90471 0.3695 0.08004
0 0.3148 0.96306 0.39752 0.08111
0 0.52459 0.13281 0.38812 0.07486
0 0.52459 0.18586 0.40814 0.07869
0 0.52459 0.23891 0.44231 0.08046
0 0.52459 0.29196 0.40314 0.07474
0 0.52459 0.34501 0.4169 0.07498
0 0.52459 0.39806 0.41191 0.08149
0 0.52459 0.45111 0.40493 0.08723
0 0.52459 0.50416 0.37058 0.07985
0 0.52459 0.55721 0.37764 0.08241
0 0.52459 0.61026 0.39134 0.07957
0 0.52459 0.66331 0.39808 0.07847
0 0.52459 0.71636 0.4153 0.07382
0 0.52459 0.76941 0.3789 0.07847
0 0.52459 0.82246 0.42324 0.08535
0 0.52459 0.87551 0.40225 0.08336
0 0.52459 0.92856 0.38682 0.08548
0 0.73438 0.11953 0.37659 0.0861
0 0.73438 0.16727 0.37015 0.07525
0 0.73438 0.21502 0.38851 0.08068
0 0.73438 0.26276 0.41723 0.07981
0 0.73438 0.31051 0.37213 0.07378
0 0.73438 0.35825 0.37665 0.07977
0 0.73438 0.40600 0.40324 0.08664
0 0.73438 0.45374 0.39678 0.08538
0 0.73438 0.50149 0.37203 0.08515
0 0.73438 0.54923 0.39037 0.07649
0 0.73438 0.59698 0.38501 0.07364
0 0.73438 0.64472 0.42921 0.08436
0 0.73438 0.69247 0.37549 0.07297
0 0.73438 0.74021 0.38975 0.08628
0 0.73438 0.78796 0.40093 0.0847
0 0.73438 0.83571 0.42259 0.0777
0 0.90921 0.13281 0.43756 0.08089
0 0.90921 0.18586 0.43563 0.07428
0 0.90921 0.23891 0.36989 0.07399
0 0.90921 0.29196 0.38931 0.07628
0 0.90921 0.34501 0.37775 0.08461
0 0.90921 0.39806 0.40557 0.0741
0 0.90921 0.45111 0.37701 0.0835
0 0.90921 0.50416 0.43321 0.07952
0 0.90921 0.55721 0.40767 0.07304
0 0.90921 0.61026 0.42914 0.08475
0 0.90921 0.66331 0.38861 0.08736
0 0.90921 0.71636 0.43792 0.0752
0 0.90921 0.76941 0.38524 0.08487
0 0.90921 0.82246 0.40863 0.07907
0 0.90921 0.87551 0.40798 0.08579
0 0.90921 0.92856 0.39196 0.08751