0 0.10501 0.13455 0.18004 0.03563
0 0.10501 0.17406 0.20861 0.03668
0 0.10501 0.21696 0.18262 0.03962
0 0.10501 0.30027 0.16768 0.03483
0 0.10501 0.36962 0.20426 0.04251
0 0.10501 0.40205 0.21478 0.03591
0 0.10501 0.48236 0.19312 0.03326
0 0.10501 0.51527 0.18528 0.0358
0 0.10501 0.58006 0.20388 0.03222
0 0.10501 0.60668 0.16812 0.04228
0 0.10501 0.64160 0.18279 0.03756
0 0.10501 0.66100 0.21003 0.03709
0 0.10501 0.73013 0.17945 0.03665
0 0.10501 0.89732 0.17848 0.04127
0 0.10501 0.86184 0.20985 0.03374
0 0.3148 0.13493 0.17093 0.03985
0 0.3148 0.22465 0.19638 0.03862
0 0.3148 0.27479 0.21488 0.03701
0 0.3148 0.31785 0.16354 0.033
0 0.3148 0.38736 0.18459 0.03665
0 0.3148 0.46854 0.21776 0.03551
0 0.3148 0.53698 0.17606 0.03831
0 0.3148 0.52443 0.2077 0.03479
0 0.3148 0.66908 0.21474 0.03355
0 0.3148 0.64885 0.16345 0.03269
0 0.3148 0.79622 0.21111 0.04045
0 0.3148 0.82220 0.17195 0.03279
0 0.3148 0.92689 0.17902 0.03702
0 0.3148 0.96392 0.21089 0.0361
0 0.52459 0.14588 0.19063 0.03473
0 0.52459 0.18883 0.19214 0.04117
0 0.52459 0.23380 0.21647 0.0342
0 0.52459 0.28650 0.21319 0.03941
0 0.52459 0.31175 0.20019 0.04304
0 0.52459 0.40893 0.18609 0.03849
0 0.52459 0.44482 0.17748 0.04345
0 0.52459 0.46283 0.21046 0.0363
0 0.52459 0.57332 0.20898 0.03512
0 0.52459 0.55216 0.19516 0.0393
0 0.52459 0.66262 0.17739 0.03606
0 0.52459 0.76069 0.1722 0.03434
0 0.52459 0.77792 0.21782 0.03486
0 0.52459 0.79818 0.18329 0.04042
0 0.52459 0.94228 0.16734 0.03764
0 0.73438 0.11404 0.18445 0.04
0 0.73438 0.17370 0.21157 0.04048
0 0.73438 0.21111 0.21303 0.03876
0 0.73438 0.27352 0.18773 0.03409
0 0.73438 0.29227 0.18627 0.03695
0 0.73438 0.38258 0.1996 0.03944
0 0.73438 0.36782 0.18897 0.03704
0 0.73438 0.46160 0.17188 0.03705
0 0.73438 0.45781 0.19872 0.04167
0 0.73438 0.53637 0.17223 0.03326
0 0.73438 0.57125 0.21656 0.03967
0 0.73438 0.58947 0.21802 0.04046
0 0.73438 0.65859 0.19665 0.04298
0 0.73438 0.72075 0.19754 0.03327
0 0.73438 0.75768 0.21075 0.03835
0 0.73438 0.86973 0.18794 0.04218
0 0.90921 0.12558 0.17324 0.03581
0 0.90921 0.17072 0.18224 0.04287
0 0.90921 0.23609 0.17954 0.04177
0 0.90921 0.26626 0.20982 0.03403
0 0.90921 0.31709 0.17155 0.03587
0 0.90921 0.38615 0.21357 0.03589
0 0.90921 0.42490 0.21126 0.03595
0 0.90921 0.45484 0.20198 0.04215
0 0.90921 0.59909 0.21329 0.03546
0 0.90921 0.63714 0.1686 0.03338
0 0.90921 0.60120 0.21797 0.03721
0 0.90921 0.70947 0.20558 0.04173
0 0.90921 0.78140 0.21065 0.03577
0 0.90921 0.78905 0.17572 0.04267
0 0.90921 0.80811 0.16936 0.03817