0 0.10403 0.13281 0.24346 0.04405
0 0.10268 0.18586 0.2564 0.04604
0 0.10328 0.23891 0.22238 0.04956
0 0.11513 0.29196 0.23936 0.04389
0 0.10937 0.34501 0.25842 0.04436
0 0.09718 0.39806 0.26356 0.04909
0 0.10914 0.45111 0.25097 0.04758
0 0.11181 0.50416 0.24865 0.0443
0 0.10916 0.55721 0.26186 0.05243
0 0.09695 0.61026 0.225 0.0481
0 0.09586 0.66331 0.22467 0.05056
0 0.10184 0.71636 0.25259 0.05049
0 0.11472 0.76941 0.22536 0.04729
0 0.10399 0.82246 0.2461 0.04907
0 0.11052 0.87551 0.2604 0.05252
0 0.11071 0.92856 0.2452 0.04586
0 0.29205 0.14609 0.22989 0.04982
0 0.32353 0.20444 0.23113 0.04598
0 0.32896 0.26280 0.25997 0.05189
0 0.3396 0.32115 0.26324 0.04686
0 0.32986 0.37951 0.26049 0.05111
0 0.3267 0.43786 0.23764 0.04715
0 0.28783 0.49622 0.25095 0.0499
0 0.32264 0.55457 0.22568 0.05062
0 0.28497 0.61293 0.2477 0.0487
0 0.31056 0.67129 0.23698 0.05207
0 0.31077 0.72964 0.22835 0.04972
0 0.30101 0.78800 0.23949 0.04972
0 0.34275 0.84635 0.2328 0.04991
0 0.31053 0.90471 0.24132 0.05169
0 0.31498 0.96306 0.22255 0.04779
0 0.54156 0.13281 0.22131 0.04751
0 0.47238 0.18586 0.23078 0.04617
0 0.55498 0.23891 0.22342 0.04461
0 0.55998 0.29196 0.26012 0.0482
0 0.54999 0.34501 0.22203 0.04869
0 0.5524 0.39806 0.24566 0.04778
0 0.4965 0.45111 0.23441 0.04573
0 0.47246 0.50416 0.25614 0.04532
0 0.56639 0.55721 0.24306 0.05204
0 0.47598 0.61026 0.22295 0.04903
0 0.57399 0.66331 0.25723 0.04757
0 0.53565 0.71636 0.23484 0.04665
0 0.54066 0.76941 0.23415 0.05155
0 0.49866 0.82246 0.24833 0.05174
0 0.55029 0.87551 0.24343 0.04875
0 0.55164 0.92856 0.25635 0.04517
0 0.8062 0.11953 0.23139 0.04462
0 0.75106 0.16727 0.23871 0.04583
0 0.77469 0.21502 0.2243 0.04583
0 0.75575 0.26276 0.25162 0.04777
0 0.75823 0.31051 0.2408 0.04576
0 0.66246 0.35825 0.25074 0.04485
0 0.684 0.40600 0.236 0.05087
0 0.80508 0.45374 0.23175 0.05181
0 0.74818 0.50149 0.24857 0.04826
0 0.79465 0.54923 0.22514 0.04435
0 0.71606 0.59698 0.26413 0.04393
0 0.73515 0.64472 0.26155 0.0467
0 0.67686 0.69247 0.24571 0.05046
0 0.77061 0.74021 0.23187 0.05115
0 0.74138 0.78796 0.23519 0.04902
0 0.71038 0.83571 0.25406 0.04501
0 0.85258 0.13281 0.23451 0.0438
0 0.86245 0.18586 0.25306 0.04621
0 0.93628 0.23891 0.24765 0.05114
0 0.96236 0.29196 0.23581 0.0471
0 0.98681 0.34501 0.2456 0.04464
0 0.93566 0.39806 0.22736 0.04935
0 0.99504 0.45111 0.22743 0.05185
0 0.90713 0.50416 0.24819 0.04874
0 0.99207 0.55721 0.26216 0.04772
0 0.94506 0.61026 0.2265 0.0496
0 0.86395 0.66331 0.23285 0.04485
0 0.86579 0.71636 0.24243 0.04635
0 0.88965 0.76941 0.26141 0.04731
0 0.8294 0.82246 0.23993 0.04956
0 0.89789 0.87551 0.22833 0.04582
0 0.8401 0.92856 0.231 0.04614