0 0.10501 0.13200 0.21224 0.03941
0 0.10501 0.19223 0.16352 0.03254
0 0.10501 0.25442 0.18245 0.03734
0 0.10501 0.30580 0.19869 0.03392
0 0.10501 0.37932 0.21749 0.04078
0 0.10501 0.41855 0.17717 0.03434
0 0.10501 0.48572 0.21074 0.03912
0 0.10501 0.55365 0.22039 0.03377
0 0.10501 0.51963 0.19781 0.04176
0 0.10501 0.57761 0.19325 0.03325
0 0.10501 0.70575 0.19118 0.04021
0 0.10501 0.65199 0.16912 0.03247
0 0.10501 0.69346 0.21678 0.04232
0 0.10501 0.76209 0.21135 0.04268
0 0.10501 0.95274 0.17821 0.03636
0 0.3148 0.14077 0.19587 0.04252
0 0.3148 0.20580 0.21281 0.03598
0 0.3148 0.28072 0.2158 0.03381
0 0.3148 0.33171 0.20798 0.04058
0 0.3148 0.39517 0.20322 0.04001
0 0.3148 0.44731 0.16297 0.04266
0 0.3148 0.50022 0.19131 0.04358
0 0.3148 0.58026 0.20335 0.04059
0 0.3148 0.64957 0.18064 0.04223
0 0.3148 0.65494 0.20088 0.03817
0 0.3148 0.74968 0.2001 0.03704
0 0.3148 0.80589 0.20221 0.03628
0 0.3148 0.76363 0.17259 0.03798
0 0.3148 0.91110 0.20251 0.03858
0 0.3148 0.96059 0.20697 0.03612
0 0.52459 0.14256 0.16764 0.03245
0 0.52459 0.19025 0.20632 0.0325
0 0.52459 0.25072 0.20421 0.03244
0 0.52459 0.31170 0.20552 0.04132
0 0.52459 0.36498 0.18041 0.03972
0 0.52459 0.37192 0.20237 0.04042
0 0.52459 0.41492 0.19929 0.03434
0 0.52459 0.46137 0.20724 0.04143
0 0.52459 0.50322 0.18361 0.03646
0 0.52459 0.59631 0.18617 0.04114
0 0.52459 0.67943 0.21415 0.03431
0 0.52459 0.70543 0.20213 0.03561
0 0.52459 0.71618 0.20675 0.03866
0 0.52459 0.83715 0.18863 0.03803
0 0.52459 0.92393 0.20219 0.04041
0 0.52459 0.96063 0.18616 0.03247
0 0.73438 0.11397 0.18961 0.04328
0 0.73438 0.16422 0.16235 0.04001
0 0.73438 0.23120 0.17993 0.0341
0 0.73438 0.26211 0.18796 0.03733
0 0.73438 0.29727 0.17835 0.04353
0 0.73438 0.35075 0.19395 0.0406
0 0.73438 0.41963 0.17303 0.04027
0 0.73438 0.42986 0.21426 0.03669
0 0.73438 0.52694 0.17572 0.03778
0 0.73438 0.55887 0.16577 0.0421
0 0.73438 0.62584 0.21052 0.04059
0 0.73438 0.66612 0.20812 0.04091
0 0.73438 0.63157 0.18158 0.0333
0 0.73438 0.79165 0.16721 0.04342
0 0.73438 0.71716 0.19534 0.03647
0 0.73438 0.91778 0.19643 0.0361
0 0.90921 0.12247 0.19163 0.03441
0 0.90921 0.17335 0.18073 0.03969
0 0.90921 0.24314 0.21422 0.03466
0 0.90921 0.27657 0.18379 0.04341
0 0.90921 0.34745 0.17765 0.04028
0 0.90921 0.42656 0.18276 0.03574
0 0.90921 0.41510 0.16258 0.03725
0 0.90921 0.52360 0.17833 0.04261
0 0.90921 0.53363 0.16557 0.04336
0 0.90921 0.61684 0.16724 0.03458
0 0.90921 0.61398 0.20086 0.03521
0 0.90921 0.69022 0.1904 0.03476
0 0.90921 0.81954 0.16272 0.04299
0 0.90921 0.77640 0.20076 0.0427
0 0.90921 0.82196 0.19466 0.03322
0 0.90921 0.97245 0.20013 0.04303