0 0.10501 0.13281 0.41755 0.07913
0 0.10501 0.18586 0.39357 0.07339
0 0.10501 0.23891 0.41811 0.07527
0 0.10501 0.29196 0.37908 0.07427
0 0.10501 0.34501 0.42025 0.08211
0 0.10501 0.39806 0.40409 0.07302
0 0.10501 0.45111 0.3751 0.07946
0 0.10501 0.50416 0.39511 0.07845
0 0.10501 0.55721 0.43224 0.08024
0 0.10501 0.61026 0.41282 0.08511
0 0.10501 0.66331 0.37635 0.0797
0 0.10501 0.71636 0.43678 0.079
0 0.10501 0.76941 0.44079 0.07864
0 0.10501 0.82246 0.41836 0.07792
0 0.10501 0.87551 0.41925 0.07951
0 0.10501 0.92856 0.4312 0.08665
0 0.3148 0.14609 0.38611 0.08619
0 0.3148 0.20444 0.3982 0.08423
0 0.3148 0.26280 0.42536 0.07911
0 0.3148 0.32115 0.44012 0.08062
0 0.3148 0.37951 0.37498 0.0864
0 0.3148 0.43786 0.41384 0.0776
0 0.3148 0.49622 0.38417 0.08418
0 0.3148 0.55457 0.439 0.07719
0 0.3148 0.61293 0.39503 0.08416
0 0.3148 0.67129 0.38457 0.08112
0 0.3148 0.72964 0.38097 0.07323
0 0.3148 0.78800 0.42129 0.08532
0 0.3148 0.84635 0.39718 0.07747
0 0.3148 0.90471 0.4075 0.07314
0 0.3148 0.96306 0.37011 0.07509
0 0.52459 0.13281 0.39591 0.07468
0 0.52459 0.18586 0.43313 0.07613
0 0.52459 0.23891 0.37521 0.07476
0 0.52459 0.29196 0.41625 0.07455
0 0.52459 0.34501 0.43057 0.07759
0 0.52459 0.39806 0.44207 0.08017
0 0.52459 0.45111 0.42813 0.07962
0 0.52459 0.50416 0.3996 0.07691
0 0.52459 0.55721 0.42292 0.07681
0 0.52459 0.61026 0.38173 0.07301
0 0.52459 0.66331 0.4225 0.08361
0 0.52459 0.71636 0.40974 0.07505
0 0.52459 0.76941 0.37782 0.07492
0 0.52459 0.82246 0.38445 0.07389
0 0.52459 0.87551 0.38781 0.073
0 0.52459 0.92856 0.38126 0.07534
0 0.73438 0.11953 0.41428 0.08526
0 0.73438 0.16727 0.40208 0.08149
0 0.73438 0.21502 0.39975 0.08577
0 0.73438 0.26276 0.43252 0.08334
0 0.73438 0.31051 0.42902 0.08372
0 0.73438 0.35825 0.37565 0.08136
0 0.73438 0.40600 0.39755 0.07706
0 0.73438 0.45374 0.38525 0.07383
0 0.73438 0.50149 0.39612 0.08205
0 0.73438 0.54923 0.40068 0.08172
0 0.73438 0.59698 0.43895 0.08172
0 0.73438 0.64472 0.39029 0.08494
0 0.73438 0.69247 0.37344 0.08659
0 0.73438 0.74021 0.43299 0.07587
0 0.73438 0.78796 0.40747 0.07584
0 0.73438 0.83571 0.37185 0.07879
0 0.90921 0.13281 0.3807 0.0786
0 0.90921 0.18586 0.37345 0.07995
0 0.90921 0.23891 0.40685 0.08511
0 0.90921 0.29196 0.43447 0.08327
0 0.90921 0.34501 0.43138 0.07863
0 0.90921 0.39806 0.4197 0.07488
0 0.90921 0.45111 0.38277 0.07955
0 0.90921 0.50416 0.41692 0.08048
0 0.90921 0.55721 0.37736 0.0843
0 0.90921 0.61026 0.43302 0.08596
0 0.90921 0.66331 0.37587 0.07464
0 0.90921 0.71636 0.38713 0.08756
0 0.90921 0.76941 0.37891 0.07471
0 0.90921 0.82246 0.44132 0.0731
0 0.90921 0.87551 0.41053 0.07306
0 0.90921 0.92856 0.37985 0.07566