0 0.10501 0.13281 0.42658 0.07902
0 0.10501 0.18586 0.42699 0.07685
0 0.10501 0.23891 0.37849 0.07634
0 0.10501 0.29196 0.42644 0.07711
0 0.10501 0.34501 0.37002 0.08227
0 0.10501 0.39806 0.40739 0.08394
0 0.10501 0.45111 0.41005 0.07579
0 0.10501 0.50416 0.41272 0.07359
0 0.10501 0.55721 0.43355 0.07319
0 0.10501 0.61026 0.39385 0.0859
0 0.10501 0.66331 0.41357 0.0865
0 0.10501 0.71636 0.39153 0.08628
0 0.10501 0.76941 0.42428 0.08641
0 0.10501 0.82246 0.44113 0.08196
0 0.10501 0.87551 0.37557 0.08153
0 0.10501 0.92856 0.41473 0.0854
0 0.3148 0.14609 0.41256 0.08495
0 0.3148 0.20444 0.37629 0.08506
0 0.3148 0.26280 0.42633 0.07955
0 0.3148 0.32115 0.37833 0.08523
0 0.3148 0.37951 0.43891 0.07422
0 0.3148 0.43786 0.37923 0.08737
0 0.3148 0.49622 0.40201 0.07419
0 0.3148 0.55457 0.44223 0.0811
0 0.3148 0.61293 0.39799 0.08506
0 0.3148 0.67129 0.40517 0.07602
0 0.3148 0.72964 0.38277 0.087
0 0.3148 0.78800 0.4414 0.07829
0 0.3148 0.84635 0.37912 0.08045
0 0.3148 0.90471 0.41297 0.07643
0 0.3148 0.96306 0.42766 0.08274
0 0.52459 0.13281 0.3866 0.08609
0 0.52459 0.18586 0.43615 0.08012
0 0.52459 0.23891 0.42025 0.08667
0 0.52459 0.29196 0.41608 0.07915
0 0.52459 0.34501 0.41574 0.08709
0 0.52459 0.39806 0.38897 0.08686
0 0.52459 0.45111 0.4339 0.08028
0 0.52459 0.50416 0.39924 0.0827
0 0.52459 0.55721 0.37523 0.07412
0 0.52459 0.61026 0.39486 0.07848
0 0.52459 0.66331 0.38929 0.07466
0 0.52459 0.71636 0.38256 0.08281
0 0.52459 0.76941 0.43296 0.08146
0 0.52459 0.82246 0.43603 0.08328
0 0.52459 0.87551 0.40796 0.08486
0 0.52459 0.92856 0.41683 0.07925
0 0.73438 0.11953 0.43587 0.08729
0 0.73438 0.16727 0.40672 0.08198
0 0.73438 0.21502 0.40054 0.0778
0 0.73438 0.26276 0.42108 0.07986
0 0.73438 0.31051 0.37003 0.07516
0 0.73438 0.35825 0.42599 0.07371
0 0.73438 0.40600 0.38419 0.0854
0 0.73438 0.45374 0.43792 0.07886
0 0.73438 0.50149 0.36924 0.08291
0 0.73438 0.54923 0.38624 0.08443
0 0.73438 0.59698 0.37164 0.07993
0 0.73438 0.64472 0.42196 0.08498
0 0.73438 0.69247 0.39586 0.08273
0 0.73438 0.74021 0.41893 0.0867
0 0.73438 0.78796 0.40057 0.08317
0 0.73438 0.83571 0.43934 0.08593
0 0.90921 0.13281 0.39741 0.08544
0 0.90921 0.18586 0.40009 0.0779
0 0.90921 0.23891 0.3884 0.07581
0 0.90921 0.29196 0.40362 0.07403
0 0.90921 0.34501 0.43396 0.08236
0 0.90921 0.39806 0.39237 0.08341
0 0.90921 0.45111 0.38827 0.07992
0 0.90921 0.50416 0.39259 0.07757
0 0.90921 0.55721 0.38874 0.0867
0 0.90921 0.61026 0.43612 0.07478
0 0.90921 0.66331 0.39793 0.08007
0 0.90921 0.71636 0.38541 0.08322
0 0.90921 0.76941 0.37777 0.083
0 0.90921 0.82246 0.40481 0.0825
0 0.90921 0.87551 0.42146 0.07326
0 0.90921 0.92856 0.40933 0.0754