0 0.10501 0.13281 0.4305 0.07532
0 0.10501 0.18586 0.39309 0.08725
0 0.10501 0.23891 0.38408 0.07624
0 0.10501 0.29196 0.43951 0.07921
0 0.10501 0.34501 0.42272 0.08245
0 0.10501 0.39806 0.38918 0.07773
0 0.10501 0.45111 0.3813 0.08459
0 0.10501 0.50416 0.37684 0.07417
0 0.10501 0.55721 0.43201 0.07941
0 0.10501 0.61026 0.3706 0.07418
0 0.10501 0.66331 0.42881 0.0809
0 0.10501 0.71636 0.40172 0.07829
0 0.10501 0.76941 0.41426 0.07963
0 0.10501 0.82246 0.43059 0.07339
0 0.10501 0.87551 0.39734 0.07507
0 0.10501 0.92856 0.39748 0.08464
0 0.3148 0.14609 0.41704 0.08567
0 0.3148 0.20444 0.42949 0.08104
0 0.3148 0.26280 0.40578 0.08486
0 0.3148 0.32115 0.44212 0.08492
0 0.3148 0.37951 0.41141 0.08282
0 0.3148 0.43786 0.44114 0.086
0 0.3148 0.49622 0.42136 0.08359
0 0.3148 0.55457 0.40538 0.07384
0 0.3148 0.61293 0.437 0.07759
0 0.3148 0.67129 0.42591 0.08078
0 0.3148 0.72964 0.37375 0.0856
0 0.3148 0.78800 0.42002 0.07582
0 0.3148 0.84635 0.44204 0.07515
0 0.3148 0.90471 0.41349 0.07407
0 0.3148 0.96306 0.38461 0.08717
0 0.52459 0.13281 0.40648 0.08623
0 0.52459 0.18586 0.41787 0.08626
0 0.52459 0.23891 0.41877 0.08748
0 0.52459 0.29196 0.41554 0.07751
0 0.52459 0.34501 0.43454 0.07629
0 0.52459 0.39806 0.38498 0.07784
0 0.52459 0.45111 0.39958 0.08531
0 0.52459 0.50416 0.43815 0.07646
0 0.52459 0.55721 0.4139 0.07489
0 0.52459 0.61026 0.40897 0.08678
0 0.52459 0.66331 0.40845 0.0731
0 0.52459 0.71636 0.39325 0.07431
0 0.52459 0.76941 0.38046 0.07329
0 0.52459 0.82246 0.42927 0.08424
0 0.52459 0.87551 0.40501 0.07503
0 0.52459 0.92856 0.3716 0.08307
0 0.73438 0.11953 0.41616 0.08293
0 0.73438 0.16727 0.39036 0.08251
0 0.73438 0.21502 0.44181 0.07868
0 0.73438 0.26276 0.39515 0.0854
0 0.73438 0.31051 0.38613 0.0839
0 0.73438 0.35825 0.44023 0.08548
0 0.73438 0.40600 0.37285 0.08551
0 0.73438 0.45374 0.42865 0.07513
0 0.73438 0.50149 0.43486 0.08147
0 0.73438 0.54923 0.42582 0.0775
0 0.73438 0.59698 0.43561 0.07368
0 0.73438 0.64472 0.42203 0.08485
0 0.73438 0.69247 0.41366 0.07357
0 0.73438 0.74021 0.42285 0.07653
0 0.73438 0.78796 0.42318 0.07669
0 0.73438 0.83571 0.42078 0.07685
0 0.90921 0.13281 0.36947 0.08268
0 0.90921 0.18586 0.36894 0.08347
0 0.90921 0.23891 0.39318 0.07452
0 0.90921 0.29196 0.38422 0.08437
0 0.90921 0.34501 0.38264 0.07504
0 0.90921 0.39806 0.40052 0.08079
0 0.90921 0.45111 0.42604 0.07673
0 0.90921 0.50416 0.36912 0.08733
0 0.90921 0.55721 0.38077 0.08083
0 0.90921 0.61026 0.41432 0.07386
0 0.90921 0.66331 0.39507 0.07474
0 0.90921 0.71636 0.43548 0.07988
0 0.90921 0.76941 0.41497 0.07429
0 0.90921 0.82246 0.39294 0.07487
0 0.90921 0.87551 0.38157 0.07583
0 0.90921 0.92856 0.39017 0.08116