0 0.11804 0.13281 0.40874 0.07359
0 0.09865 0.18586 0.38169 0.07952
0 0.09291 0.23891 0.37452 0.07509
0 0.09986 0.29196 0.39381 0.0787
0 0.1205 0.34501 0.43121 0.07958
0 0.10745 0.39806 0.37175 0.0875
0 0.10201 0.45111 0.37017 0.07328
0 0.1 0.50416 0.38297 0.08502
0 0.09535 0.55721 0.43174 0.07334
0 0.09745 0.61026 0.41564 0.0766
0 0.09545 0.66331 0.42505 0.07325
0 0.09601 0.71636 0.43732 0.07853
0 0.10907 0.76941 0.37329 0.08697
0 0.09272 0.82246 0.40405 0.07756
0 0.11069 0.87551 0.43909 0.07493
0 0.10245 0.92856 0.44197 0.08069
0 0.29298 0.14609 0.38427 0.0803
0 0.35807 0.20444 0.37187 0.07973
0 0.29915 0.26280 0.38041 0.07523
0 0.35532 0.32115 0.37496 0.07906
0 0.28448 0.37951 0.38076 0.08361
0 0.31758 0.43786 0.37292 0.07683
0 0.30422 0.49622 0.43814 0.08319
0 0.32547 0.55457 0.41428 0.07768
0 0.32165 0.61293 0.37164 0.07789
0 0.31288 0.67129 0.38787 0.07807
0 0.34808 0.72964 0.42501 0.07724
0 0.28506 0.78800 0.37203 0.08579
0 0.30995 0.84635 0.38748 0.0841
0 0.29505 0.90471 0.43484 0.07308
0 0.32029 0.96306 0.41255 0.08359
0 0.53718 0.13281 0.38584 0.07311
0 0.54371 0.18586 0.4095 0.07533
0 0.5901 0.23891 0.38276 0.07449
0 0.59725 0.29196 0.4177 0.08116
0 0.54696 0.34501 0.40727 0.07675
0 0.49334 0.39806 0.41175 0.08691
0 0.54571 0.45111 0.44102 0.08285
0 0.46441 0.50416 0.36894 0.0806
0 0.4859 0.55721 0.43134 0.08051
0 0.48186 0.61026 0.43543 0.08605
0 0.48232 0.66331 0.40184 0.08745
0 0.54431 0.71636 0.42803 0.07386
0 0.49982 0.76941 0.42752 0.08493
0 0.57175 0.82246 0.40863 0.08684
0 0.50762 0.87551 0.37064 0.08659
0 0.46313 0.92856 0.38595 0.07806
0 0.8297 0.11953 0.37657 0.08065
0 0.78098 0.16727 0.3921 0.08421
0 0.6841 0.21502 0.38323 0.08097
0 0.7759 0.26276 0.39214 0.07747
0 0.69565 0.31051 0.37832 0.07623
0 0.67479 0.35825 0.43043 0.07794
0 0.7265 0.40600 0.38746 0.08563
0 0.709 0.45374 0.43125 0.08069
0 0.68451 0.50149 0.41696 0.08737
0 0.68891 0.54923 0.4328 0.08544
0 0.66369 0.59698 0.40861 0.07301
0 0.71181 0.64472 0.37939 0.07927
0 0.80152 0.69247 0.41677 0.08118
0 0.65035 0.74021 0.43945 0.08002
0 0.67025 0.78796 0.4195 0.08191
0 0.81881 0.83571 0.39435 0.07981
0 0.95258 0.18586 0.37358 0.07886
0 0.89586 0.23891 0.37933 0.07541
0 0.83745 0.29196 0.37807 0.08725
0 0.88214 0.34501 0.37576 0.07614
0 0.87941 0.39806 0.37596 0.07616
0 0.86767 0.45111 0.41993 0.0792
0 0.88313 0.50416 0.41264 0.07757
0 0.85635 0.66331 0.42429 0.08039
0 0.94824 0.71636 0.39853 0.08578
0 0.98619 0.76941 0.37285 0.08601
0 0.99011 0.82246 0.39102 0.07576
0 0.84211 0.87551 0.38266 0.08311
0 0.86804 0.92856 0.41455 0.07857