0 0.10501 0.13281 0.37199 0.08602
0 0.10501 0.18586 0.40144 0.07995
0 0.10501 0.23891 0.43696 0.08647
0 0.10501 0.29196 0.38484 0.08756
0 0.10501 0.34501 0.38056 0.08253
0 0.10501 0.39806 0.40396 0.08145
0 0.10501 0.45111 0.42744 0.08205
0 0.10501 0.50416 0.44091 0.07341
0 0.10501 0.55721 0.41497 0.07575
0 0.10501 0.61026 0.43669 0.07855
0 0.10501 0.66331 0.38372 0.0829
0 0.10501 0.71636 0.37431 0.07657
0 0.10501 0.76941 0.43478 0.07444
0 0.10501 0.82246 0.43373 0.08259
0 0.10501 0.87551 0.39591 0.07405
0 0.10501 0.92856 0.43896 0.08072
0 0.3148 0.14609 0.38335 0.08637
0 0.3148 0.20444 0.36929 0.07986
0 0.3148 0.26280 0.40361 0.08678
0 0.3148 0.32115 0.42546 0.07532
0 0.3148 0.37951 0.37572 0.07327
0 0.3148 0.43786 0.39707 0.08533
0 0.3148 0.49622 0.41902 0.08476
0 0.3148 0.55457 0.41176 0.07995
0 0.3148 0.61293 0.39226 0.07362
0 0.3148 0.67129 0.42483 0.08094
0 0.3148 0.72964 0.40169 0.07744
0 0.3148 0.78800 0.43115 0.07636
0 0.3148 0.84635 0.43818 0.07339
0 0.3148 0.90471 0.40392 0.08676
0 0.3148 0.96306 0.44086 0.07668
0 0.52459 0.13281 0.43395 0.08197
0 0.52459 0.18586 0.37635 0.08112
0 0.52459 0.23891 0.38191 0.08029
0 0.52459 0.29196 0.40718 0.08755
0 0.52459 0.34501 0.39735 0.07763
0 0.52459 0.39806 0.41822 0.08484
0 0.52459 0.45111 0.4364 0.08167
0 0.52459 0.50416 0.42569 0.08711
0 0.52459 0.55721 0.38098 0.07435
0 0.52459 0.61026 0.42257 0.07992
0 0.52459 0.66331 0.42948 0.08519
0 0.52459 0.71636 0.38258 0.08452
0 0.52459 0.76941 0.41195 0.08159
0 0.52459 0.82246 0.3837 0.07623
0 0.52459 0.87551 0.38506 0.08739
0 0.52459 0.92856 0.41396 0.07571
0 0.73438 0.11953 0.37249 0.08226
0 0.73438 0.16727 0.42404 0.08218
0 0.73438 0.21502 0.42618 0.08128
0 0.73438 0.26276 0.36963 0.08244
0 0.73438 0.31051 0.40194 0.08614
0 0.73438 0.35825 0.40981 0.08582
0 0.73438 0.40600 0.38073 0.08678
0 0.73438 0.45374 0.40976 0.07505
0 0.73438 0.50149 0.39204 0.07876
0 0.73438 0.54923 0.37278 0.08687
0 0.73438 0.59698 0.37171 0.07379
0 0.73438 0.64472 0.41908 0.07406
0 0.73438 0.69247 0.36984 0.08662
0 0.73438 0.74021 0.43093 0.07621
0 0.73438 0.78796 0.42715 0.08557
0 0.73438 0.83571 0.39257 0.07787
0 0.90921 0.13281 0.37514 0.07317
0 0.90921 0.18586 0.39442 0.07673
0 0.90921 0.23891 0.4336 0.08526
0 0.90921 0.29196 0.38294 0.07591
0 0.90921 0.34501 0.36886 0.07315
0 0.90921 0.39806 0.38636 0.08305
0 0.90921 0.45111 0.39233 0.08195
0 0.90921 0.50416 0.41496 0.08707
0 0.90921 0.55721 0.3783 0.07678
0 0.90921 0.61026 0.41704 0.07465
0 0.90921 0.66331 0.37166 0.07756
0 0.90921 0.71636 0.39562 0.085
0 0.90921 0.76941 0.3997 0.07908
0 0.90921 0.82246 0.43533 0.08638
0 0.90921 0.87551 0.38926 0.08099
0 0.90921 0.92856 0.37462 0.08612