0 0.10501 0.13281 0.41606 0.0839
0 0.10501 0.18586 0.43878 0.08458
0 0.10501 0.23891 0.42361 0.07511
0 0.10501 0.29196 0.42328 0.07297
0 0.10501 0.34501 0.43504 0.07934
0 0.10501 0.39806 0.38481 0.07588
0 0.10501 0.45111 0.42758 0.08134
0 0.10501 0.50416 0.37518 0.08188
0 0.10501 0.55721 0.40552 0.0801
0 0.10501 0.61026 0.38458 0.0797
0 0.10501 0.66331 0.41884 0.08212
0 0.10501 0.71636 0.39061 0.07686
0 0.10501 0.76941 0.41779 0.07695
0 0.10501 0.82246 0.44209 0.07727
0 0.10501 0.87551 0.42279 0.07457
0 0.10501 0.92856 0.42541 0.08367
0 0.3148 0.14609 0.41983 0.07541
0 0.3148 0.20444 0.41716 0.07533
0 0.3148 0.26280 0.42413 0.07861
0 0.3148 0.32115 0.41826 0.07326
0 0.3148 0.37951 0.41762 0.0854
0 0.3148 0.43786 0.38395 0.08263
0 0.3148 0.49622 0.40375 0.07908
0 0.3148 0.55457 0.39711 0.07381
0 0.3148 0.61293 0.38792 0.08421
0 0.3148 0.67129 0.39668 0.08035
0 0.3148 0.72964 0.42507 0.07977
0 0.3148 0.78800 0.38199 0.07522
0 0.3148 0.84635 0.37775 0.08035
0 0.3148 0.90471 0.4293 0.08535
0 0.3148 0.96306 0.40674 0.08707
0 0.52459 0.13281 0.38207 0.07391
0 0.52459 0.18586 0.38198 0.07632
0 0.52459 0.23891 0.41255 0.08441
0 0.52459 0.29196 0.42886 0.08074
0 0.52459 0.34501 0.40596 0.07944
0 0.52459 0.39806 0.38135 0.07761
0 0.52459 0.45111 0.43237 0.07573
0 0.52459 0.50416 0.36995 0.07416
0 0.52459 0.55721 0.38822 0.08226
0 0.52459 0.61026 0.42707 0.07895
0 0.52459 0.66331 0.37363 0.08424
0 0.52459 0.71636 0.41559 0.08143
0 0.52459 0.76941 0.43951 0.07795
0 0.52459 0.82246 0.39102 0.08242
0 0.52459 0.87551 0.41508 0.08136
0 0.52459 0.92856 0.42286 0.08096
0 0.73438 0.11953 0.36989 0.08658
0 0.73438 0.16727 0.38041 0.08497
0 0.73438 0.21502 0.39753 0.08196
0 0.73438 0.26276 0.42721 0.07843
0 0.73438 0.31051 0.39012 0.08239
0 0.73438 0.35825 0.36942 0.07925
0 0.73438 0.40600 0.4314 0.08252
0 0.73438 0.45374 0.41891 0.08702
0 0.73438 0.50149 0.43594 0.0844
0 0.73438 0.54923 0.42652 0.07963
0 0.73438 0.59698 0.41678 0.08319
0 0.73438 0.64472 0.39536 0.08369
0 0.73438 0.69247 0.42297 0.08438
0 0.73438 0.74021 0.4237 0.07824
0 0.73438 0.78796 0.43305 0.08526
0 0.73438 0.83571 0.38061 0.07709
0 0.90921 0.13281 0.42888 0.08323
0 0.90921 0.18586 0.42322 0.0774
0 0.90921 0.23891 0.42941 0.08479
0 0.90921 0.29196 0.39182 0.07442
0 0.90921 0.34501 0.39933 0.0796
0 0.90921 0.39806 0.37725 0.08448
0 0.90921 0.45111 0.40369 0.08116
0 0.90921 0.50416 0.39998 0.08064
0 0.90921 0.55721 0.44163 0.07719
0 0.90921 0.61026 0.40594 0.07916
0 0.90921 0.66331 0.42568 0.07391
0 0.90921 0.71636 0.42915 0.08199
0 0.90921 0.76941 0.39048 0.07675
0 0.90921 0.82246 0.43807 0.07781
0 0.90921 0.87551 0.42084 0.08678
0 0.90921 0.92856 0.42325 0.08173