0 0.11142 0.13281 0.37633 0.08048
0 0.1009 0.18586 0.38126 0.07485
0 0.11232 0.23891 0.39493 0.08004
0 0.11886 0.29196 0.43202 0.07718
0 0.11311 0.34501 0.38428 0.07522
0 0.10662 0.39806 0.36977 0.07764
0 0.10422 0.45111 0.40869 0.07528
0 0.11981 0.50416 0.41271 0.07583
0 0.09775 0.55721 0.41648 0.0839
0 0.09367 0.61026 0.43869 0.07901
0 0.11256 0.66331 0.42325 0.085
0 0.1156 0.71636 0.39455 0.07434
0 0.10133 0.76941 0.43014 0.07453
0 0.09838 0.82246 0.37842 0.08508
0 0.1116 0.87551 0.37544 0.08097
0 0.10523 0.92856 0.41939 0.07849
0 0.27766 0.14609 0.37349 0.0823
0 0.32611 0.20444 0.41902 0.07351
0 0.34016 0.26280 0.44209 0.07515
0 0.35966 0.32115 0.41051 0.07579
0 0.30805 0.37951 0.39477 0.0855
0 0.35789 0.43786 0.37705 0.08371
0 0.35718 0.49622 0.37324 0.07403
0 0.35968 0.55457 0.38501 0.08257
0 0.34801 0.61293 0.39334 0.08235
0 0.28686 0.67129 0.38003 0.08137
0 0.3021 0.72964 0.40844 0.07555
0 0.35417 0.78800 0.37182 0.08443
0 0.29229 0.84635 0.4425 0.08735
0 0.36184 0.90471 0.37214 0.07707
0 0.32809 0.96306 0.40958 0.08691
0 0.48406 0.13281 0.41951 0.07972
0 0.5543 0.18586 0.37052 0.07925
0 0.55713 0.23891 0.43114 0.08209
0 0.59371 0.29196 0.37166 0.08287
0 0.50694 0.34501 0.39625 0.0801
0 0.47666 0.39806 0.42804 0.07772
0 0.57994 0.45111 0.44012 0.07496
0 0.5018 0.50416 0.40408 0.07735
0 0.5483 0.55721 0.39515 0.07966
0 0.54523 0.61026 0.42842 0.08522
0 0.52586 0.66331 0.3873 0.07804
0 0.4627 0.71636 0.39326 0.08177
0 0.47242 0.76941 0.38506 0.07391
0 0.47756 0.82246 0.38284 0.0744
0 0.55417 0.87551 0.37302 0.07509
0 0.5629 0.92856 0.36965 0.08122
0 0.65164 0.11953 0.38726 0.08176
0 0.83592 0.16727 0.39744 0.08661
0 0.67929 0.21502 0.41266 0.08333
0 0.64683 0.26276 0.37049 0.08187
0 0.81677 0.31051 0.43816 0.07907
0 0.81138 0.35825 0.37001 0.07871
0 0.64896 0.40600 0.40668 0.07708
0 0.69372 0.45374 0.40797 0.07494
0 0.69959 0.50149 0.38282 0.07373
0 0.77922 0.54923 0.39682 0.07728
0 0.68737 0.59698 0.42342 0.07393
0 0.83551 0.64472 0.40549 0.0801
0 0.659 0.69247 0.42103 0.08527
0 0.65584 0.74021 0.37551 0.07453
0 0.72435 0.78796 0.41399 0.07301
0 0.72402 0.83571 0.38786 0.08287
0 0.87881 0.18586 0.37777 0.07496
0 0.922 0.23891 0.42882 0.07363
0 0.87642 0.45111 0.38006 0.08196
0 0.87242 0.50416 0.42268 0.07567
0 0.98988 0.55721 0.37889 0.07337
0 0.97215 0.61026 0.40783 0.08031
0 0.95066 0.66331 0.4108 0.07533
0 0.89253 0.71636 0.41641 0.08727
0 0.9657 0.76941 0.43848 0.08055
0 0.90247 0.82246 0.41801 0.0738
0 0.88655 0.87551 0.40504 0.07759