0 0.10501 0.13281 0.40593 0.0731
0 0.10501 0.18586 0.37484 0.08282
0 0.10501 0.23891 0.37814 0.07339
0 0.10501 0.29196 0.37854 0.07982
0 0.10501 0.34501 0.37233 0.08622
0 0.10501 0.39806 0.43825 0.0786
0 0.10501 0.45111 0.39628 0.07447
0 0.10501 0.50416 0.41799 0.0805
0 0.10501 0.55721 0.38176 0.07903
0 0.10501 0.61026 0.37022 0.08493
0 0.10501 0.66331 0.41241 0.08113
0 0.10501 0.71636 0.43564 0.08654
0 0.10501 0.76941 0.39632 0.07861
0 0.10501 0.82246 0.38923 0.07592
0 0.10501 0.87551 0.37127 0.08059
0 0.10501 0.92856 0.43986 0.08197
0 0.3148 0.14609 0.42381 0.08067
0 0.3148 0.20444 0.40128 0.08572
0 0.3148 0.26280 0.40201 0.08263
0 0.3148 0.32115 0.3978 0.07359
0 0.3148 0.37951 0.37548 0.07505
0 0.3148 0.43786 0.41599 0.08129
0 0.3148 0.49622 0.43868 0.07809
0 0.3148 0.55457 0.39 0.0866
0 0.3148 0.61293 0.42329 0.08682
0 0.3148 0.67129 0.37493 0.07613
0 0.3148 0.72964 0.38323 0.08082
0 0.3148 0.78800 0.4248 0.07713
0 0.3148 0.84635 0.39197 0.08616
0 0.3148 0.90471 0.40263 0.07711
0 0.3148 0.96306 0.3926 0.0815
0 0.52459 0.13281 0.40259 0.08374
0 0.52459 0.18586 0.43588 0.08588
0 0.52459 0.23891 0.42853 0.07394
0 0.52459 0.29196 0.39748 0.0744
0 0.52459 0.34501 0.40331 0.07327
0 0.52459 0.39806 0.4411 0.07358
0 0.52459 0.45111 0.36984 0.075
0 0.52459 0.50416 0.4229 0.08672
0 0.52459 0.55721 0.43717 0.07757
0 0.52459 0.61026 0.40746 0.08497
0 0.52459 0.66331 0.44083 0.07769
0 0.52459 0.71636 0.37138 0.07861
0 0.52459 0.76941 0.43342 0.08397
0 0.52459 0.82246 0.39576 0.08443
0 0.52459 0.87551 0.39031 0.07428
0 0.52459 0.92856 0.42139 0.087
0 0.73438 0.11953 0.38688 0.07536
0 0.73438 0.16727 0.44152 0.08274
0 0.73438 0.21502 0.42677 0.08021
0 0.73438 0.26276 0.43763 0.08051
0 0.73438 0.31051 0.37752 0.08219
0 0.73438 0.35825 0.37509 0.07808
0 0.73438 0.40600 0.44122 0.08506
0 0.73438 0.45374 0.42739 0.07662
0 0.73438 0.50149 0.41998 0.07321
0 0.73438 0.54923 0.43988 0.08604
0 0.73438 0.59698 0.40208 0.0828
0 0.73438 0.64472 0.40191 0.0734
0 0.73438 0.69247 0.43568 0.07873
0 0.73438 0.74021 0.42888 0.08161
0 0.73438 0.78796 0.37217 0.07641
0 0.73438 0.83571 0.39312 0.07885
0 0.90921 0.13281 0.38429 0.07928
0 0.90921 0.18586 0.43275 0.07665
0 0.90921 0.23891 0.42571 0.07905
0 0.90921 0.29196 0.43758 0.08348
0 0.90921 0.34501 0.42301 0.08129
0 0.90921 0.39806 0.38895 0.07557
0 0.90921 0.45111 0.38032 0.08442
0 0.90921 0.50416 0.41138 0.07463
0 0.90921 0.55721 0.40209 0.07475
0 0.90921 0.61026 0.36951 0.07301
0 0.90921 0.66331 0.37409 0.07428
0 0.90921 0.71636 0.37406 0.08627
0 0.90921 0.76941 0.39047 0.07842
0 0.90921 0.82246 0.37144 0.07956
0 0.90921 0.87551 0.3915 0.08071
0 0.90921 0.92856 0.37227 0.07936