0 0.10309 0.13281 0.26181 0.04874
0 0.11338 0.18586 0.25433 0.0492
0 0.10469 0.23891 0.23852 0.04918
0 0.09769 0.29196 0.24331 0.04495
0 0.10293 0.34501 0.23794 0.04823
0 0.10975 0.39806 0.22604 0.04859
0 0.09498 0.45111 0.25642 0.04957
0 0.11518 0.50416 0.24321 0.04544
0 0.10607 0.55721 0.2229 0.04823
0 0.09735 0.61026 0.25315 0.04646
0 0.09593 0.66331 0.26513 0.04446
0 0.11098 0.71636 0.24649 0.0438
0 0.09885 0.76941 0.22614 0.04517
0 0.10942 0.82246 0.26304 0.04907
0 0.10115 0.87551 0.22949 0.04892
0 0.11053 0.92856 0.22808 0.04581
0 0.28619 0.14609 0.24731 0.04953
0 0.2958 0.20444 0.2218 0.04836
0 0.28579 0.26280 0.2268 0.04578
0 0.31158 0.32115 0.25184 0.05114
0 0.3417 0.37951 0.23013 0.0461
0 0.30915 0.43786 0.24168 0.05116
0 0.32796 0.49622 0.25889 0.04958
0 0.29591 0.55457 0.24375 0.04796
0 0.30441 0.61293 0.26367 0.04544
0 0.31656 0.67129 0.22451 0.05135
0 0.29179 0.72964 0.25483 0.04975
0 0.34473 0.78800 0.23954 0.05044
0 0.34445 0.84635 0.22457 0.05243
0 0.33078 0.90471 0.24741 0.04582
0 0.32735 0.96306 0.2345 0.04655
0 0.5539 0.13281 0.25512 0.04721
0 0.55055 0.18586 0.23555 0.04989
0 0.49613 0.23891 0.26326 0.04469
0 0.51876 0.29196 0.25992 0.04572
0 0.4785 0.34501 0.26427 0.04894
0 0.49806 0.39806 0.22624 0.05041
0 0.51015 0.45111 0.24468 0.04732
0 0.49253 0.50416 0.23233 0.04515
0 0.53679 0.55721 0.26367 0.05034
0 0.56638 0.61026 0.22421 0.05025
0 0.4968 0.66331 0.23574 0.04854
0 0.52937 0.71636 0.24763 0.04752
0 0.55902 0.76941 0.23462 0.04705
0 0.50767 0.82246 0.24286 0.05168
0 0.55773 0.87551 0.22155 0.04644
0 0.47801 0.92856 0.25044 0.04608
0 0.75179 0.11953 0.26326 0.05195
0 0.71854 0.16727 0.22922 0.04815
0 0.77425 0.21502 0.24836 0.05165
0 0.67705 0.26276 0.23986 0.05075
0 0.78578 0.31051 0.25434 0.04986
0 0.68671 0.35825 0.23202 0.04984
0 0.70382 0.40600 0.25752 0.04774
0 0.76637 0.45374 0.23833 0.04646
0 0.72932 0.50149 0.22526 0.04425
0 0.74017 0.54923 0.23798 0.05142
0 0.79592 0.59698 0.24599 0.04995
0 0.74694 0.64472 0.25918 0.04663
0 0.68106 0.69247 0.23169 0.04697
0 0.66254 0.74021 0.25383 0.0466
0 0.69708 0.78796 0.24613 0.04923
0 0.70001 0.83571 0.22315 0.04742
0 0.85687 0.13281 0.2567 0.05191
0 0.90382 0.18586 0.24348 0.0466
0 0.93541 0.23891 0.25851 0.04561
0 0.84717 0.29196 0.2259 0.04964
0 0.90236 0.34501 0.23516 0.04933
0 0.86393 0.39806 0.25099 0.04415
0 0.82491 0.45111 0.2613 0.04858
0 0.9937 0.50416 0.22705 0.04821
0 0.90414 0.55721 0.22755 0.04651
0 0.85328 0.61026 0.25281 0.04712
0 0.85527 0.66331 0.26107 0.04404
0 0.99937 0.71636 0.26043 0.05003
0 0.86051 0.76941 0.23079 0.04762
0 0.95295 0.82246 0.23209 0.05182
0 0.84525 0.87551 0.25351 0.04658
0 0.99873 0.92856 0.22563 0.04957