0 0.09548 0.13281 0.23715 0.05064
0 0.11208 0.18586 0.23354 0.04381
0 0.09477 0.23891 0.26353 0.04481
0 0.0964 0.29196 0.2356 0.0472
0 0.09549 0.34501 0.23061 0.04501
0 0.10535 0.39806 0.22469 0.04556
0 0.09564 0.45111 0.22426 0.04993
0 0.11226 0.50416 0.24511 0.04549
0 0.10084 0.55721 0.25638 0.04959
0 0.10087 0.61026 0.25623 0.05197
0 0.09769 0.66331 0.26433 0.05231
0 0.09694 0.71636 0.26363 0.045
0 0.09575 0.76941 0.2606 0.05051
0 0.11421 0.82246 0.25061 0.05006
0 0.1125 0.87551 0.2392 0.04921
0 0.10015 0.92856 0.22202 0.05161
0 0.30433 0.14609 0.26138 0.05041
0 0.32768 0.20444 0.2534 0.05126
0 0.30078 0.26280 0.26179 0.04841
0 0.34441 0.32115 0.25524 0.04839
0 0.34024 0.37951 0.23837 0.04442
0 0.33506 0.43786 0.2521 0.05191
0 0.30417 0.49622 0.23574 0.04626
0 0.31617 0.55457 0.24632 0.0454
0 0.31158 0.61293 0.22474 0.04958
0 0.29828 0.67129 0.239 0.05012
0 0.34355 0.72964 0.23106 0.05232
0 0.2863 0.78800 0.25013 0.04962
0 0.3289 0.84635 0.22755 0.04678
0 0.29988 0.90471 0.25226 0.04926
0 0.29547 0.96306 0.23077 0.04616
0 0.5347 0.13281 0.23013 0.04935
0 0.5602 0.18586 0.23371 0.04799
0 0.56585 0.23891 0.22728 0.04514
0 0.53106 0.29196 0.24748 0.04486
0 0.51437 0.34501 0.23818 0.04499
0 0.53706 0.39806 0.22853 0.04886
0 0.5665 0.45111 0.22459 0.05216
0 0.52878 0.50416 0.24135 0.04589
0 0.56196 0.55721 0.24716 0.049
0 0.56903 0.61026 0.25212 0.05224
0 0.52139 0.66331 0.22807 0.04988
0 0.56984 0.71636 0.23288 0.04443
0 0.47859 0.76941 0.22821 0.05243
0 0.52468 0.82246 0.26014 0.05215
0 0.53859 0.87551 0.25529 0.04965
0 0.47415 0.92856 0.26164 0.05221
0 0.75747 0.11953 0.25489 0.05042
0 0.6889 0.16727 0.25199 0.04589
0 0.70307 0.21502 0.24491 0.04867
0 0.76889 0.26276 0.23544 0.04986
0 0.68737 0.31051 0.25821 0.0456
0 0.78261 0.35825 0.25794 0.04802
0 0.71648 0.40600 0.25535 0.04934
0 0.71055 0.45374 0.25154 0.04845
0 0.66995 0.50149 0.25256 0.04511
0 0.69374 0.54923 0.23075 0.04486
0 0.76606 0.59698 0.23276 0.05178
0 0.73734 0.64472 0.24085 0.05181
0 0.70082 0.69247 0.22471 0.04824
0 0.73604 0.74021 0.22887 0.04878
0 0.75046 0.78796 0.24359 0.0525
0 0.70888 0.83571 0.25515 0.04941
0 0.84835 0.13281 0.2234 0.05188
0 0.86586 0.18586 0.2246 0.04749
0 0.8763 0.23891 0.24476 0.04985
0 0.91367 0.29196 0.23122 0.0491
0 0.98675 0.34501 0.22813 0.05137
0 0.97692 0.39806 0.24683 0.05072
0 0.82254 0.45111 0.23484 0.04941
0 0.88367 0.50416 0.26534 0.05169
0 0.96117 0.55721 0.25737 0.04484
0 0.87928 0.61026 0.2401 0.04682
0 0.97724 0.66331 0.2419 0.05111
0 0.97663 0.71636 0.25808 0.05216
0 0.92425 0.76941 0.25768 0.04712
0 0.843 0.82246 0.22613 0.04757
0 0.92801 0.87551 0.25849 0.0518
0 0.98998 0.92856 0.25658 0.05177