0 0.10501 0.13281 0.37865 0.07576
0 0.10501 0.18586 0.39782 0.07905
0 0.10501 0.23891 0.39839 0.07408
0 0.10501 0.29196 0.39946 0.08536
0 0.10501 0.34501 0.40481 0.08055
0 0.10501 0.39806 0.44045 0.07318
0 0.10501 0.45111 0.4341 0.077
0 0.10501 0.50416 0.37812 0.08356
0 0.10501 0.55721 0.41263 0.08411
0 0.10501 0.61026 0.42613 0.0855
0 0.10501 0.66331 0.37957 0.08042
0 0.10501 0.71636 0.37685 0.08364
0 0.10501 0.76941 0.43755 0.08579
0 0.10501 0.82246 0.3736 0.08408
0 0.10501 0.87551 0.40564 0.07745
0 0.10501 0.92856 0.38716 0.07846
0 0.3148 0.14609 0.43048 0.07576
0 0.3148 0.20444 0.37536 0.08488
0 0.3148 0.26280 0.39138 0.08647
0 0.3148 0.32115 0.41189 0.07938
0 0.3148 0.37951 0.40067 0.07901
0 0.3148 0.43786 0.42426 0.07792
0 0.3148 0.49622 0.40426 0.08392
0 0.3148 0.55457 0.38097 0.08637
0 0.3148 0.61293 0.39153 0.07692
0 0.3148 0.67129 0.38353 0.07453
0 0.3148 0.72964 0.37628 0.08062
0 0.3148 0.78800 0.42574 0.07418
0 0.3148 0.84635 0.42813 0.07773
0 0.3148 0.90471 0.39777 0.07794
0 0.3148 0.96306 0.4328 0.07877
0 0.52459 0.13281 0.38728 0.0736
0 0.52459 0.18586 0.40702 0.08008
0 0.52459 0.23891 0.3954 0.07414
0 0.52459 0.29196 0.42705 0.08253
0 0.52459 0.34501 0.38948 0.08064
0 0.52459 0.39806 0.41261 0.0733
0 0.52459 0.45111 0.39141 0.0792
0 0.52459 0.50416 0.43245 0.07418
0 0.52459 0.55721 0.43718 0.08002
0 0.52459 0.61026 0.41219 0.08365
0 0.52459 0.66331 0.4239 0.07837
0 0.52459 0.71636 0.37149 0.08738
0 0.52459 0.76941 0.44188 0.07362
0 0.52459 0.82246 0.38668 0.07915
0 0.52459 0.87551 0.43068 0.08744
0 0.52459 0.92856 0.42676 0.08457
0 0.73438 0.11953 0.39164 0.07411
0 0.73438 0.16727 0.3989 0.07991
0 0.73438 0.21502 0.40185 0.08655
0 0.73438 0.26276 0.38696 0.07911
0 0.73438 0.31051 0.39491 0.077
0 0.73438 0.35825 0.42174 0.08472
0 0.73438 0.40600 0.38373 0.08071
0 0.73438 0.45374 0.43837 0.07541
0 0.73438 0.50149 0.41829 0.07825
0 0.73438 0.54923 0.38013 0.07738
0 0.73438 0.59698 0.38434 0.07817
0 0.73438 0.64472 0.37688 0.08184
0 0.73438 0.69247 0.42593 0.08639
0 0.73438 0.74021 0.42149 0.08512
0 0.73438 0.78796 0.3691 0.08688
0 0.73438 0.83571 0.42254 0.07863
0 0.90921 0.13281 0.39129 0.08682
0 0.90921 0.18586 0.41571 0.07685
0 0.90921 0.23891 0.42536 0.07382
0 0.90921 0.29196 0.38216 0.08459
0 0.90921 0.34501 0.40337 0.08246
0 0.90921 0.39806 0.37939 0.0814
0 0.90921 0.45111 0.38018 0.08706
0 0.90921 0.50416 0.38459 0.08728
0 0.90921 0.55721 0.37188 0.0871
0 0.90921 0.61026 0.43414 0.08098
0 0.90921 0.66331 0.38053 0.07926
0 0.90921 0.71636 0.41119 0.07743
0 0.90921 0.76941 0.42984 0.0823
0 0.90921 0.82246 0.3695 0.08419
0 0.90921 0.87551 0.43336 0.08129
0 0.90921 0.92856 0.3786 0.08447