0 0.10501 0.13281 0.39721 0.0795
0 0.10501 0.18586 0.38501 0.07837
0 0.10501 0.23891 0.38386 0.08164
0 0.10501 0.29196 0.41366 0.07866
0 0.10501 0.34501 0.4376 0.08559
0 0.10501 0.39806 0.38726 0.08356
0 0.10501 0.45111 0.38274 0.08472
0 0.10501 0.50416 0.44083 0.07914
0 0.10501 0.55721 0.3727 0.08452
0 0.10501 0.61026 0.39713 0.07909
0 0.10501 0.66331 0.4111 0.08234
0 0.10501 0.71636 0.43211 0.08468
0 0.10501 0.76941 0.37852 0.08708
0 0.10501 0.82246 0.39138 0.08128
0 0.10501 0.87551 0.40788 0.08214
0 0.10501 0.92856 0.39589 0.08507
0 0.3148 0.14609 0.39506 0.08471
0 0.3148 0.20444 0.38551 0.08702
0 0.3148 0.26280 0.38295 0.07636
0 0.3148 0.32115 0.40532 0.08367
0 0.3148 0.37951 0.38713 0.08593
0 0.3148 0.43786 0.4293 0.07478
0 0.3148 0.49622 0.43582 0.08256
0 0.3148 0.55457 0.40881 0.07881
0 0.3148 0.61293 0.3943 0.07774
0 0.3148 0.67129 0.39417 0.07927
0 0.3148 0.72964 0.43303 0.08113
0 0.3148 0.78800 0.419 0.07899
0 0.3148 0.84635 0.37134 0.07528
0 0.3148 0.90471 0.43586 0.08079
0 0.3148 0.96306 0.39393 0.07961
0 0.52459 0.13281 0.39081 0.07741
0 0.52459 0.18586 0.37972 0.08742
0 0.52459 0.23891 0.36887 0.08043
0 0.52459 0.29196 0.38355 0.08526
0 0.52459 0.34501 0.40625 0.07972
0 0.52459 0.39806 0.40482 0.07423
0 0.52459 0.45111 0.44211 0.07583
0 0.52459 0.50416 0.39146 0.08331
0 0.52459 0.55721 0.43395 0.08121
0 0.52459 0.61026 0.3878 0.08749
0 0.52459 0.66331 0.40701 0.08007
0 0.52459 0.71636 0.41602 0.08489
0 0.52459 0.76941 0.40561 0.08671
0 0.52459 0.82246 0.38031 0.08748
0 0.52459 0.87551 0.37122 0.08662
0 0.52459 0.92856 0.38299 0.08341
0 0.73438 0.11953 0.39389 0.07702
0 0.73438 0.16727 0.41195 0.07457
0 0.73438 0.21502 0.39747 0.07895
0 0.73438 0.26276 0.3952 0.08635
0 0.73438 0.31051 0.43224 0.07814
0 0.73438 0.35825 0.42966 0.08703
0 0.73438 0.40600 0.39791 0.08431
0 0.73438 0.45374 0.38251 0.0852
0 0.73438 0.50149 0.40633 0.08375
0 0.73438 0.54923 0.40215 0.08736
0 0.73438 0.59698 0.43457 0.08703
0 0.73438 0.64472 0.4248 0.08565
0 0.73438 0.69247 0.37886 0.07916
0 0.73438 0.74021 0.42682 0.08583
0 0.73438 0.78796 0.36972 0.07325
0 0.73438 0.83571 0.40541 0.07657
0 0.90921 0.13281 0.37792 0.08751
0 0.90921 0.18586 0.39005 0.08484
0 0.90921 0.23891 0.38525 0.08345
0 0.90921 0.29196 0.44047 0.07333
0 0.90921 0.34501 0.39786 0.08404
0 0.90921 0.39806 0.43822 0.08755
0 0.90921 0.45111 0.4361 0.08575
0 0.90921 0.50416 0.39261 0.08687
0 0.90921 0.55721 0.4139 0.07496
0 0.90921 0.61026 0.38735 0.08565
0 0.90921 0.66331 0.38852 0.08125
0 0.90921 0.71636 0.3935 0.07328
0 0.90921 0.76941 0.39028 0.08697
0 0.90921 0.82246 0.38512 0.07529
0 0.90921 0.87551 0.37163 0.0762
0 0.90921 0.92856 0.37744 0.0842