0 0.10501 0.13281 0.40974 0.08754
0 0.10501 0.18586 0.43738 0.08514
0 0.10501 0.23891 0.40472 0.07477
0 0.10501 0.29196 0.40571 0.08367
0 0.10501 0.34501 0.41451 0.07399
0 0.10501 0.39806 0.42363 0.08284
0 0.10501 0.45111 0.40267 0.0733
0 0.10501 0.50416 0.40918 0.07944
0 0.10501 0.55721 0.38809 0.08465
0 0.10501 0.61026 0.38259 0.07394
0 0.10501 0.66331 0.38612 0.07357
0 0.10501 0.71636 0.43178 0.08398
0 0.10501 0.76941 0.39483 0.08122
0 0.10501 0.82246 0.4099 0.07804
0 0.10501 0.87551 0.39966 0.07874
0 0.10501 0.92856 0.37272 0.08165
0 0.3148 0.14609 0.42631 0.07361
0 0.3148 0.20444 0.40624 0.08411
0 0.3148 0.26280 0.3856 0.08691
0 0.3148 0.32115 0.38359 0.08528
0 0.3148 0.37951 0.42603 0.0785
0 0.3148 0.43786 0.39407 0.08372
0 0.3148 0.49622 0.41518 0.07607
0 0.3148 0.55457 0.39781 0.0832
0 0.3148 0.61293 0.38787 0.07805
0 0.3148 0.67129 0.38631 0.07479
0 0.3148 0.72964 0.40096 0.08087
0 0.3148 0.78800 0.41225 0.07733
0 0.3148 0.84635 0.40621 0.07979
0 0.3148 0.90471 0.38551 0.08181
0 0.3148 0.96306 0.42136 0.07916
0 0.52459 0.13281 0.41848 0.08342
0 0.52459 0.18586 0.40597 0.07492
0 0.52459 0.23891 0.40494 0.07945
0 0.52459 0.29196 0.38418 0.08597
0 0.52459 0.34501 0.37967 0.0831
0 0.52459 0.39806 0.41706 0.08686
0 0.52459 0.45111 0.36901 0.08157
0 0.52459 0.50416 0.40223 0.08148
0 0.52459 0.55721 0.41081 0.0746
0 0.52459 0.61026 0.42375 0.07831
0 0.52459 0.66331 0.43299 0.07897
0 0.52459 0.71636 0.39222 0.07309
0 0.52459 0.76941 0.36943 0.08156
0 0.52459 0.82246 0.43699 0.08329
0 0.52459 0.87551 0.38265 0.08664
0 0.52459 0.92856 0.39375 0.07455
0 0.73438 0.11953 0.43629 0.08715
0 0.73438 0.16727 0.38104 0.08662
0 0.73438 0.21502 0.40762 0.07778
0 0.73438 0.26276 0.42672 0.08693
0 0.73438 0.31051 0.42297 0.07618
0 0.73438 0.35825 0.42896 0.0739
0 0.73438 0.40600 0.41296 0.07724
0 0.73438 0.45374 0.42433 0.07809
0 0.73438 0.50149 0.39023 0.08321
0 0.73438 0.54923 0.37476 0.08538
0 0.73438 0.59698 0.43107 0.08115
0 0.73438 0.64472 0.37081 0.08011
0 0.73438 0.69247 0.41763 0.08184
0 0.73438 0.74021 0.40923 0.0731
0 0.73438 0.78796 0.39855 0.07875
0 0.73438 0.83571 0.40155 0.07704
0 0.90921 0.13281 0.38838 0.07899
0 0.90921 0.18586 0.40958 0.07673
0 0.90921 0.23891 0.42083 0.08336
0 0.90921 0.29196 0.38134 0.0746
0 0.90921 0.34501 0.398 0.07823
0 0.90921 0.39806 0.37882 0.08292
0 0.90921 0.45111 0.39353 0.07971
0 0.90921 0.50416 0.38801 0.07526
0 0.90921 0.55721 0.42763 0.07908
0 0.90921 0.61026 0.36947 0.08741
0 0.90921 0.66331 0.37068 0.08544
0 0.90921 0.71636 0.38291 0.08237
0 0.90921 0.76941 0.38247 0.08632
0 0.90921 0.82246 0.39408 0.07844
0 0.90921 0.87551 0.38009 0.08653
0 0.90921 0.92856 0.41191 0.0757