0 0.09342 0.13281 0.43889 0.0818
0 0.10995 0.18586 0.37374 0.07917
0 0.09436 0.23891 0.39127 0.07543
0 0.12003 0.29196 0.37162 0.07369
0 0.09931 0.34501 0.41543 0.07706
0 0.10916 0.39806 0.44018 0.07795
0 0.11261 0.45111 0.4181 0.08633
0 0.09405 0.50416 0.4416 0.08123
0 0.11377 0.55721 0.43952 0.08448
0 0.11645 0.61026 0.43849 0.07482
0 0.09395 0.66331 0.43675 0.07965
0 0.10794 0.71636 0.38616 0.08126
0 0.11011 0.76941 0.42516 0.07838
0 0.09485 0.82246 0.40059 0.08
0 0.11556 0.87551 0.36901 0.08477
0 0.11596 0.92856 0.42837 0.07964
0 0.32641 0.14609 0.44039 0.08047
0 0.32814 0.20444 0.41969 0.07822
0 0.31851 0.26280 0.41366 0.07507
0 0.33399 0.32115 0.4218 0.08417
0 0.31626 0.37951 0.41282 0.08707
0 0.34426 0.43786 0.37665 0.0784
0 0.33097 0.49622 0.3917 0.08507
0 0.34734 0.55457 0.37061 0.07513
0 0.28721 0.61293 0.3875 0.08488
0 0.29246 0.67129 0.37123 0.08578
0 0.32464 0.72964 0.37418 0.08243
0 0.30788 0.78800 0.41369 0.0811
0 0.3455 0.84635 0.40881 0.08158
0 0.30902 0.90471 0.3826 0.07943
0 0.3439 0.96306 0.43397 0.08594
0 0.59798 0.13281 0.42446 0.07632
0 0.47575 0.18586 0.37219 0.07644
0 0.51928 0.23891 0.4384 0.08391
0 0.52989 0.29196 0.37164 0.07964
0 0.48491 0.34501 0.41921 0.07543
0 0.53888 0.39806 0.41482 0.07464
0 0.5192 0.45111 0.40421 0.07793
0 0.56708 0.50416 0.41886 0.0771
0 0.52412 0.55721 0.43644 0.07783
0 0.59282 0.61026 0.41297 0.07595
0 0.55081 0.66331 0.38418 0.08711
0 0.49896 0.71636 0.39988 0.07889
0 0.47967 0.76941 0.42449 0.08559
0 0.50826 0.82246 0.41924 0.07727
0 0.54331 0.87551 0.39559 0.08662
0 0.5529 0.92856 0.3912 0.08097
0 0.70732 0.11953 0.38296 0.08169
0 0.80357 0.16727 0.37785 0.08146
0 0.76453 0.21502 0.39424 0.08291
0 0.72737 0.26276 0.40379 0.08706
0 0.80397 0.31051 0.37114 0.0827
0 0.65985 0.35825 0.37221 0.08696
0 0.70593 0.40600 0.43995 0.0795
0 0.70431 0.45374 0.43752 0.07966
0 0.7649 0.50149 0.42028 0.0812
0 0.69071 0.54923 0.3899 0.07845
0 0.68782 0.59698 0.42778 0.08345
0 0.79641 0.64472 0.43434 0.08534
0 0.68288 0.69247 0.41586 0.08475
0 0.68636 0.74021 0.39419 0.0871
0 0.82644 0.78796 0.42305 0.07312
0 0.84447 0.83571 0.39018 0.08389
0 0.90592 0.18586 0.37392 0.07713
0 0.81354 0.23891 0.42233 0.07769
0 0.87612 0.34501 0.38769 0.08512
0 0.92413 0.39806 0.39964 0.08267
0 0.84908 0.45111 0.41398 0.08744
0 0.94545 0.50416 0.4242 0.08165
0 0.99402 0.55721 0.44199 0.08711
0 0.94998 0.71636 0.42151 0.08534
0 0.81613 0.76941 0.4407 0.07453
0 0.81271 0.82246 0.40673 0.08407
0 0.80117 0.87551 0.39433 0.07536
0 0.83811 0.92856 0.40307 0.07965