0 0.10501 0.14327 0.16289 0.04226
0 0.10501 0.18756 0.18646 0.04326
0 0.10501 0.22346 0.21444 0.03705
0 0.10501 0.26820 0.18542 0.04052
0 0.10501 0.31124 0.18545 0.03749
0 0.10501 0.39703 0.18497 0.04026
0 0.10501 0.44645 0.17341 0.03459
0 0.10501 0.45645 0.21583 0.03643
0 0.10501 0.51123 0.20961 0.03736
0 0.10501 0.65850 0.16584 0.04101
0 0.10501 0.62146 0.18937 0.04151
0 0.10501 0.78547 0.20458 0.03725
0 0.10501 0.72907 0.21147 0.04314
0 0.10501 0.78042 0.20801 0.03473
0 0.10501 0.94920 0.19768 0.03304
0 0.10501 0.94196 0.1876 0.03739
0 0.3148 0.15993 0.18454 0.04222
0 0.3148 0.22114 0.19985 0.04239
0 0.3148 0.26398 0.21687 0.03953
0 0.3148 0.31508 0.1865 0.03466
0 0.3148 0.39061 0.1655 0.03529
0 0.3148 0.42363 0.21548 0.04261
0 0.3148 0.49394 0.19684 0.03668
0 0.3148 0.57759 0.17929 0.041
0 0.3148 0.65781 0.16534 0.03426
0 0.3148 0.62495 0.20518 0.039
0 0.3148 0.68941 0.18128 0.03241
0 0.3148 0.83926 0.20713 0.03647
0 0.3148 0.85203 0.17324 0.03956
0 0.3148 0.87580 0.1926 0.04352
0 0.3148 0.96057 0.20509 0.03633
0 0.52459 0.14186 0.19873 0.03632
0 0.52459 0.17405 0.16947 0.03241
0 0.52459 0.23338 0.18357 0.03565
0 0.52459 0.27877 0.19401 0.03607
0 0.52459 0.32553 0.22101 0.04025
0 0.52459 0.43162 0.18246 0.03444
0 0.52459 0.45777 0.18958 0.03802
0 0.52459 0.51692 0.17956 0.03423
0 0.52459 0.59496 0.18959 0.03314
0 0.52459 0.60205 0.19061 0.03237
0 0.52459 0.63592 0.18484 0.03731
0 0.52459 0.77774 0.17461 0.04368
0 0.52459 0.74398 0.21507 0.03838
0 0.52459 0.87315 0.20966 0.04142
0 0.52459 0.89464 0.17995 0.04374
0 0.52459 0.95332 0.19289 0.04125
0 0.73438 0.11769 0.17891 0.03445
0 0.73438 0.15487 0.16676 0.03972
0 0.73438 0.19808 0.20342 0.04159
0 0.73438 0.27796 0.16456 0.03241
0 0.73438 0.34007 0.18774 0.03441
0 0.73438 0.37348 0.18825 0.03344
0 0.73438 0.40774 0.21108 0.03385
0 0.73438 0.41935 0.18879 0.04172
0 0.73438 0.50258 0.18174 0.03287
0 0.73438 0.53549 0.22062 0.04106
0 0.73438 0.62720 0.2113 0.03945
0 0.73438 0.62222 0.21547 0.03918
0 0.73438 0.71800 0.20589 0.03575
0 0.73438 0.79549 0.17808 0.04132
0 0.73438 0.82316 0.18603 0.04061
0 0.73438 0.85837 0.2045 0.03642
0 0.90921 0.13027 0.16661 0.03533
0 0.90921 0.19509 0.20534 0.03426
0 0.90921 0.22014 0.1702 0.04314
0 0.90921 0.27324 0.21379 0.03417
0 0.90921 0.33217 0.20327 0.03426
0 0.90921 0.42788 0.21529 0.04048
0 0.90921 0.48472 0.22064 0.03453
0 0.90921 0.54192 0.21193 0.0402
0 0.90921 0.51446 0.18973 0.03934
0 0.90921 0.63975 0.19878 0.03605
0 0.90921 0.68311 0.19908 0.03551
0 0.90921 0.73123 0.19485 0.03597
0 0.90921 0.72725 0.17356 0.0397
0 0.90921 0.84682 0.20852 0.04286
0 0.90921 0.90399 0.19678 0.03328
0 0.90921 0.96120 0.19665 0.04318