0 0.11194 0.13281 0.25937 0.05153
0 0.10613 0.18586 0.24879 0.04647
0 0.11415 0.23891 0.2594 0.04749
0 0.1048 0.29196 0.24834 0.05115
0 0.10932 0.34501 0.23498 0.04454
0 0.10813 0.39806 0.23455 0.04459
0 0.11473 0.45111 0.23103 0.04753
0 0.10636 0.50416 0.25362 0.04829
0 0.09817 0.55721 0.22888 0.04995
0 0.10124 0.61026 0.24569 0.04747
0 0.09711 0.66331 0.25277 0.04612
0 0.11442 0.71636 0.24197 0.04617
0 0.09884 0.76941 0.25266 0.04478
0 0.09498 0.82246 0.25847 0.04687
0 0.11159 0.87551 0.22141 0.05096
0 0.10902 0.92856 0.2585 0.04468
0 0.29545 0.14609 0.2566 0.04512
0 0.32706 0.20444 0.24493 0.04883
0 0.29346 0.26280 0.24508 0.04511
0 0.33546 0.32115 0.25253 0.05049
0 0.2879 0.37951 0.23585 0.04653
0 0.31221 0.43786 0.24542 0.04643
0 0.29106 0.49622 0.2415 0.04791
0 0.2911 0.55457 0.24867 0.05164
0 0.29084 0.61293 0.24935 0.04452
0 0.3163 0.67129 0.23008 0.04977
0 0.30753 0.72964 0.25809 0.04669
0 0.30565 0.78800 0.22314 0.05113
0 0.31952 0.84635 0.22818 0.04902
0 0.31188 0.90471 0.25846 0.05052
0 0.30421 0.96306 0.25171 0.05159
0 0.49375 0.13281 0.24258 0.04483
0 0.50288 0.18586 0.23643 0.04396
0 0.55196 0.23891 0.25369 0.04854
0 0.57524 0.29196 0.22936 0.04687
0 0.54547 0.34501 0.25084 0.05093
0 0.51155 0.39806 0.25348 0.04973
0 0.55207 0.45111 0.24012 0.04972
0 0.54227 0.50416 0.235 0.04733
0 0.55725 0.55721 0.22999 0.04658
0 0.54841 0.61026 0.25538 0.05208
0 0.56267 0.66331 0.2579 0.04501
0 0.52377 0.71636 0.24394 0.04563
0 0.56203 0.76941 0.26079 0.04959
0 0.51124 0.82246 0.26304 0.04925
0 0.53413 0.87551 0.22476 0.04762
0 0.4841 0.92856 0.23938 0.04764
0 0.76788 0.11953 0.24591 0.04997
0 0.74698 0.16727 0.26081 0.0484
0 0.7138 0.21502 0.22189 0.05085
0 0.72941 0.26276 0.26302 0.04417
0 0.80129 0.31051 0.23475 0.04828
0 0.74641 0.35825 0.23742 0.05244
0 0.71466 0.40600 0.22608 0.05054
0 0.7047 0.45374 0.25754 0.05147
0 0.70127 0.50149 0.22367 0.05102
0 0.66375 0.54923 0.25939 0.05198
0 0.66624 0.59698 0.24712 0.05005
0 0.72415 0.64472 0.25852 0.04572
0 0.68841 0.69247 0.22659 0.04869
0 0.68922 0.74021 0.24359 0.04904
0 0.67518 0.78796 0.25269 0.04845
0 0.75018 0.83571 0.23141 0.04508
0 0.94345 0.13281 0.22516 0.0459
0 0.85927 0.18586 0.24714 0.04416
0 0.92405 0.23891 0.23181 0.05035
0 0.83883 0.29196 0.25352 0.05003
0 0.98268 0.34501 0.24874 0.05243
0 0.88348 0.39806 0.26359 0.04787
0 0.88403 0.45111 0.25655 0.04894
0 0.90407 0.50416 0.23019 0.04562
0 0.82874 0.55721 0.24145 0.048
0 0.97055 0.61026 0.25923 0.05219
0 0.89555 0.66331 0.22222 0.04839
0 0.90649 0.71636 0.24445 0.04595
0 0.82555 0.76941 0.26522 0.05153
0 0.92148 0.82246 0.23397 0.04974
0 0.82184 0.87551 0.24856 0.04548
0 0.98591 0.92856 0.22985 0.04659