0 0.10246 0.13281 0.24679 0.05019
0 0.10821 0.18586 0.25762 0.04726
0 0.11531 0.23891 0.22446 0.04738
0 0.11056 0.29196 0.26418 0.04953
0 0.10394 0.34501 0.23924 0.04578
0 0.09643 0.39806 0.22241 0.052
0 0.09888 0.45111 0.2262 0.04482
0 0.10897 0.50416 0.22756 0.04653
0 0.11234 0.55721 0.24218 0.04613
0 0.09705 0.61026 0.2585 0.04663
0 0.10248 0.66331 0.23838 0.04604
0 0.09547 0.71636 0.23329 0.05196
0 0.11146 0.76941 0.23226 0.04978
0 0.09595 0.82246 0.2533 0.05038
0 0.10517 0.87551 0.2385 0.047
0 0.11316 0.92856 0.25357 0.04647
0 0.32578 0.14609 0.24755 0.05016
0 0.32078 0.20444 0.23235 0.04428
0 0.31743 0.26280 0.22524 0.05065
0 0.33134 0.32115 0.23008 0.04568
0 0.3 0.37951 0.24545 0.04621
0 0.29401 0.43786 0.22404 0.04773
0 0.31898 0.49622 0.24936 0.04669
0 0.32324 0.55457 0.25581 0.05043
0 0.33114 0.61293 0.23595 0.05055
0 0.32649 0.67129 0.2498 0.04651
0 0.31844 0.72964 0.25551 0.05143
0 0.31319 0.78800 0.25042 0.05247
0 0.29815 0.84635 0.26324 0.0513
0 0.28397 0.90471 0.23977 0.04586
0 0.30669 0.96306 0.24796 0.04887
0 0.56175 0.13281 0.2408 0.04824
0 0.47483 0.18586 0.23348 0.05223
0 0.49744 0.23891 0.23419 0.05009
0 0.50913 0.29196 0.22871 0.05134
0 0.56574 0.34501 0.22963 0.04957
0 0.56845 0.39806 0.25799 0.04576
0 0.5261 0.45111 0.24409 0.05096
0 0.57568 0.50416 0.23023 0.04885
0 0.51898 0.55721 0.24459 0.05142
0 0.54252 0.61026 0.24965 0.05202
0 0.49377 0.66331 0.23567 0.04832
0 0.52403 0.71636 0.26457 0.05057
0 0.51595 0.76941 0.2474 0.04474
0 0.52826 0.82246 0.22751 0.04994
0 0.55632 0.87551 0.25247 0.04383
0 0.4974 0.92856 0.24014 0.04395
0 0.70698 0.11953 0.22743 0.04784
0 0.78311 0.16727 0.23818 0.0438
0 0.67729 0.21502 0.26514 0.04707
0 0.69906 0.26276 0.23855 0.04971
0 0.75438 0.31051 0.23419 0.04409
0 0.79641 0.35825 0.23289 0.04741
0 0.79369 0.40600 0.25857 0.0465
0 0.74407 0.45374 0.26054 0.04661
0 0.66279 0.50149 0.22378 0.04882
0 0.70634 0.54923 0.26315 0.04573
0 0.67584 0.59698 0.26315 0.04913
0 0.66492 0.64472 0.24004 0.05253
0 0.70516 0.69247 0.25995 0.04549
0 0.80493 0.74021 0.23514 0.04948
0 0.73368 0.78796 0.23258 0.05163
0 0.72839 0.83571 0.23068 0.04501
0 0.96341 0.13281 0.24264 0.04416
0 0.82773 0.18586 0.22673 0.04886
0 0.85126 0.23891 0.24208 0.048
0 0.85344 0.29196 0.2583 0.05059
0 0.96284 0.34501 0.23335 0.04969
0 0.90795 0.39806 0.24392 0.0479
0 0.91801 0.45111 0.23775 0.05042
0 0.87494 0.50416 0.2586 0.05196
0 0.91059 0.55721 0.24942 0.05053
0 0.85604 0.61026 0.24869 0.04425
0 0.90114 0.66331 0.25 0.05189
0 0.85245 0.71636 0.26024 0.04946
0 0.91157 0.76941 0.22197 0.05214
0 0.9075 0.82246 0.24524 0.04754
0 0.84545 0.87551 0.2458 0.04822
0 0.96072 0.92856 0.2596 0.05034