0 0.11504 0.13281 0.43538 0.0857
0 0.11286 0.18586 0.38865 0.08048
0 0.09596 0.23891 0.40925 0.08162
0 0.09369 0.29196 0.3838 0.07312
0 0.10863 0.34501 0.3753 0.08428
0 0.09958 0.39806 0.41907 0.07658
0 0.09762 0.45111 0.3945 0.08426
0 0.11983 0.50416 0.4329 0.0768
0 0.10096 0.55721 0.40037 0.07371
0 0.10983 0.61026 0.38961 0.08726
0 0.09692 0.66331 0.44031 0.07627
0 0.11611 0.71636 0.43948 0.0839
0 0.11794 0.76941 0.41962 0.07779
0 0.11273 0.82246 0.41775 0.08271
0 0.10659 0.87551 0.39981 0.08199
0 0.10856 0.92856 0.44233 0.08254
0 0.31827 0.14609 0.39799 0.07473
0 0.34924 0.20444 0.38085 0.07825
0 0.36005 0.26280 0.4203 0.07726
0 0.27981 0.32115 0.41044 0.07633
0 0.31583 0.37951 0.43653 0.08681
0 0.3116 0.43786 0.37013 0.07674
0 0.32104 0.49622 0.40069 0.08087
0 0.3015 0.55457 0.43245 0.08612
0 0.32417 0.61293 0.40245 0.08657
0 0.29336 0.67129 0.42066 0.08345
0 0.28997 0.72964 0.43634 0.07412
0 0.27992 0.78800 0.41693 0.08033
0 0.29552 0.84635 0.42321 0.08751
0 0.31263 0.90471 0.38307 0.07896
0 0.31111 0.96306 0.43988 0.08106
0 0.59961 0.13281 0.37582 0.07429
0 0.52296 0.18586 0.41468 0.08126
0 0.53771 0.23891 0.40356 0.08272
0 0.54951 0.29196 0.37924 0.07404
0 0.48118 0.34501 0.43691 0.08701
0 0.51155 0.39806 0.41253 0.0744
0 0.51161 0.45111 0.41372 0.08068
0 0.54364 0.50416 0.44065 0.08519
0 0.48963 0.55721 0.43813 0.07722
0 0.48872 0.61026 0.3997 0.08038
0 0.58336 0.66331 0.39566 0.08316
0 0.48404 0.71636 0.37214 0.08541
0 0.58815 0.76941 0.37399 0.08432
0 0.60153 0.82246 0.43402 0.07398
0 0.47424 0.87551 0.40124 0.07988
0 0.4777 0.92856 0.3913 0.08615
0 0.68761 0.11953 0.42532 0.07614
0 0.66073 0.16727 0.42883 0.08751
0 0.81228 0.21502 0.39774 0.07888
0 0.69546 0.26276 0.37338 0.08158
0 0.80762 0.31051 0.38738 0.0757
0 0.66744 0.35825 0.37528 0.08419
0 0.82209 0.40600 0.401 0.08419
0 0.82105 0.45374 0.42525 0.08329
0 0.71276 0.50149 0.37306 0.08283
0 0.66935 0.54923 0.39238 0.07767
0 0.80353 0.59698 0.39934 0.08061
0 0.69282 0.64472 0.43388 0.08307
0 0.65882 0.69247 0.44062 0.08493
0 0.76359 0.74021 0.43293 0.07894
0 0.76798 0.78796 0.3691 0.08344
0 0.7731 0.83571 0.43208 0.08451
0 0.97757 0.13281 0.42298 0.08084
0 0.80463 0.18586 0.41449 0.08495
0 0.88752 0.23891 0.43927 0.07817
0 0.83216 0.29196 0.37687 0.08285
0 0.94133 0.34501 0.39921 0.0835
0 0.86975 0.39806 0.43586 0.08384
0 0.87047 0.45111 0.44124 0.07701
0 0.96471 0.50416 0.43644 0.08525
0 0.95146 0.55721 0.37261 0.07371
0 0.82555 0.61026 0.37516 0.07421
0 0.83228 0.66331 0.40895 0.07928
0 0.85489 0.76941 0.37247 0.08277
0 0.96695 0.82246 0.37557 0.08095
0 0.86018 0.87551 0.43312 0.07888
0 0.91178 0.92856 0.41222 0.07938