0 0.10641 0.13281 0.38964 0.08521
0 0.0939 0.18586 0.38958 0.07376
0 0.11653 0.23891 0.40693 0.07662
0 0.1142 0.29196 0.39439 0.08227
0 0.09395 0.34501 0.40606 0.07677
0 0.10407 0.39806 0.40759 0.08443
0 0.11747 0.45111 0.41457 0.08576
0 0.11809 0.50416 0.37412 0.08172
0 0.10784 0.55721 0.43328 0.0791
0 0.11286 0.61026 0.39682 0.07747
0 0.10941 0.66331 0.43773 0.08182
0 0.09623 0.71636 0.43533 0.08273
0 0.11185 0.76941 0.4399 0.07546
0 0.10874 0.82246 0.44169 0.08651
0 0.09324 0.87551 0.40892 0.07691
0 0.09317 0.92856 0.37639 0.08109
0 0.31006 0.14609 0.39411 0.08415
0 0.34703 0.20444 0.37318 0.07899
0 0.31234 0.26280 0.41647 0.07879
0 0.3418 0.32115 0.44155 0.07769
0 0.34307 0.37951 0.40778 0.08734
0 0.28843 0.43786 0.41783 0.08333
0 0.33706 0.49622 0.38419 0.08483
0 0.3157 0.55457 0.4327 0.07815
0 0.35551 0.61293 0.37908 0.0811
0 0.35933 0.67129 0.39611 0.0847
0 0.3256 0.72964 0.38081 0.0799
0 0.34515 0.78800 0.42027 0.08469
0 0.34558 0.84635 0.39039 0.07787
0 0.34389 0.90471 0.40644 0.08261
0 0.35664 0.96306 0.39953 0.08582
0 0.47338 0.13281 0.43348 0.0855
0 0.52517 0.18586 0.37051 0.07482
0 0.58943 0.23891 0.38038 0.08261
0 0.47632 0.29196 0.43489 0.08121
0 0.50346 0.34501 0.43065 0.07584
0 0.55591 0.39806 0.38793 0.08752
0 0.51519 0.45111 0.43577 0.07568
0 0.57931 0.50416 0.38878 0.0748
0 0.50896 0.55721 0.38961 0.08541
0 0.49575 0.61026 0.38732 0.07415
0 0.47305 0.66331 0.37391 0.08562
0 0.47232 0.71636 0.43885 0.08657
0 0.60089 0.76941 0.42462 0.08319
0 0.5072 0.82246 0.43072 0.07951
0 0.50951 0.87551 0.39925 0.08657
0 0.5825 0.92856 0.38916 0.07794
0 0.75777 0.11953 0.42375 0.0837
0 0.70275 0.16727 0.37738 0.08348
0 0.76918 0.21502 0.39387 0.08068
0 0.77851 0.26276 0.42037 0.08385
0 0.69479 0.31051 0.39385 0.08538
0 0.64854 0.35825 0.38883 0.0831
0 0.73577 0.40600 0.44051 0.07931
0 0.72673 0.45374 0.38731 0.08106
0 0.78336 0.50149 0.43435 0.07376
0 0.72692 0.54923 0.43113 0.07625
0 0.69984 0.59698 0.36951 0.08531
0 0.8202 0.64472 0.40436 0.0809
0 0.83741 0.69247 0.4057 0.08176
0 0.83838 0.74021 0.40828 0.0849
0 0.75705 0.78796 0.44248 0.08313
0 0.83579 0.83571 0.38164 0.07505
0 0.897 0.13281 0.39894 0.07977
0 0.8976 0.18586 0.38472 0.07923
0 0.93225 0.29196 0.42125 0.08369
0 0.85555 0.34501 0.40412 0.07819
0 0.94271 0.39806 0.44017 0.07423
0 0.83726 0.45111 0.43203 0.08198
0 0.86223 0.50416 0.39686 0.0786
0 0.95914 0.66331 0.42699 0.0864
0 0.99804 0.71636 0.42109 0.08336
0 0.87779 0.82246 0.41157 0.08491
0 0.82755 0.87551 0.37105 0.08711