0 0.09664 0.13281 0.26296 0.0456
0 0.1113 0.18586 0.22786 0.04665
0 0.10485 0.23891 0.24699 0.0514
0 0.10576 0.29196 0.24033 0.04493
0 0.10229 0.34501 0.24905 0.04905
0 0.09757 0.39806 0.24175 0.05023
0 0.09542 0.45111 0.22668 0.04709
0 0.10614 0.50416 0.23779 0.05221
0 0.10764 0.55721 0.2599 0.04474
0 0.10578 0.61026 0.22602 0.04634
0 0.10073 0.66331 0.23535 0.0521
0 0.109 0.71636 0.22188 0.05
0 0.10255 0.76941 0.2649 0.04976
0 0.11434 0.82246 0.25962 0.04533
0 0.09718 0.87551 0.2361 0.0508
0 0.11242 0.92856 0.24537 0.0455
0 0.32249 0.14609 0.2512 0.04573
0 0.29145 0.20444 0.23528 0.04577
0 0.34622 0.26280 0.23684 0.04556
0 0.31489 0.32115 0.23657 0.05039
0 0.31489 0.37951 0.24661 0.04707
0 0.29409 0.43786 0.2462 0.04771
0 0.34203 0.49622 0.22592 0.04912
0 0.33312 0.55457 0.25558 0.04825
0 0.33697 0.61293 0.22821 0.05013
0 0.33663 0.67129 0.25299 0.05136
0 0.33376 0.72964 0.23556 0.04951
0 0.34081 0.78800 0.2614 0.04717
0 0.30081 0.84635 0.23434 0.04937
0 0.29134 0.90471 0.23129 0.04936
0 0.29032 0.96306 0.25329 0.04727
0 0.50326 0.13281 0.25477 0.04834
0 0.49653 0.18586 0.25103 0.04396
0 0.53173 0.23891 0.23754 0.04759
0 0.47602 0.29196 0.23945 0.04559
0 0.57325 0.34501 0.22671 0.04573
0 0.51389 0.39806 0.24755 0.05189
0 0.47222 0.45111 0.2227 0.05027
0 0.4724 0.50416 0.23233 0.04769
0 0.49465 0.55721 0.24239 0.0503
0 0.51505 0.61026 0.22283 0.04755
0 0.54332 0.66331 0.26386 0.04474
0 0.52862 0.71636 0.24272 0.04437
0 0.50795 0.76941 0.23087 0.05163
0 0.49751 0.82246 0.2581 0.04645
0 0.51189 0.87551 0.23214 0.05222
0 0.49215 0.92856 0.24172 0.05008
0 0.78112 0.11953 0.22953 0.04698
0 0.80661 0.16727 0.22613 0.0497
0 0.80166 0.21502 0.25542 0.0488
0 0.79967 0.26276 0.26226 0.05207
0 0.67601 0.31051 0.24182 0.04755
0 0.78716 0.35825 0.23657 0.04596
0 0.73836 0.40600 0.23563 0.05127
0 0.80774 0.45374 0.22451 0.04545
0 0.69296 0.50149 0.2372 0.04832
0 0.75836 0.54923 0.22298 0.04763
0 0.77247 0.59698 0.23511 0.05001
0 0.66325 0.64472 0.24204 0.04842
0 0.70641 0.69247 0.24233 0.04809
0 0.6978 0.74021 0.25142 0.04698
0 0.76302 0.78796 0.2504 0.04982
0 0.76866 0.83571 0.2559 0.04975
0 0.82837 0.13281 0.22877 0.04483
0 0.98754 0.18586 0.23917 0.04985
0 0.95494 0.23891 0.24142 0.05134
0 0.90451 0.29196 0.24947 0.05016
0 0.92979 0.34501 0.23438 0.04512
0 0.98915 0.39806 0.25817 0.05046
0 0.86932 0.45111 0.26054 0.04853
0 0.86039 0.50416 0.26171 0.04597
0 0.90015 0.55721 0.23294 0.04971
0 0.99105 0.61026 0.23912 0.04714
0 0.8929 0.66331 0.26022 0.04456
0 0.94164 0.71636 0.22957 0.04826
0 0.91819 0.76941 0.24173 0.04773
0 0.85639 0.82246 0.2324 0.04861
0 0.82834 0.87551 0.24259 0.04608
0 0.85878 0.92856 0.25234 0.049