0 0.10501 0.13281 0.40942 0.07969
0 0.10501 0.18586 0.39649 0.08443
0 0.10501 0.23891 0.38832 0.08595
0 0.10501 0.29196 0.42055 0.07307
0 0.10501 0.34501 0.43174 0.08066
0 0.10501 0.39806 0.37306 0.07759
0 0.10501 0.45111 0.42525 0.08595
0 0.10501 0.50416 0.40335 0.07965
0 0.10501 0.55721 0.3762 0.07882
0 0.10501 0.61026 0.39103 0.07352
0 0.10501 0.66331 0.38565 0.07873
0 0.10501 0.71636 0.36996 0.07505
0 0.10501 0.76941 0.38204 0.08703
0 0.10501 0.82246 0.37975 0.07563
0 0.10501 0.87551 0.41731 0.07904
0 0.10501 0.92856 0.36962 0.07785
0 0.3148 0.14609 0.39937 0.07519
0 0.3148 0.20444 0.43332 0.08253
0 0.3148 0.26280 0.41965 0.073
0 0.3148 0.32115 0.43224 0.07334
0 0.3148 0.37951 0.40661 0.07781
0 0.3148 0.43786 0.42892 0.08237
0 0.3148 0.49622 0.3764 0.07475
0 0.3148 0.55457 0.37914 0.08515
0 0.3148 0.61293 0.40302 0.08434
0 0.3148 0.67129 0.39609 0.08632
0 0.3148 0.72964 0.43688 0.08667
0 0.3148 0.78800 0.3755 0.0732
0 0.3148 0.84635 0.43607 0.0748
0 0.3148 0.90471 0.38089 0.08529
0 0.3148 0.96306 0.41637 0.07677
0 0.52459 0.13281 0.41676 0.07827
0 0.52459 0.18586 0.43312 0.07574
0 0.52459 0.23891 0.37935 0.08692
0 0.52459 0.29196 0.38862 0.08294
0 0.52459 0.34501 0.41094 0.0862
0 0.52459 0.39806 0.41494 0.07807
0 0.52459 0.45111 0.43357 0.08465
0 0.52459 0.50416 0.40537 0.07566
0 0.52459 0.55721 0.42271 0.08122
0 0.52459 0.61026 0.39031 0.07332
0 0.52459 0.66331 0.37596 0.08217
0 0.52459 0.71636 0.37369 0.08696
0 0.52459 0.76941 0.44116 0.08512
0 0.52459 0.82246 0.40565 0.0746
0 0.52459 0.87551 0.43455 0.07627
0 0.52459 0.92856 0.39595 0.08181
0 0.73438 0.11953 0.43746 0.07515
0 0.73438 0.16727 0.4256 0.08037
0 0.73438 0.21502 0.40229 0.07411
0 0.73438 0.26276 0.43398 0.07757
0 0.73438 0.31051 0.41349 0.08453
0 0.73438 0.35825 0.43191 0.08517
0 0.73438 0.40600 0.41689 0.08017
0 0.73438 0.45374 0.40461 0.07419
0 0.73438 0.50149 0.3896 0.08208
0 0.73438 0.54923 0.40068 0.08721
0 0.73438 0.59698 0.41441 0.07453
0 0.73438 0.64472 0.41425 0.0859
0 0.73438 0.69247 0.37964 0.07454
0 0.73438 0.74021 0.4316 0.07789
0 0.73438 0.78796 0.38198 0.08177
0 0.73438 0.83571 0.40324 0.08463
0 0.90921 0.13281 0.43916 0.08736
0 0.90921 0.18586 0.4136 0.07742
0 0.90921 0.23891 0.39884 0.07714
0 0.90921 0.29196 0.41336 0.07888
0 0.90921 0.34501 0.37415 0.087
0 0.90921 0.39806 0.38708 0.07701
0 0.90921 0.45111 0.42463 0.08636
0 0.90921 0.50416 0.39368 0.07307
0 0.90921 0.55721 0.37346 0.07693
0 0.90921 0.61026 0.39889 0.07822
0 0.90921 0.66331 0.36921 0.08019
0 0.90921 0.71636 0.43127 0.07594
0 0.90921 0.76941 0.41498 0.08397
0 0.90921 0.82246 0.40018 0.0747
0 0.90921 0.87551 0.43658 0.08466
0 0.90921 0.92856 0.42738 0.07537