0 0.10501 0.12968 0.20368 0.03611
0 0.10501 0.18231 0.16725 0.03911
0 0.10501 0.24882 0.19322 0.04104
0 0.10501 0.30589 0.19302 0.0407
0 0.10501 0.32891 0.19567 0.03497
0 0.10501 0.42400 0.21743 0.04096
0 0.10501 0.46097 0.21167 0.0436
0 0.10501 0.51355 0.20146 0.03798
0 0.10501 0.59921 0.20141 0.04314
0 0.10501 0.64924 0.19453 0.04257
0 0.10501 0.71401 0.20437 0.03574
0 0.10501 0.70368 0.20466 0.0387
0 0.10501 0.70202 0.17404 0.04132
0 0.10501 0.82056 0.21622 0.04166
0 0.10501 0.83165 0.19861 0.04319
0 0.10501 0.84300 0.17292 0.03695
0 0.3148 0.14600 0.20018 0.04
0 0.3148 0.18657 0.19084 0.03831
0 0.3148 0.26734 0.17767 0.03435
0 0.3148 0.31445 0.19905 0.03361
0 0.3148 0.40805 0.201 0.03341
0 0.3148 0.47464 0.1817 0.03859
0 0.3148 0.52335 0.2045 0.03657
0 0.3148 0.56462 0.17905 0.03944
0 0.3148 0.55348 0.21574 0.04256
0 0.3148 0.68861 0.16839 0.03594
0 0.3148 0.66109 0.20983 0.03785
0 0.3148 0.81691 0.1813 0.04216
0 0.3148 0.82313 0.19757 0.03254
0 0.3148 0.95968 0.19502 0.03312
0 0.52459 0.13019 0.19451 0.04006
0 0.52459 0.18944 0.18838 0.04036
0 0.52459 0.25081 0.1629 0.03317
0 0.52459 0.26952 0.19133 0.03769
0 0.52459 0.36823 0.16462 0.04077
0 0.52459 0.43048 0.17918 0.03701
0 0.52459 0.41039 0.1901 0.0331
0 0.52459 0.49690 0.20773 0.03437
0 0.52459 0.58637 0.21403 0.04241
0 0.52459 0.66261 0.17428 0.03954
0 0.52459 0.67643 0.18682 0.03791
0 0.52459 0.69545 0.18184 0.04304
0 0.52459 0.81499 0.21117 0.03249
0 0.52459 0.78419 0.19365 0.0354
0 0.52459 0.86626 0.18727 0.04361
0 0.52459 0.98636 0.1848 0.04001
0 0.73438 0.12323 0.19401 0.03292
0 0.73438 0.16969 0.18404 0.04247
0 0.73438 0.22089 0.17131 0.03603
0 0.73438 0.25285 0.17571 0.03681
0 0.73438 0.31000 0.16857 0.04322
0 0.73438 0.39403 0.21248 0.0377
0 0.73438 0.38644 0.18308 0.0344
0 0.73438 0.40892 0.17901 0.04257
0 0.73438 0.55061 0.21773 0.04358
0 0.73438 0.55825 0.19349 0.03465
0 0.73438 0.61580 0.1872 0.0366
0 0.73438 0.60916 0.17526 0.03906
0 0.73438 0.74889 0.19364 0.03852
0 0.73438 0.72580 0.17606 0.03662
0 0.73438 0.76005 0.16664 0.03761
0 0.73438 0.88416 0.19941 0.03256
0 0.90921 0.14309 0.20067 0.03419
0 0.90921 0.17788 0.19678 0.03928
0 0.90921 0.24932 0.19073 0.03854
0 0.90921 0.31234 0.16316 0.03725
0 0.90921 0.31819 0.16398 0.03344
0 0.90921 0.42891 0.18024 0.03959
0 0.90921 0.41710 0.21145 0.03299
0 0.90921 0.52286 0.18664 0.0376
0 0.90921 0.57264 0.2026 0.03504
0 0.90921 0.58614 0.19652 0.03448
0 0.90921 0.67537 0.18548 0.03322
0 0.90921 0.71013 0.1953 0.03356
0 0.90921 0.79469 0.19972 0.03927
0 0.90921 0.78679 0.1669 0.0378
0 0.90921 0.87044 0.18933 0.03883
0 0.90921 0.94853 0.21027 0.03405