0 0.09731 0.13281 0.23367 0.04716
0 0.10893 0.18586 0.23117 0.05164
0 0.11271 0.23891 0.2506 0.04418
0 0.10194 0.29196 0.26251 0.0488
0 0.09472 0.34501 0.24805 0.04808
0 0.10273 0.39806 0.2461 0.04889
0 0.09912 0.45111 0.24653 0.04383
0 0.0946 0.50416 0.25892 0.04552
0 0.10315 0.55721 0.23054 0.05041
0 0.10872 0.61026 0.22651 0.04611
0 0.10542 0.66331 0.24003 0.04725
0 0.11416 0.71636 0.2542 0.04401
0 0.10755 0.76941 0.25866 0.04887
0 0.10748 0.82246 0.24591 0.04983
0 0.10924 0.87551 0.25609 0.04498
0 0.09752 0.92856 0.23053 0.04555
0 0.29977 0.14609 0.22323 0.04513
0 0.29917 0.20444 0.22788 0.05237
0 0.31477 0.26280 0.26311 0.04588
0 0.33404 0.32115 0.22881 0.04394
0 0.3029 0.37951 0.22282 0.0521
0 0.33613 0.43786 0.25978 0.04957
0 0.3013 0.49622 0.24312 0.05129
0 0.3021 0.55457 0.2288 0.05242
0 0.31461 0.61293 0.26292 0.04559
0 0.34136 0.67129 0.25562 0.05141
0 0.29624 0.72964 0.23915 0.04809
0 0.31811 0.78800 0.22398 0.04808
0 0.31061 0.84635 0.23557 0.05129
0 0.31062 0.90471 0.25464 0.05031
0 0.2995 0.96306 0.23307 0.04679
0 0.55897 0.13281 0.23541 0.04668
0 0.47953 0.18586 0.24331 0.04626
0 0.54103 0.23891 0.25441 0.04463
0 0.57452 0.29196 0.22455 0.04822
0 0.55549 0.34501 0.24908 0.05032
0 0.55808 0.39806 0.23821 0.04841
0 0.56049 0.45111 0.26259 0.05077
0 0.52423 0.50416 0.24454 0.04706
0 0.54541 0.55721 0.23488 0.05139
0 0.49195 0.61026 0.22777 0.05077
0 0.50595 0.66331 0.26173 0.04672
0 0.51756 0.71636 0.25652 0.04715
0 0.4991 0.76941 0.26026 0.04774
0 0.52197 0.82246 0.2454 0.04906
0 0.53993 0.87551 0.22797 0.04503
0 0.57165 0.92856 0.25691 0.05025
0 0.71609 0.11953 0.24801 0.04535
0 0.71523 0.16727 0.2332 0.04572
0 0.80287 0.21502 0.2513 0.05029
0 0.79341 0.26276 0.2386 0.04451
0 0.79327 0.31051 0.23689 0.04764
0 0.75004 0.35825 0.25416 0.04573
0 0.7834 0.40600 0.22653 0.04757
0 0.70029 0.45374 0.22788 0.05057
0 0.72046 0.50149 0.24978 0.05254
0 0.74614 0.54923 0.23213 0.04574
0 0.73973 0.59698 0.2413 0.04729
0 0.71103 0.64472 0.23648 0.04675
0 0.77937 0.69247 0.25613 0.05015
0 0.80257 0.74021 0.22501 0.04925
0 0.68522 0.78796 0.23828 0.04559
0 0.79526 0.83571 0.22383 0.04436
0 0.9642 0.13281 0.25971 0.04532
0 0.91962 0.18586 0.24326 0.052
0 0.87236 0.23891 0.24163 0.04616
0 0.97745 0.29196 0.25073 0.04579
0 0.85539 0.34501 0.25252 0.04884
0 0.92063 0.39806 0.26533 0.04441
0 0.98283 0.45111 0.2332 0.048
0 0.87721 0.50416 0.24041 0.04618
0 0.95102 0.55721 0.24244 0.04671
0 0.87149 0.61026 0.23585 0.0464
0 0.96258 0.66331 0.22535 0.04658
0 0.92289 0.71636 0.22338 0.05043
0 0.9619 0.76941 0.23011 0.04414
0 0.89049 0.82246 0.23416 0.05184
0 0.88743 0.87551 0.23632 0.04735
0 0.86637 0.92856 0.23318 0.04869