0 0.10501 0.11975 0.21869 0.03518
0 0.10501 0.18247 0.16584 0.04358
0 0.10501 0.26099 0.19858 0.03472
0 0.10501 0.28045 0.19527 0.04038
0 0.10501 0.37478 0.17705 0.03237
0 0.10501 0.36237 0.21903 0.03955
0 0.10501 0.46068 0.21043 0.03833
0 0.10501 0.51267 0.18227 0.03256
0 0.10501 0.53984 0.16933 0.04312
0 0.10501 0.64611 0.20739 0.04236
0 0.10501 0.64636 0.17618 0.04276
0 0.10501 0.75195 0.16493 0.04026
0 0.10501 0.80726 0.20992 0.04015
0 0.10501 0.80244 0.17588 0.03593
0 0.10501 0.93402 0.18902 0.03936
0 0.10501 0.92761 0.20448 0.03931
0 0.3148 0.14310 0.19794 0.04088
0 0.3148 0.22447 0.19772 0.03742
0 0.3148 0.24064 0.16997 0.04011
0 0.3148 0.34830 0.20015 0.03213
0 0.3148 0.35097 0.21192 0.04061
0 0.3148 0.47049 0.21297 0.04365
0 0.3148 0.48056 0.18674 0.04236
0 0.3148 0.57000 0.18737 0.03444
0 0.3148 0.61309 0.20039 0.03981
0 0.3148 0.71356 0.17385 0.04059
0 0.3148 0.70519 0.16839 0.04213
0 0.3148 0.83616 0.19178 0.03579
0 0.3148 0.82331 0.19088 0.03715
0 0.3148 0.90752 0.18558 0.0436
0 0.3148 0.92942 0.1755 0.04299
0 0.52459 0.13766 0.19146 0.03425
0 0.52459 0.18888 0.22013 0.04307
0 0.52459 0.21803 0.21062 0.04132
0 0.52459 0.30550 0.21837 0.03933
0 0.52459 0.31931 0.18555 0.03255
0 0.52459 0.40497 0.19361 0.03971
0 0.52459 0.47765 0.19207 0.03506
0 0.52459 0.50888 0.16529 0.03888
0 0.52459 0.56162 0.19944 0.03833
0 0.52459 0.62264 0.21482 0.03805
0 0.52459 0.72006 0.21273 0.04163
0 0.52459 0.68318 0.19412 0.03737
0 0.52459 0.81115 0.20542 0.03725
0 0.52459 0.87015 0.18181 0.03929
0 0.52459 0.93236 0.20935 0.03879
0 0.52459 0.99563 0.22126 0.0419
0 0.73438 0.12899 0.20075 0.04176
0 0.73438 0.16101 0.19321 0.03556
0 0.73438 0.22681 0.2054 0.03396
0 0.73438 0.26437 0.17841 0.04324
0 0.73438 0.32500 0.19697 0.03277
0 0.73438 0.35062 0.16513 0.03994
0 0.73438 0.37959 0.16806 0.04056
0 0.73438 0.46008 0.18894 0.03733
0 0.73438 0.53155 0.18903 0.03986
0 0.73438 0.49520 0.22032 0.04331
0 0.73438 0.58953 0.16638 0.03465
0 0.73438 0.70878 0.1816 0.04252
0 0.73438 0.65854 0.18659 0.03468
0 0.73438 0.78204 0.16864 0.04299
0 0.73438 0.77282 0.20423 0.03755
0 0.73438 0.91577 0.19909 0.03883
0 0.90921 0.12366 0.18122 0.04328
0 0.90921 0.17674 0.2139 0.04147
0 0.90921 0.21808 0.21114 0.0369
0 0.90921 0.29761 0.17296 0.03685
0 0.90921 0.36545 0.21388 0.04364
0 0.90921 0.42282 0.19274 0.03318
0 0.90921 0.49385 0.16573 0.03673
0 0.90921 0.52155 0.18184 0.03566
0 0.90921 0.52659 0.18283 0.03608
0 0.90921 0.63509 0.18783 0.039
0 0.90921 0.66555 0.21659 0.03359
0 0.90921 0.72611 0.20698 0.0371
0 0.90921 0.81942 0.19277 0.03362
0 0.90921 0.78545 0.19999 0.03459
0 0.90921 0.85534 0.20423 0.03932
0 0.90921 0.98268 0.21948 0.03871