0 0.11608 0.13281 0.37683 0.08607
0 0.1001 0.18586 0.37729 0.07916
0 0.09525 0.23891 0.41685 0.0858
0 0.11374 0.29196 0.42923 0.08053
0 0.1094 0.34501 0.3908 0.07974
0 0.09749 0.39806 0.42764 0.08437
0 0.09361 0.45111 0.36972 0.0866
0 0.11813 0.50416 0.41236 0.07895
0 0.10896 0.55721 0.43526 0.07367
0 0.10586 0.61026 0.42723 0.08679
0 0.09713 0.66331 0.42807 0.08019
0 0.11185 0.71636 0.37492 0.08155
0 0.1127 0.76941 0.4245 0.07425
0 0.11226 0.82246 0.40209 0.0818
0 0.11683 0.87551 0.42357 0.0749
0 0.11193 0.92856 0.38729 0.07952
0 0.30002 0.14609 0.42072 0.07964
0 0.29119 0.20444 0.43355 0.07855
0 0.29191 0.26280 0.43204 0.07504
0 0.28521 0.32115 0.38428 0.08
0 0.30898 0.37951 0.37132 0.07842
0 0.30158 0.43786 0.43185 0.07379
0 0.34277 0.49622 0.39116 0.07589
0 0.29477 0.55457 0.37519 0.07315
0 0.34857 0.61293 0.41957 0.07942
0 0.32434 0.67129 0.43041 0.08654
0 0.34586 0.72964 0.3879 0.07895
0 0.30828 0.78800 0.40064 0.08702
0 0.33367 0.84635 0.41094 0.07837
0 0.30226 0.90471 0.43284 0.07785
0 0.33614 0.96306 0.44132 0.08623
0 0.57708 0.13281 0.40374 0.08543
0 0.46681 0.18586 0.38966 0.07334
0 0.58402 0.23891 0.39143 0.07469
0 0.54872 0.29196 0.42399 0.08405
0 0.58523 0.34501 0.43405 0.0795
0 0.4841 0.39806 0.41906 0.07414
0 0.58423 0.45111 0.38918 0.0763
0 0.48413 0.50416 0.36904 0.07897
0 0.49805 0.55721 0.4231 0.07756
0 0.50126 0.61026 0.39966 0.0741
0 0.60208 0.66331 0.39734 0.07582
0 0.53025 0.71636 0.41968 0.0746
0 0.54645 0.76941 0.39947 0.08196
0 0.48822 0.82246 0.42341 0.08008
0 0.54162 0.87551 0.37802 0.08109
0 0.59464 0.92856 0.43382 0.08498
0 0.76606 0.11953 0.38839 0.08656
0 0.81188 0.16727 0.39732 0.07937
0 0.65448 0.21502 0.37131 0.08667
0 0.82167 0.26276 0.42117 0.08741
0 0.77884 0.31051 0.36965 0.07873
0 0.7592 0.35825 0.39151 0.07686
0 0.73193 0.40600 0.41117 0.0759
0 0.66946 0.45374 0.37208 0.07891
0 0.70652 0.50149 0.38529 0.08754
0 0.82991 0.54923 0.40447 0.07531
0 0.78474 0.59698 0.44083 0.08043
0 0.6695 0.64472 0.40233 0.08487
0 0.81082 0.69247 0.41461 0.07849
0 0.66132 0.74021 0.42964 0.08111
0 0.73489 0.78796 0.37246 0.07567
0 0.73995 0.83571 0.43462 0.07365
0 0.88604 0.13281 0.38556 0.0842
0 0.92774 0.18586 0.39733 0.08599
0 0.87892 0.23891 0.37156 0.08357
0 0.82186 0.29196 0.39054 0.07345
0 0.8834 0.34501 0.40064 0.07365
0 0.92285 0.39806 0.43651 0.07509
0 0.88805 0.45111 0.39899 0.08235
0 0.97994 0.50416 0.41615 0.07536
0 0.98932 0.61026 0.39362 0.08131
0 0.91424 0.66331 0.38216 0.07906
0 0.86537 0.71636 0.38409 0.07696
0 0.94932 0.82246 0.41086 0.07817
0 0.82423 0.87551 0.39765 0.07835
0 0.83748 0.92856 0.43971 0.07679