0 0.10576 0.13281 0.24719 0.04936
0 0.11303 0.18586 0.24918 0.05188
0 0.11018 0.23891 0.246 0.04681
0 0.09616 0.29196 0.26494 0.04996
0 0.10196 0.34501 0.25217 0.04415
0 0.11259 0.39806 0.24453 0.04514
0 0.10806 0.45111 0.23966 0.05137
0 0.09623 0.50416 0.25193 0.04896
0 0.10466 0.55721 0.23298 0.05133
0 0.10023 0.61026 0.22928 0.04536
0 0.10146 0.66331 0.23637 0.05126
0 0.10608 0.71636 0.25095 0.05097
0 0.10998 0.76941 0.23106 0.04742
0 0.09861 0.82246 0.23464 0.04514
0 0.10082 0.87551 0.2459 0.05016
0 0.10577 0.92856 0.22508 0.04916
0 0.30147 0.14609 0.23324 0.04403
0 0.32439 0.20444 0.25297 0.04514
0 0.29134 0.26280 0.25074 0.04431
0 0.32695 0.32115 0.24177 0.04502
0 0.33744 0.37951 0.244 0.04552
0 0.3218 0.43786 0.24646 0.04465
0 0.33171 0.49622 0.23694 0.04589
0 0.31758 0.55457 0.22854 0.0508
0 0.31955 0.61293 0.22657 0.0463
0 0.33355 0.67129 0.25609 0.05194
0 0.28624 0.72964 0.23629 0.04744
0 0.28766 0.78800 0.25727 0.0485
0 0.3145 0.84635 0.22687 0.04592
0 0.32555 0.90471 0.25255 0.04774
0 0.3377 0.96306 0.25926 0.04991
0 0.52205 0.13281 0.23867 0.05069
0 0.53176 0.18586 0.23389 0.0506
0 0.50852 0.23891 0.23606 0.05111
0 0.50575 0.29196 0.24528 0.04509
0 0.52747 0.34501 0.23009 0.04869
0 0.51732 0.39806 0.22383 0.0465
0 0.5593 0.45111 0.24196 0.0493
0 0.51367 0.50416 0.23591 0.04421
0 0.51025 0.55721 0.25026 0.05167
0 0.53237 0.61026 0.26219 0.05045
0 0.48822 0.66331 0.2543 0.05234
0 0.52141 0.71636 0.24709 0.04738
0 0.54501 0.76941 0.23721 0.04957
0 0.50316 0.82246 0.2551 0.04906
0 0.48083 0.87551 0.22307 0.05236
0 0.54721 0.92856 0.25385 0.05104
0 0.74845 0.11953 0.23432 0.04773
0 0.78768 0.16727 0.25029 0.04679
0 0.75205 0.21502 0.23722 0.04755
0 0.72142 0.26276 0.24173 0.04788
0 0.74217 0.31051 0.24797 0.04843
0 0.72381 0.35825 0.23012 0.04779
0 0.69637 0.40600 0.26126 0.04671
0 0.73971 0.45374 0.23132 0.04885
0 0.66232 0.50149 0.26244 0.04972
0 0.77137 0.54923 0.23778 0.05164
0 0.79273 0.59698 0.24652 0.04736
0 0.79751 0.64472 0.25522 0.04839
0 0.74737 0.69247 0.25633 0.04708
0 0.72975 0.74021 0.23751 0.04576
0 0.7229 0.78796 0.25517 0.05152
0 0.77409 0.83571 0.26135 0.04421
0 0.90137 0.13281 0.26281 0.0453
0 0.85435 0.18586 0.26306 0.05127
0 0.85149 0.23891 0.22713 0.04738
0 0.90548 0.29196 0.23049 0.04927
0 0.92451 0.34501 0.23514 0.04902
0 0.86079 0.39806 0.23178 0.0518
0 0.89811 0.45111 0.23878 0.04891
0 0.84353 0.50416 0.24979 0.0458
0 0.82268 0.55721 0.24547 0.04884
0 0.97291 0.61026 0.24657 0.04683
0 0.97494 0.66331 0.25637 0.05115
0 0.819 0.71636 0.2624 0.05128
0 0.87171 0.76941 0.25393 0.04466
0 0.99586 0.82246 0.23996 0.04506
0 0.90542 0.87551 0.26019 0.04597
0 0.92682 0.92856 0.23241 0.04412