0 0.10501 0.13281 0.38999 0.08723
0 0.10501 0.18586 0.4274 0.08258
0 0.10501 0.23891 0.40354 0.07548
0 0.10501 0.29196 0.4035 0.07915
0 0.10501 0.34501 0.36995 0.08641
0 0.10501 0.39806 0.43692 0.07416
0 0.10501 0.45111 0.41343 0.07608
0 0.10501 0.50416 0.40764 0.08105
0 0.10501 0.55721 0.41985 0.07695
0 0.10501 0.61026 0.4067 0.08354
0 0.10501 0.66331 0.40366 0.087
0 0.10501 0.71636 0.39951 0.08127
0 0.10501 0.76941 0.39853 0.07838
0 0.10501 0.82246 0.40524 0.08355
0 0.10501 0.87551 0.4206 0.0802
0 0.10501 0.92856 0.43264 0.07995
0 0.3148 0.14609 0.3941 0.08128
0 0.3148 0.20444 0.42397 0.07557
0 0.3148 0.26280 0.4225 0.07947
0 0.3148 0.32115 0.37225 0.07791
0 0.3148 0.37951 0.40985 0.07797
0 0.3148 0.43786 0.37882 0.08712
0 0.3148 0.49622 0.39856 0.0824
0 0.3148 0.55457 0.38753 0.08235
0 0.3148 0.61293 0.3747 0.0748
0 0.3148 0.67129 0.4069 0.07349
0 0.3148 0.72964 0.37704 0.08723
0 0.3148 0.78800 0.41172 0.07403
0 0.3148 0.84635 0.4107 0.07796
0 0.3148 0.90471 0.41521 0.08546
0 0.3148 0.96306 0.40764 0.07629
0 0.52459 0.13281 0.4415 0.07434
0 0.52459 0.18586 0.38543 0.0819
0 0.52459 0.23891 0.3728 0.07826
0 0.52459 0.29196 0.43366 0.08462
0 0.52459 0.34501 0.38286 0.07983
0 0.52459 0.39806 0.38488 0.07742
0 0.52459 0.45111 0.38833 0.08395
0 0.52459 0.50416 0.43701 0.07391
0 0.52459 0.55721 0.42808 0.07695
0 0.52459 0.61026 0.4339 0.08677
0 0.52459 0.66331 0.42495 0.07441
0 0.52459 0.71636 0.42501 0.08328
0 0.52459 0.76941 0.41545 0.07426
0 0.52459 0.82246 0.43912 0.08278
0 0.52459 0.87551 0.4395 0.08116
0 0.52459 0.92856 0.38299 0.07921
0 0.73438 0.11953 0.38617 0.08461
0 0.73438 0.16727 0.42424 0.08716
0 0.73438 0.21502 0.38227 0.07862
0 0.73438 0.26276 0.37638 0.07875
0 0.73438 0.31051 0.37389 0.07942
0 0.73438 0.35825 0.38156 0.08117
0 0.73438 0.40600 0.44245 0.07471
0 0.73438 0.45374 0.41844 0.0764
0 0.73438 0.50149 0.37789 0.07545
0 0.73438 0.54923 0.37736 0.07445
0 0.73438 0.59698 0.3704 0.08395
0 0.73438 0.64472 0.38847 0.08748
0 0.73438 0.69247 0.43501 0.08078
0 0.73438 0.74021 0.36936 0.08415
0 0.73438 0.78796 0.39024 0.07547
0 0.73438 0.83571 0.42461 0.07857
0 0.90921 0.13281 0.37105 0.07541
0 0.90921 0.18586 0.38675 0.07423
0 0.90921 0.23891 0.41861 0.08604
0 0.90921 0.29196 0.38857 0.07591
0 0.90921 0.34501 0.39041 0.07601
0 0.90921 0.39806 0.39597 0.08068
0 0.90921 0.45111 0.42977 0.0752
0 0.90921 0.50416 0.37169 0.08455
0 0.90921 0.55721 0.42865 0.0778
0 0.90921 0.61026 0.38782 0.08249
0 0.90921 0.66331 0.43058 0.0736
0 0.90921 0.71636 0.4288 0.0823
0 0.90921 0.76941 0.41865 0.0759
0 0.90921 0.82246 0.4229 0.07644
0 0.90921 0.87551 0.43009 0.08142
0 0.90921 0.92856 0.38305 0.078