0 0.09683 0.13281 0.44239 0.07476
0 0.11857 0.18586 0.41014 0.08068
0 0.11922 0.23891 0.43576 0.07687
0 0.10041 0.29196 0.43242 0.07859
0 0.09527 0.34501 0.39418 0.07713
0 0.10131 0.39806 0.40872 0.0818
0 0.09374 0.45111 0.4018 0.08403
0 0.09259 0.50416 0.40376 0.07571
0 0.10544 0.55721 0.40275 0.08659
0 0.09861 0.61026 0.39909 0.08174
0 0.11914 0.66331 0.39754 0.08126
0 0.1045 0.71636 0.42272 0.07657
0 0.10195 0.76941 0.42 0.08543
0 0.10242 0.82246 0.40396 0.08718
0 0.11501 0.87551 0.40063 0.08105
0 0.11089 0.92856 0.40943 0.07632
0 0.33935 0.14609 0.39231 0.0836
0 0.33834 0.20444 0.43102 0.07664
0 0.34792 0.26280 0.42031 0.07788
0 0.27794 0.32115 0.4133 0.07434
0 0.3188 0.37951 0.38761 0.07318
0 0.35631 0.43786 0.42372 0.07827
0 0.30956 0.49622 0.38078 0.077
0 0.31561 0.55457 0.37005 0.07894
0 0.27906 0.61293 0.40648 0.07527
0 0.29911 0.67129 0.39139 0.08687
0 0.31409 0.72964 0.43255 0.07933
0 0.28438 0.78800 0.40144 0.07318
0 0.35059 0.84635 0.4268 0.07905
0 0.31786 0.90471 0.43047 0.08183
0 0.35193 0.96306 0.38698 0.08451
0 0.50176 0.13281 0.38444 0.0776
0 0.48735 0.18586 0.40578 0.08476
0 0.47087 0.23891 0.42578 0.07499
0 0.56246 0.29196 0.38597 0.07616
0 0.53754 0.34501 0.38763 0.08713
0 0.54874 0.39806 0.40533 0.0807
0 0.4939 0.45111 0.43374 0.0816
0 0.52042 0.50416 0.3786 0.0779
0 0.5873 0.55721 0.4267 0.07688
0 0.4736 0.61026 0.37752 0.08647
0 0.57442 0.66331 0.38177 0.08266
0 0.58634 0.71636 0.39948 0.08146
0 0.53439 0.76941 0.43219 0.08654
0 0.60084 0.82246 0.39873 0.08291
0 0.58328 0.87551 0.3745 0.08089
0 0.60173 0.92856 0.41396 0.08334
0 0.73732 0.11953 0.41689 0.07371
0 0.70919 0.16727 0.38122 0.07882
0 0.70048 0.21502 0.42091 0.07427
0 0.78861 0.26276 0.40151 0.08551
0 0.82786 0.31051 0.41232 0.07475
0 0.79184 0.35825 0.38156 0.07843
0 0.78898 0.40600 0.37701 0.08034
0 0.8251 0.45374 0.43269 0.08615
0 0.71459 0.50149 0.40948 0.07382
0 0.76458 0.54923 0.37609 0.07522
0 0.7918 0.59698 0.43504 0.08424
0 0.79933 0.64472 0.37485 0.07482
0 0.76894 0.69247 0.42925 0.07883
0 0.82626 0.74021 0.43139 0.07413
0 0.81235 0.78796 0.40811 0.07634
0 0.7547 0.83571 0.37348 0.07441
0 0.8987 0.13281 0.37558 0.08404
0 0.8931 0.23891 0.36949 0.08575
0 0.85293 0.29196 0.39991 0.07644
0 0.99155 0.34501 0.38573 0.07876
0 0.82408 0.39806 0.41865 0.08099
0 0.90009 0.45111 0.40634 0.07484
0 0.88247 0.55721 0.43154 0.08515
0 0.85397 0.61026 0.44182 0.0782
0 0.84175 0.66331 0.40657 0.08425
0 0.81279 0.71636 0.3961 0.08261
0 0.81444 0.82246 0.37855 0.08616
0 0.89263 0.87551 0.41356 0.07387
0 0.80996 0.92856 0.43165 0.07948