0 0.09725 0.13281 0.23688 0.05168
0 0.09905 0.18586 0.25775 0.05175
0 0.09836 0.23891 0.23085 0.0454
0 0.1119 0.29196 0.25719 0.04611
0 0.09712 0.34501 0.25923 0.05203
0 0.10107 0.39806 0.22842 0.04399
0 0.10131 0.45111 0.22879 0.04887
0 0.09842 0.50416 0.2522 0.0473
0 0.10988 0.55721 0.22278 0.04768
0 0.10561 0.61026 0.25065 0.04615
0 0.11083 0.66331 0.24882 0.04863
0 0.10232 0.71636 0.23817 0.04833
0 0.09773 0.76941 0.26453 0.04536
0 0.10405 0.82246 0.22277 0.0513
0 0.0988 0.87551 0.26211 0.0449
0 0.11157 0.92856 0.24401 0.04689
0 0.29999 0.14609 0.25787 0.04907
0 0.32514 0.20444 0.24438 0.04878
0 0.28916 0.26280 0.26113 0.04866
0 0.34173 0.32115 0.22296 0.04954
0 0.29641 0.37951 0.23049 0.04404
0 0.30843 0.43786 0.23747 0.04522
0 0.30666 0.49622 0.22348 0.04748
0 0.29909 0.55457 0.22362 0.04959
0 0.30309 0.61293 0.25826 0.05097
0 0.29451 0.67129 0.25636 0.04533
0 0.31528 0.72964 0.22856 0.04544
0 0.29654 0.78800 0.22973 0.04644
0 0.29835 0.84635 0.25432 0.04503
0 0.34125 0.90471 0.22864 0.04733
0 0.31173 0.96306 0.2524 0.04898
0 0.50257 0.13281 0.24268 0.0525
0 0.52282 0.18586 0.24456 0.05119
0 0.52854 0.23891 0.22662 0.04747
0 0.56029 0.29196 0.22528 0.05115
0 0.56541 0.34501 0.24928 0.04491
0 0.52505 0.39806 0.22332 0.04858
0 0.50525 0.45111 0.25786 0.05206
0 0.56425 0.50416 0.25746 0.04803
0 0.56625 0.55721 0.25098 0.04684
0 0.47928 0.61026 0.24797 0.05188
0 0.50547 0.66331 0.24476 0.04755
0 0.57395 0.71636 0.23793 0.05243
0 0.49772 0.76941 0.23876 0.05208
0 0.51538 0.82246 0.26399 0.05016
0 0.50622 0.87551 0.23052 0.04888
0 0.57054 0.92856 0.23065 0.04874
0 0.68132 0.11953 0.23562 0.04933
0 0.78378 0.16727 0.25953 0.05176
0 0.67697 0.21502 0.25426 0.05127
0 0.68439 0.26276 0.2222 0.04505
0 0.79783 0.31051 0.22799 0.05193
0 0.77786 0.35825 0.24836 0.0524
0 0.70034 0.40600 0.22509 0.04845
0 0.73838 0.45374 0.24077 0.05197
0 0.77866 0.50149 0.25542 0.04845
0 0.70407 0.54923 0.22583 0.04948
0 0.76818 0.59698 0.25159 0.04423
0 0.75298 0.64472 0.24595 0.04717
0 0.76877 0.69247 0.24816 0.04841
0 0.67183 0.74021 0.25263 0.05148
0 0.74429 0.78796 0.22582 0.04571
0 0.70487 0.83571 0.25394 0.05018
0 0.82203 0.13281 0.25025 0.04765
0 0.88211 0.18586 0.24543 0.04919
0 0.8629 0.23891 0.25256 0.04913
0 0.99299 0.29196 0.23149 0.04895
0 0.89419 0.34501 0.26507 0.04735
0 0.99386 0.39806 0.26118 0.04775
0 0.82278 0.45111 0.2491 0.04387
0 0.83116 0.50416 0.24961 0.04699
0 0.92144 0.55721 0.26158 0.04851
0 0.92311 0.61026 0.24672 0.04388
0 0.92682 0.66331 0.23064 0.04494
0 0.98436 0.71636 0.22719 0.04789
0 0.88409 0.76941 0.24073 0.0486
0 0.83315 0.82246 0.24915 0.04438
0 0.90443 0.87551 0.24477 0.05124
0 0.84377 0.92856 0.24634 0.05046