0 0.09502 0.13281 0.26215 0.05243
0 0.10001 0.18586 0.24951 0.04583
0 0.09904 0.23891 0.23681 0.04482
0 0.09891 0.29196 0.24807 0.05074
0 0.09458 0.34501 0.25677 0.04957
0 0.09957 0.39806 0.25448 0.0524
0 0.09748 0.45111 0.23827 0.04853
0 0.11224 0.50416 0.22167 0.04833
0 0.10925 0.55721 0.23742 0.05067
0 0.11405 0.61026 0.22309 0.0491
0 0.10032 0.66331 0.23221 0.04917
0 0.0965 0.71636 0.23264 0.04945
0 0.10064 0.76941 0.24058 0.05213
0 0.11218 0.82246 0.24961 0.05122
0 0.0999 0.87551 0.23243 0.04659
0 0.10403 0.92856 0.2544 0.04599
0 0.34367 0.14609 0.24263 0.04436
0 0.31312 0.20444 0.25394 0.04404
0 0.33125 0.26280 0.25361 0.04737
0 0.31148 0.32115 0.25848 0.04664
0 0.30802 0.37951 0.24581 0.05176
0 0.3075 0.43786 0.2353 0.04869
0 0.2868 0.49622 0.25329 0.04982
0 0.3414 0.55457 0.23731 0.04495
0 0.3008 0.61293 0.24999 0.04698
0 0.29416 0.67129 0.26524 0.05065
0 0.31214 0.72964 0.23911 0.04849
0 0.32523 0.78800 0.24501 0.05228
0 0.34173 0.84635 0.26353 0.04852
0 0.29444 0.90471 0.24267 0.04682
0 0.33953 0.96306 0.22317 0.04628
0 0.52753 0.13281 0.22919 0.05234
0 0.53483 0.18586 0.23298 0.04616
0 0.5019 0.23891 0.24314 0.04691
0 0.57627 0.29196 0.24304 0.04723
0 0.51216 0.34501 0.24427 0.04379
0 0.57701 0.39806 0.26008 0.05188
0 0.53579 0.45111 0.23032 0.04863
0 0.54213 0.50416 0.25015 0.04518
0 0.50292 0.55721 0.23617 0.05107
0 0.54261 0.61026 0.25987 0.04452
0 0.55592 0.66331 0.2406 0.04784
0 0.57583 0.71636 0.26239 0.04689
0 0.51205 0.76941 0.24823 0.04812
0 0.525 0.82246 0.25867 0.04919
0 0.47516 0.87551 0.24805 0.04573
0 0.5605 0.92856 0.24007 0.05241
0 0.74932 0.11953 0.26436 0.04388
0 0.70371 0.16727 0.22891 0.0458
0 0.66824 0.21502 0.2567 0.05073
0 0.76324 0.26276 0.24048 0.04723
0 0.75249 0.31051 0.23794 0.04641
0 0.71676 0.35825 0.23142 0.05071
0 0.79201 0.40600 0.24053 0.04694
0 0.77705 0.45374 0.22406 0.04543
0 0.8041 0.50149 0.26286 0.04868
0 0.76885 0.54923 0.22874 0.05194
0 0.69454 0.59698 0.24473 0.0442
0 0.75332 0.64472 0.26079 0.04877
0 0.7301 0.69247 0.23962 0.04514
0 0.69258 0.74021 0.22852 0.04589
0 0.75156 0.78796 0.26245 0.04784
0 0.71255 0.83571 0.2421 0.0476
0 0.84811 0.13281 0.24871 0.04739
0 0.98183 0.18586 0.25424 0.04999
0 0.83802 0.23891 0.23606 0.05035
0 0.96227 0.29196 0.23327 0.04541
0 0.96338 0.34501 0.2363 0.0484
0 0.98274 0.39806 0.25161 0.04936
0 0.99938 0.45111 0.24335 0.04707
0 0.82597 0.50416 0.25761 0.04573
0 0.9838 0.55721 0.25572 0.04683
0 0.82354 0.61026 0.2253 0.05066
0 0.99429 0.66331 0.23521 0.05018
0 0.94908 0.71636 0.23376 0.04814
0 0.89055 0.76941 0.24618 0.04523
0 0.83828 0.82246 0.22876 0.0452
0 0.84808 0.87551 0.25517 0.05071
0 0.87363 0.92856 0.24347 0.04491