0 0.10373 0.13281 0.22812 0.04492
0 0.09575 0.18586 0.23537 0.04935
0 0.09947 0.23891 0.25056 0.04945
0 0.09738 0.29196 0.24681 0.04973
0 0.10725 0.34501 0.24634 0.04957
0 0.11144 0.39806 0.22916 0.05178
0 0.10671 0.45111 0.2599 0.04899
0 0.10443 0.50416 0.2415 0.04506
0 0.11224 0.55721 0.25761 0.05121
0 0.10207 0.61026 0.26283 0.04597
0 0.10102 0.66331 0.24548 0.04967
0 0.11299 0.71636 0.25813 0.04529
0 0.09916 0.76941 0.23746 0.04916
0 0.09605 0.82246 0.22917 0.04946
0 0.10101 0.87551 0.2409 0.04816
0 0.10722 0.92856 0.23756 0.04434
0 0.29111 0.14609 0.26221 0.05009
0 0.33972 0.20444 0.22596 0.0496
0 0.31989 0.26280 0.22254 0.04761
0 0.30247 0.32115 0.23483 0.04597
0 0.28665 0.37951 0.2531 0.04676
0 0.28593 0.43786 0.26171 0.05055
0 0.29877 0.49622 0.26102 0.04989
0 0.28853 0.55457 0.22147 0.04676
0 0.31031 0.61293 0.25977 0.04643
0 0.29033 0.67129 0.2367 0.05066
0 0.29742 0.72964 0.25266 0.04527
0 0.29774 0.78800 0.26421 0.04875
0 0.34315 0.84635 0.23062 0.04762
0 0.2972 0.90471 0.23007 0.04443
0 0.28408 0.96306 0.2487 0.04866
0 0.47724 0.13281 0.24536 0.04711
0 0.52366 0.18586 0.25018 0.05188
0 0.4748 0.23891 0.24436 0.04983
0 0.57101 0.29196 0.25424 0.04417
0 0.48263 0.34501 0.23446 0.05185
0 0.51817 0.39806 0.25665 0.05054
0 0.52056 0.45111 0.2519 0.05249
0 0.51437 0.50416 0.22232 0.0474
0 0.54578 0.55721 0.23936 0.04814
0 0.53935 0.61026 0.25967 0.04395
0 0.56459 0.66331 0.24114 0.05108
0 0.54089 0.71636 0.23327 0.04958
0 0.53849 0.76941 0.23384 0.05099
0 0.49764 0.82246 0.24635 0.04511
0 0.56018 0.87551 0.2542 0.05159
0 0.47311 0.92856 0.23976 0.04821
0 0.76279 0.11953 0.23323 0.0484
0 0.7618 0.16727 0.2249 0.05156
0 0.68331 0.21502 0.24421 0.04557
0 0.80737 0.26276 0.24858 0.04997
0 0.78993 0.31051 0.23595 0.04559
0 0.78058 0.35825 0.24485 0.05233
0 0.75811 0.40600 0.23883 0.0504
0 0.69366 0.45374 0.23894 0.04386
0 0.68051 0.50149 0.25737 0.04681
0 0.76554 0.54923 0.25917 0.04944
0 0.69432 0.59698 0.25397 0.05009
0 0.77141 0.64472 0.2471 0.04717
0 0.80303 0.69247 0.2549 0.04804
0 0.7684 0.74021 0.25527 0.05253
0 0.80722 0.78796 0.26453 0.0493
0 0.70457 0.83571 0.26487 0.04728
0 0.88862 0.13281 0.2559 0.04757
0 0.82885 0.18586 0.22931 0.04565
0 0.98085 0.23891 0.22421 0.04948
0 0.88713 0.29196 0.26078 0.04782
0 0.99852 0.34501 0.22614 0.04438
0 0.98057 0.39806 0.22238 0.04512
0 0.91907 0.45111 0.25654 0.04429
0 0.95884 0.50416 0.25872 0.04822
0 0.945 0.55721 0.25153 0.05067
0 0.8185 0.61026 0.2345 0.04732
0 0.86735 0.66331 0.22376 0.05232
0 0.88289 0.71636 0.24798 0.04915
0 0.862 0.76941 0.22233 0.04963
0 0.95182 0.82246 0.22465 0.04589
0 0.91916 0.87551 0.25503 0.04541
0 0.941 0.92856 0.25141 0.04673