0 0.10501 0.13281 0.39499 0.08103
0 0.10501 0.18586 0.38436 0.07569
0 0.10501 0.23891 0.39275 0.08623
0 0.10501 0.29196 0.42665 0.0737
0 0.10501 0.34501 0.39842 0.07525
0 0.10501 0.39806 0.43024 0.08734
0 0.10501 0.45111 0.38322 0.08629
0 0.10501 0.50416 0.4027 0.07364
0 0.10501 0.55721 0.41443 0.07642
0 0.10501 0.61026 0.41045 0.0812
0 0.10501 0.66331 0.3997 0.07362
0 0.10501 0.71636 0.39095 0.08353
0 0.10501 0.76941 0.40683 0.07305
0 0.10501 0.82246 0.4197 0.08536
0 0.10501 0.87551 0.43448 0.07708
0 0.10501 0.92856 0.42491 0.07655
0 0.3148 0.14609 0.41595 0.07886
0 0.3148 0.20444 0.414 0.07337
0 0.3148 0.26280 0.39315 0.0782
0 0.3148 0.32115 0.43224 0.07831
0 0.3148 0.37951 0.38517 0.07624
0 0.3148 0.43786 0.42228 0.07433
0 0.3148 0.49622 0.37762 0.07943
0 0.3148 0.55457 0.41044 0.08725
0 0.3148 0.61293 0.40546 0.07657
0 0.3148 0.67129 0.39094 0.08121
0 0.3148 0.72964 0.37498 0.08538
0 0.3148 0.78800 0.38919 0.07528
0 0.3148 0.84635 0.38022 0.07313
0 0.3148 0.90471 0.41974 0.08148
0 0.3148 0.96306 0.38191 0.07403
0 0.52459 0.13281 0.43419 0.08457
0 0.52459 0.18586 0.43855 0.08027
0 0.52459 0.23891 0.43546 0.0789
0 0.52459 0.29196 0.40092 0.08339
0 0.52459 0.34501 0.37916 0.08079
0 0.52459 0.39806 0.41467 0.08449
0 0.52459 0.45111 0.39295 0.08303
0 0.52459 0.50416 0.40903 0.07423
0 0.52459 0.55721 0.42775 0.08397
0 0.52459 0.61026 0.43862 0.07682
0 0.52459 0.66331 0.42417 0.08125
0 0.52459 0.71636 0.36978 0.08142
0 0.52459 0.76941 0.38991 0.08042
0 0.52459 0.82246 0.38264 0.07681
0 0.52459 0.87551 0.42318 0.07772
0 0.52459 0.92856 0.42394 0.08638
0 0.73438 0.11953 0.38874 0.0832
0 0.73438 0.16727 0.40904 0.08168
0 0.73438 0.21502 0.44034 0.08641
0 0.73438 0.26276 0.4339 0.0787
0 0.73438 0.31051 0.40011 0.07437
0 0.73438 0.35825 0.43813 0.08223
0 0.73438 0.40600 0.4036 0.07499
0 0.73438 0.45374 0.43118 0.08121
0 0.73438 0.50149 0.37383 0.0786
0 0.73438 0.54923 0.38943 0.08595
0 0.73438 0.59698 0.37901 0.08568
0 0.73438 0.64472 0.39037 0.08541
0 0.73438 0.69247 0.4333 0.08072
0 0.73438 0.74021 0.43421 0.08341
0 0.73438 0.78796 0.42262 0.07454
0 0.73438 0.83571 0.40192 0.08117
0 0.90921 0.13281 0.41112 0.08704
0 0.90921 0.18586 0.41161 0.08106
0 0.90921 0.23891 0.4142 0.07507
0 0.90921 0.29196 0.37221 0.08045
0 0.90921 0.34501 0.41822 0.07328
0 0.90921 0.39806 0.41715 0.08117
0 0.90921 0.45111 0.39503 0.0731
0 0.90921 0.50416 0.40221 0.07304
0 0.90921 0.55721 0.43554 0.08399
0 0.90921 0.61026 0.40365 0.07603
0 0.90921 0.66331 0.43759 0.08553
0 0.90921 0.71636 0.38349 0.07604
0 0.90921 0.76941 0.42069 0.07619
0 0.90921 0.82246 0.39273 0.08285
0 0.90921 0.87551 0.39496 0.07644
0 0.90921 0.92856 0.42704 0.07906