0 0.10501 0.13464 0.18884 0.03505
0 0.10501 0.17471 0.18346 0.0337
0 0.10501 0.22932 0.21637 0.04168
0 0.10501 0.27766 0.19827 0.04323
0 0.10501 0.37306 0.16461 0.03882
0 0.10501 0.37920 0.16534 0.04034
0 0.10501 0.42614 0.20863 0.0406
0 0.10501 0.55131 0.17292 0.04212
0 0.10501 0.59026 0.16699 0.0431
0 0.10501 0.59782 0.176 0.04282
0 0.10501 0.63408 0.21719 0.03436
0 0.10501 0.69447 0.16913 0.03985
0 0.10501 0.81759 0.21453 0.04084
0 0.10501 0.87335 0.17049 0.03579
0 0.10501 0.78796 0.16476 0.04043
0 0.10501 0.86240 0.18195 0.03584
0 0.3148 0.15235 0.18429 0.03487
0 0.3148 0.18716 0.21882 0.03871
0 0.3148 0.28658 0.18296 0.03257
0 0.3148 0.30370 0.18224 0.03264
0 0.3148 0.40958 0.18941 0.03339
0 0.3148 0.43043 0.21785 0.03242
0 0.3148 0.47157 0.20804 0.03975
0 0.3148 0.53095 0.18032 0.03425
0 0.3148 0.58713 0.18409 0.03686
0 0.3148 0.70544 0.18295 0.03852
0 0.3148 0.65913 0.20145 0.03727
0 0.3148 0.82807 0.2053 0.03542
0 0.3148 0.83471 0.207 0.034
0 0.3148 0.94414 0.20918 0.0376
0 0.3148 0.97364 0.19236 0.03835
0 0.52459 0.14587 0.18651 0.03944
0 0.52459 0.19165 0.19131 0.04319
0 0.52459 0.22039 0.19439 0.03253
0 0.52459 0.30726 0.201 0.03415
0 0.52459 0.35503 0.16741 0.0337
0 0.52459 0.37827 0.18719 0.04293
0 0.52459 0.41184 0.19969 0.03245
0 0.52459 0.53584 0.16335 0.03421
0 0.52459 0.55813 0.17351 0.03583
0 0.52459 0.66859 0.16505 0.03438
0 0.52459 0.65047 0.19926 0.03743
0 0.52459 0.77053 0.1986 0.03292
0 0.52459 0.75340 0.20528 0.04241
0 0.52459 0.75320 0.21259 0.04027
0 0.52459 0.84323 0.18625 0.04186
0 0.52459 0.93842 0.22115 0.03615
0 0.73438 0.11656 0.17435 0.03411
0 0.73438 0.15832 0.19858 0.03559
0 0.73438 0.22119 0.22122 0.03262
0 0.73438 0.24021 0.16419 0.03999
0 0.73438 0.31923 0.21814 0.03314
0 0.73438 0.39070 0.21574 0.03249
0 0.73438 0.38904 0.16235 0.03929
0 0.73438 0.41074 0.18652 0.03254
0 0.73438 0.49016 0.16261 0.0341
0 0.73438 0.51523 0.20553 0.03389
0 0.73438 0.64079 0.21259 0.04008
0 0.73438 0.65791 0.21674 0.04284
0 0.73438 0.69177 0.2152 0.0389
0 0.73438 0.75331 0.21995 0.04219
0 0.73438 0.82477 0.20409 0.03291
0 0.73438 0.89346 0.16858 0.03537
0 0.90921 0.11985 0.17183 0.04029
0 0.90921 0.18512 0.16293 0.03267
0 0.90921 0.22947 0.19379 0.03546
0 0.90921 0.29146 0.18726 0.04238
0 0.90921 0.37103 0.19922 0.03228
0 0.90921 0.40866 0.19902 0.03751
0 0.90921 0.42852 0.19355 0.03455
0 0.90921 0.47218 0.21974 0.0346
0 0.90921 0.60326 0.2172 0.0327
0 0.90921 0.66928 0.18019 0.0348
0 0.90921 0.63428 0.21837 0.03792
0 0.90921 0.71893 0.18653 0.03929
0 0.90921 0.84425 0.17098 0.03881
0 0.90921 0.84983 0.18134 0.03266
0 0.90921 0.92919 0.22004 0.03732
0 0.90921 0.91224 0.18296 0.03818