0 0.09654 0.13281 0.42842 0.08504
0 0.11341 0.18586 0.42727 0.07575
0 0.09702 0.23891 0.43097 0.08104
0 0.11984 0.29196 0.43568 0.07763
0 0.10582 0.34501 0.44152 0.08585
0 0.09458 0.39806 0.4248 0.08042
0 0.11203 0.45111 0.42369 0.07821
0 0.09585 0.50416 0.43976 0.086
0 0.10626 0.55721 0.41797 0.0813
0 0.10986 0.61026 0.38881 0.07408
0 0.09249 0.66331 0.40705 0.0789
0 0.10282 0.71636 0.43821 0.08201
0 0.09778 0.76941 0.43009 0.08074
0 0.10946 0.82246 0.43635 0.07482
0 0.1184 0.87551 0.42879 0.07478
0 0.09511 0.92856 0.39533 0.08102
0 0.3278 0.14609 0.41713 0.0775
0 0.33636 0.20444 0.39049 0.08684
0 0.29839 0.26280 0.43901 0.07701
0 0.32167 0.32115 0.40738 0.07399
0 0.35349 0.37951 0.38899 0.08558
0 0.35233 0.43786 0.42527 0.08485
0 0.30276 0.49622 0.4163 0.08713
0 0.28166 0.55457 0.37055 0.08448
0 0.29941 0.61293 0.41599 0.08525
0 0.34884 0.67129 0.37187 0.08162
0 0.29968 0.72964 0.38818 0.07679
0 0.31495 0.78800 0.4371 0.0761
0 0.28681 0.84635 0.38054 0.08125
0 0.3402 0.90471 0.42905 0.07685
0 0.29587 0.96306 0.38832 0.08303
0 0.58125 0.13281 0.39389 0.08148
0 0.51544 0.18586 0.42231 0.08697
0 0.56452 0.23891 0.43358 0.08581
0 0.51846 0.29196 0.42049 0.08532
0 0.50969 0.34501 0.40176 0.08197
0 0.55556 0.39806 0.40823 0.0739
0 0.49646 0.45111 0.43948 0.07554
0 0.52097 0.50416 0.41582 0.08571
0 0.56198 0.55721 0.42442 0.07843
0 0.49326 0.61026 0.38998 0.08524
0 0.57847 0.66331 0.43678 0.08183
0 0.47706 0.71636 0.44231 0.08646
0 0.47386 0.76941 0.39215 0.07513
0 0.53013 0.82246 0.40177 0.08656
0 0.5053 0.87551 0.39064 0.07891
0 0.49996 0.92856 0.39629 0.0786
0 0.65088 0.11953 0.39565 0.083
0 0.75965 0.16727 0.40562 0.08406
0 0.77267 0.21502 0.40627 0.07857
0 0.80418 0.26276 0.385 0.0819
0 0.72494 0.31051 0.42837 0.07339
0 0.72263 0.35825 0.37168 0.08057
0 0.75504 0.40600 0.37971 0.08384
0 0.66337 0.45374 0.39493 0.07955
0 0.7735 0.50149 0.38703 0.07764
0 0.68994 0.54923 0.41621 0.0736
0 0.71157 0.59698 0.41802 0.08544
0 0.6519 0.64472 0.43105 0.0816
0 0.77439 0.69247 0.42709 0.08372
0 0.69601 0.74021 0.43788 0.08622
0 0.67409 0.78796 0.40257 0.08488
0 0.64902 0.83571 0.39922 0.08715
0 0.84129 0.13281 0.43698 0.07811
0 0.86572 0.18586 0.41399 0.07791
0 0.97129 0.23891 0.41798 0.07301
0 0.82807 0.29196 0.42531 0.08232
0 0.94758 0.34501 0.39153 0.07952
0 0.8126 0.39806 0.38788 0.07719
0 0.92448 0.45111 0.42582 0.0814
0 0.95608 0.55721 0.43071 0.07494
0 0.80747 0.66331 0.36904 0.07582
0 0.98829 0.71636 0.38869 0.08437
0 0.98374 0.76941 0.3849 0.07685
0 0.82206 0.82246 0.38498 0.07776
0 0.91125 0.92856 0.38605 0.07495