0 0.10565 0.13281 0.42031 0.08114
0 0.1195 0.18586 0.40554 0.07432
0 0.10182 0.23891 0.40271 0.07782
0 0.10301 0.29196 0.37924 0.07829
0 0.11541 0.34501 0.39549 0.07929
0 0.09806 0.39806 0.41257 0.07808
0 0.11864 0.45111 0.43329 0.07837
0 0.11909 0.50416 0.40348 0.07555
0 0.10875 0.55721 0.37663 0.08514
0 0.09555 0.61026 0.3876 0.078
0 0.12047 0.66331 0.41773 0.08412
0 0.10598 0.71636 0.43048 0.08601
0 0.09571 0.76941 0.37654 0.08501
0 0.11863 0.82246 0.40189 0.08288
0 0.11708 0.87551 0.43093 0.08321
0 0.1102 0.92856 0.40505 0.07657
0 0.35004 0.14609 0.43522 0.08091
0 0.32352 0.20444 0.37717 0.08448
0 0.29631 0.26280 0.42837 0.08718
0 0.35501 0.32115 0.38632 0.08204
0 0.3307 0.37951 0.42734 0.07521
0 0.29745 0.43786 0.44021 0.0819
0 0.35146 0.49622 0.41877 0.07344
0 0.30963 0.55457 0.37925 0.0743
0 0.3572 0.61293 0.42008 0.07319
0 0.29291 0.67129 0.39388 0.07483
0 0.34664 0.72964 0.39329 0.07352
0 0.32996 0.78800 0.43442 0.07493
0 0.33593 0.84635 0.378 0.08627
0 0.30886 0.90471 0.40839 0.08394
0 0.31195 0.96306 0.43322 0.0737
0 0.49722 0.13281 0.42497 0.0836
0 0.47702 0.18586 0.38415 0.07712
0 0.59673 0.23891 0.44178 0.07497
0 0.55448 0.29196 0.44221 0.07749
0 0.51632 0.34501 0.39644 0.08486
0 0.59039 0.39806 0.39892 0.07556
0 0.57324 0.45111 0.42927 0.0836
0 0.47262 0.50416 0.43599 0.07804
0 0.57628 0.55721 0.39957 0.08067
0 0.55507 0.61026 0.43242 0.07487
0 0.5681 0.66331 0.42611 0.08471
0 0.54656 0.71636 0.43262 0.08391
0 0.56688 0.76941 0.41814 0.08532
0 0.55431 0.82246 0.37824 0.08038
0 0.52252 0.87551 0.43843 0.08134
0 0.50685 0.92856 0.40012 0.08126
0 0.69811 0.11953 0.38496 0.0803
0 0.82466 0.16727 0.41674 0.08429
0 0.77903 0.21502 0.40687 0.08755
0 0.79873 0.26276 0.38407 0.07978
0 0.81068 0.31051 0.41114 0.07547
0 0.68092 0.35825 0.375 0.07624
0 0.67549 0.40600 0.38843 0.077
0 0.6583 0.45374 0.40686 0.07778
0 0.81513 0.50149 0.39064 0.07356
0 0.80267 0.54923 0.43784 0.08244
0 0.71546 0.59698 0.41055 0.08185
0 0.76949 0.64472 0.43758 0.08309
0 0.72961 0.69247 0.42102 0.0829
0 0.69405 0.74021 0.40051 0.0825
0 0.70607 0.78796 0.39184 0.08504
0 0.69644 0.83571 0.40785 0.07804
0 0.86061 0.13281 0.42175 0.07485
0 0.88257 0.18586 0.43869 0.08496
0 0.92139 0.23891 0.4234 0.07392
0 0.99872 0.29196 0.40294 0.07984
0 0.80162 0.34501 0.42935 0.07454
0 0.8428 0.39806 0.38665 0.08228
0 0.9311 0.45111 0.43623 0.07516
0 0.83291 0.50416 0.41356 0.07485
0 0.95019 0.55721 0.42668 0.08069
0 0.86507 0.61026 0.43294 0.07712
0 0.89302 0.71636 0.41891 0.08134
0 0.95926 0.76941 0.42859 0.0732
0 0.86031 0.82246 0.43351 0.07422
0 0.91395 0.87551 0.36976 0.07336