0 0.11277 0.13281 0.22544 0.0465
0 0.11114 0.18586 0.23937 0.05241
0 0.10801 0.23891 0.25131 0.04696
0 0.11332 0.29196 0.25101 0.04869
0 0.10119 0.34501 0.23246 0.04894
0 0.09674 0.39806 0.26008 0.04709
0 0.09571 0.45111 0.2374 0.04849
0 0.0975 0.50416 0.25117 0.04738
0 0.10827 0.55721 0.25218 0.05202
0 0.11484 0.61026 0.24006 0.04527
0 0.11242 0.66331 0.23248 0.04474
0 0.10008 0.71636 0.24933 0.0464
0 0.1109 0.76941 0.22759 0.04606
0 0.10515 0.82246 0.23578 0.04749
0 0.10875 0.87551 0.23718 0.04625
0 0.11324 0.92856 0.26488 0.05041
0 0.32907 0.14609 0.25812 0.05232
0 0.33833 0.20444 0.23516 0.05187
0 0.33463 0.26280 0.23706 0.04819
0 0.31489 0.32115 0.24418 0.04592
0 0.32412 0.37951 0.25026 0.04777
0 0.31585 0.43786 0.23434 0.04459
0 0.33691 0.49622 0.22932 0.04619
0 0.31767 0.55457 0.26092 0.05082
0 0.3237 0.61293 0.22378 0.04663
0 0.28903 0.67129 0.24894 0.04435
0 0.34173 0.72964 0.229 0.05175
0 0.30811 0.78800 0.22186 0.05149
0 0.31736 0.84635 0.25166 0.05048
0 0.29174 0.90471 0.25371 0.05057
0 0.3077 0.96306 0.23069 0.04714
0 0.48182 0.13281 0.2479 0.04849
0 0.56771 0.18586 0.22221 0.05135
0 0.50832 0.23891 0.23466 0.05109
0 0.54017 0.29196 0.24405 0.04913
0 0.56554 0.34501 0.25375 0.0458
0 0.56859 0.39806 0.26299 0.05104
0 0.56099 0.45111 0.25507 0.04796
0 0.56108 0.50416 0.25684 0.05194
0 0.47472 0.55721 0.23608 0.05242
0 0.54915 0.61026 0.22879 0.04628
0 0.48963 0.66331 0.22847 0.05229
0 0.52129 0.71636 0.25399 0.05235
0 0.57411 0.76941 0.22144 0.0472
0 0.56457 0.82246 0.23382 0.04746
0 0.56101 0.87551 0.25085 0.04546
0 0.53906 0.92856 0.22752 0.04998
0 0.70009 0.11953 0.24787 0.05093
0 0.73399 0.16727 0.22953 0.04533
0 0.73422 0.21502 0.26321 0.04825
0 0.68691 0.26276 0.22543 0.05223
0 0.70041 0.31051 0.23252 0.04599
0 0.70799 0.35825 0.22986 0.04452
0 0.8022 0.40600 0.24707 0.05197
0 0.66457 0.45374 0.26241 0.04773
0 0.78029 0.50149 0.26273 0.05079
0 0.75796 0.54923 0.2477 0.04913
0 0.79305 0.59698 0.26256 0.04632
0 0.7522 0.64472 0.25355 0.04966
0 0.80256 0.69247 0.2382 0.0443
0 0.71039 0.74021 0.24686 0.04486
0 0.7334 0.78796 0.23054 0.04653
0 0.76069 0.83571 0.2593 0.04984
0 0.99219 0.13281 0.25359 0.04506
0 0.82158 0.18586 0.25452 0.04991
0 0.93078 0.23891 0.23616 0.04999
0 0.96252 0.29196 0.23119 0.04611
0 0.90563 0.34501 0.22252 0.05231
0 0.83368 0.39806 0.23448 0.04751
0 0.91708 0.45111 0.24704 0.05199
0 0.93258 0.50416 0.25782 0.04392
0 0.85692 0.55721 0.26347 0.04507
0 0.95147 0.61026 0.26069 0.04413
0 0.96188 0.66331 0.2247 0.04399
0 0.82516 0.71636 0.23406 0.04439
0 0.98014 0.76941 0.26168 0.04727
0 0.99372 0.82246 0.23259 0.049
0 0.88444 0.87551 0.25301 0.04908
0 0.96843 0.92856 0.23714 0.04619