0 0.11086 0.13281 0.26429 0.04633
0 0.10547 0.18586 0.23802 0.05148
0 0.10236 0.23891 0.24772 0.04676
0 0.10976 0.29196 0.22572 0.04721
0 0.1083 0.34501 0.23743 0.05231
0 0.10065 0.39806 0.2577 0.05146
0 0.11074 0.45111 0.26108 0.05023
0 0.11147 0.50416 0.25581 0.05212
0 0.11215 0.55721 0.22984 0.04986
0 0.10273 0.61026 0.23222 0.05069
0 0.10997 0.66331 0.22907 0.04499
0 0.10196 0.71636 0.25327 0.05217
0 0.09589 0.76941 0.24221 0.05012
0 0.0982 0.82246 0.24104 0.04699
0 0.10676 0.87551 0.24474 0.05076
0 0.10664 0.92856 0.24957 0.04793
0 0.29896 0.14609 0.24987 0.05213
0 0.29716 0.20444 0.23649 0.05076
0 0.288 0.26280 0.23504 0.04641
0 0.34513 0.32115 0.24109 0.04819
0 0.33946 0.37951 0.24567 0.05127
0 0.29716 0.43786 0.23945 0.04397
0 0.33293 0.49622 0.26455 0.0525
0 0.29723 0.55457 0.23079 0.04911
0 0.31858 0.61293 0.265 0.04389
0 0.32849 0.67129 0.24226 0.044
0 0.29776 0.72964 0.2612 0.0497
0 0.31979 0.78800 0.23995 0.05198
0 0.30875 0.84635 0.24139 0.04825
0 0.3166 0.90471 0.23455 0.04487
0 0.30417 0.96306 0.26278 0.04875
0 0.54461 0.13281 0.2341 0.05242
0 0.50082 0.18586 0.22348 0.04626
0 0.55012 0.23891 0.22902 0.05024
0 0.5272 0.29196 0.24345 0.04544
0 0.49985 0.34501 0.23785 0.0495
0 0.54265 0.39806 0.23581 0.04429
0 0.49244 0.45111 0.24186 0.04835
0 0.49166 0.50416 0.24429 0.04626
0 0.57364 0.55721 0.24959 0.04992
0 0.52333 0.61026 0.22537 0.04761
0 0.56787 0.66331 0.23574 0.05044
0 0.5683 0.71636 0.25779 0.04621
0 0.51228 0.76941 0.26493 0.05073
0 0.50088 0.82246 0.22726 0.05203
0 0.51313 0.87551 0.22621 0.0493
0 0.50906 0.92856 0.25239 0.04771
0 0.77859 0.11953 0.24893 0.04629
0 0.69997 0.16727 0.22412 0.0525
0 0.76591 0.21502 0.22413 0.04853
0 0.71703 0.26276 0.23677 0.04966
0 0.80243 0.31051 0.25674 0.04851
0 0.69739 0.35825 0.22307 0.049
0 0.72173 0.40600 0.23122 0.05086
0 0.71599 0.45374 0.22931 0.04974
0 0.74513 0.50149 0.23126 0.04404
0 0.78643 0.54923 0.24222 0.04542
0 0.80627 0.59698 0.24081 0.04649
0 0.76009 0.64472 0.26218 0.05197
0 0.7928 0.69247 0.25515 0.05218
0 0.73779 0.74021 0.24122 0.05151
0 0.72265 0.78796 0.23779 0.04959
0 0.77095 0.83571 0.26033 0.052
0 0.87301 0.13281 0.22544 0.04872
0 0.95103 0.18586 0.2237 0.04803
0 0.95857 0.23891 0.24351 0.04432
0 0.83702 0.29196 0.25813 0.05115
0 0.87709 0.34501 0.23349 0.04732
0 0.88178 0.39806 0.25717 0.04753
0 0.97467 0.45111 0.23863 0.044
0 0.96508 0.50416 0.26105 0.04693
0 0.93003 0.55721 0.25649 0.0523
0 0.8556 0.61026 0.23101 0.04614
0 0.85135 0.66331 0.22482 0.05105
0 0.88714 0.71636 0.25829 0.05178
0 0.91435 0.76941 0.24399 0.04671
0 0.88628 0.82246 0.22473 0.04502
0 0.91518 0.87551 0.25769 0.04774
0 0.94045 0.92856 0.24652 0.04717