0 0.10501 0.12109 0.16388 0.04062
0 0.10501 0.17536 0.19814 0.038
0 0.10501 0.24129 0.19019 0.03829
0 0.10501 0.27384 0.17903 0.04013
0 0.10501 0.37851 0.2094 0.03884
0 0.10501 0.42165 0.21924 0.04362
0 0.10501 0.44152 0.1847 0.04254
0 0.10501 0.54966 0.17433 0.03622
0 0.10501 0.59651 0.20704 0.03331
0 0.10501 0.63546 0.1812 0.04071
0 0.10501 0.65893 0.16401 0.04012
0 0.10501 0.69525 0.18562 0.04209
0 0.10501 0.73064 0.18032 0.04108
0 0.10501 0.82291 0.21197 0.04092
0 0.10501 0.80498 0.20177 0.03406
0 0.10501 0.88808 0.20674 0.04318
0 0.3148 0.14066 0.16631 0.03878
0 0.3148 0.22246 0.16966 0.03814
0 0.3148 0.24437 0.19675 0.03513
0 0.3148 0.32456 0.22121 0.03956
0 0.3148 0.36072 0.17798 0.03967
0 0.3148 0.39425 0.20918 0.03713
0 0.3148 0.50885 0.17737 0.04099
0 0.3148 0.58334 0.20126 0.03279
0 0.3148 0.59259 0.22071 0.03933
0 0.3148 0.69427 0.19507 0.03761
0 0.3148 0.77190 0.18847 0.03887
0 0.3148 0.84471 0.18998 0.04144
0 0.3148 0.77102 0.19079 0.03761
0 0.3148 0.90057 0.17237 0.0376
0 0.3148 0.98679 0.18515 0.04319
0 0.52459 0.12082 0.21315 0.03524
0 0.52459 0.18623 0.17124 0.0324
0 0.52459 0.25896 0.1719 0.04045
0 0.52459 0.26447 0.17687 0.04187
0 0.52459 0.37761 0.20224 0.03609
0 0.52459 0.35923 0.17194 0.03619
0 0.52459 0.46940 0.18972 0.03366
0 0.52459 0.48487 0.16389 0.03991
0 0.52459 0.51077 0.20731 0.04104
0 0.52459 0.55019 0.16297 0.03242
0 0.52459 0.68929 0.16713 0.03923
0 0.52459 0.72297 0.17153 0.03233
0 0.52459 0.70364 0.19717 0.03475
0 0.52459 0.77759 0.17442 0.0354
0 0.52459 0.81530 0.19985 0.03463
0 0.52459 0.96989 0.19646 0.03823
0 0.73438 0.12772 0.18654 0.03508
0 0.73438 0.16541 0.20541 0.04214
0 0.73438 0.21811 0.16241 0.03485
0 0.73438 0.27324 0.16685 0.03259
0 0.73438 0.30611 0.19609 0.03879
0 0.73438 0.38712 0.17079 0.03569
0 0.73438 0.40057 0.19329 0.036
0 0.73438 0.43124 0.18943 0.03801
0 0.73438 0.51045 0.17748 0.0424
0 0.73438 0.54249 0.19166 0.03763
0 0.73438 0.57108 0.20019 0.03384
0 0.73438 0.64300 0.16863 0.04001
0 0.73438 0.67366 0.21699 0.03349
0 0.73438 0.75412 0.18704 0.03618
0 0.73438 0.82554 0.18925 0.03624
0 0.73438 0.77910 0.21512 0.03443
0 0.90921 0.14498 0.16443 0.03479
0 0.90921 0.19378 0.20037 0.03984
0 0.90921 0.22268 0.191 0.03857
0 0.90921 0.29213 0.19643 0.04164
0 0.90921 0.33159 0.1822 0.03401
0 0.90921 0.36470 0.21724 0.03624
0 0.90921 0.45770 0.18215 0.03667
0 0.90921 0.47836 0.21926 0.03346
0 0.90921 0.55451 0.22022 0.03303
0 0.90921 0.66365 0.20623 0.03768
0 0.90921 0.62993 0.17608 0.04326
0 0.90921 0.70435 0.18102 0.04371
0 0.90921 0.82804 0.16272 0.03568
0 0.90921 0.87305 0.20863 0.04162
0 0.90921 0.89547 0.1655 0.03388