0 0.10501 0.13281 0.3961 0.07849
0 0.10501 0.18586 0.39172 0.0869
0 0.10501 0.23891 0.40264 0.08436
0 0.10501 0.29196 0.4407 0.0841
0 0.10501 0.34501 0.37818 0.0764
0 0.10501 0.39806 0.39858 0.07594
0 0.10501 0.45111 0.38665 0.07439
0 0.10501 0.50416 0.42744 0.07861
0 0.10501 0.55721 0.37658 0.08747
0 0.10501 0.61026 0.4049 0.0847
0 0.10501 0.66331 0.37927 0.07453
0 0.10501 0.71636 0.42598 0.07851
0 0.10501 0.76941 0.40759 0.08026
0 0.10501 0.82246 0.42798 0.08444
0 0.10501 0.87551 0.40679 0.07926
0 0.10501 0.92856 0.38565 0.08525
0 0.3148 0.14609 0.39157 0.08341
0 0.3148 0.20444 0.38489 0.07551
0 0.3148 0.26280 0.42977 0.08708
0 0.3148 0.32115 0.37593 0.07759
0 0.3148 0.37951 0.38011 0.07783
0 0.3148 0.43786 0.42041 0.07894
0 0.3148 0.49622 0.39324 0.07891
0 0.3148 0.55457 0.3954 0.07785
0 0.3148 0.61293 0.38636 0.08747
0 0.3148 0.67129 0.37024 0.08305
0 0.3148 0.72964 0.42298 0.08184
0 0.3148 0.78800 0.43498 0.0799
0 0.3148 0.84635 0.37814 0.08017
0 0.3148 0.90471 0.37584 0.07838
0 0.3148 0.96306 0.3935 0.08294
0 0.52459 0.13281 0.42458 0.07777
0 0.52459 0.18586 0.37469 0.08333
0 0.52459 0.23891 0.40248 0.08511
0 0.52459 0.29196 0.37508 0.08146
0 0.52459 0.34501 0.37911 0.08537
0 0.52459 0.39806 0.39645 0.0738
0 0.52459 0.45111 0.37699 0.08241
0 0.52459 0.50416 0.44125 0.08587
0 0.52459 0.55721 0.4267 0.08049
0 0.52459 0.61026 0.38499 0.07463
0 0.52459 0.66331 0.38737 0.08033
0 0.52459 0.71636 0.43089 0.08413
0 0.52459 0.76941 0.39333 0.07869
0 0.52459 0.82246 0.37663 0.08365
0 0.52459 0.87551 0.38147 0.08457
0 0.52459 0.92856 0.38062 0.07941
0 0.73438 0.11953 0.41556 0.08381
0 0.73438 0.16727 0.38602 0.0832
0 0.73438 0.21502 0.40689 0.08619
0 0.73438 0.26276 0.39371 0.08189
0 0.73438 0.31051 0.37038 0.0841
0 0.73438 0.35825 0.43913 0.08133
0 0.73438 0.40600 0.38561 0.08091
0 0.73438 0.45374 0.38412 0.08245
0 0.73438 0.50149 0.41182 0.07875
0 0.73438 0.54923 0.36883 0.07326
0 0.73438 0.59698 0.40497 0.07419
0 0.73438 0.64472 0.43461 0.08137
0 0.73438 0.69247 0.41421 0.07346
0 0.73438 0.74021 0.38498 0.0773
0 0.73438 0.78796 0.40885 0.07913
0 0.73438 0.83571 0.38541 0.08506
0 0.90921 0.13281 0.40945 0.07955
0 0.90921 0.18586 0.38753 0.08587
0 0.90921 0.23891 0.43433 0.07601
0 0.90921 0.29196 0.39408 0.08044
0 0.90921 0.34501 0.3711 0.0863
0 0.90921 0.39806 0.39768 0.08562
0 0.90921 0.45111 0.43868 0.08598
0 0.90921 0.50416 0.38316 0.07461
0 0.90921 0.55721 0.3916 0.07936
0 0.90921 0.61026 0.4097 0.08709
0 0.90921 0.66331 0.44178 0.07327
0 0.90921 0.71636 0.40677 0.0748
0 0.90921 0.76941 0.37341 0.07321
0 0.90921 0.82246 0.43305 0.08714
0 0.90921 0.87551 0.39741 0.08323
0 0.90921 0.92856 0.39149 0.07827