0 0.10718 0.13281 0.37289 0.07946
0 0.11237 0.18586 0.41435 0.07304
0 0.11433 0.23891 0.3829 0.08133
0 0.10535 0.29196 0.41024 0.07685
0 0.09457 0.34501 0.43814 0.08224
0 0.09341 0.39806 0.42447 0.0853
0 0.09876 0.45111 0.43777 0.08224
0 0.11738 0.50416 0.40337 0.07354
0 0.10869 0.55721 0.40932 0.08118
0 0.10972 0.61026 0.40231 0.07381
0 0.10454 0.66331 0.40309 0.07362
0 0.1163 0.71636 0.4124 0.08086
0 0.10093 0.76941 0.37078 0.08178
0 0.10822 0.82246 0.42853 0.08022
0 0.09675 0.87551 0.41156 0.08219
0 0.09979 0.92856 0.38802 0.07499
0 0.33967 0.14609 0.39642 0.07896
0 0.30074 0.20444 0.37542 0.0822
0 0.32538 0.26280 0.43054 0.07827
0 0.35396 0.32115 0.37211 0.07311
0 0.35961 0.37951 0.42363 0.08729
0 0.3586 0.43786 0.42222 0.07898
0 0.36076 0.49622 0.37976 0.0772
0 0.354 0.55457 0.44016 0.07926
0 0.31324 0.61293 0.42356 0.07848
0 0.36132 0.67129 0.37916 0.0825
0 0.28085 0.72964 0.42599 0.07849
0 0.28598 0.78800 0.38938 0.08055
0 0.30555 0.84635 0.38311 0.08509
0 0.36188 0.90471 0.40674 0.07754
0 0.32449 0.96306 0.40419 0.07376
0 0.51436 0.13281 0.37324 0.07818
0 0.47031 0.18586 0.41584 0.0839
0 0.54333 0.23891 0.37471 0.08291
0 0.50358 0.29196 0.41729 0.07469
0 0.53148 0.34501 0.39765 0.08126
0 0.5621 0.39806 0.40595 0.08594
0 0.50087 0.45111 0.44121 0.0853
0 0.57377 0.50416 0.42735 0.08464
0 0.48268 0.55721 0.39952 0.07406
0 0.56792 0.61026 0.37332 0.07396
0 0.56972 0.66331 0.37286 0.08253
0 0.48684 0.71636 0.37577 0.07982
0 0.5452 0.76941 0.37504 0.0794
0 0.53899 0.82246 0.43698 0.07936
0 0.49647 0.87551 0.42213 0.07695
0 0.52822 0.92856 0.40938 0.08292
0 0.68364 0.11953 0.39815 0.07518
0 0.73433 0.16727 0.38078 0.08133
0 0.66829 0.21502 0.44067 0.07774
0 0.73989 0.26276 0.4253 0.08628
0 0.69254 0.31051 0.44133 0.08219
0 0.75815 0.35825 0.4247 0.07682
0 0.80038 0.40600 0.41441 0.07786
0 0.66119 0.45374 0.42114 0.0837
0 0.68573 0.50149 0.4271 0.07516
0 0.72494 0.54923 0.37495 0.08033
0 0.73136 0.59698 0.37925 0.08304
0 0.79475 0.64472 0.42532 0.0779
0 0.82097 0.69247 0.37704 0.07916
0 0.79793 0.74021 0.41705 0.08156
0 0.73548 0.78796 0.37624 0.07801
0 0.80413 0.83571 0.38127 0.07376
0 0.94207 0.13281 0.39933 0.07354
0 0.89255 0.34501 0.38889 0.07938
0 0.8156 0.39806 0.38972 0.07614
0 0.86688 0.45111 0.39864 0.07957
0 0.80432 0.50416 0.426 0.08304
0 0.86329 0.55721 0.38793 0.07697
0 0.80953 0.61026 0.40439 0.07474
0 0.97983 0.76941 0.38927 0.08531
0 0.98821 0.87551 0.43078 0.07859