0 0.11706 0.13281 0.42655 0.07645
0 0.09797 0.18586 0.38777 0.08494
0 0.12016 0.23891 0.42128 0.08344
0 0.10749 0.29196 0.3982 0.08437
0 0.10899 0.34501 0.44123 0.08501
0 0.09887 0.39806 0.38867 0.08224
0 0.12021 0.45111 0.39515 0.08687
0 0.11964 0.50416 0.38679 0.08031
0 0.09645 0.55721 0.3914 0.0765
0 0.11622 0.61026 0.41995 0.07782
0 0.10944 0.66331 0.39311 0.07815
0 0.11955 0.71636 0.42164 0.07848
0 0.11579 0.76941 0.41426 0.0761
0 0.11639 0.82246 0.42851 0.07328
0 0.11411 0.87551 0.38335 0.08753
0 0.10557 0.92856 0.42965 0.07417
0 0.33458 0.14609 0.38926 0.07828
0 0.33945 0.20444 0.37748 0.07462
0 0.27713 0.26280 0.38507 0.08632
0 0.29882 0.32115 0.4343 0.08391
0 0.29371 0.37951 0.39401 0.07952
0 0.31341 0.43786 0.42072 0.08543
0 0.35839 0.49622 0.38065 0.08537
0 0.3005 0.55457 0.40827 0.0864
0 0.29471 0.61293 0.42955 0.08015
0 0.34442 0.67129 0.44176 0.08079
0 0.30338 0.72964 0.40815 0.08652
0 0.33161 0.78800 0.37981 0.08589
0 0.34346 0.84635 0.43485 0.07594
0 0.2892 0.90471 0.38022 0.08125
0 0.27996 0.96306 0.42374 0.079
0 0.52292 0.13281 0.40931 0.08302
0 0.52702 0.18586 0.38329 0.07842
0 0.55034 0.23891 0.43055 0.08395
0 0.58314 0.29196 0.4172 0.07319
0 0.49321 0.34501 0.40419 0.08065
0 0.58985 0.39806 0.37715 0.08673
0 0.55932 0.45111 0.37169 0.07435
0 0.57353 0.50416 0.37883 0.08548
0 0.53346 0.55721 0.3903 0.08189
0 0.58646 0.61026 0.43591 0.08635
0 0.59633 0.66331 0.42772 0.08077
0 0.49667 0.71636 0.38619 0.08467
0 0.5949 0.76941 0.37052 0.08104
0 0.51574 0.82246 0.39739 0.08291
0 0.49994 0.87551 0.43068 0.08392
0 0.52673 0.92856 0.41164 0.07873
0 0.83781 0.11953 0.37955 0.08385
0 0.77024 0.16727 0.40466 0.07315
0 0.829 0.21502 0.3943 0.08718
0 0.83513 0.26276 0.44041 0.08323
0 0.83907 0.31051 0.42384 0.08541
0 0.80286 0.35825 0.39625 0.08569
0 0.70414 0.40600 0.3867 0.07932
0 0.82333 0.45374 0.42114 0.07622
0 0.66735 0.50149 0.3851 0.0812
0 0.69414 0.54923 0.3894 0.08523
0 0.79214 0.59698 0.41642 0.08523
0 0.76348 0.64472 0.41487 0.07477
0 0.65923 0.69247 0.37974 0.07503
0 0.81683 0.74021 0.3822 0.08475
0 0.66581 0.78796 0.37731 0.07901
0 0.74262 0.83571 0.38858 0.07348
0 0.9639 0.13281 0.43311 0.08086
0 0.88499 0.18586 0.38945 0.08493
0 0.88222 0.23891 0.43124 0.07999
0 0.97872 0.29196 0.38214 0.07431
0 0.92449 0.39806 0.43286 0.08105
0 0.90497 0.45111 0.39938 0.08516
0 0.82548 0.50416 0.37425 0.07613
0 0.88231 0.55721 0.41492 0.07904
0 0.90845 0.61026 0.38961 0.07544
0 0.86764 0.66331 0.38539 0.07971
0 0.97005 0.71636 0.39602 0.08561
0 0.83274 0.76941 0.39901 0.08375
0 0.87576 0.82246 0.43417 0.07642
0 0.81184 0.87551 0.38137 0.08306
0 0.83985 0.92856 0.38474 0.0743