0 0.10022 0.13281 0.43181 0.08304
0 0.10868 0.18586 0.42479 0.08003
0 0.10365 0.23891 0.4033 0.08549
0 0.10858 0.29196 0.42772 0.07333
0 0.10507 0.34501 0.41184 0.08634
0 0.10112 0.39806 0.37411 0.074
0 0.10944 0.45111 0.43089 0.0796
0 0.10573 0.50416 0.40061 0.08096
0 0.09715 0.55721 0.43666 0.08274
0 0.11134 0.61026 0.43168 0.07946
0 0.11476 0.66331 0.38971 0.08365
0 0.09576 0.71636 0.43682 0.08386
0 0.1025 0.76941 0.38507 0.07658
0 0.10666 0.82246 0.43301 0.08587
0 0.11067 0.87551 0.3718 0.08331
0 0.10784 0.92856 0.42572 0.0817
0 0.29146 0.14609 0.40708 0.07639
0 0.30763 0.20444 0.38739 0.07396
0 0.29116 0.26280 0.38559 0.08061
0 0.29075 0.32115 0.43839 0.07961
0 0.34772 0.37951 0.40276 0.085
0 0.30986 0.43786 0.43193 0.08677
0 0.29236 0.49622 0.37407 0.07717
0 0.35651 0.55457 0.44098 0.08238
0 0.29403 0.61293 0.44071 0.07817
0 0.35873 0.67129 0.40558 0.07506
0 0.29988 0.72964 0.3813 0.08485
0 0.27835 0.78800 0.43333 0.07697
0 0.33922 0.84635 0.40062 0.07482
0 0.30941 0.90471 0.42404 0.08679
0 0.32826 0.96306 0.39548 0.07511
0 0.48745 0.13281 0.44058 0.07514
0 0.5312 0.18586 0.4198 0.08672
0 0.49195 0.23891 0.42572 0.08253
0 0.57302 0.29196 0.39736 0.07483
0 0.57438 0.34501 0.42518 0.08737
0 0.48479 0.39806 0.43286 0.08668
0 0.50501 0.45111 0.40916 0.07717
0 0.59183 0.50416 0.38562 0.08186
0 0.5601 0.55721 0.37864 0.07419
0 0.54016 0.61026 0.42941 0.08573
0 0.58488 0.66331 0.37886 0.08378
0 0.49069 0.71636 0.4299 0.0802
0 0.46648 0.76941 0.40773 0.0797
0 0.50654 0.82246 0.38131 0.07489
0 0.47443 0.87551 0.39484 0.08177
0 0.47024 0.92856 0.429 0.07738
0 0.79571 0.11953 0.41442 0.08605
0 0.67785 0.16727 0.42233 0.0837
0 0.67384 0.21502 0.44073 0.07843
0 0.77814 0.26276 0.40145 0.0807
0 0.67054 0.31051 0.38959 0.08375
0 0.70505 0.35825 0.37219 0.07758
0 0.66284 0.40600 0.41598 0.0859
0 0.84347 0.45374 0.38578 0.08151
0 0.64761 0.50149 0.41449 0.08153
0 0.82271 0.54923 0.37323 0.07359
0 0.73714 0.59698 0.42047 0.07895
0 0.70281 0.64472 0.43038 0.08012
0 0.77068 0.69247 0.40153 0.07914
0 0.65999 0.74021 0.42288 0.08604
0 0.70581 0.78796 0.43998 0.07759
0 0.8048 0.83571 0.38494 0.07392
0 0.86984 0.13281 0.36953 0.08427
0 0.85602 0.29196 0.43893 0.07369
0 0.99105 0.34501 0.4308 0.07591
0 0.80535 0.39806 0.39711 0.08265
0 0.93097 0.45111 0.416 0.07572
0 0.91488 0.50416 0.39989 0.07464
0 0.94695 0.61026 0.40352 0.07579
0 0.82801 0.66331 0.37674 0.08273
0 0.96074 0.71636 0.40626 0.07875
0 0.86358 0.76941 0.37471 0.07608
0 0.94207 0.82246 0.42935 0.08284
0 0.85168 0.87551 0.41436 0.08129
0 0.8933 0.92856 0.3909 0.0857