0 0.11984 0.13281 0.39434 0.07965
0 0.10837 0.18586 0.37348 0.07391
0 0.118 0.23891 0.37233 0.08402
0 0.11716 0.29196 0.39412 0.07837
0 0.11057 0.34501 0.43675 0.07747
0 0.09839 0.39806 0.37356 0.07366
0 0.10493 0.45111 0.37194 0.0774
0 0.10293 0.50416 0.40553 0.07803
0 0.1187 0.55721 0.3728 0.08109
0 0.10772 0.61026 0.37225 0.07323
0 0.11093 0.66331 0.39253 0.0735
0 0.1137 0.71636 0.43875 0.08094
0 0.09261 0.76941 0.4131 0.08754
0 0.11386 0.82246 0.41343 0.07522
0 0.11478 0.87551 0.42357 0.07897
0 0.09514 0.92856 0.39765 0.07784
0 0.28761 0.14609 0.39976 0.08707
0 0.28129 0.20444 0.38237 0.07483
0 0.33785 0.26280 0.39912 0.08536
0 0.30555 0.32115 0.40503 0.07313
0 0.32761 0.37951 0.38515 0.0838
0 0.2916 0.43786 0.3693 0.08431
0 0.33805 0.49622 0.40966 0.08263
0 0.30473 0.55457 0.39915 0.08206
0 0.31321 0.61293 0.43218 0.08291
0 0.33005 0.67129 0.4254 0.08217
0 0.29482 0.72964 0.39758 0.07673
0 0.32852 0.78800 0.42756 0.0803
0 0.29637 0.84635 0.3949 0.07409
0 0.32899 0.90471 0.42754 0.08398
0 0.30092 0.96306 0.42289 0.07549
0 0.49454 0.13281 0.43429 0.08664
0 0.58761 0.18586 0.41991 0.08298
0 0.52891 0.23891 0.42563 0.07764
0 0.50252 0.29196 0.38242 0.08676
0 0.48654 0.34501 0.44162 0.07866
0 0.53301 0.39806 0.42277 0.07398
0 0.52023 0.45111 0.42545 0.08297
0 0.57244 0.50416 0.40732 0.08281
0 0.48294 0.55721 0.43938 0.08275
0 0.49208 0.61026 0.38476 0.07988
0 0.48154 0.66331 0.39155 0.07609
0 0.55354 0.71636 0.42539 0.08495
0 0.56453 0.76941 0.43728 0.0835
0 0.53978 0.82246 0.43569 0.07646
0 0.58137 0.87551 0.37399 0.08196
0 0.57184 0.92856 0.41249 0.0756
0 0.69112 0.11953 0.42724 0.07951
0 0.77352 0.16727 0.44167 0.082
0 0.67115 0.21502 0.37041 0.08578
0 0.7706 0.26276 0.38478 0.08672
0 0.66593 0.31051 0.37982 0.07358
0 0.75377 0.35825 0.42145 0.07648
0 0.82375 0.40600 0.41164 0.0763
0 0.76771 0.45374 0.42998 0.07793
0 0.75354 0.50149 0.37094 0.07756
0 0.81241 0.54923 0.39985 0.07682
0 0.67006 0.59698 0.38669 0.07507
0 0.8116 0.64472 0.40481 0.07644
0 0.73794 0.69247 0.44034 0.08289
0 0.64862 0.74021 0.4183 0.07405
0 0.71234 0.78796 0.37426 0.0863
0 0.73353 0.83571 0.42805 0.07461
0 0.99388 0.13281 0.37074 0.07396
0 0.88368 0.18586 0.37107 0.08572
0 0.82163 0.23891 0.43656 0.07789
0 0.83831 0.29196 0.42541 0.08709
0 0.93104 0.34501 0.38775 0.08072
0 0.80324 0.39806 0.38677 0.07405
0 0.86256 0.45111 0.42814 0.08619
0 0.84526 0.50416 0.42506 0.08697
0 0.84973 0.66331 0.40408 0.08098
0 0.8188 0.71636 0.3743 0.07589
0 0.80281 0.76941 0.37756 0.08273
0 0.81699 0.82246 0.3832 0.08159
0 0.8553 0.87551 0.36911 0.07545