0 0.101 0.13281 0.24537 0.04514
0 0.10438 0.18586 0.22167 0.04818
0 0.10265 0.23891 0.22728 0.04793
0 0.10703 0.29196 0.24878 0.0483
0 0.11396 0.34501 0.26501 0.04403
0 0.10448 0.39806 0.25471 0.04607
0 0.10673 0.45111 0.2336 0.05018
0 0.11361 0.50416 0.26035 0.04462
0 0.11221 0.55721 0.25261 0.04683
0 0.10061 0.61026 0.24426 0.04848
0 0.09757 0.66331 0.2553 0.04822
0 0.10291 0.71636 0.2559 0.04456
0 0.09464 0.76941 0.26235 0.04646
0 0.10421 0.82246 0.24941 0.04557
0 0.1125 0.87551 0.23383 0.04652
0 0.10504 0.92856 0.22892 0.05192
0 0.34133 0.14609 0.25089 0.05252
0 0.34193 0.20444 0.24315 0.045
0 0.30539 0.26280 0.22372 0.05051
0 0.28355 0.32115 0.24891 0.04622
0 0.29556 0.37951 0.23605 0.0468
0 0.30797 0.43786 0.23352 0.04947
0 0.3355 0.49622 0.24203 0.04924
0 0.32714 0.55457 0.25261 0.04387
0 0.31206 0.61293 0.24941 0.05048
0 0.32149 0.67129 0.23311 0.04606
0 0.32289 0.72964 0.26432 0.04699
0 0.341 0.78800 0.23224 0.04761
0 0.30176 0.84635 0.25065 0.05247
0 0.29154 0.90471 0.22598 0.05013
0 0.32968 0.96306 0.2318 0.04933
0 0.4754 0.13281 0.25958 0.05166
0 0.4794 0.18586 0.22152 0.04757
0 0.49766 0.23891 0.23591 0.04974
0 0.50554 0.29196 0.236 0.04475
0 0.53458 0.34501 0.24988 0.04493
0 0.54079 0.39806 0.23889 0.04966
0 0.48985 0.45111 0.24129 0.04841
0 0.51388 0.50416 0.23924 0.04764
0 0.56385 0.55721 0.25266 0.04972
0 0.49788 0.61026 0.23525 0.05159
0 0.56249 0.66331 0.24998 0.04491
0 0.56349 0.71636 0.26203 0.0453
0 0.53163 0.76941 0.24557 0.05066
0 0.54996 0.82246 0.22697 0.04379
0 0.51112 0.87551 0.22628 0.04882
0 0.51964 0.92856 0.24888 0.04422
0 0.78578 0.11953 0.25652 0.04988
0 0.7484 0.16727 0.23726 0.04881
0 0.67278 0.21502 0.22371 0.05204
0 0.762 0.26276 0.25394 0.05209
0 0.73868 0.31051 0.25344 0.04565
0 0.6844 0.35825 0.24729 0.04938
0 0.72434 0.40600 0.24105 0.04879
0 0.70646 0.45374 0.23518 0.04707
0 0.67168 0.50149 0.22814 0.04508
0 0.72667 0.54923 0.23022 0.04608
0 0.67112 0.59698 0.26441 0.051
0 0.77465 0.64472 0.23068 0.04807
0 0.77892 0.69247 0.2604 0.04434
0 0.66496 0.74021 0.25586 0.0514
0 0.79765 0.78796 0.24718 0.05127
0 0.71242 0.83571 0.23135 0.04575
0 0.9872 0.13281 0.25728 0.0488
0 0.92053 0.18586 0.25946 0.04861
0 0.8803 0.23891 0.24448 0.04582
0 0.91654 0.29196 0.25789 0.0447
0 0.93121 0.34501 0.25942 0.04522
0 0.87234 0.39806 0.26404 0.04794
0 0.83861 0.45111 0.25854 0.05147
0 0.89826 0.50416 0.23175 0.05089
0 0.92963 0.55721 0.23757 0.04766
0 0.84966 0.61026 0.23393 0.04704
0 0.83107 0.66331 0.24725 0.05061
0 0.83487 0.71636 0.24715 0.04966
0 0.97675 0.76941 0.22624 0.04917
0 0.8808 0.82246 0.25513 0.04829
0 0.86709 0.87551 0.22971 0.05199
0 0.90471 0.92856 0.2546 0.0512