0 0.09369 0.13281 0.37387 0.08409
0 0.10754 0.18586 0.39831 0.082
0 0.09515 0.23891 0.42486 0.08449
0 0.11988 0.29196 0.40869 0.07499
0 0.10682 0.34501 0.41426 0.07712
0 0.09865 0.39806 0.39797 0.08396
0 0.11482 0.45111 0.43677 0.08425
0 0.09585 0.50416 0.37311 0.08416
0 0.09784 0.55721 0.42273 0.07314
0 0.09796 0.61026 0.37124 0.0855
0 0.10073 0.66331 0.37666 0.08036
0 0.10512 0.71636 0.39527 0.07823
0 0.11378 0.76941 0.40147 0.07473
0 0.11001 0.82246 0.39512 0.08337
0 0.10305 0.87551 0.42224 0.07309
0 0.1135 0.92856 0.42798 0.08508
0 0.28352 0.14609 0.38753 0.08504
0 0.27855 0.20444 0.43306 0.08742
0 0.34701 0.26280 0.40145 0.0793
0 0.31219 0.32115 0.40437 0.0792
0 0.31334 0.37951 0.44234 0.08163
0 0.30328 0.43786 0.39368 0.07388
0 0.36131 0.49622 0.42299 0.07804
0 0.29309 0.55457 0.40386 0.08076
0 0.32575 0.61293 0.37699 0.07641
0 0.33988 0.67129 0.37481 0.08244
0 0.28876 0.72964 0.37744 0.08572
0 0.32237 0.78800 0.40357 0.07873
0 0.32986 0.84635 0.40749 0.08421
0 0.34691 0.90471 0.41231 0.08496
0 0.28629 0.96306 0.42299 0.08316
0 0.4976 0.13281 0.39837 0.07628
0 0.54136 0.18586 0.43833 0.08734
0 0.53151 0.23891 0.38438 0.08449
0 0.52585 0.29196 0.42626 0.07594
0 0.47276 0.34501 0.41748 0.07322
0 0.57011 0.39806 0.43816 0.07679
0 0.47688 0.45111 0.38191 0.07341
0 0.54667 0.50416 0.38699 0.07916
0 0.54135 0.55721 0.39631 0.0755
0 0.53912 0.61026 0.3823 0.08132
0 0.49041 0.66331 0.39891 0.07474
0 0.56551 0.71636 0.38589 0.07786
0 0.46421 0.76941 0.40218 0.07412
0 0.59521 0.82246 0.43581 0.08491
0 0.51559 0.87551 0.38373 0.07729
0 0.5237 0.92856 0.41515 0.08242
0 0.78549 0.11953 0.41298 0.08731
0 0.68024 0.16727 0.40048 0.07723
0 0.80879 0.21502 0.39751 0.08003
0 0.82192 0.26276 0.39842 0.08181
0 0.81557 0.31051 0.43035 0.08527
0 0.83695 0.35825 0.4166 0.07852
0 0.8435 0.40600 0.4107 0.0741
0 0.68921 0.45374 0.4 0.0747
0 0.73954 0.50149 0.3857 0.07847
0 0.78256 0.54923 0.4144 0.08277
0 0.73165 0.59698 0.40112 0.08104
0 0.81812 0.64472 0.43426 0.0757
0 0.69774 0.69247 0.40507 0.08219
0 0.67448 0.74021 0.42958 0.08293
0 0.7424 0.78796 0.40476 0.08432
0 0.77545 0.83571 0.43118 0.08354
0 0.91075 0.13281 0.40479 0.08017
0 0.97915 0.18586 0.41323 0.07451
0 0.86244 0.23891 0.3719 0.08328
0 0.82857 0.29196 0.37863 0.08212
0 0.82809 0.34501 0.37792 0.07682
0 0.97637 0.39806 0.37178 0.08684
0 0.80831 0.45111 0.43955 0.08223
0 0.99638 0.50416 0.44078 0.07657
0 0.99252 0.61026 0.41467 0.07519
0 0.98645 0.71636 0.37225 0.07583
0 0.90091 0.76941 0.38936 0.0735
0 0.80794 0.82246 0.37337 0.07402
0 0.96408 0.87551 0.4011 0.07668
0 0.87988 0.92856 0.39079 0.07906