0 0.10202 0.13281 0.26238 0.04554
0 0.11019 0.18586 0.2378 0.05115
0 0.09636 0.23891 0.24946 0.0512
0 0.10278 0.29196 0.24674 0.05026
0 0.10825 0.34501 0.25487 0.05073
0 0.09542 0.39806 0.25468 0.04516
0 0.11408 0.45111 0.24542 0.04947
0 0.09669 0.50416 0.23569 0.04677
0 0.10417 0.55721 0.26356 0.04604
0 0.10421 0.61026 0.2442 0.05124
0 0.10752 0.66331 0.22186 0.04539
0 0.10856 0.71636 0.26415 0.04558
0 0.10731 0.76941 0.25546 0.05228
0 0.10753 0.82246 0.24324 0.0503
0 0.10476 0.87551 0.24422 0.04995
0 0.10254 0.92856 0.23884 0.05185
0 0.33697 0.14609 0.26313 0.05129
0 0.34182 0.20444 0.24903 0.05062
0 0.30721 0.26280 0.24846 0.04709
0 0.33961 0.32115 0.24155 0.05221
0 0.3364 0.37951 0.24084 0.04783
0 0.31037 0.43786 0.25584 0.05062
0 0.28777 0.49622 0.2215 0.0518
0 0.32459 0.55457 0.24688 0.04948
0 0.33716 0.61293 0.24478 0.04775
0 0.32478 0.67129 0.25223 0.04996
0 0.32052 0.72964 0.2248 0.04865
0 0.29026 0.78800 0.22747 0.04877
0 0.30771 0.84635 0.24703 0.04515
0 0.31408 0.90471 0.25291 0.04409
0 0.33038 0.96306 0.25292 0.0523
0 0.51822 0.13281 0.24502 0.04757
0 0.55193 0.18586 0.25154 0.0497
0 0.53121 0.23891 0.25947 0.05227
0 0.50517 0.29196 0.24984 0.04627
0 0.47882 0.34501 0.2273 0.04649
0 0.48673 0.39806 0.24549 0.04438
0 0.50983 0.45111 0.2224 0.04647
0 0.52721 0.50416 0.23185 0.04457
0 0.55195 0.55721 0.22286 0.05049
0 0.49445 0.61026 0.23725 0.04584
0 0.53432 0.66331 0.24634 0.05072
0 0.55025 0.71636 0.24699 0.05052
0 0.53316 0.76941 0.23243 0.04842
0 0.53814 0.82246 0.25174 0.04778
0 0.5472 0.87551 0.23853 0.05219
0 0.53593 0.92856 0.25853 0.0458
0 0.66405 0.11953 0.23148 0.04908
0 0.78006 0.16727 0.26205 0.04965
0 0.70612 0.21502 0.24073 0.04892
0 0.68561 0.26276 0.24661 0.04596
0 0.70664 0.31051 0.23206 0.05009
0 0.69297 0.35825 0.22734 0.04492
0 0.77505 0.40600 0.25207 0.04688
0 0.67729 0.45374 0.24742 0.0486
0 0.66369 0.50149 0.24428 0.04415
0 0.67466 0.54923 0.25783 0.05229
0 0.70304 0.59698 0.25631 0.04424
0 0.76502 0.64472 0.2432 0.05175
0 0.66171 0.69247 0.23155 0.05207
0 0.71953 0.74021 0.26323 0.0466
0 0.72022 0.78796 0.24249 0.04946
0 0.79683 0.83571 0.23175 0.05238
0 0.96553 0.13281 0.24593 0.0484
0 0.87878 0.18586 0.26147 0.04785
0 0.95419 0.23891 0.26044 0.05141
0 0.89324 0.29196 0.25016 0.04873
0 0.87491 0.34501 0.23107 0.04799
0 0.90171 0.39806 0.24159 0.04792
0 0.96635 0.45111 0.22524 0.0446
0 0.85981 0.50416 0.24837 0.05253
0 0.85324 0.55721 0.22252 0.05036
0 0.96493 0.61026 0.24145 0.05248
0 0.88631 0.66331 0.25272 0.04545
0 0.82871 0.71636 0.23766 0.04908
0 0.88922 0.76941 0.23031 0.05031
0 0.88009 0.82246 0.22817 0.05245
0 0.82163 0.87551 0.26376 0.05067
0 0.91895 0.92856 0.23955 0.05211