0 0.10501 0.13281 0.41592 0.07724
0 0.10501 0.18586 0.43727 0.08333
0 0.10501 0.23891 0.4182 0.08748
0 0.10501 0.29196 0.37251 0.07306
0 0.10501 0.34501 0.43199 0.08381
0 0.10501 0.39806 0.42723 0.0847
0 0.10501 0.45111 0.41591 0.08629
0 0.10501 0.50416 0.36952 0.08325
0 0.10501 0.55721 0.4213 0.08198
0 0.10501 0.61026 0.40345 0.07486
0 0.10501 0.66331 0.42223 0.07546
0 0.10501 0.71636 0.43565 0.07499
0 0.10501 0.76941 0.40698 0.08574
0 0.10501 0.82246 0.38104 0.08208
0 0.10501 0.87551 0.36895 0.07737
0 0.10501 0.92856 0.37886 0.08598
0 0.3148 0.14609 0.39965 0.08132
0 0.3148 0.20444 0.41552 0.07375
0 0.3148 0.26280 0.39524 0.07933
0 0.3148 0.32115 0.40836 0.0797
0 0.3148 0.37951 0.44192 0.08279
0 0.3148 0.43786 0.37382 0.07941
0 0.3148 0.49622 0.37978 0.07548
0 0.3148 0.55457 0.37458 0.0823
0 0.3148 0.61293 0.39154 0.07891
0 0.3148 0.67129 0.39357 0.08084
0 0.3148 0.72964 0.42812 0.08682
0 0.3148 0.78800 0.37097 0.08241
0 0.3148 0.84635 0.43121 0.07382
0 0.3148 0.90471 0.4235 0.08205
0 0.3148 0.96306 0.3936 0.07518
0 0.52459 0.13281 0.42251 0.08042
0 0.52459 0.18586 0.37657 0.08176
0 0.52459 0.23891 0.40495 0.08184
0 0.52459 0.29196 0.4059 0.07961
0 0.52459 0.34501 0.39173 0.07554
0 0.52459 0.39806 0.38383 0.07974
0 0.52459 0.45111 0.38355 0.08297
0 0.52459 0.50416 0.39224 0.08246
0 0.52459 0.55721 0.40511 0.07698
0 0.52459 0.61026 0.41468 0.08136
0 0.52459 0.66331 0.3835 0.07422
0 0.52459 0.71636 0.38877 0.08546
0 0.52459 0.76941 0.41771 0.07628
0 0.52459 0.82246 0.37382 0.08327
0 0.52459 0.87551 0.43107 0.07423
0 0.52459 0.92856 0.4019 0.07958
0 0.73438 0.11953 0.41996 0.08131
0 0.73438 0.16727 0.43275 0.08019
0 0.73438 0.21502 0.4198 0.07331
0 0.73438 0.26276 0.38307 0.08484
0 0.73438 0.31051 0.37252 0.08522
0 0.73438 0.35825 0.42163 0.07326
0 0.73438 0.40600 0.42044 0.08304
0 0.73438 0.45374 0.41391 0.07893
0 0.73438 0.50149 0.42104 0.07942
0 0.73438 0.54923 0.39268 0.0748
0 0.73438 0.59698 0.435 0.08655
0 0.73438 0.64472 0.43473 0.07862
0 0.73438 0.69247 0.40639 0.07974
0 0.73438 0.74021 0.44048 0.07374
0 0.73438 0.78796 0.40319 0.07549
0 0.73438 0.83571 0.42552 0.0852
0 0.90921 0.13281 0.41665 0.08341
0 0.90921 0.18586 0.3846 0.07562
0 0.90921 0.23891 0.41074 0.07677
0 0.90921 0.29196 0.37168 0.07572
0 0.90921 0.34501 0.4335 0.08322
0 0.90921 0.39806 0.38057 0.07919
0 0.90921 0.45111 0.43185 0.08485
0 0.90921 0.50416 0.37053 0.08138
0 0.90921 0.55721 0.41287 0.0789
0 0.90921 0.61026 0.40631 0.08661
0 0.90921 0.66331 0.37636 0.08347
0 0.90921 0.71636 0.44194 0.08169
0 0.90921 0.76941 0.41241 0.07317
0 0.90921 0.82246 0.4009 0.08713
0 0.90921 0.87551 0.42728 0.07563
0 0.90921 0.92856 0.42207 0.08679