0 0.10402 0.13281 0.43718 0.08017
0 0.11136 0.18586 0.43877 0.08442
0 0.09551 0.23891 0.38222 0.08201
0 0.11169 0.29196 0.41876 0.08494
0 0.09915 0.34501 0.4165 0.08403
0 0.10089 0.39806 0.42948 0.08555
0 0.11081 0.45111 0.42777 0.0738
0 0.09614 0.50416 0.37248 0.08022
0 0.11393 0.55721 0.43908 0.07615
0 0.10038 0.61026 0.40193 0.07526
0 0.10604 0.66331 0.43161 0.08102
0 0.09815 0.71636 0.36901 0.07923
0 0.09661 0.76941 0.43052 0.08603
0 0.10044 0.82246 0.43491 0.08604
0 0.11872 0.87551 0.37784 0.0875
0 0.09362 0.92856 0.37621 0.07658
0 0.32106 0.14609 0.36959 0.08495
0 0.36045 0.20444 0.38405 0.08721
0 0.29246 0.26280 0.39175 0.08718
0 0.319 0.32115 0.37456 0.07867
0 0.3417 0.37951 0.38165 0.0811
0 0.323 0.43786 0.39826 0.08286
0 0.29089 0.49622 0.41739 0.08692
0 0.35471 0.55457 0.38732 0.08328
0 0.31763 0.61293 0.37395 0.07841
0 0.29001 0.67129 0.38301 0.07456
0 0.34629 0.72964 0.3842 0.08716
0 0.28111 0.78800 0.42942 0.07629
0 0.30451 0.84635 0.43087 0.08429
0 0.28521 0.90471 0.42068 0.07627
0 0.34185 0.96306 0.42177 0.07774
0 0.51024 0.13281 0.42522 0.08622
0 0.56441 0.18586 0.41896 0.07707
0 0.46668 0.23891 0.37552 0.0794
0 0.57093 0.29196 0.41107 0.07725
0 0.4818 0.34501 0.38372 0.08102
0 0.46949 0.39806 0.41891 0.07367
0 0.47556 0.45111 0.36894 0.08165
0 0.58006 0.50416 0.40035 0.07702
0 0.54306 0.55721 0.41836 0.08489
0 0.57313 0.61026 0.41149 0.08237
0 0.51004 0.66331 0.4273 0.08697
0 0.53979 0.71636 0.38323 0.08192
0 0.52306 0.76941 0.4029 0.08407
0 0.51278 0.82246 0.40179 0.08555
0 0.52915 0.87551 0.38768 0.08012
0 0.48362 0.92856 0.4033 0.07606
0 0.73994 0.11953 0.37407 0.07658
0 0.71837 0.16727 0.40012 0.07409
0 0.68551 0.21502 0.43661 0.08306
0 0.67308 0.26276 0.37102 0.07659
0 0.81204 0.31051 0.43454 0.07758
0 0.73511 0.35825 0.4332 0.07908
0 0.80781 0.40600 0.37542 0.0809
0 0.72801 0.45374 0.40187 0.08467
0 0.79902 0.50149 0.38067 0.07382
0 0.84324 0.54923 0.41877 0.07407
0 0.79525 0.59698 0.37802 0.07905
0 0.72403 0.64472 0.41334 0.08264
0 0.7106 0.69247 0.43393 0.0764
0 0.78119 0.74021 0.37189 0.08498
0 0.83345 0.78796 0.37177 0.08126
0 0.83245 0.83571 0.37535 0.07848
0 0.96224 0.13281 0.37983 0.07865
0 0.8565 0.18586 0.41047 0.08737
0 0.96346 0.23891 0.38452 0.07626
0 0.87674 0.29196 0.37489 0.07695
0 0.86291 0.45111 0.41911 0.07303
0 0.80936 0.50416 0.4291 0.07886
0 0.99269 0.55721 0.39988 0.08097
0 0.88964 0.61026 0.42201 0.07473
0 0.8731 0.66331 0.40583 0.08081
0 0.93815 0.71636 0.40583 0.0786
0 0.82528 0.76941 0.42251 0.07414
0 0.96778 0.92856 0.39108 0.07688