0 0.09257 0.13281 0.40532 0.08031
0 0.11165 0.18586 0.42536 0.07502
0 0.10871 0.23891 0.4065 0.0828
0 0.11598 0.29196 0.40984 0.07534
0 0.10718 0.34501 0.4297 0.08669
0 0.11398 0.39806 0.40613 0.07778
0 0.09295 0.45111 0.40313 0.08352
0 0.10163 0.50416 0.38841 0.07868
0 0.11712 0.55721 0.40033 0.08614
0 0.10756 0.61026 0.40951 0.08174
0 0.11243 0.66331 0.42228 0.07779
0 0.09249 0.71636 0.38747 0.08337
0 0.10365 0.76941 0.3705 0.07415
0 0.09858 0.82246 0.40114 0.08462
0 0.1002 0.87551 0.37031 0.08684
0 0.09735 0.92856 0.383 0.08702
0 0.2798 0.14609 0.40768 0.07627
0 0.28654 0.20444 0.39687 0.07559
0 0.29596 0.26280 0.38619 0.08447
0 0.3113 0.32115 0.42254 0.07735
0 0.29201 0.37951 0.43574 0.07656
0 0.32596 0.43786 0.37464 0.07784
0 0.35438 0.49622 0.43075 0.07803
0 0.28439 0.55457 0.43241 0.08661
0 0.28529 0.61293 0.43647 0.08056
0 0.33806 0.67129 0.43996 0.07747
0 0.32061 0.72964 0.40237 0.08034
0 0.33447 0.78800 0.39726 0.08058
0 0.30011 0.84635 0.40853 0.08065
0 0.33596 0.90471 0.39132 0.07466
0 0.29511 0.96306 0.42657 0.0749
0 0.49921 0.13281 0.41077 0.08368
0 0.56546 0.18586 0.42989 0.08475
0 0.51789 0.23891 0.41921 0.08437
0 0.55117 0.29196 0.37466 0.08058
0 0.52257 0.34501 0.39754 0.07583
0 0.47586 0.39806 0.39174 0.07397
0 0.49132 0.45111 0.40516 0.07402
0 0.5333 0.50416 0.37575 0.08189
0 0.53707 0.55721 0.39328 0.086
0 0.57392 0.61026 0.37355 0.08181
0 0.46595 0.66331 0.39474 0.08657
0 0.55055 0.71636 0.41714 0.08086
0 0.48393 0.76941 0.38974 0.08304
0 0.57189 0.82246 0.41683 0.08272
0 0.46255 0.87551 0.38267 0.0836
0 0.52693 0.92856 0.37112 0.08215
0 0.8297 0.11953 0.43733 0.08478
0 0.82976 0.16727 0.3859 0.08267
0 0.82567 0.21502 0.42939 0.07868
0 0.78112 0.26276 0.42437 0.08686
0 0.74181 0.31051 0.43505 0.08175
0 0.79539 0.35825 0.37626 0.08238
0 0.7279 0.40600 0.42418 0.07468
0 0.75439 0.45374 0.43348 0.07431
0 0.79898 0.50149 0.42336 0.07659
0 0.65061 0.54923 0.40009 0.0743
0 0.80978 0.59698 0.37319 0.07705
0 0.82232 0.64472 0.42555 0.08345
0 0.75518 0.69247 0.43073 0.08528
0 0.78707 0.74021 0.43264 0.07864
0 0.77138 0.78796 0.41291 0.08754
0 0.80052 0.83571 0.41039 0.08621
0 0.81156 0.13281 0.38182 0.08129
0 0.98523 0.23891 0.38892 0.08217
0 0.98631 0.29196 0.41915 0.0761
0 0.92533 0.34501 0.37125 0.08305
0 0.8414 0.45111 0.40812 0.08354
0 0.92652 0.50416 0.41582 0.08235
0 0.80944 0.55721 0.37988 0.07581
0 0.89707 0.71636 0.38329 0.08405
0 0.9802 0.82246 0.39229 0.0779
0 0.81999 0.92856 0.42783 0.07631