0 0.09761 0.13281 0.40176 0.08475
0 0.09904 0.18586 0.40995 0.08325
0 0.09696 0.23891 0.38868 0.08024
0 0.10515 0.29196 0.44243 0.08325
0 0.10809 0.34501 0.38294 0.0853
0 0.11381 0.39806 0.38891 0.07997
0 0.11956 0.45111 0.43396 0.07545
0 0.10258 0.50416 0.44089 0.08425
0 0.11069 0.55721 0.40983 0.07765
0 0.10785 0.61026 0.39723 0.08018
0 0.09735 0.66331 0.37322 0.08541
0 0.09245 0.71636 0.40747 0.07667
0 0.10372 0.76941 0.41281 0.07408
0 0.11148 0.82246 0.43058 0.0871
0 0.10543 0.87551 0.44227 0.08322
0 0.11102 0.92856 0.41287 0.08183
0 0.35551 0.14609 0.37605 0.08353
0 0.36146 0.20444 0.41079 0.07571
0 0.28384 0.26280 0.42264 0.07355
0 0.28405 0.32115 0.41561 0.07861
0 0.34276 0.37951 0.3875 0.07831
0 0.31522 0.43786 0.42356 0.07851
0 0.35566 0.49622 0.4179 0.08135
0 0.31463 0.55457 0.42278 0.0801
0 0.35716 0.61293 0.40707 0.08203
0 0.32855 0.67129 0.42468 0.07617
0 0.2991 0.72964 0.40267 0.08311
0 0.34755 0.78800 0.38417 0.08523
0 0.35591 0.84635 0.42278 0.08145
0 0.29893 0.90471 0.39439 0.07932
0 0.35436 0.96306 0.37179 0.07586
0 0.53493 0.13281 0.38384 0.07812
0 0.49599 0.18586 0.39544 0.0732
0 0.46995 0.23891 0.38191 0.07997
0 0.57937 0.29196 0.40874 0.07354
0 0.49831 0.34501 0.42312 0.08211
0 0.5496 0.39806 0.40487 0.07685
0 0.51788 0.45111 0.43824 0.08128
0 0.53989 0.50416 0.39023 0.08496
0 0.53354 0.55721 0.38547 0.0798
0 0.51819 0.61026 0.39702 0.07923
0 0.49185 0.66331 0.41841 0.08163
0 0.60316 0.71636 0.38187 0.07975
0 0.5933 0.76941 0.44183 0.07308
0 0.5063 0.82246 0.43238 0.08116
0 0.60261 0.87551 0.37089 0.08625
0 0.56297 0.92856 0.38707 0.07374
0 0.75005 0.11953 0.3761 0.07843
0 0.71197 0.16727 0.38409 0.08054
0 0.6531 0.21502 0.39669 0.0839
0 0.75052 0.26276 0.42389 0.08139
0 0.76076 0.31051 0.44056 0.08074
0 0.84409 0.35825 0.38515 0.07888
0 0.77474 0.40600 0.41346 0.08562
0 0.7722 0.45374 0.43106 0.07325
0 0.65617 0.50149 0.3807 0.08304
0 0.72209 0.54923 0.44179 0.08596
0 0.80228 0.59698 0.37653 0.08545
0 0.80767 0.64472 0.40333 0.08221
0 0.71358 0.69247 0.41845 0.08518
0 0.77554 0.74021 0.41577 0.08745
0 0.82029 0.78796 0.37791 0.08645
0 0.78221 0.83571 0.39872 0.0828
0 0.97657 0.13281 0.409 0.0752
0 0.88146 0.18586 0.42715 0.084
0 0.83511 0.23891 0.38734 0.07345
0 0.81899 0.29196 0.38302 0.0739
0 0.86558 0.34501 0.37093 0.0802
0 0.93686 0.45111 0.38649 0.07426
0 0.81727 0.50416 0.38445 0.08473
0 0.90191 0.55721 0.40046 0.08287
0 0.94021 0.61026 0.38093 0.07659
0 0.85893 0.66331 0.43058 0.07552
0 0.91947 0.71636 0.39878 0.073
0 0.93446 0.82246 0.38024 0.07601
0 0.84426 0.87551 0.39701 0.07504
0 0.9509 0.92856 0.41094 0.0783