0 0.10296 0.13281 0.22565 0.04451
0 0.10593 0.18586 0.22762 0.05181
0 0.09906 0.23891 0.22968 0.05213
0 0.11245 0.29196 0.23069 0.05015
0 0.11474 0.34501 0.22844 0.05046
0 0.09681 0.39806 0.23137 0.04711
0 0.10683 0.45111 0.25118 0.04534
0 0.10899 0.50416 0.24583 0.04388
0 0.09455 0.55721 0.24211 0.0506
0 0.11279 0.61026 0.2532 0.05184
0 0.10815 0.66331 0.22485 0.05152
0 0.09801 0.71636 0.22143 0.04507
0 0.09646 0.76941 0.22787 0.04431
0 0.09979 0.82246 0.25913 0.049
0 0.10265 0.87551 0.25037 0.04771
0 0.09621 0.92856 0.24255 0.04388
0 0.30033 0.14609 0.23029 0.04943
0 0.33249 0.20444 0.26008 0.04398
0 0.34311 0.26280 0.22536 0.05039
0 0.34309 0.32115 0.25647 0.05249
0 0.29068 0.37951 0.23579 0.04833
0 0.30336 0.43786 0.23539 0.05114
0 0.33945 0.49622 0.22925 0.04512
0 0.30775 0.55457 0.22451 0.05156
0 0.29318 0.61293 0.26223 0.04975
0 0.2854 0.67129 0.22732 0.05164
0 0.32956 0.72964 0.2377 0.04958
0 0.32246 0.78800 0.25262 0.04425
0 0.31174 0.84635 0.25982 0.0469
0 0.30173 0.90471 0.23742 0.05023
0 0.2845 0.96306 0.23942 0.04439
0 0.56396 0.13281 0.26518 0.05004
0 0.52611 0.18586 0.24956 0.04994
0 0.50745 0.23891 0.24031 0.04666
0 0.49536 0.29196 0.24454 0.04658
0 0.55186 0.34501 0.23732 0.04914
0 0.47586 0.39806 0.25271 0.05013
0 0.50757 0.45111 0.23056 0.05143
0 0.57168 0.50416 0.25574 0.04939
0 0.53022 0.55721 0.23896 0.04659
0 0.55386 0.61026 0.25912 0.04448
0 0.47706 0.66331 0.26276 0.04809
0 0.48109 0.71636 0.22301 0.04709
0 0.54093 0.76941 0.24639 0.04954
0 0.4899 0.82246 0.23962 0.0448
0 0.52559 0.87551 0.24674 0.0449
0 0.4989 0.92856 0.22253 0.04614
0 0.74388 0.11953 0.23897 0.05237
0 0.77105 0.16727 0.23923 0.04751
0 0.69029 0.21502 0.2549 0.05175
0 0.78183 0.26276 0.23388 0.0488
0 0.78026 0.31051 0.25763 0.0448
0 0.76959 0.35825 0.23273 0.0519
0 0.80111 0.40600 0.22265 0.0516
0 0.79666 0.45374 0.23378 0.05251
0 0.69411 0.50149 0.249 0.05133
0 0.69432 0.54923 0.22609 0.05099
0 0.713 0.59698 0.24874 0.0463
0 0.78499 0.64472 0.24317 0.04447
0 0.77236 0.69247 0.22418 0.04538
0 0.74434 0.74021 0.26131 0.04809
0 0.70302 0.78796 0.22327 0.04484
0 0.66277 0.83571 0.26242 0.04882
0 0.8388 0.13281 0.25421 0.04988
0 0.94985 0.18586 0.23516 0.05063
0 0.88982 0.23891 0.26399 0.04884
0 0.99011 0.29196 0.23185 0.04973
0 0.83624 0.34501 0.25344 0.04828
0 0.88323 0.39806 0.26498 0.04462
0 0.86696 0.45111 0.25457 0.04571
0 0.84625 0.50416 0.23298 0.04527
0 0.97756 0.55721 0.25072 0.05171
0 0.93421 0.61026 0.22469 0.05107
0 0.89956 0.66331 0.23954 0.0498
0 0.87625 0.71636 0.24583 0.04885
0 0.99296 0.76941 0.26451 0.04526
0 0.89194 0.82246 0.25142 0.05123
0 0.91014 0.87551 0.24006 0.05013
0 0.85601 0.92856 0.24946 0.04516