0 0.11305 0.13281 0.25252 0.04957
0 0.10621 0.18586 0.22233 0.04815
0 0.11132 0.23891 0.25853 0.04664
0 0.1111 0.29196 0.24078 0.04895
0 0.10485 0.34501 0.24958 0.04623
0 0.1083 0.39806 0.23295 0.04576
0 0.09754 0.45111 0.24303 0.04739
0 0.0982 0.50416 0.23932 0.04844
0 0.10366 0.55721 0.24636 0.04872
0 0.09699 0.61026 0.25703 0.04755
0 0.098 0.66331 0.24826 0.04552
0 0.09678 0.71636 0.25144 0.04453
0 0.10383 0.76941 0.24643 0.05028
0 0.10317 0.82246 0.25139 0.04714
0 0.09532 0.87551 0.23809 0.04423
0 0.09544 0.92856 0.23077 0.04584
0 0.30946 0.14609 0.2298 0.04618
0 0.33424 0.20444 0.25716 0.04452
0 0.3223 0.26280 0.2533 0.04908
0 0.29712 0.32115 0.24148 0.04929
0 0.31457 0.37951 0.24729 0.04809
0 0.31737 0.43786 0.2617 0.0441
0 0.29925 0.49622 0.24647 0.05016
0 0.30778 0.55457 0.22974 0.04683
0 0.29153 0.61293 0.22135 0.04983
0 0.29446 0.67129 0.25965 0.0479
0 0.33624 0.72964 0.22258 0.05161
0 0.28635 0.78800 0.23734 0.0515
0 0.34336 0.84635 0.23641 0.05214
0 0.33032 0.90471 0.24613 0.04644
0 0.28631 0.96306 0.25863 0.04803
0 0.57362 0.13281 0.22644 0.04407
0 0.51844 0.18586 0.26139 0.04626
0 0.53571 0.23891 0.2547 0.04515
0 0.50127 0.29196 0.24557 0.05108
0 0.51599 0.34501 0.2469 0.05124
0 0.4846 0.39806 0.23346 0.04538
0 0.49215 0.45111 0.23116 0.04894
0 0.49932 0.50416 0.25825 0.04381
0 0.5646 0.55721 0.22974 0.0512
0 0.57668 0.61026 0.25067 0.0439
0 0.4795 0.66331 0.26425 0.04652
0 0.51915 0.71636 0.22935 0.04607
0 0.53164 0.76941 0.2461 0.04866
0 0.55855 0.82246 0.25412 0.04835
0 0.5274 0.87551 0.25862 0.04986
0 0.50716 0.92856 0.23779 0.04714
0 0.68014 0.11953 0.22998 0.04588
0 0.70183 0.16727 0.2459 0.05054
0 0.71461 0.21502 0.22178 0.04539
0 0.67518 0.26276 0.25298 0.04505
0 0.76767 0.31051 0.23188 0.04575
0 0.77191 0.35825 0.23219 0.0474
0 0.66904 0.40600 0.22243 0.04672
0 0.7883 0.45374 0.24185 0.05056
0 0.7639 0.50149 0.2648 0.04878
0 0.67388 0.54923 0.24117 0.04634
0 0.69492 0.59698 0.23305 0.04845
0 0.75415 0.64472 0.26062 0.05104
0 0.79317 0.69247 0.2216 0.04538
0 0.68006 0.74021 0.22589 0.0444
0 0.80579 0.78796 0.24235 0.04986
0 0.77647 0.83571 0.22375 0.05016
0 0.91215 0.13281 0.2425 0.04744
0 0.95017 0.18586 0.25096 0.04601
0 0.96297 0.23891 0.22757 0.04582
0 0.99488 0.29196 0.23134 0.04807
0 0.87121 0.34501 0.24139 0.05062
0 0.86679 0.39806 0.24351 0.04677
0 0.99156 0.45111 0.26043 0.04964
0 0.88031 0.50416 0.22482 0.04891
0 0.85444 0.55721 0.25118 0.05174
0 0.93639 0.61026 0.23862 0.04703
0 0.82897 0.66331 0.23678 0.0492
0 0.99579 0.71636 0.23696 0.04783
0 0.95579 0.76941 0.26261 0.04916
0 0.90855 0.82246 0.22708 0.04483
0 0.93482 0.87551 0.23661 0.04643
0 0.86144 0.92856 0.25015 0.05242