0 0.10706 0.13281 0.37172 0.08745
0 0.1072 0.18586 0.42655 0.08638
0 0.10288 0.23891 0.3774 0.08332
0 0.11944 0.29196 0.38521 0.07597
0 0.09599 0.34501 0.38486 0.08697
0 0.1005 0.39806 0.38257 0.08356
0 0.11003 0.45111 0.36925 0.08277
0 0.10985 0.50416 0.42148 0.08193
0 0.10938 0.55721 0.42116 0.0862
0 0.1193 0.61026 0.37537 0.08657
0 0.11684 0.66331 0.44202 0.07882
0 0.11913 0.71636 0.41747 0.08188
0 0.10158 0.76941 0.39743 0.08677
0 0.10441 0.82246 0.40402 0.08451
0 0.09604 0.87551 0.41446 0.08613
0 0.11073 0.92856 0.39803 0.07658
0 0.35467 0.14609 0.39376 0.07918
0 0.32414 0.20444 0.37828 0.08363
0 0.30568 0.26280 0.40793 0.07687
0 0.31359 0.32115 0.38743 0.07747
0 0.33195 0.37951 0.3766 0.07697
0 0.34491 0.43786 0.43531 0.07597
0 0.32783 0.49622 0.38635 0.08478
0 0.28088 0.55457 0.41808 0.08098
0 0.35233 0.61293 0.39437 0.08738
0 0.28822 0.67129 0.43474 0.08026
0 0.31478 0.72964 0.39552 0.08361
0 0.28295 0.78800 0.41947 0.07424
0 0.3356 0.84635 0.38805 0.08298
0 0.30037 0.90471 0.39055 0.0794
0 0.35867 0.96306 0.44185 0.08248
0 0.50641 0.13281 0.43556 0.07335
0 0.46779 0.18586 0.42122 0.07752
0 0.52116 0.23891 0.40356 0.0804
0 0.51384 0.29196 0.37121 0.0867
0 0.54272 0.34501 0.41047 0.07733
0 0.5347 0.39806 0.40442 0.08492
0 0.50818 0.45111 0.43724 0.07646
0 0.59901 0.50416 0.40279 0.08537
0 0.5969 0.55721 0.42949 0.07304
0 0.49546 0.61026 0.43596 0.08208
0 0.4743 0.66331 0.40896 0.07337
0 0.47355 0.71636 0.41474 0.07504
0 0.5145 0.76941 0.377 0.0844
0 0.58338 0.82246 0.44153 0.07791
0 0.48537 0.87551 0.42502 0.08653
0 0.56924 0.92856 0.43647 0.08555
0 0.84151 0.11953 0.42336 0.08126
0 0.72935 0.16727 0.37961 0.07538
0 0.73682 0.21502 0.39347 0.07553
0 0.78599 0.26276 0.38609 0.0869
0 0.70796 0.31051 0.37673 0.07924
0 0.78513 0.35825 0.40547 0.07314
0 0.73449 0.40600 0.43877 0.07665
0 0.74787 0.45374 0.4015 0.08521
0 0.80708 0.50149 0.43523 0.07448
0 0.74441 0.54923 0.42038 0.08253
0 0.7059 0.59698 0.38665 0.08278
0 0.78161 0.64472 0.39599 0.07854
0 0.66535 0.69247 0.44193 0.07952
0 0.75036 0.74021 0.42712 0.08536
0 0.64781 0.78796 0.39137 0.07937
0 0.73675 0.83571 0.42636 0.08202
0 0.91791 0.13281 0.37183 0.08243
0 0.84829 0.18586 0.41527 0.07611
0 0.93485 0.34501 0.39174 0.07774
0 0.87528 0.39806 0.39702 0.07628
0 0.95175 0.45111 0.42535 0.08678
0 0.88542 0.61026 0.39195 0.07496
0 0.85608 0.66331 0.40133 0.0791
0 0.88889 0.71636 0.41161 0.07596
0 0.99762 0.76941 0.38139 0.08609
0 0.87555 0.87551 0.39827 0.08225
0 0.93215 0.92856 0.39044 0.07961