0 0.10501 0.12189 0.19832 0.0357
0 0.10501 0.18887 0.16613 0.04132
0 0.10501 0.22037 0.19984 0.03737
0 0.10501 0.31781 0.18912 0.03817
0 0.10501 0.36543 0.18506 0.03283
0 0.10501 0.42470 0.18036 0.04057
0 0.10501 0.45375 0.20713 0.04181
0 0.10501 0.46152 0.21979 0.03737
0 0.10501 0.59508 0.20334 0.03869
0 0.10501 0.57452 0.19129 0.04203
0 0.10501 0.68738 0.18043 0.03974
0 0.10501 0.75674 0.22031 0.03741
0 0.10501 0.73655 0.17464 0.0323
0 0.10501 0.80395 0.18083 0.04205
0 0.10501 0.93718 0.19272 0.04292
0 0.10501 0.84070 0.21666 0.03964
0 0.3148 0.14511 0.17185 0.03567
0 0.3148 0.19976 0.17397 0.03274
0 0.3148 0.28706 0.19169 0.04351
0 0.3148 0.29410 0.18393 0.04236
0 0.3148 0.34395 0.17131 0.03677
0 0.3148 0.40503 0.16787 0.03483
0 0.3148 0.50073 0.21079 0.04031
0 0.3148 0.60588 0.17684 0.04128
0 0.3148 0.59961 0.16281 0.03996
0 0.3148 0.70583 0.21266 0.03593
0 0.3148 0.75096 0.20994 0.0344
0 0.3148 0.82343 0.20441 0.03992
0 0.3148 0.76304 0.21856 0.03471
0 0.3148 0.91780 0.21769 0.04213
0 0.3148 0.94765 0.17407 0.0362
0 0.52459 0.12625 0.21147 0.0408
0 0.52459 0.17724 0.18415 0.03657
0 0.52459 0.22745 0.18391 0.04051
0 0.52459 0.31336 0.2046 0.03316
0 0.52459 0.34791 0.18723 0.03628
0 0.52459 0.37666 0.17061 0.0412
0 0.52459 0.40895 0.18364 0.04036
0 0.52459 0.52362 0.21846 0.04254
0 0.52459 0.54818 0.20263 0.04221
0 0.52459 0.62019 0.18961 0.04078
0 0.52459 0.62000 0.1678 0.03918
0 0.52459 0.73491 0.19263 0.03846
0 0.52459 0.75036 0.18093 0.03841
0 0.52459 0.82769 0.19913 0.03386
0 0.52459 0.90551 0.19069 0.03816
0 0.73438 0.11788 0.17117 0.03479
0 0.73438 0.15287 0.18133 0.03944
0 0.73438 0.22913 0.19674 0.03672
0 0.73438 0.25756 0.17499 0.04186
0 0.73438 0.31826 0.19384 0.03712
0 0.73438 0.36947 0.1945 0.03521
0 0.73438 0.39950 0.21366 0.03422
0 0.73438 0.45808 0.18015 0.03547
0 0.73438 0.52196 0.17286 0.04311
0 0.73438 0.58547 0.19193 0.0388
0 0.73438 0.64346 0.17947 0.03247
0 0.73438 0.63969 0.17407 0.03644
0 0.73438 0.66659 0.22074 0.04329
0 0.73438 0.76846 0.16682 0.03313
0 0.73438 0.85828 0.21854 0.04176
0 0.73438 0.81981 0.16562 0.03377
0 0.90921 0.12312 0.20643 0.04012
0 0.90921 0.19217 0.19042 0.04016
0 0.90921 0.25395 0.20727 0.03561
0 0.90921 0.29942 0.19404 0.03428
0 0.90921 0.37163 0.20605 0.03783
0 0.90921 0.37895 0.19104 0.04076
0 0.90921 0.48790 0.17881 0.03532
0 0.90921 0.49078 0.20539 0.03521
0 0.90921 0.50265 0.18398 0.0417
0 0.90921 0.60916 0.18092 0.04163
0 0.90921 0.61133 0.20923 0.03529
0 0.90921 0.70373 0.21991 0.03773
0 0.90921 0.77392 0.18056 0.03555
0 0.90921 0.77460 0.17807 0.04015
0 0.90921 0.88374 0.18786 0.03915
0 0.90921 0.97242 0.19438 0.03659