0 0.11194 0.13281 0.40181 0.07874
0 0.10356 0.18586 0.41698 0.08404
0 0.11484 0.23891 0.38111 0.07367
0 0.09549 0.29196 0.4213 0.08588
0 0.11101 0.34501 0.42382 0.07758
0 0.10599 0.39806 0.42348 0.08045
0 0.11791 0.45111 0.41728 0.08467
0 0.10938 0.50416 0.37299 0.07831
0 0.10502 0.55721 0.43011 0.08647
0 0.10123 0.61026 0.43764 0.08551
0 0.10581 0.66331 0.38686 0.07538
0 0.10685 0.71636 0.38152 0.07625
0 0.11888 0.76941 0.42064 0.07394
0 0.09575 0.82246 0.39092 0.08363
0 0.12073 0.87551 0.4021 0.07939
0 0.10698 0.92856 0.43045 0.07728
0 0.2988 0.14609 0.41734 0.0752
0 0.28798 0.20444 0.3901 0.08708
0 0.29721 0.26280 0.39819 0.08352
0 0.29159 0.32115 0.4172 0.08017
0 0.28759 0.37951 0.39716 0.07325
0 0.29442 0.43786 0.38931 0.07971
0 0.30205 0.49622 0.38393 0.07501
0 0.29751 0.55457 0.37127 0.07735
0 0.34124 0.61293 0.39956 0.0828
0 0.34955 0.67129 0.40747 0.08617
0 0.34802 0.72964 0.4075 0.0875
0 0.34075 0.78800 0.37346 0.07973
0 0.33169 0.84635 0.3789 0.07946
0 0.28795 0.90471 0.39195 0.08002
0 0.33004 0.96306 0.41775 0.08446
0 0.55417 0.13281 0.40858 0.08721
0 0.51374 0.18586 0.42799 0.0734
0 0.55375 0.23891 0.42733 0.08571
0 0.57687 0.29196 0.39291 0.07378
0 0.5108 0.34501 0.42645 0.08198
0 0.5401 0.39806 0.41294 0.07634
0 0.59088 0.45111 0.43943 0.07919
0 0.57919 0.50416 0.4016 0.07721
0 0.55694 0.55721 0.41822 0.0733
0 0.57029 0.61026 0.38536 0.08376
0 0.55674 0.66331 0.39706 0.0842
0 0.5457 0.71636 0.39553 0.08538
0 0.54546 0.76941 0.41108 0.07525
0 0.49722 0.82246 0.4247 0.08251
0 0.58208 0.87551 0.43019 0.08687
0 0.58262 0.92856 0.38611 0.07553
0 0.80362 0.11953 0.38013 0.07803
0 0.78341 0.16727 0.43779 0.0809
0 0.68619 0.21502 0.37101 0.075
0 0.70787 0.26276 0.39407 0.08193
0 0.669 0.31051 0.43556 0.08529
0 0.65778 0.35825 0.37478 0.08522
0 0.71153 0.40600 0.44165 0.08369
0 0.72796 0.45374 0.43669 0.08037
0 0.80377 0.50149 0.37506 0.078
0 0.69124 0.54923 0.40901 0.08422
0 0.82453 0.59698 0.43959 0.07387
0 0.72617 0.64472 0.42555 0.07424
0 0.74505 0.69247 0.42029 0.08124
0 0.67697 0.74021 0.36955 0.08378
0 0.68257 0.78796 0.41796 0.08734
0 0.64814 0.83571 0.4388 0.0797
0 0.96736 0.13281 0.43966 0.08457
0 0.82907 0.23891 0.40244 0.07499
0 0.82163 0.29196 0.42746 0.07487
0 0.94893 0.34501 0.3983 0.07855
0 0.88077 0.39806 0.39052 0.08457
0 0.84063 0.45111 0.40136 0.07335
0 0.98682 0.50416 0.4303 0.078
0 0.80932 0.55721 0.43461 0.07901
0 0.92326 0.61026 0.42087 0.08507
0 0.97759 0.66331 0.43586 0.08259
0 0.87792 0.76941 0.41198 0.08074
0 0.83253 0.87551 0.38578 0.08285
0 0.91967 0.92856 0.43396 0.08474