0 0.10501 0.12919 0.18188 0.03931
0 0.10501 0.19148 0.20841 0.03435
0 0.10501 0.25640 0.21721 0.03949
0 0.10501 0.30170 0.16644 0.03882
0 0.10501 0.35196 0.16596 0.03431
0 0.10501 0.40348 0.213 0.03623
0 0.10501 0.42929 0.16631 0.03778
0 0.10501 0.46509 0.16238 0.04088
0 0.10501 0.60617 0.21366 0.03658
0 0.10501 0.57626 0.2145 0.04346
0 0.10501 0.71067 0.20857 0.04232
0 0.10501 0.68354 0.18778 0.04113
0 0.10501 0.75808 0.18434 0.04376
0 0.10501 0.80549 0.1888 0.04245
0 0.10501 0.94808 0.20185 0.03961
0 0.10501 0.96553 0.20391 0.0365
0 0.3148 0.15108 0.19337 0.04196
0 0.3148 0.22223 0.17877 0.03473
0 0.3148 0.25297 0.2137 0.03942
0 0.3148 0.29578 0.22105 0.04258
0 0.3148 0.39509 0.19357 0.03707
0 0.3148 0.44122 0.1869 0.03241
0 0.3148 0.46305 0.21609 0.04225
0 0.3148 0.56747 0.20644 0.03775
0 0.3148 0.65701 0.20813 0.04234
0 0.3148 0.71320 0.20355 0.03584
0 0.3148 0.75268 0.19821 0.03623
0 0.3148 0.85471 0.19713 0.04186
0 0.3148 0.77918 0.19881 0.03387
0 0.3148 0.83563 0.17654 0.03279
0 0.3148 0.92111 0.18291 0.03782
0 0.52459 0.13929 0.17665 0.04282
0 0.52459 0.20038 0.17615 0.03432
0 0.52459 0.21944 0.21182 0.03648
0 0.52459 0.27228 0.20794 0.03343
0 0.52459 0.36005 0.16659 0.04104
0 0.52459 0.35918 0.20137 0.036
0 0.52459 0.47556 0.20885 0.04147
0 0.52459 0.49228 0.21018 0.03619
0 0.52459 0.60254 0.20016 0.03946
0 0.52459 0.62427 0.20558 0.03622
0 0.52459 0.69097 0.16958 0.04159
0 0.52459 0.77541 0.2154 0.03759
0 0.52459 0.82010 0.18622 0.03225
0 0.52459 0.78622 0.19803 0.03647
0 0.52459 0.92007 0.17742 0.035
0 0.73438 0.11222 0.1812 0.03272
0 0.73438 0.18384 0.17099 0.04155
0 0.73438 0.19660 0.21588 0.03645
0 0.73438 0.23869 0.19382 0.03807
0 0.73438 0.31327 0.17235 0.03891
0 0.73438 0.34736 0.18297 0.03716
0 0.73438 0.39871 0.21901 0.03658
0 0.73438 0.45107 0.20165 0.04377
0 0.73438 0.52257 0.21471 0.04081
0 0.73438 0.58631 0.18237 0.0417
0 0.73438 0.61458 0.21945 0.0417
0 0.73438 0.63241 0.18621 0.035
0 0.73438 0.74385 0.1685 0.04006
0 0.73438 0.78533 0.20324 0.04116
0 0.73438 0.86530 0.21836 0.03653
0 0.73438 0.81437 0.17629 0.03649
0 0.90921 0.13268 0.20248 0.03607
0 0.90921 0.18784 0.17755 0.03643
0 0.90921 0.25965 0.19801 0.04218
0 0.90921 0.31693 0.20987 0.03598
0 0.90921 0.36122 0.17165 0.0335
0 0.90921 0.41972 0.19804 0.0372
0 0.90921 0.48247 0.19864 0.03678
0 0.90921 0.51143 0.18386 0.04158
0 0.90921 0.53858 0.17155 0.03431
0 0.90921 0.62834 0.21568 0.04333
0 0.90921 0.64074 0.18934 0.04025
0 0.90921 0.78794 0.17204 0.04326
0 0.90921 0.84344 0.21292 0.03545
0 0.90921 0.79058 0.19451 0.03325
0 0.90921 0.94368 0.19422 0.03388
0 0.90921 0.95823 0.20906 0.04091