0 0.10501 0.13281 0.43327 0.08429
0 0.10501 0.18586 0.43751 0.08253
0 0.10501 0.23891 0.42376 0.0784
0 0.10501 0.29196 0.38905 0.07504
0 0.10501 0.34501 0.42199 0.08465
0 0.10501 0.39806 0.43481 0.07535
0 0.10501 0.45111 0.41309 0.07572
0 0.10501 0.50416 0.41589 0.07887
0 0.10501 0.55721 0.42284 0.08593
0 0.10501 0.61026 0.38419 0.074
0 0.10501 0.66331 0.37547 0.07654
0 0.10501 0.71636 0.42968 0.07912
0 0.10501 0.76941 0.3808 0.07762
0 0.10501 0.82246 0.36932 0.07507
0 0.10501 0.87551 0.39878 0.07901
0 0.10501 0.92856 0.4364 0.08185
0 0.3148 0.14609 0.37925 0.08476
0 0.3148 0.20444 0.3956 0.07465
0 0.3148 0.26280 0.38616 0.08271
0 0.3148 0.32115 0.42315 0.07573
0 0.3148 0.37951 0.3992 0.08138
0 0.3148 0.43786 0.44107 0.07633
0 0.3148 0.49622 0.38101 0.07531
0 0.3148 0.55457 0.39045 0.08357
0 0.3148 0.61293 0.43266 0.07412
0 0.3148 0.67129 0.38034 0.07612
0 0.3148 0.72964 0.39306 0.07458
0 0.3148 0.78800 0.38348 0.07915
0 0.3148 0.84635 0.44241 0.07325
0 0.3148 0.90471 0.40972 0.08571
0 0.3148 0.96306 0.37351 0.08107
0 0.52459 0.13281 0.42094 0.08518
0 0.52459 0.18586 0.42201 0.07404
0 0.52459 0.23891 0.37343 0.08142
0 0.52459 0.29196 0.41261 0.08085
0 0.52459 0.34501 0.43679 0.0781
0 0.52459 0.39806 0.39129 0.08569
0 0.52459 0.45111 0.40062 0.0782
0 0.52459 0.50416 0.38855 0.07367
0 0.52459 0.55721 0.405 0.07551
0 0.52459 0.61026 0.41344 0.07642
0 0.52459 0.66331 0.40926 0.08165
0 0.52459 0.71636 0.40792 0.07503
0 0.52459 0.76941 0.41856 0.0835
0 0.52459 0.82246 0.38214 0.0861
0 0.52459 0.87551 0.39943 0.08275
0 0.52459 0.92856 0.40619 0.08484
0 0.73438 0.11953 0.39991 0.07899
0 0.73438 0.16727 0.40253 0.08071
0 0.73438 0.21502 0.38111 0.08091
0 0.73438 0.26276 0.42222 0.07424
0 0.73438 0.31051 0.38083 0.07603
0 0.73438 0.35825 0.38895 0.07856
0 0.73438 0.40600 0.39994 0.07635
0 0.73438 0.45374 0.38949 0.0761
0 0.73438 0.50149 0.42035 0.0775
0 0.73438 0.54923 0.38064 0.07938
0 0.73438 0.59698 0.42501 0.08073
0 0.73438 0.64472 0.39086 0.07302
0 0.73438 0.69247 0.37737 0.0765
0 0.73438 0.74021 0.40207 0.07985
0 0.73438 0.78796 0.40558 0.07402
0 0.73438 0.83571 0.43239 0.08667
0 0.90921 0.13281 0.3731 0.078
0 0.90921 0.18586 0.38791 0.07411
0 0.90921 0.23891 0.4046 0.0781
0 0.90921 0.29196 0.39778 0.08686
0 0.90921 0.34501 0.43023 0.08197
0 0.90921 0.39806 0.39048 0.08561
0 0.90921 0.45111 0.38523 0.07664
0 0.90921 0.50416 0.4026 0.07323
0 0.90921 0.55721 0.38986 0.07722
0 0.90921 0.61026 0.4362 0.08449
0 0.90921 0.66331 0.37316 0.08638
0 0.90921 0.71636 0.4261 0.08026
0 0.90921 0.76941 0.40273 0.08018
0 0.90921 0.82246 0.43492 0.07317
0 0.90921 0.87551 0.42342 0.07491
0 0.90921 0.92856 0.40565 0.07301