0 0.09425 0.13281 0.42461 0.07795
0 0.09605 0.18586 0.42243 0.08725
0 0.11677 0.23891 0.3949 0.08346
0 0.11652 0.29196 0.42444 0.08549
0 0.11569 0.34501 0.42669 0.08086
0 0.09874 0.39806 0.39679 0.07343
0 0.10692 0.45111 0.43498 0.08345
0 0.09864 0.50416 0.3928 0.07876
0 0.0956 0.55721 0.42171 0.08069
0 0.11686 0.61026 0.41398 0.08229
0 0.10029 0.66331 0.3963 0.07845
0 0.09759 0.71636 0.37947 0.08041
0 0.09765 0.76941 0.4317 0.07688
0 0.09433 0.82246 0.44192 0.07442
0 0.0926 0.87551 0.39736 0.08291
0 0.09526 0.92856 0.43435 0.07419
0 0.36075 0.14609 0.38154 0.08446
0 0.31357 0.20444 0.43656 0.08445
0 0.31279 0.26280 0.42134 0.08322
0 0.3036 0.32115 0.37264 0.08552
0 0.30891 0.37951 0.3724 0.0835
0 0.30239 0.43786 0.40289 0.07401
0 0.30212 0.49622 0.36964 0.08431
0 0.28588 0.55457 0.37056 0.07501
0 0.33691 0.61293 0.37623 0.0873
0 0.29631 0.67129 0.42151 0.0767
0 0.30756 0.72964 0.397 0.0747
0 0.31806 0.78800 0.41464 0.08211
0 0.33227 0.84635 0.42107 0.08653
0 0.31365 0.90471 0.38739 0.08047
0 0.34181 0.96306 0.39042 0.07401
0 0.54856 0.13281 0.41981 0.08088
0 0.56388 0.18586 0.39842 0.07454
0 0.59193 0.23891 0.39976 0.08667
0 0.52302 0.29196 0.41076 0.07403
0 0.47836 0.34501 0.41914 0.08442
0 0.56457 0.39806 0.38377 0.08276
0 0.51582 0.45111 0.41403 0.07486
0 0.55589 0.50416 0.40374 0.08416
0 0.50514 0.55721 0.38401 0.07418
0 0.55332 0.61026 0.38225 0.08648
0 0.5881 0.66331 0.39048 0.07429
0 0.50946 0.71636 0.44054 0.07437
0 0.5318 0.76941 0.37652 0.07699
0 0.47916 0.82246 0.39204 0.08468
0 0.47687 0.87551 0.43928 0.07806
0 0.47623 0.92856 0.37372 0.08296
0 0.77159 0.11953 0.41243 0.07875
0 0.67149 0.16727 0.44133 0.08454
0 0.76428 0.21502 0.37592 0.07941
0 0.66847 0.26276 0.40646 0.07486
0 0.67897 0.31051 0.39527 0.07847
0 0.74414 0.35825 0.42906 0.07683
0 0.76123 0.40600 0.36984 0.07721
0 0.7374 0.45374 0.40685 0.07617
0 0.76745 0.50149 0.41579 0.07956
0 0.80415 0.54923 0.4303 0.07516
0 0.76805 0.59698 0.41807 0.07868
0 0.69887 0.64472 0.38026 0.08271
0 0.84028 0.69247 0.42292 0.08696
0 0.83525 0.74021 0.40091 0.08317
0 0.72617 0.78796 0.42716 0.08702
0 0.76768 0.83571 0.38726 0.08445
0 0.82551 0.13281 0.39642 0.08589
0 0.83455 0.18586 0.43317 0.08457
0 0.93629 0.23891 0.4115 0.07962
0 0.97882 0.29196 0.40965 0.0771
0 0.98176 0.34501 0.37825 0.07514
0 0.99178 0.39806 0.38455 0.08657
0 0.98591 0.45111 0.4099 0.08054
0 0.94664 0.50416 0.42798 0.08238
0 0.97663 0.55721 0.39716 0.08171
0 0.88335 0.66331 0.37572 0.08347
0 0.98281 0.87551 0.37596 0.08149
0 0.99669 0.92856 0.37398 0.08452