0 0.10501 0.12850 0.19649 0.03618
0 0.10501 0.18344 0.16586 0.04232
0 0.10501 0.24100 0.1705 0.03414
0 0.10501 0.31998 0.20285 0.04053
0 0.10501 0.35369 0.16323 0.03356
0 0.10501 0.40582 0.22061 0.03518
0 0.10501 0.46881 0.19963 0.0347
0 0.10501 0.50317 0.16799 0.04278
0 0.10501 0.55933 0.20183 0.03884
0 0.10501 0.64565 0.21737 0.04209
0 0.10501 0.62924 0.17969 0.04103
0 0.10501 0.70235 0.17516 0.03488
0 0.10501 0.75482 0.16448 0.04363
0 0.10501 0.80323 0.16754 0.0422
0 0.10501 0.81603 0.21171 0.0365
0 0.10501 0.92149 0.17012 0.03887
0 0.3148 0.13871 0.17296 0.03986
0 0.3148 0.20961 0.21059 0.03868
0 0.3148 0.25454 0.2057 0.03813
0 0.3148 0.30924 0.19043 0.03384
0 0.3148 0.36556 0.18777 0.03432
0 0.3148 0.45818 0.20771 0.04134
0 0.3148 0.49670 0.18883 0.03949
0 0.3148 0.56087 0.22102 0.03803
0 0.3148 0.66468 0.1984 0.04203
0 0.3148 0.66621 0.21505 0.03897
0 0.3148 0.76217 0.16423 0.03896
0 0.3148 0.81749 0.177 0.04358
0 0.3148 0.82855 0.20499 0.03387
0 0.3148 0.95554 0.2149 0.03426
0 0.3148 0.99613 0.17087 0.03702
0 0.3148 0.93249 0.17738 0.03405
0 0.52459 0.12937 0.17155 0.03987
0 0.52459 0.17610 0.19257 0.03473
0 0.52459 0.24642 0.19588 0.04033
0 0.52459 0.31878 0.20231 0.03719
0 0.52459 0.37480 0.20784 0.04278
0 0.52459 0.41242 0.1774 0.03901
0 0.52459 0.45690 0.20707 0.0379
0 0.52459 0.46669 0.19888 0.04303
0 0.52459 0.57808 0.20231 0.04054
0 0.52459 0.58258 0.17052 0.03916
0 0.52459 0.66921 0.17299 0.03431
0 0.52459 0.73708 0.1963 0.04283
0 0.52459 0.72012 0.21279 0.03787
0 0.52459 0.85297 0.2013 0.03331
0 0.52459 0.82719 0.20817 0.04082
0 0.73438 0.11400 0.16446 0.03945
0 0.73438 0.16809 0.17529 0.03213
0 0.73438 0.22314 0.21393 0.03841
0 0.73438 0.25420 0.19559 0.03215
0 0.73438 0.29522 0.18423 0.03927
0 0.73438 0.33071 0.17751 0.03332
0 0.73438 0.37621 0.18176 0.03364
0 0.73438 0.44783 0.19842 0.04118
0 0.73438 0.49216 0.20276 0.04102
0 0.73438 0.56860 0.18299 0.04013
0 0.73438 0.57232 0.16562 0.03388
0 0.73438 0.63719 0.19457 0.03557
0 0.73438 0.68048 0.16403 0.03333
0 0.73438 0.77369 0.20423 0.04111
0 0.73438 0.76891 0.17398 0.0426
0 0.73438 0.81660 0.19188 0.03241
0 0.90921 0.13029 0.17931 0.03632
0 0.90921 0.18822 0.1908 0.03501
0 0.90921 0.21883 0.16993 0.03578
0 0.90921 0.28851 0.19861 0.0323
0 0.90921 0.33249 0.18765 0.04028
0 0.90921 0.37937 0.17589 0.04111
0 0.90921 0.44512 0.21376 0.04312
0 0.90921 0.54680 0.18112 0.03887
0 0.90921 0.58859 0.2212 0.03641
0 0.90921 0.60021 0.19281 0.04221
0 0.90921 0.67531 0.21968 0.03576
0 0.90921 0.76992 0.19653 0.04139
0 0.90921 0.79136 0.16316 0.03632
0 0.90921 0.89633 0.16894 0.03843
0 0.90921 0.94877 0.20591 0.03766
0 0.90921 0.92627 0.19351 0.03887