0 0.10517 0.13281 0.24302 0.0469
0 0.10963 0.18586 0.22276 0.04826
0 0.10598 0.23891 0.24496 0.05105
0 0.09973 0.29196 0.22252 0.04792
0 0.10061 0.34501 0.25313 0.05097
0 0.09722 0.39806 0.24428 0.04499
0 0.09608 0.45111 0.23006 0.0523
0 0.1135 0.50416 0.22176 0.04913
0 0.10726 0.55721 0.23581 0.04446
0 0.09989 0.61026 0.22765 0.0512
0 0.10662 0.66331 0.25074 0.05142
0 0.10035 0.71636 0.26227 0.0457
0 0.1155 0.76941 0.24583 0.05119
0 0.09806 0.82246 0.23181 0.04677
0 0.10237 0.87551 0.2632 0.04818
0 0.09776 0.92856 0.25525 0.04451
0 0.33432 0.14609 0.25965 0.04707
0 0.34534 0.20444 0.24494 0.05015
0 0.28854 0.26280 0.22613 0.04942
0 0.31113 0.32115 0.23627 0.04454
0 0.33976 0.37951 0.2274 0.0475
0 0.30128 0.43786 0.24273 0.04515
0 0.31505 0.49622 0.25994 0.05046
0 0.29998 0.55457 0.25725 0.04772
0 0.34077 0.61293 0.24918 0.04578
0 0.28654 0.67129 0.24068 0.05058
0 0.32889 0.72964 0.24902 0.04918
0 0.32189 0.78800 0.23053 0.04904
0 0.32234 0.84635 0.26465 0.04447
0 0.30392 0.90471 0.24827 0.04872
0 0.28947 0.96306 0.24404 0.04515
0 0.57125 0.13281 0.25752 0.05154
0 0.49825 0.18586 0.23865 0.04631
0 0.50773 0.23891 0.25695 0.05223
0 0.52646 0.29196 0.25089 0.04968
0 0.51647 0.34501 0.22413 0.04997
0 0.49339 0.39806 0.23655 0.04455
0 0.56649 0.45111 0.22872 0.04974
0 0.4805 0.50416 0.25454 0.04885
0 0.51277 0.55721 0.22624 0.04909
0 0.48697 0.61026 0.23127 0.04546
0 0.53602 0.66331 0.22939 0.04974
0 0.563 0.71636 0.25239 0.04998
0 0.52939 0.76941 0.25947 0.0444
0 0.49022 0.82246 0.23785 0.04752
0 0.53223 0.87551 0.24279 0.05205
0 0.5135 0.92856 0.25638 0.04851
0 0.79382 0.11953 0.25274 0.05195
0 0.7673 0.16727 0.24163 0.04926
0 0.75011 0.21502 0.2494 0.04549
0 0.79767 0.26276 0.23735 0.05077
0 0.7608 0.31051 0.25021 0.05034
0 0.76526 0.35825 0.24262 0.04381
0 0.67974 0.40600 0.23971 0.04763
0 0.66807 0.45374 0.23306 0.04868
0 0.8014 0.50149 0.24525 0.04833
0 0.70702 0.54923 0.25198 0.04615
0 0.69599 0.59698 0.23997 0.04882
0 0.74265 0.64472 0.24671 0.0508
0 0.77803 0.69247 0.26273 0.05158
0 0.75138 0.74021 0.22527 0.04485
0 0.78485 0.78796 0.24211 0.05224
0 0.77494 0.83571 0.22492 0.05165
0 0.94334 0.13281 0.25141 0.05244
0 0.86867 0.18586 0.23516 0.04658
0 0.84431 0.23891 0.24239 0.05231
0 0.82753 0.29196 0.26174 0.04728
0 0.85348 0.34501 0.2434 0.04514
0 0.95803 0.39806 0.26336 0.04732
0 0.8376 0.45111 0.2358 0.05098
0 0.9985 0.50416 0.2237 0.04613
0 0.89566 0.55721 0.264 0.05044
0 0.96547 0.61026 0.26158 0.0471
0 0.96014 0.66331 0.26155 0.04964
0 0.83553 0.71636 0.22598 0.04646
0 0.95536 0.76941 0.25054 0.05047
0 0.93702 0.82246 0.22654 0.05239
0 0.84923 0.87551 0.23901 0.04435
0 0.96524 0.92856 0.22427 0.05082