0 0.10976 0.13281 0.24086 0.04788
0 0.1117 0.18586 0.25979 0.04723
0 0.11244 0.23891 0.23832 0.05228
0 0.10572 0.29196 0.2255 0.05175
0 0.09734 0.34501 0.25846 0.04983
0 0.09828 0.39806 0.22975 0.04998
0 0.10045 0.45111 0.24411 0.04844
0 0.10859 0.50416 0.25128 0.05225
0 0.10142 0.55721 0.23709 0.04562
0 0.09795 0.61026 0.24958 0.04674
0 0.10034 0.66331 0.23944 0.04844
0 0.11334 0.71636 0.24743 0.0497
0 0.10824 0.76941 0.22669 0.04906
0 0.10782 0.82246 0.23152 0.04753
0 0.1071 0.87551 0.25714 0.05005
0 0.11002 0.92856 0.2448 0.04507
0 0.28437 0.14609 0.25946 0.04405
0 0.28628 0.20444 0.25872 0.04445
0 0.29205 0.26280 0.2482 0.05212
0 0.3283 0.32115 0.26379 0.0473
0 0.34257 0.37951 0.2253 0.04562
0 0.32443 0.43786 0.23652 0.0482
0 0.29588 0.49622 0.24681 0.05239
0 0.31295 0.55457 0.23543 0.04965
0 0.28799 0.61293 0.25256 0.05235
0 0.28355 0.67129 0.23495 0.04907
0 0.30613 0.72964 0.23215 0.04959
0 0.3042 0.78800 0.23792 0.04488
0 0.30133 0.84635 0.22553 0.05247
0 0.32183 0.90471 0.25558 0.04609
0 0.29404 0.96306 0.23367 0.04593
0 0.56851 0.13281 0.23038 0.05099
0 0.57185 0.18586 0.24214 0.04432
0 0.53284 0.23891 0.25354 0.05095
0 0.51284 0.29196 0.2625 0.04948
0 0.49537 0.34501 0.25731 0.05088
0 0.53767 0.39806 0.24273 0.05198
0 0.54289 0.45111 0.26541 0.04626
0 0.51542 0.50416 0.23535 0.04995
0 0.50253 0.55721 0.25904 0.0453
0 0.51714 0.61026 0.25237 0.04909
0 0.53608 0.66331 0.25506 0.04885
0 0.48103 0.71636 0.26357 0.05176
0 0.49036 0.76941 0.25194 0.05249
0 0.56517 0.82246 0.25153 0.04856
0 0.49274 0.87551 0.24623 0.04536
0 0.53194 0.92856 0.22999 0.05045
0 0.67455 0.11953 0.22322 0.04884
0 0.74083 0.16727 0.26547 0.04796
0 0.75639 0.21502 0.22747 0.04511
0 0.73661 0.26276 0.24094 0.05016
0 0.72067 0.31051 0.23681 0.05205
0 0.70087 0.35825 0.25911 0.05224
0 0.74811 0.40600 0.23225 0.04718
0 0.70801 0.45374 0.23477 0.04493
0 0.77058 0.50149 0.23474 0.04763
0 0.78682 0.54923 0.23017 0.04634
0 0.70228 0.59698 0.23851 0.05203
0 0.75573 0.64472 0.24844 0.04583
0 0.75233 0.69247 0.23232 0.05168
0 0.70745 0.74021 0.23162 0.04569
0 0.76272 0.78796 0.23367 0.04805
0 0.75571 0.83571 0.24256 0.04845
0 0.9524 0.13281 0.23816 0.05069
0 0.92843 0.18586 0.22442 0.04999
0 0.84345 0.23891 0.23917 0.0521
0 0.90202 0.29196 0.22231 0.04803
0 0.86543 0.34501 0.25866 0.0478
0 0.9932 0.39806 0.23228 0.04428
0 0.88949 0.45111 0.24841 0.04806
0 0.86939 0.50416 0.22434 0.04572
0 0.94563 0.55721 0.24626 0.05035
0 0.8464 0.61026 0.26389 0.04396
0 0.84997 0.66331 0.24868 0.04992
0 0.87701 0.71636 0.25641 0.0481
0 0.98693 0.76941 0.23703 0.05245
0 0.85713 0.82246 0.25603 0.0443
0 0.83671 0.87551 0.23635 0.04883
0 0.9401 0.92856 0.24228 0.05081