0 0.09618 0.13281 0.42729 0.08462
0 0.09398 0.18586 0.39382 0.07712
0 0.10847 0.23891 0.3784 0.08153
0 0.10789 0.29196 0.42941 0.07334
0 0.11269 0.34501 0.38417 0.07426
0 0.09505 0.39806 0.41702 0.08543
0 0.11236 0.45111 0.38721 0.08393
0 0.10022 0.50416 0.40715 0.07766
0 0.11292 0.55721 0.4021 0.08664
0 0.09851 0.61026 0.40881 0.08662
0 0.09694 0.66331 0.41328 0.07686
0 0.09837 0.71636 0.44062 0.08143
0 0.09814 0.76941 0.39995 0.07621
0 0.11009 0.82246 0.44106 0.07961
0 0.10008 0.87551 0.37649 0.0808
0 0.11028 0.92856 0.38391 0.08482
0 0.32401 0.14609 0.38018 0.07867
0 0.29049 0.20444 0.43769 0.08139
0 0.28298 0.26280 0.40426 0.08355
0 0.3263 0.32115 0.43094 0.08088
0 0.3229 0.37951 0.39869 0.08091
0 0.29507 0.43786 0.42846 0.08149
0 0.35605 0.49622 0.38668 0.07764
0 0.28157 0.55457 0.39152 0.07656
0 0.33776 0.61293 0.40262 0.08362
0 0.33234 0.67129 0.3907 0.07566
0 0.28639 0.72964 0.38852 0.07341
0 0.34659 0.78800 0.37083 0.08708
0 0.33872 0.84635 0.3771 0.08423
0 0.32844 0.90471 0.38782 0.08004
0 0.30262 0.96306 0.37011 0.08302
0 0.50027 0.13281 0.36942 0.07373
0 0.46263 0.18586 0.3768 0.08616
0 0.50012 0.23891 0.43294 0.08683
0 0.52746 0.29196 0.42622 0.07999
0 0.5504 0.34501 0.41214 0.08554
0 0.51802 0.39806 0.38397 0.07302
0 0.57893 0.45111 0.38993 0.08641
0 0.5872 0.50416 0.41475 0.07889
0 0.59272 0.55721 0.38919 0.07406
0 0.47992 0.61026 0.38143 0.08255
0 0.54705 0.66331 0.38951 0.07891
0 0.53472 0.71636 0.41976 0.08284
0 0.58123 0.76941 0.40861 0.08515
0 0.51558 0.82246 0.43035 0.07481
0 0.49203 0.87551 0.41224 0.0778
0 0.56823 0.92856 0.44256 0.07504
0 0.79587 0.11953 0.41279 0.08029
0 0.75625 0.16727 0.38535 0.08377
0 0.79507 0.21502 0.40389 0.08651
0 0.76839 0.26276 0.39324 0.08104
0 0.65243 0.31051 0.37107 0.08671
0 0.73632 0.35825 0.44209 0.08038
0 0.65121 0.40600 0.37785 0.07431
0 0.72848 0.45374 0.42055 0.08575
0 0.73974 0.50149 0.39177 0.07828
0 0.70454 0.54923 0.39298 0.07418
0 0.70246 0.59698 0.40164 0.07493
0 0.7823 0.64472 0.43278 0.07736
0 0.7664 0.69247 0.42085 0.08297
0 0.75981 0.74021 0.39114 0.08064
0 0.82874 0.78796 0.4217 0.08429
0 0.81492 0.83571 0.37537 0.07563
0 0.92382 0.13281 0.43934 0.08725
0 0.84464 0.18586 0.37307 0.08212
0 0.84678 0.23891 0.43788 0.0814
0 0.93523 0.29196 0.43794 0.08042
0 0.81866 0.34501 0.37661 0.08202
0 0.85709 0.39806 0.39353 0.08668
0 0.80389 0.45111 0.41525 0.07985
0 0.88065 0.50416 0.39314 0.07559
0 0.84192 0.55721 0.43855 0.08573
0 0.89153 0.66331 0.41972 0.08106
0 0.93198 0.71636 0.37419 0.08656
0 0.81126 0.82246 0.41767 0.07865
0 0.83498 0.87551 0.41805 0.08537
0 0.82829 0.92856 0.41853 0.0869