0 0.10501 0.13281 0.39523 0.07729
0 0.10501 0.18586 0.38827 0.08084
0 0.10501 0.23891 0.41918 0.08252
0 0.10501 0.29196 0.41985 0.08413
0 0.10501 0.34501 0.37012 0.08266
0 0.10501 0.39806 0.41448 0.07996
0 0.10501 0.45111 0.37223 0.08508
0 0.10501 0.50416 0.38085 0.07413
0 0.10501 0.55721 0.4256 0.08311
0 0.10501 0.61026 0.43722 0.08031
0 0.10501 0.66331 0.41593 0.08099
0 0.10501 0.71636 0.40772 0.07988
0 0.10501 0.76941 0.43798 0.08143
0 0.10501 0.82246 0.38753 0.07628
0 0.10501 0.87551 0.43372 0.07864
0 0.10501 0.92856 0.42648 0.08033
0 0.3148 0.14609 0.44231 0.07946
0 0.3148 0.20444 0.42256 0.0857
0 0.3148 0.26280 0.44254 0.08072
0 0.3148 0.32115 0.41909 0.08335
0 0.3148 0.37951 0.37385 0.07327
0 0.3148 0.43786 0.38987 0.07604
0 0.3148 0.49622 0.41107 0.07596
0 0.3148 0.55457 0.43276 0.08226
0 0.3148 0.61293 0.42321 0.07597
0 0.3148 0.67129 0.38204 0.07851
0 0.3148 0.72964 0.37939 0.08252
0 0.3148 0.78800 0.4142 0.08648
0 0.3148 0.84635 0.38694 0.07455
0 0.3148 0.90471 0.43094 0.08637
0 0.3148 0.96306 0.39831 0.0849
0 0.52459 0.13281 0.44213 0.07612
0 0.52459 0.18586 0.42796 0.08166
0 0.52459 0.23891 0.38669 0.07497
0 0.52459 0.29196 0.39908 0.07337
0 0.52459 0.34501 0.39249 0.08141
0 0.52459 0.39806 0.38876 0.08253
0 0.52459 0.45111 0.42503 0.08037
0 0.52459 0.50416 0.40806 0.07598
0 0.52459 0.55721 0.40154 0.0756
0 0.52459 0.61026 0.43431 0.08115
0 0.52459 0.66331 0.42932 0.07553
0 0.52459 0.71636 0.38843 0.08542
0 0.52459 0.76941 0.40249 0.08067
0 0.52459 0.82246 0.3932 0.08196
0 0.52459 0.87551 0.40615 0.08068
0 0.52459 0.92856 0.42068 0.07928
0 0.73438 0.11953 0.43041 0.07508
0 0.73438 0.16727 0.41439 0.07639
0 0.73438 0.21502 0.39421 0.08066
0 0.73438 0.26276 0.44062 0.07797
0 0.73438 0.31051 0.3846 0.08368
0 0.73438 0.35825 0.41722 0.0748
0 0.73438 0.40600 0.40215 0.08749
0 0.73438 0.45374 0.42842 0.07619
0 0.73438 0.50149 0.37416 0.0781
0 0.73438 0.54923 0.36926 0.08142
0 0.73438 0.59698 0.4154 0.07408
0 0.73438 0.64472 0.40614 0.07902
0 0.73438 0.69247 0.37429 0.07346
0 0.73438 0.74021 0.42829 0.0751
0 0.73438 0.78796 0.40795 0.07368
0 0.73438 0.83571 0.391 0.08175
0 0.90921 0.13281 0.43065 0.07475
0 0.90921 0.18586 0.41595 0.07389
0 0.90921 0.23891 0.40647 0.08162
0 0.90921 0.29196 0.37446 0.08567
0 0.90921 0.34501 0.38917 0.07673
0 0.90921 0.39806 0.37217 0.07731
0 0.90921 0.45111 0.40556 0.08662
0 0.90921 0.50416 0.40887 0.0849
0 0.90921 0.55721 0.3745 0.08728
0 0.90921 0.61026 0.39862 0.08489
0 0.90921 0.66331 0.42502 0.08652
0 0.90921 0.71636 0.39373 0.08511
0 0.90921 0.76941 0.43051 0.07873
0 0.90921 0.82246 0.38433 0.07305
0 0.90921 0.87551 0.40101 0.08527
0 0.90921 0.92856 0.42162 0.08481