0 0.11854 0.13281 0.39405 0.07801
0 0.10152 0.18586 0.38592 0.08336
0 0.1043 0.23891 0.43836 0.07794
0 0.1088 0.29196 0.37944 0.07336
0 0.09683 0.34501 0.4372 0.08649
0 0.09999 0.39806 0.43288 0.08513
0 0.09734 0.45111 0.43583 0.07919
0 0.11403 0.50416 0.39723 0.08579
0 0.11563 0.55721 0.41297 0.08104
0 0.11357 0.61026 0.43081 0.08572
0 0.11443 0.66331 0.39509 0.075
0 0.10186 0.71636 0.37484 0.07646
0 0.11443 0.76941 0.42523 0.08598
0 0.11273 0.82246 0.43533 0.07699
0 0.09253 0.87551 0.43612 0.08161
0 0.11009 0.92856 0.42465 0.08114
0 0.28952 0.14609 0.38764 0.0856
0 0.32341 0.20444 0.38947 0.0767
0 0.31935 0.26280 0.39959 0.0818
0 0.33261 0.32115 0.39476 0.08288
0 0.32034 0.37951 0.38246 0.07304
0 0.32117 0.43786 0.4349 0.08025
0 0.31032 0.49622 0.40884 0.07372
0 0.30986 0.55457 0.44118 0.07346
0 0.31703 0.61293 0.42575 0.08538
0 0.35704 0.67129 0.42381 0.08169
0 0.28764 0.72964 0.41971 0.08042
0 0.31821 0.78800 0.41133 0.07921
0 0.27952 0.84635 0.40492 0.07646
0 0.27718 0.90471 0.39458 0.07648
0 0.28306 0.96306 0.39966 0.07824
0 0.5195 0.13281 0.41721 0.08001
0 0.53687 0.18586 0.4171 0.07513
0 0.55862 0.23891 0.38739 0.0785
0 0.53056 0.29196 0.41518 0.081
0 0.5612 0.34501 0.42903 0.08417
0 0.59843 0.39806 0.38577 0.08319
0 0.57307 0.45111 0.39712 0.07773
0 0.54489 0.50416 0.39811 0.08244
0 0.58423 0.55721 0.38833 0.07563
0 0.47752 0.61026 0.41012 0.08029
0 0.50357 0.66331 0.3734 0.08164
0 0.5897 0.71636 0.41423 0.07587
0 0.52529 0.76941 0.38416 0.08401
0 0.5364 0.82246 0.3825 0.08358
0 0.51909 0.87551 0.40361 0.08685
0 0.48611 0.92856 0.3843 0.07794
0 0.67685 0.11953 0.39787 0.07954
0 0.74204 0.16727 0.41825 0.07819
0 0.79115 0.21502 0.39541 0.08253
0 0.82379 0.26276 0.41288 0.07623
0 0.74025 0.31051 0.37332 0.08616
0 0.72922 0.35825 0.42686 0.08747
0 0.67238 0.40600 0.38422 0.08303
0 0.79159 0.45374 0.39103 0.08378
0 0.7677 0.50149 0.43583 0.0844
0 0.67861 0.54923 0.41655 0.08662
0 0.80924 0.59698 0.37424 0.0872
0 0.66308 0.64472 0.40558 0.08039
0 0.73764 0.69247 0.43059 0.0778
0 0.78477 0.74021 0.41818 0.07966
0 0.64858 0.78796 0.4 0.08344
0 0.67839 0.83571 0.37389 0.08145
0 0.95412 0.23891 0.41971 0.07797
0 0.99519 0.29196 0.39642 0.08431
0 0.93733 0.34501 0.39693 0.07321
0 0.90548 0.39806 0.40056 0.08305
0 0.9904 0.45111 0.38064 0.08229
0 0.88779 0.50416 0.41536 0.08285
0 0.9142 0.66331 0.40639 0.07528
0 0.92285 0.71636 0.40842 0.07761
0 0.88184 0.76941 0.42361 0.08668
0 0.96465 0.82246 0.36989 0.07455
0 0.96494 0.87551 0.43454 0.07915
0 0.88615 0.92856 0.39521 0.08536