0 0.10501 0.13281 0.41741 0.07353
0 0.10501 0.18586 0.36922 0.07765
0 0.10501 0.23891 0.41568 0.07561
0 0.10501 0.29196 0.44095 0.0864
0 0.10501 0.34501 0.37644 0.08587
0 0.10501 0.39806 0.41939 0.08089
0 0.10501 0.45111 0.41428 0.08274
0 0.10501 0.50416 0.42495 0.07803
0 0.10501 0.55721 0.43402 0.08275
0 0.10501 0.61026 0.41583 0.08523
0 0.10501 0.66331 0.43479 0.0745
0 0.10501 0.71636 0.44106 0.07984
0 0.10501 0.76941 0.40983 0.08211
0 0.10501 0.82246 0.43696 0.08243
0 0.10501 0.87551 0.39367 0.08408
0 0.10501 0.92856 0.40166 0.08189
0 0.3148 0.14609 0.41078 0.07845
0 0.3148 0.20444 0.3738 0.07517
0 0.3148 0.26280 0.36922 0.08496
0 0.3148 0.32115 0.44245 0.07828
0 0.3148 0.37951 0.39807 0.08589
0 0.3148 0.43786 0.37804 0.0759
0 0.3148 0.49622 0.39338 0.07603
0 0.3148 0.55457 0.42529 0.0734
0 0.3148 0.61293 0.43132 0.07695
0 0.3148 0.67129 0.42958 0.08636
0 0.3148 0.72964 0.4022 0.074
0 0.3148 0.78800 0.40332 0.07543
0 0.3148 0.84635 0.4082 0.08503
0 0.3148 0.90471 0.3966 0.07668
0 0.3148 0.96306 0.41423 0.08302
0 0.52459 0.13281 0.38892 0.08353
0 0.52459 0.18586 0.3869 0.07815
0 0.52459 0.23891 0.37872 0.07973
0 0.52459 0.29196 0.40495 0.0819
0 0.52459 0.34501 0.40638 0.0738
0 0.52459 0.39806 0.39932 0.07551
0 0.52459 0.45111 0.4144 0.08419
0 0.52459 0.50416 0.39315 0.07303
0 0.52459 0.55721 0.38088 0.08697
0 0.52459 0.61026 0.38383 0.07826
0 0.52459 0.66331 0.39597 0.07961
0 0.52459 0.71636 0.41419 0.07742
0 0.52459 0.76941 0.3747 0.07468
0 0.52459 0.82246 0.43708 0.07436
0 0.52459 0.87551 0.38929 0.0778
0 0.52459 0.92856 0.39714 0.08117
0 0.73438 0.11953 0.43086 0.0857
0 0.73438 0.16727 0.43827 0.07552
0 0.73438 0.21502 0.39492 0.08308
0 0.73438 0.26276 0.41887 0.08374
0 0.73438 0.31051 0.43166 0.07796
0 0.73438 0.35825 0.37569 0.0776
0 0.73438 0.40600 0.42091 0.08427
0 0.73438 0.45374 0.406 0.08309
0 0.73438 0.50149 0.43195 0.07871
0 0.73438 0.54923 0.3795 0.07347
0 0.73438 0.59698 0.39083 0.07396
0 0.73438 0.64472 0.41065 0.07925
0 0.73438 0.69247 0.42437 0.0744
0 0.73438 0.74021 0.40214 0.07907
0 0.73438 0.78796 0.43867 0.08206
0 0.73438 0.83571 0.38828 0.08049
0 0.90921 0.13281 0.41136 0.07635
0 0.90921 0.18586 0.41487 0.07718
0 0.90921 0.23891 0.43477 0.08275
0 0.90921 0.29196 0.39654 0.07673
0 0.90921 0.34501 0.41775 0.08637
0 0.90921 0.39806 0.38694 0.07433
0 0.90921 0.45111 0.43773 0.08428
0 0.90921 0.50416 0.3904 0.07449
0 0.90921 0.55721 0.38965 0.08408
0 0.90921 0.61026 0.42568 0.07305
0 0.90921 0.66331 0.41904 0.08265
0 0.90921 0.71636 0.42705 0.08159
0 0.90921 0.76941 0.37519 0.0814
0 0.90921 0.82246 0.42122 0.08641
0 0.90921 0.87551 0.37902 0.08039
0 0.90921 0.92856 0.43991 0.07574