0 0.10501 0.13281 0.41922 0.07618
0 0.10501 0.18586 0.39219 0.08529
0 0.10501 0.23891 0.37109 0.08005
0 0.10501 0.29196 0.41632 0.07696
0 0.10501 0.34501 0.40834 0.0763
0 0.10501 0.39806 0.42259 0.08475
0 0.10501 0.45111 0.41308 0.07393
0 0.10501 0.50416 0.38791 0.08285
0 0.10501 0.55721 0.38703 0.07649
0 0.10501 0.61026 0.42658 0.07372
0 0.10501 0.66331 0.41424 0.07518
0 0.10501 0.71636 0.41078 0.07998
0 0.10501 0.76941 0.38986 0.07891
0 0.10501 0.82246 0.39717 0.07402
0 0.10501 0.87551 0.37171 0.0835
0 0.10501 0.92856 0.37888 0.08635
0 0.3148 0.14609 0.43942 0.07696
0 0.3148 0.20444 0.38849 0.07888
0 0.3148 0.26280 0.43627 0.07448
0 0.3148 0.32115 0.41293 0.07584
0 0.3148 0.37951 0.40414 0.07417
0 0.3148 0.43786 0.38512 0.07325
0 0.3148 0.49622 0.43434 0.07656
0 0.3148 0.55457 0.38652 0.08408
0 0.3148 0.61293 0.41779 0.07722
0 0.3148 0.67129 0.42732 0.07541
0 0.3148 0.72964 0.43877 0.08156
0 0.3148 0.78800 0.37582 0.08012
0 0.3148 0.84635 0.44224 0.082
0 0.3148 0.90471 0.39284 0.07619
0 0.3148 0.96306 0.41279 0.0755
0 0.52459 0.13281 0.42904 0.08357
0 0.52459 0.18586 0.43512 0.08575
0 0.52459 0.23891 0.42483 0.0827
0 0.52459 0.29196 0.4025 0.07444
0 0.52459 0.34501 0.4217 0.08099
0 0.52459 0.39806 0.40028 0.07879
0 0.52459 0.45111 0.42473 0.07713
0 0.52459 0.50416 0.3794 0.08381
0 0.52459 0.55721 0.40059 0.08735
0 0.52459 0.61026 0.42398 0.07896
0 0.52459 0.66331 0.38147 0.08199
0 0.52459 0.71636 0.43679 0.08456
0 0.52459 0.76941 0.37127 0.07615
0 0.52459 0.82246 0.42899 0.0863
0 0.52459 0.87551 0.4344 0.08745
0 0.52459 0.92856 0.43441 0.07483
0 0.73438 0.11953 0.37515 0.07421
0 0.73438 0.16727 0.3965 0.07771
0 0.73438 0.21502 0.39154 0.08379
0 0.73438 0.26276 0.4072 0.07813
0 0.73438 0.31051 0.4366 0.07312
0 0.73438 0.35825 0.37884 0.08751
0 0.73438 0.40600 0.39273 0.07798
0 0.73438 0.45374 0.36916 0.08473
0 0.73438 0.50149 0.41384 0.0865
0 0.73438 0.54923 0.41738 0.07743
0 0.73438 0.59698 0.43229 0.07772
0 0.73438 0.64472 0.43164 0.08355
0 0.73438 0.69247 0.40783 0.0839
0 0.73438 0.74021 0.41459 0.08707
0 0.73438 0.78796 0.4049 0.07809
0 0.73438 0.83571 0.37513 0.08508
0 0.90921 0.13281 0.40306 0.07603
0 0.90921 0.18586 0.42079 0.08217
0 0.90921 0.23891 0.37873 0.08172
0 0.90921 0.29196 0.38911 0.08218
0 0.90921 0.34501 0.38939 0.07492
0 0.90921 0.39806 0.37869 0.08123
0 0.90921 0.45111 0.44024 0.08388
0 0.90921 0.50416 0.37462 0.08301
0 0.90921 0.55721 0.4241 0.0835
0 0.90921 0.61026 0.42543 0.08201
0 0.90921 0.66331 0.40782 0.07758
0 0.90921 0.71636 0.40517 0.0802
0 0.90921 0.76941 0.43331 0.08565
0 0.90921 0.82246 0.38537 0.08627
0 0.90921 0.87551 0.40264 0.08602
0 0.90921 0.92856 0.4157 0.07434