0 0.10501 0.13975 0.19255 0.04253
0 0.10501 0.16749 0.19293 0.03221
0 0.10501 0.25918 0.2093 0.03385
0 0.10501 0.27946 0.20088 0.03753
0 0.10501 0.33792 0.21745 0.03623
0 0.10501 0.39138 0.20151 0.0325
0 0.10501 0.43763 0.20341 0.04368
0 0.10501 0.47592 0.16554 0.03356
0 0.10501 0.60996 0.20363 0.0365
0 0.10501 0.63257 0.17828 0.03513
0 0.10501 0.72098 0.1982 0.04189
0 0.10501 0.68810 0.22105 0.04
0 0.10501 0.70244 0.22087 0.03851
0 0.10501 0.75635 0.21861 0.03908
0 0.10501 0.88214 0.2132 0.04255
0 0.10501 0.89711 0.17455 0.03507
0 0.3148 0.15564 0.21641 0.03587
0 0.3148 0.19857 0.19563 0.04076
0 0.3148 0.25169 0.20829 0.03803
0 0.3148 0.31684 0.21745 0.03668
0 0.3148 0.36428 0.19628 0.03439
0 0.3148 0.40449 0.21509 0.03275
0 0.3148 0.53749 0.17075 0.04228
0 0.3148 0.58770 0.2083 0.04354
0 0.3148 0.65429 0.19701 0.04256
0 0.3148 0.71228 0.21593 0.03715
0 0.3148 0.75147 0.16924 0.0431
0 0.3148 0.82765 0.18835 0.03388
0 0.3148 0.88402 0.17674 0.04042
0 0.3148 0.88773 0.218 0.03718
0 0.3148 0.99829 0.19074 0.03522
0 0.52459 0.12414 0.20466 0.04296
0 0.52459 0.19464 0.18738 0.03435
0 0.52459 0.22233 0.19225 0.03394
0 0.52459 0.27496 0.17663 0.03264
0 0.52459 0.31354 0.17824 0.03973
0 0.52459 0.40314 0.20019 0.03232
0 0.52459 0.42533 0.18367 0.0414
0 0.52459 0.46652 0.18333 0.03281
0 0.52459 0.57303 0.21728 0.03713
0 0.52459 0.60345 0.19003 0.03507
0 0.52459 0.68137 0.21004 0.03817
0 0.52459 0.65040 0.20756 0.03459
0 0.52459 0.76585 0.20041 0.03873
0 0.52459 0.78923 0.21883 0.04328
0 0.52459 0.88037 0.19522 0.03933
0 0.52459 0.86848 0.16597 0.034
0 0.73438 0.12109 0.20474 0.03562
0 0.73438 0.16743 0.17274 0.04055
0 0.73438 0.19520 0.16832 0.03953
0 0.73438 0.26182 0.1974 0.04236
0 0.73438 0.29352 0.20746 0.03908
0 0.73438 0.35722 0.17388 0.03511
0 0.73438 0.40430 0.17229 0.0403
0 0.73438 0.45281 0.17109 0.03959
0 0.73438 0.46668 0.19218 0.04037
0 0.73438 0.53043 0.16842 0.03729
0 0.73438 0.60887 0.17593 0.03979
0 0.73438 0.68324 0.22111 0.04236
0 0.73438 0.69832 0.21209 0.03334
0 0.73438 0.70372 0.21361 0.03616
0 0.73438 0.83363 0.20559 0.03372
0 0.73438 0.85711 0.19612 0.0375
0 0.90921 0.13223 0.21619 0.03898
0 0.90921 0.16905 0.16983 0.04351
0 0.90921 0.25396 0.18299 0.03237
0 0.90921 0.31618 0.16889 0.04082
0 0.90921 0.35077 0.20111 0.04322
0 0.90921 0.42140 0.16485 0.03394
0 0.90921 0.46569 0.17298 0.03328
0 0.90921 0.52392 0.20764 0.0397
0 0.90921 0.57243 0.17333 0.04119
0 0.90921 0.62707 0.181 0.03345
0 0.90921 0.72475 0.21537 0.03754
0 0.90921 0.66998 0.21012 0.04035
0 0.90921 0.76655 0.16323 0.03658
0 0.90921 0.78449 0.16939 0.04312
0 0.90921 0.86217 0.18481 0.04216
0 0.90921 0.85327 0.16993 0.04314