0 0.10501 0.13281 0.41821 0.07897
0 0.10501 0.18586 0.4144 0.08029
0 0.10501 0.23891 0.41449 0.08257
0 0.10501 0.29196 0.39902 0.0824
0 0.10501 0.34501 0.40448 0.08424
0 0.10501 0.39806 0.44252 0.08021
0 0.10501 0.45111 0.4236 0.07905
0 0.10501 0.50416 0.41063 0.07683
0 0.10501 0.55721 0.43644 0.07469
0 0.10501 0.61026 0.41094 0.07574
0 0.10501 0.66331 0.38379 0.07857
0 0.10501 0.71636 0.43016 0.07712
0 0.10501 0.76941 0.38876 0.07815
0 0.10501 0.82246 0.42918 0.07604
0 0.10501 0.87551 0.36983 0.08344
0 0.10501 0.92856 0.40652 0.0817
0 0.3148 0.14609 0.42946 0.08678
0 0.3148 0.20444 0.43893 0.07672
0 0.3148 0.26280 0.42379 0.07359
0 0.3148 0.32115 0.38503 0.08189
0 0.3148 0.37951 0.3961 0.07914
0 0.3148 0.43786 0.44214 0.08048
0 0.3148 0.49622 0.38962 0.07559
0 0.3148 0.55457 0.41189 0.07701
0 0.3148 0.61293 0.43155 0.08296
0 0.3148 0.67129 0.38174 0.08459
0 0.3148 0.72964 0.38235 0.0842
0 0.3148 0.78800 0.37125 0.08221
0 0.3148 0.84635 0.39227 0.08567
0 0.3148 0.90471 0.43448 0.07874
0 0.3148 0.96306 0.3739 0.07882
0 0.52459 0.13281 0.39048 0.07879
0 0.52459 0.18586 0.38704 0.07902
0 0.52459 0.23891 0.4092 0.08449
0 0.52459 0.29196 0.38795 0.08617
0 0.52459 0.34501 0.38691 0.08693
0 0.52459 0.39806 0.39439 0.08342
0 0.52459 0.45111 0.39296 0.08064
0 0.52459 0.50416 0.38342 0.07576
0 0.52459 0.55721 0.40779 0.0732
0 0.52459 0.61026 0.41354 0.08508
0 0.52459 0.66331 0.40335 0.08361
0 0.52459 0.71636 0.43862 0.084
0 0.52459 0.76941 0.38802 0.08526
0 0.52459 0.82246 0.40943 0.07764
0 0.52459 0.87551 0.42124 0.07429
0 0.52459 0.92856 0.43091 0.07384
0 0.73438 0.11953 0.4048 0.07474
0 0.73438 0.16727 0.39149 0.07613
0 0.73438 0.21502 0.37904 0.08244
0 0.73438 0.26276 0.38235 0.0776
0 0.73438 0.31051 0.38349 0.08298
0 0.73438 0.35825 0.38403 0.074
0 0.73438 0.40600 0.37101 0.08426
0 0.73438 0.45374 0.39996 0.07308
0 0.73438 0.50149 0.3866 0.07354
0 0.73438 0.54923 0.42232 0.08516
0 0.73438 0.59698 0.41381 0.08033
0 0.73438 0.64472 0.38809 0.0819
0 0.73438 0.69247 0.38112 0.07963
0 0.73438 0.74021 0.43875 0.08153
0 0.73438 0.78796 0.43098 0.08638
0 0.73438 0.83571 0.40647 0.07592
0 0.90921 0.13281 0.38412 0.07627
0 0.90921 0.18586 0.37668 0.07749
0 0.90921 0.23891 0.41755 0.07846
0 0.90921 0.29196 0.37019 0.07819
0 0.90921 0.34501 0.38404 0.08242
0 0.90921 0.39806 0.42595 0.07899
0 0.90921 0.45111 0.40351 0.08719
0 0.90921 0.50416 0.3771 0.08059
0 0.90921 0.55721 0.43583 0.08589
0 0.90921 0.61026 0.40452 0.073
0 0.90921 0.66331 0.41515 0.08407
0 0.90921 0.71636 0.42571 0.07743
0 0.90921 0.76941 0.37832 0.08484
0 0.90921 0.82246 0.41099 0.08355
0 0.90921 0.87551 0.37477 0.08063
0 0.90921 0.92856 0.37139 0.07338