0 0.10501 0.13281 0.39017 0.08642
0 0.10501 0.18586 0.38712 0.08404
0 0.10501 0.23891 0.4 0.0736
0 0.10501 0.29196 0.38164 0.08611
0 0.10501 0.34501 0.38586 0.08394
0 0.10501 0.39806 0.43834 0.07772
0 0.10501 0.45111 0.40029 0.08603
0 0.10501 0.50416 0.41364 0.08314
0 0.10501 0.55721 0.42892 0.07348
0 0.10501 0.61026 0.42111 0.0805
0 0.10501 0.66331 0.41452 0.08249
0 0.10501 0.71636 0.40655 0.07889
0 0.10501 0.76941 0.37615 0.07517
0 0.10501 0.82246 0.40099 0.07622
0 0.10501 0.87551 0.38809 0.07313
0 0.10501 0.92856 0.43014 0.07953
0 0.3148 0.14609 0.38148 0.08673
0 0.3148 0.20444 0.42712 0.074
0 0.3148 0.26280 0.43104 0.07847
0 0.3148 0.32115 0.42801 0.07738
0 0.3148 0.37951 0.37001 0.08066
0 0.3148 0.43786 0.43011 0.08702
0 0.3148 0.49622 0.38261 0.07732
0 0.3148 0.55457 0.3947 0.08217
0 0.3148 0.61293 0.40554 0.08055
0 0.3148 0.67129 0.42965 0.08676
0 0.3148 0.72964 0.42259 0.08224
0 0.3148 0.78800 0.40627 0.08377
0 0.3148 0.84635 0.40401 0.07309
0 0.3148 0.90471 0.42913 0.07513
0 0.3148 0.96306 0.42323 0.08281
0 0.52459 0.13281 0.39174 0.08339
0 0.52459 0.18586 0.42436 0.08313
0 0.52459 0.23891 0.37307 0.08658
0 0.52459 0.29196 0.39942 0.08405
0 0.52459 0.34501 0.39303 0.08022
0 0.52459 0.39806 0.43867 0.08089
0 0.52459 0.45111 0.43154 0.08697
0 0.52459 0.50416 0.37669 0.07647
0 0.52459 0.55721 0.42348 0.08461
0 0.52459 0.61026 0.42222 0.07378
0 0.52459 0.66331 0.37124 0.07643
0 0.52459 0.71636 0.37867 0.07522
0 0.52459 0.76941 0.38082 0.08159
0 0.52459 0.82246 0.42763 0.08017
0 0.52459 0.87551 0.41716 0.08226
0 0.52459 0.92856 0.41269 0.08394
0 0.73438 0.11953 0.41077 0.07453
0 0.73438 0.16727 0.43163 0.07639
0 0.73438 0.21502 0.43788 0.08291
0 0.73438 0.26276 0.43601 0.07772
0 0.73438 0.31051 0.37857 0.08753
0 0.73438 0.35825 0.38172 0.07331
0 0.73438 0.40600 0.39927 0.08376
0 0.73438 0.45374 0.39173 0.08428
0 0.73438 0.50149 0.42565 0.08529
0 0.73438 0.54923 0.38517 0.07433
0 0.73438 0.59698 0.38475 0.08157
0 0.73438 0.64472 0.40588 0.07793
0 0.73438 0.69247 0.42133 0.07849
0 0.73438 0.74021 0.40751 0.08372
0 0.73438 0.78796 0.41106 0.08163
0 0.73438 0.83571 0.39444 0.07541
0 0.90921 0.13281 0.43236 0.08212
0 0.90921 0.18586 0.39615 0.0773
0 0.90921 0.23891 0.40889 0.07921
0 0.90921 0.29196 0.44093 0.08352
0 0.90921 0.34501 0.37116 0.0845
0 0.90921 0.39806 0.39152 0.07306
0 0.90921 0.45111 0.38778 0.0781
0 0.90921 0.50416 0.38012 0.07557
0 0.90921 0.55721 0.40537 0.08323
0 0.90921 0.61026 0.42085 0.08002
0 0.90921 0.66331 0.42204 0.08127
0 0.90921 0.71636 0.39859 0.08363
0 0.90921 0.76941 0.37586 0.08591
0 0.90921 0.82246 0.41673 0.07874
0 0.90921 0.87551 0.37658 0.07688
0 0.90921 0.92856 0.44227 0.07725