0 0.10501 0.13281 0.4214 0.07335
0 0.10501 0.18586 0.40479 0.07963
0 0.10501 0.23891 0.39266 0.08745
0 0.10501 0.29196 0.43557 0.07738
0 0.10501 0.34501 0.37051 0.07781
0 0.10501 0.39806 0.43277 0.07697
0 0.10501 0.45111 0.44019 0.08457
0 0.10501 0.50416 0.37487 0.07955
0 0.10501 0.55721 0.37354 0.08042
0 0.10501 0.61026 0.40759 0.08528
0 0.10501 0.66331 0.42518 0.07632
0 0.10501 0.71636 0.3869 0.08357
0 0.10501 0.76941 0.41135 0.08646
0 0.10501 0.82246 0.39155 0.07575
0 0.10501 0.87551 0.40839 0.07956
0 0.10501 0.92856 0.39535 0.08457
0 0.3148 0.14609 0.43955 0.0765
0 0.3148 0.20444 0.43268 0.08194
0 0.3148 0.26280 0.41942 0.08399
0 0.3148 0.32115 0.39335 0.0859
0 0.3148 0.37951 0.36964 0.08235
0 0.3148 0.43786 0.41244 0.0869
0 0.3148 0.49622 0.40006 0.08369
0 0.3148 0.55457 0.40877 0.07768
0 0.3148 0.61293 0.36917 0.07762
0 0.3148 0.67129 0.41194 0.08668
0 0.3148 0.72964 0.38038 0.07661
0 0.3148 0.78800 0.43299 0.07895
0 0.3148 0.84635 0.4309 0.08275
0 0.3148 0.90471 0.44048 0.08701
0 0.3148 0.96306 0.3757 0.07782
0 0.52459 0.13281 0.38733 0.08089
0 0.52459 0.18586 0.3904 0.08685
0 0.52459 0.23891 0.39422 0.07944
0 0.52459 0.29196 0.39563 0.0757
0 0.52459 0.34501 0.39096 0.07409
0 0.52459 0.39806 0.43807 0.08366
0 0.52459 0.45111 0.41242 0.08032
0 0.52459 0.50416 0.42986 0.07741
0 0.52459 0.55721 0.39349 0.07492
0 0.52459 0.61026 0.42008 0.08558
0 0.52459 0.66331 0.4355 0.07993
0 0.52459 0.71636 0.40162 0.08569
0 0.52459 0.76941 0.37802 0.07567
0 0.52459 0.82246 0.42618 0.07855
0 0.52459 0.87551 0.43846 0.07714
0 0.52459 0.92856 0.36895 0.07543
0 0.73438 0.11953 0.36884 0.08358
0 0.73438 0.16727 0.38665 0.08205
0 0.73438 0.21502 0.37983 0.08508
0 0.73438 0.26276 0.40339 0.08454
0 0.73438 0.31051 0.42391 0.08578
0 0.73438 0.35825 0.39342 0.0841
0 0.73438 0.40600 0.3716 0.07763
0 0.73438 0.45374 0.37542 0.07863
0 0.73438 0.50149 0.38723 0.08322
0 0.73438 0.54923 0.40818 0.07867
0 0.73438 0.59698 0.37799 0.08258
0 0.73438 0.64472 0.38572 0.08462
0 0.73438 0.69247 0.41009 0.08284
0 0.73438 0.74021 0.43951 0.08736
0 0.73438 0.78796 0.40558 0.07389
0 0.73438 0.83571 0.42268 0.07712
0 0.90921 0.13281 0.39216 0.084
0 0.90921 0.18586 0.3798 0.0777
0 0.90921 0.23891 0.40038 0.07583
0 0.90921 0.29196 0.38353 0.08379
0 0.90921 0.34501 0.40621 0.08042
0 0.90921 0.39806 0.43043 0.08513
0 0.90921 0.45111 0.40924 0.07627
0 0.90921 0.50416 0.3898 0.07838
0 0.90921 0.55721 0.40484 0.08616
0 0.90921 0.61026 0.41442 0.07326
0 0.90921 0.66331 0.38906 0.0808
0 0.90921 0.71636 0.40289 0.08188
0 0.90921 0.76941 0.42017 0.07719
0 0.90921 0.82246 0.43709 0.07968
0 0.90921 0.87551 0.37203 0.08018
0 0.90921 0.92856 0.41913 0.08683