0 0.10725 0.13281 0.42181 0.07446
0 0.11433 0.18586 0.39009 0.08249
0 0.11028 0.23891 0.42289 0.07668
0 0.10761 0.29196 0.40963 0.07472
0 0.09554 0.34501 0.38595 0.07595
0 0.10669 0.39806 0.39008 0.07538
0 0.10193 0.45111 0.39614 0.08305
0 0.1176 0.50416 0.37532 0.07622
0 0.09687 0.55721 0.39574 0.08252
0 0.09986 0.61026 0.37218 0.0862
0 0.09743 0.66331 0.4223 0.08067
0 0.11133 0.71636 0.39932 0.08055
0 0.0946 0.76941 0.40073 0.08239
0 0.10943 0.82246 0.38743 0.08547
0 0.11131 0.87551 0.38434 0.07531
0 0.11905 0.92856 0.42702 0.08678
0 0.33766 0.14609 0.37701 0.07703
0 0.2968 0.20444 0.39738 0.0821
0 0.33228 0.26280 0.38798 0.08469
0 0.28165 0.32115 0.42114 0.07898
0 0.34037 0.37951 0.41325 0.08018
0 0.33444 0.43786 0.42401 0.08456
0 0.33271 0.49622 0.44204 0.07457
0 0.31739 0.55457 0.36922 0.08344
0 0.29489 0.61293 0.43098 0.08506
0 0.33809 0.67129 0.40822 0.08336
0 0.34676 0.72964 0.37187 0.07939
0 0.34338 0.78800 0.41563 0.07584
0 0.34629 0.84635 0.37604 0.08334
0 0.28355 0.90471 0.37868 0.07616
0 0.35023 0.96306 0.41694 0.08197
0 0.5097 0.13281 0.41261 0.08318
0 0.48492 0.18586 0.37032 0.07415
0 0.50567 0.23891 0.39762 0.0737
0 0.58598 0.29196 0.42945 0.07769
0 0.46854 0.34501 0.4261 0.08015
0 0.48784 0.39806 0.37227 0.0818
0 0.56667 0.45111 0.44014 0.08134
0 0.5304 0.50416 0.43938 0.08437
0 0.55077 0.55721 0.37074 0.07784
0 0.56073 0.61026 0.42303 0.07395
0 0.51484 0.66331 0.42207 0.07421
0 0.58817 0.71636 0.37068 0.08542
0 0.58181 0.76941 0.41841 0.08064
0 0.54301 0.82246 0.42747 0.08433
0 0.51308 0.87551 0.40846 0.08006
0 0.50259 0.92856 0.39979 0.07955
0 0.82301 0.11953 0.38145 0.07904
0 0.75219 0.16727 0.43612 0.0804
0 0.82642 0.21502 0.37084 0.07936
0 0.69684 0.26276 0.39716 0.08095
0 0.79162 0.31051 0.40468 0.08345
0 0.82022 0.35825 0.38357 0.08632
0 0.72698 0.40600 0.42414 0.07745
0 0.8103 0.45374 0.42914 0.08655
0 0.75107 0.50149 0.43644 0.07352
0 0.77879 0.54923 0.42266 0.07726
0 0.81329 0.59698 0.42189 0.08094
0 0.64846 0.64472 0.40709 0.08062
0 0.748 0.69247 0.40403 0.0859
0 0.84226 0.74021 0.3755 0.0744
0 0.72696 0.78796 0.40546 0.07973
0 0.7247 0.83571 0.39358 0.0828
0 0.93081 0.13281 0.41824 0.07752
0 0.80891 0.18586 0.38939 0.07508
0 0.96149 0.23891 0.44162 0.07722
0 0.91724 0.34501 0.3707 0.07986
0 0.94551 0.39806 0.38335 0.07527
0 0.86625 0.45111 0.43981 0.07955
0 0.8724 0.50416 0.40171 0.07739
0 0.83966 0.55721 0.42838 0.07923
0 0.97455 0.61026 0.43385 0.08316
0 0.94645 0.66331 0.41454 0.07391
0 0.95383 0.71636 0.39548 0.07878
0 0.83238 0.76941 0.39427 0.08618
0 0.93739 0.82246 0.43327 0.07663
0 0.95082 0.87551 0.38314 0.07649
0 0.82328 0.92856 0.39797 0.08507