0 0.10438 0.13281 0.41944 0.08529
0 0.10318 0.18586 0.41803 0.08656
0 0.10767 0.23891 0.43073 0.07922
0 0.10429 0.29196 0.42338 0.08195
0 0.11052 0.34501 0.40609 0.08725
0 0.11077 0.39806 0.42838 0.07862
0 0.11452 0.45111 0.40316 0.08218
0 0.09352 0.50416 0.38116 0.08572
0 0.1148 0.55721 0.40113 0.07524
0 0.11248 0.61026 0.3958 0.08438
0 0.11527 0.66331 0.43989 0.08363
0 0.11795 0.71636 0.39532 0.08004
0 0.11366 0.76941 0.3734 0.08703
0 0.10329 0.82246 0.38694 0.07548
0 0.09427 0.87551 0.42346 0.07634
0 0.10891 0.92856 0.37039 0.08534
0 0.3054 0.14609 0.42443 0.08441
0 0.33561 0.20444 0.42045 0.07423
0 0.3143 0.26280 0.4247 0.07685
0 0.33987 0.32115 0.39091 0.07556
0 0.34056 0.37951 0.41747 0.07575
0 0.31768 0.43786 0.39836 0.07315
0 0.29292 0.49622 0.40401 0.08515
0 0.34716 0.55457 0.41988 0.08224
0 0.28929 0.61293 0.39292 0.08358
0 0.34623 0.67129 0.4411 0.08545
0 0.34012 0.72964 0.38947 0.08524
0 0.35549 0.78800 0.41919 0.07991
0 0.28879 0.84635 0.41395 0.0799
0 0.35145 0.90471 0.39484 0.08196
0 0.30295 0.96306 0.43596 0.08323
0 0.46628 0.13281 0.42589 0.08664
0 0.55007 0.18586 0.43327 0.08407
0 0.51626 0.23891 0.39873 0.08035
0 0.50538 0.29196 0.38622 0.07703
0 0.51418 0.34501 0.37608 0.07388
0 0.5651 0.39806 0.37935 0.08668
0 0.50082 0.45111 0.40307 0.08378
0 0.48773 0.50416 0.36892 0.07927
0 0.50051 0.55721 0.43649 0.0751
0 0.51098 0.61026 0.37767 0.08572
0 0.48158 0.66331 0.40552 0.08408
0 0.497 0.71636 0.40197 0.08119
0 0.50257 0.76941 0.3749 0.07572
0 0.50568 0.82246 0.38754 0.0736
0 0.48729 0.87551 0.42096 0.08435
0 0.47649 0.92856 0.41324 0.08578
0 0.71964 0.11953 0.37861 0.08059
0 0.83153 0.16727 0.4091 0.07545
0 0.66998 0.21502 0.43952 0.07733
0 0.80346 0.26276 0.437 0.08328
0 0.7478 0.31051 0.43999 0.08641
0 0.6972 0.35825 0.38864 0.087
0 0.74561 0.40600 0.40543 0.08464
0 0.78212 0.45374 0.38686 0.07936
0 0.82815 0.50149 0.43183 0.08585
0 0.65137 0.54923 0.37383 0.07354
0 0.64743 0.59698 0.4184 0.08742
0 0.66991 0.64472 0.40388 0.08271
0 0.71563 0.69247 0.41879 0.08409
0 0.64916 0.74021 0.37832 0.08167
0 0.78202 0.78796 0.41486 0.07985
0 0.76658 0.83571 0.3817 0.07522
0 0.86482 0.13281 0.42191 0.08274
0 0.83514 0.18586 0.39573 0.07937
0 0.84328 0.23891 0.38049 0.07777
0 0.99591 0.29196 0.40452 0.07839
0 0.82041 0.34501 0.38506 0.07411
0 0.87065 0.39806 0.37627 0.07938
0 0.81054 0.45111 0.41382 0.07449
0 0.87433 0.55721 0.39974 0.08598
0 0.96189 0.66331 0.43359 0.08631
0 0.96041 0.82246 0.43856 0.08616
0 0.90343 0.87551 0.41604 0.08705
0 0.87317 0.92856 0.42708 0.08027