0 0.09975 0.13281 0.25165 0.05236
0 0.10737 0.18586 0.24665 0.04787
0 0.11371 0.23891 0.23972 0.04621
0 0.11045 0.29196 0.23345 0.04887
0 0.10611 0.34501 0.22311 0.04945
0 0.09899 0.39806 0.26192 0.04953
0 0.10426 0.45111 0.25257 0.04673
0 0.10091 0.50416 0.2321 0.04678
0 0.10592 0.55721 0.22691 0.04425
0 0.1077 0.61026 0.24671 0.04726
0 0.11044 0.66331 0.23892 0.05057
0 0.0948 0.71636 0.26404 0.05065
0 0.1128 0.76941 0.23585 0.05062
0 0.10589 0.82246 0.23253 0.04467
0 0.11016 0.87551 0.22438 0.04904
0 0.09462 0.92856 0.25748 0.05215
0 0.29574 0.14609 0.24157 0.04394
0 0.3149 0.20444 0.2229 0.04683
0 0.32019 0.26280 0.2451 0.04579
0 0.33693 0.32115 0.24501 0.04687
0 0.28835 0.37951 0.25087 0.04621
0 0.34129 0.43786 0.2591 0.04535
0 0.32887 0.49622 0.26259 0.04672
0 0.33631 0.55457 0.26469 0.04838
0 0.30256 0.61293 0.25739 0.04983
0 0.28735 0.67129 0.25966 0.04645
0 0.33557 0.72964 0.24932 0.05232
0 0.32901 0.78800 0.24538 0.05062
0 0.31779 0.84635 0.24863 0.05232
0 0.3338 0.90471 0.22452 0.04421
0 0.33547 0.96306 0.26207 0.05013
0 0.52491 0.13281 0.24043 0.04849
0 0.51759 0.18586 0.23893 0.04507
0 0.57054 0.23891 0.23497 0.04569
0 0.50151 0.29196 0.24241 0.04781
0 0.55824 0.34501 0.24141 0.04876
0 0.56307 0.39806 0.25019 0.0501
0 0.49017 0.45111 0.24424 0.04483
0 0.55141 0.50416 0.2411 0.04905
0 0.55065 0.55721 0.22505 0.04686
0 0.50702 0.61026 0.22569 0.04601
0 0.50496 0.66331 0.25433 0.04618
0 0.57273 0.71636 0.2272 0.04798
0 0.49548 0.76941 0.2258 0.04571
0 0.51377 0.82246 0.23995 0.0456
0 0.52058 0.87551 0.25885 0.04448
0 0.56931 0.92856 0.25554 0.04699
0 0.80405 0.11953 0.25932 0.05087
0 0.76579 0.16727 0.26205 0.04725
0 0.75188 0.21502 0.2225 0.04847
0 0.72943 0.26276 0.24676 0.04646
0 0.75783 0.31051 0.22826 0.05077
0 0.79288 0.35825 0.22447 0.04862
0 0.74295 0.40600 0.2506 0.04545
0 0.74855 0.45374 0.25855 0.04871
0 0.74763 0.50149 0.2568 0.04859
0 0.73686 0.54923 0.25752 0.04805
0 0.78843 0.59698 0.24825 0.04608
0 0.79109 0.64472 0.26173 0.05031
0 0.80186 0.69247 0.22149 0.04624
0 0.76824 0.74021 0.22792 0.05041
0 0.72246 0.78796 0.25503 0.05194
0 0.79165 0.83571 0.22939 0.04655
0 0.93134 0.13281 0.2229 0.04579
0 0.911 0.18586 0.25493 0.04539
0 0.91765 0.23891 0.24888 0.04965
0 0.94998 0.29196 0.25479 0.05036
0 0.86826 0.34501 0.23613 0.04818
0 0.87068 0.39806 0.24771 0.04852
0 0.95303 0.45111 0.23456 0.04943
0 0.97765 0.50416 0.24477 0.04388
0 0.82596 0.55721 0.22757 0.04829
0 0.85624 0.61026 0.24097 0.05018
0 0.96831 0.66331 0.24861 0.04404
0 0.95612 0.71636 0.22181 0.04979
0 0.89308 0.76941 0.25346 0.05034
0 0.84531 0.82246 0.25516 0.05079
0 0.90511 0.87551 0.25432 0.04989
0 0.85859 0.92856 0.24149 0.04411