0 0.10501 0.14605 0.16284 0.03709
0 0.10501 0.18211 0.20899 0.03379
0 0.10501 0.24458 0.1877 0.03385
0 0.10501 0.27443 0.1628 0.03817
0 0.10501 0.31729 0.16385 0.04217
0 0.10501 0.36263 0.1942 0.03421
0 0.10501 0.42013 0.20936 0.04303
0 0.10501 0.51850 0.19673 0.03807
0 0.10501 0.58504 0.22096 0.03388
0 0.10501 0.56517 0.19122 0.03232
0 0.10501 0.61231 0.16832 0.03658
0 0.10501 0.72572 0.19619 0.03497
0 0.10501 0.81928 0.2114 0.03794
0 0.10501 0.81021 0.21662 0.03261
0 0.10501 0.91678 0.19648 0.03947
0 0.3148 0.15552 0.16818 0.04317
0 0.3148 0.21061 0.19218 0.0348
0 0.3148 0.23986 0.17478 0.0385
0 0.3148 0.30416 0.22077 0.0362
0 0.3148 0.36562 0.17596 0.03953
0 0.3148 0.44819 0.1993 0.04216
0 0.3148 0.47921 0.20443 0.04048
0 0.3148 0.52305 0.16384 0.03487
0 0.3148 0.59878 0.21622 0.03809
0 0.3148 0.68872 0.20482 0.03614
0 0.3148 0.67896 0.20651 0.0405
0 0.3148 0.78180 0.20582 0.04288
0 0.3148 0.77168 0.19897 0.03962
0 0.3148 0.97611 0.16539 0.0371
0 0.3148 0.93077 0.18139 0.03514
0 0.3148 0.99809 0.1858 0.03604
0 0.52459 0.12879 0.19939 0.04021
0 0.52459 0.19957 0.17262 0.04278
0 0.52459 0.23924 0.16692 0.03296
0 0.52459 0.27748 0.19713 0.04078
0 0.52459 0.37339 0.17814 0.0338
0 0.52459 0.43058 0.21724 0.03374
0 0.52459 0.44427 0.21322 0.04141
0 0.52459 0.47641 0.17627 0.03417
0 0.52459 0.60795 0.18174 0.03749
0 0.52459 0.57232 0.21838 0.03373
0 0.52459 0.63489 0.189 0.03748
0 0.52459 0.64651 0.19985 0.03736
0 0.52459 0.71384 0.19909 0.03528
0 0.52459 0.75685 0.21386 0.03466
0 0.52459 0.88968 0.16397 0.04233
0 0.52459 0.90531 0.2025 0.03343
0 0.73438 0.12532 0.20901 0.0322
0 0.73438 0.15337 0.18964 0.03326
0 0.73438 0.21012 0.20708 0.03462
0 0.73438 0.24045 0.21993 0.04357
0 0.73438 0.31226 0.21966 0.04273
0 0.73438 0.33205 0.17327 0.03301
0 0.73438 0.43134 0.22089 0.03819
0 0.73438 0.46733 0.21651 0.03474
0 0.73438 0.54726 0.17877 0.03378
0 0.73438 0.56157 0.1731 0.04221
0 0.73438 0.56000 0.21331 0.04147
0 0.73438 0.60896 0.19608 0.03924
0 0.73438 0.63676 0.20347 0.0333
0 0.73438 0.75946 0.18148 0.03826
0 0.73438 0.78094 0.2078 0.03814
0 0.73438 0.78552 0.17736 0.04342
0 0.90921 0.14460 0.19926 0.03964
0 0.90921 0.19139 0.20542 0.03462
0 0.90921 0.21663 0.21185 0.03728
0 0.90921 0.28885 0.20713 0.03316
0 0.90921 0.34087 0.21978 0.03453
0 0.90921 0.39365 0.19736 0.03457
0 0.90921 0.46856 0.20267 0.04326
0 0.90921 0.54391 0.20871 0.0379
0 0.90921 0.54367 0.20308 0.04197
0 0.90921 0.57655 0.20714 0.04226
0 0.90921 0.60692 0.21428 0.03355
0 0.90921 0.72672 0.18074 0.04344
0 0.90921 0.70890 0.18327 0.03655
0 0.90921 0.83587 0.20259 0.04069
0 0.90921 0.84570 0.18677 0.03313
0 0.90921 0.88631 0.18318 0.04217