0 0.10501 0.13281 0.38171 0.08705
0 0.10501 0.18586 0.43551 0.08675
0 0.10501 0.23891 0.38879 0.08153
0 0.10501 0.29196 0.43215 0.0818
0 0.10501 0.34501 0.37752 0.08519
0 0.10501 0.39806 0.40917 0.07402
0 0.10501 0.45111 0.40088 0.08202
0 0.10501 0.50416 0.39489 0.08302
0 0.10501 0.55721 0.41499 0.08497
0 0.10501 0.61026 0.41006 0.08198
0 0.10501 0.66331 0.38115 0.07384
0 0.10501 0.71636 0.40516 0.08357
0 0.10501 0.76941 0.38429 0.08487
0 0.10501 0.82246 0.37313 0.07914
0 0.10501 0.87551 0.3768 0.08728
0 0.10501 0.92856 0.40226 0.08054
0 0.3148 0.14609 0.40998 0.08431
0 0.3148 0.20444 0.38698 0.08697
0 0.3148 0.26280 0.37383 0.07673
0 0.3148 0.32115 0.39884 0.08066
0 0.3148 0.37951 0.42316 0.08285
0 0.3148 0.43786 0.40892 0.07731
0 0.3148 0.49622 0.4315 0.08545
0 0.3148 0.55457 0.39678 0.07879
0 0.3148 0.61293 0.41776 0.08677
0 0.3148 0.67129 0.39744 0.07547
0 0.3148 0.72964 0.38757 0.08608
0 0.3148 0.78800 0.37486 0.08658
0 0.3148 0.84635 0.41998 0.07426
0 0.3148 0.90471 0.40398 0.07589
0 0.3148 0.96306 0.4367 0.07705
0 0.52459 0.13281 0.40312 0.07884
0 0.52459 0.18586 0.3801 0.07625
0 0.52459 0.23891 0.38173 0.08343
0 0.52459 0.29196 0.37591 0.08454
0 0.52459 0.34501 0.41409 0.07524
0 0.52459 0.39806 0.39421 0.08065
0 0.52459 0.45111 0.40656 0.08301
0 0.52459 0.50416 0.39992 0.07775
0 0.52459 0.55721 0.44247 0.0853
0 0.52459 0.61026 0.43238 0.08163
0 0.52459 0.66331 0.41893 0.07322
0 0.52459 0.71636 0.3758 0.08399
0 0.52459 0.76941 0.39408 0.08246
0 0.52459 0.82246 0.41644 0.07513
0 0.52459 0.87551 0.37498 0.07965
0 0.52459 0.92856 0.39439 0.0772
0 0.73438 0.11953 0.38886 0.07622
0 0.73438 0.16727 0.37814 0.08467
0 0.73438 0.21502 0.40279 0.0807
0 0.73438 0.26276 0.4067 0.0751
0 0.73438 0.31051 0.40892 0.08308
0 0.73438 0.35825 0.41768 0.08593
0 0.73438 0.40600 0.42895 0.07416
0 0.73438 0.45374 0.40542 0.07935
0 0.73438 0.50149 0.41669 0.08202
0 0.73438 0.54923 0.40369 0.08298
0 0.73438 0.59698 0.39815 0.08116
0 0.73438 0.64472 0.41437 0.07837
0 0.73438 0.69247 0.39785 0.07739
0 0.73438 0.74021 0.3982 0.08482
0 0.73438 0.78796 0.42605 0.07524
0 0.73438 0.83571 0.39861 0.08685
0 0.90921 0.13281 0.43928 0.08049
0 0.90921 0.18586 0.4105 0.08609
0 0.90921 0.23891 0.39302 0.07918
0 0.90921 0.29196 0.41678 0.07828
0 0.90921 0.34501 0.40045 0.08422
0 0.90921 0.39806 0.43913 0.07877
0 0.90921 0.45111 0.39179 0.08269
0 0.90921 0.50416 0.37878 0.07601
0 0.90921 0.55721 0.39455 0.0818
0 0.90921 0.61026 0.40241 0.07552
0 0.90921 0.66331 0.405 0.07535
0 0.90921 0.71636 0.44136 0.08287
0 0.90921 0.76941 0.44112 0.08437
0 0.90921 0.82246 0.41787 0.07311
0 0.90921 0.87551 0.38124 0.08105
0 0.90921 0.92856 0.37245 0.08268