0 0.09508 0.13281 0.22693 0.05035
0 0.09619 0.18586 0.25864 0.05096
0 0.09687 0.23891 0.224 0.04778
0 0.09608 0.29196 0.26083 0.04803
0 0.11158 0.34501 0.23485 0.04408
0 0.10244 0.39806 0.25292 0.04865
0 0.09958 0.45111 0.2558 0.04603
0 0.09508 0.50416 0.23265 0.04759
0 0.1024 0.55721 0.24911 0.04953
0 0.10941 0.61026 0.22629 0.04962
0 0.11371 0.66331 0.25857 0.04394
0 0.10896 0.71636 0.23249 0.04412
0 0.10976 0.76941 0.2594 0.05137
0 0.10352 0.82246 0.23731 0.04567
0 0.11462 0.87551 0.22352 0.04615
0 0.09586 0.92856 0.25379 0.04734
0 0.33027 0.14609 0.24381 0.05069
0 0.30305 0.20444 0.24439 0.0453
0 0.31929 0.26280 0.22187 0.04529
0 0.32343 0.32115 0.24596 0.04946
0 0.33739 0.37951 0.22324 0.04829
0 0.30818 0.43786 0.25152 0.04877
0 0.30792 0.49622 0.2588 0.04432
0 0.3415 0.55457 0.23353 0.04893
0 0.34626 0.61293 0.2449 0.04389
0 0.31131 0.67129 0.26116 0.05125
0 0.31424 0.72964 0.23127 0.04949
0 0.32202 0.78800 0.23508 0.04855
0 0.30605 0.84635 0.23046 0.05008
0 0.34133 0.90471 0.22901 0.05072
0 0.34418 0.96306 0.22194 0.05034
0 0.51808 0.13281 0.22415 0.04622
0 0.55493 0.18586 0.24724 0.04457
0 0.49895 0.23891 0.23085 0.0521
0 0.54166 0.29196 0.25551 0.05116
0 0.57352 0.34501 0.22751 0.04431
0 0.52555 0.39806 0.24181 0.05165
0 0.52849 0.45111 0.24607 0.05132
0 0.47565 0.50416 0.22266 0.04549
0 0.51885 0.55721 0.22226 0.04903
0 0.56558 0.61026 0.26487 0.05056
0 0.50357 0.66331 0.22752 0.04403
0 0.56452 0.71636 0.25135 0.04637
0 0.50056 0.76941 0.2487 0.04422
0 0.52746 0.82246 0.25621 0.04583
0 0.52122 0.87551 0.22442 0.04409
0 0.51894 0.92856 0.26528 0.04576
0 0.78159 0.11953 0.23486 0.05236
0 0.75742 0.16727 0.25418 0.04697
0 0.78792 0.21502 0.24578 0.04864
0 0.75638 0.26276 0.24854 0.05253
0 0.78242 0.31051 0.22401 0.04898
0 0.73872 0.35825 0.25278 0.04955
0 0.74228 0.40600 0.2363 0.0522
0 0.76775 0.45374 0.23801 0.04883
0 0.69049 0.50149 0.25339 0.04754
0 0.78748 0.54923 0.23711 0.05227
0 0.68655 0.59698 0.25134 0.04734
0 0.789 0.64472 0.236 0.04894
0 0.79185 0.69247 0.22657 0.04488
0 0.70813 0.74021 0.24397 0.0497
0 0.7928 0.78796 0.25866 0.04601
0 0.78669 0.83571 0.23221 0.04657
0 0.95463 0.13281 0.22954 0.05059
0 0.95313 0.18586 0.23401 0.04815
0 0.95182 0.23891 0.23883 0.04475
0 0.8669 0.29196 0.22151 0.04763
0 0.88525 0.34501 0.25169 0.04599
0 0.91554 0.39806 0.26132 0.04462
0 0.82926 0.45111 0.24132 0.04523
0 0.90152 0.50416 0.2524 0.05028
0 0.84789 0.55721 0.24257 0.04997
0 0.97839 0.61026 0.24179 0.04841
0 0.86982 0.66331 0.22646 0.04864
0 0.97046 0.71636 0.23262 0.04696
0 0.99713 0.76941 0.26411 0.04848
0 0.91192 0.82246 0.26418 0.0507
0 0.90938 0.87551 0.22689 0.05029
0 0.85397 0.92856 0.24065 0.05228