0 0.10501 0.14114 0.1711 0.03631
0 0.10501 0.19173 0.16402 0.03756
0 0.10501 0.24552 0.20504 0.03213
0 0.10501 0.28708 0.16262 0.03762
0 0.10501 0.33833 0.21089 0.03963
0 0.10501 0.37275 0.1724 0.03962
0 0.10501 0.48791 0.16735 0.03858
0 0.10501 0.46664 0.20165 0.03575
0 0.10501 0.58465 0.1689 0.04235
0 0.10501 0.56084 0.22061 0.0355
0 0.10501 0.66698 0.19124 0.03691
0 0.10501 0.66739 0.17872 0.03546
0 0.10501 0.81428 0.21266 0.03942
0 0.10501 0.80965 0.18202 0.04377
0 0.10501 0.89322 0.17906 0.03349
0 0.10501 0.92464 0.16951 0.03228
0 0.3148 0.15723 0.18872 0.03315
0 0.3148 0.22055 0.16796 0.04136
0 0.3148 0.24601 0.16607 0.04165
0 0.3148 0.33617 0.17677 0.03644
0 0.3148 0.35520 0.18838 0.039
0 0.3148 0.40490 0.18177 0.03528
0 0.3148 0.52580 0.17738 0.03993
0 0.3148 0.57002 0.21199 0.0385
0 0.3148 0.64640 0.18423 0.03642
0 0.3148 0.66467 0.16347 0.03597
0 0.3148 0.68262 0.2118 0.03797
0 0.3148 0.80431 0.17682 0.03415
0 0.3148 0.81735 0.19859 0.03671
0 0.3148 0.91684 0.18128 0.04057
0 0.3148 0.93331 0.21364 0.03739
0 0.52459 0.13783 0.16908 0.03789
0 0.52459 0.19936 0.16736 0.0353
0 0.52459 0.25202 0.16838 0.03522
0 0.52459 0.31568 0.21504 0.03708
0 0.52459 0.35012 0.19437 0.03681
0 0.52459 0.35857 0.21553 0.03294
0 0.52459 0.49450 0.19746 0.04335
0 0.52459 0.55093 0.21968 0.03297
0 0.52459 0.57464 0.20361 0.03356
0 0.52459 0.60362 0.18213 0.04293
0 0.52459 0.72416 0.17063 0.04125
0 0.52459 0.74479 0.19044 0.03558
0 0.52459 0.82065 0.21806 0.03728
0 0.52459 0.84994 0.16937 0.03834
0 0.52459 0.94072 0.20108 0.04007
0 0.52459 0.90577 0.21362 0.03318
0 0.73438 0.11455 0.19217 0.03487
0 0.73438 0.16276 0.21428 0.03484
0 0.73438 0.22601 0.2036 0.0428
0 0.73438 0.26449 0.21313 0.04268
0 0.73438 0.28079 0.21569 0.0371
0 0.73438 0.35888 0.19812 0.03377
0 0.73438 0.41051 0.19978 0.04186
0 0.73438 0.43748 0.19543 0.03483
0 0.73438 0.53573 0.20801 0.03462
0 0.73438 0.57585 0.18531 0.03593
0 0.73438 0.62010 0.19887 0.03808
0 0.73438 0.65432 0.21797 0.03508
0 0.73438 0.62694 0.16589 0.03857
0 0.73438 0.72670 0.19904 0.03712
0 0.73438 0.75065 0.20699 0.04185
0 0.73438 0.87253 0.17876 0.03957
0 0.90921 0.13231 0.20875 0.03427
0 0.90921 0.18115 0.21926 0.03557
0 0.90921 0.25114 0.1971 0.03278
0 0.90921 0.26736 0.21591 0.0412
0 0.90921 0.34918 0.21315 0.04184
0 0.90921 0.37563 0.1838 0.03423
0 0.90921 0.48282 0.20561 0.03595
0 0.90921 0.51004 0.16848 0.04203
0 0.90921 0.51081 0.19121 0.03874
0 0.90921 0.66017 0.17489 0.03714
0 0.90921 0.63853 0.18985 0.03432
0 0.90921 0.76786 0.18247 0.03442
0 0.90921 0.76579 0.20131 0.03631
0 0.90921 0.86795 0.21814 0.03541
0 0.90921 0.79062 0.16296 0.04071
0 0.90921 0.87681 0.18071 0.03849