0 0.10501 0.13281 0.37529 0.07487
0 0.10501 0.18586 0.39997 0.0805
0 0.10501 0.23891 0.43884 0.07668
0 0.10501 0.29196 0.37668 0.08379
0 0.10501 0.34501 0.41101 0.08253
0 0.10501 0.39806 0.39031 0.08468
0 0.10501 0.45111 0.38288 0.08457
0 0.10501 0.50416 0.39581 0.08578
0 0.10501 0.55721 0.40215 0.08441
0 0.10501 0.61026 0.43148 0.07646
0 0.10501 0.66331 0.41264 0.08322
0 0.10501 0.71636 0.41263 0.08533
0 0.10501 0.76941 0.4381 0.08603
0 0.10501 0.82246 0.39094 0.08489
0 0.10501 0.87551 0.40668 0.07953
0 0.10501 0.92856 0.38807 0.08704
0 0.3148 0.14609 0.39114 0.0787
0 0.3148 0.20444 0.42477 0.07817
0 0.3148 0.26280 0.43201 0.08475
0 0.3148 0.32115 0.39987 0.08068
0 0.3148 0.37951 0.42829 0.08479
0 0.3148 0.43786 0.42788 0.08302
0 0.3148 0.49622 0.37003 0.08392
0 0.3148 0.55457 0.39563 0.08122
0 0.3148 0.61293 0.41291 0.08089
0 0.3148 0.67129 0.3762 0.07467
0 0.3148 0.72964 0.40079 0.08162
0 0.3148 0.78800 0.40032 0.07661
0 0.3148 0.84635 0.42961 0.07638
0 0.3148 0.90471 0.42909 0.08064
0 0.3148 0.96306 0.37667 0.0756
0 0.52459 0.13281 0.40517 0.08583
0 0.52459 0.18586 0.42816 0.07459
0 0.52459 0.23891 0.41193 0.0737
0 0.52459 0.29196 0.37615 0.08266
0 0.52459 0.34501 0.43795 0.07411
0 0.52459 0.39806 0.37136 0.08397
0 0.52459 0.45111 0.41089 0.0821
0 0.52459 0.50416 0.41315 0.08209
0 0.52459 0.55721 0.41758 0.08337
0 0.52459 0.61026 0.38034 0.08411
0 0.52459 0.66331 0.39791 0.07461
0 0.52459 0.71636 0.43577 0.07738
0 0.52459 0.76941 0.43127 0.08549
0 0.52459 0.82246 0.42086 0.07308
0 0.52459 0.87551 0.40389 0.07389
0 0.52459 0.92856 0.41331 0.0735
0 0.73438 0.11953 0.42752 0.08292
0 0.73438 0.16727 0.43484 0.08648
0 0.73438 0.21502 0.402 0.0733
0 0.73438 0.26276 0.42155 0.07452
0 0.73438 0.31051 0.39901 0.07814
0 0.73438 0.35825 0.41284 0.07749
0 0.73438 0.40600 0.41901 0.08565
0 0.73438 0.45374 0.37646 0.0873
0 0.73438 0.50149 0.40948 0.08493
0 0.73438 0.54923 0.4124 0.07561
0 0.73438 0.59698 0.44051 0.07791
0 0.73438 0.64472 0.44093 0.08275
0 0.73438 0.69247 0.4255 0.08391
0 0.73438 0.74021 0.44 0.07899
0 0.73438 0.78796 0.37174 0.07519
0 0.73438 0.83571 0.43606 0.0817
0 0.90921 0.13281 0.43418 0.08091
0 0.90921 0.18586 0.37096 0.07797
0 0.90921 0.23891 0.40502 0.08092
0 0.90921 0.29196 0.4061 0.07393
0 0.90921 0.34501 0.36886 0.08279
0 0.90921 0.39806 0.40366 0.07729
0 0.90921 0.45111 0.41858 0.08674
0 0.90921 0.50416 0.41669 0.07667
0 0.90921 0.55721 0.40119 0.08326
0 0.90921 0.61026 0.43247 0.07864
0 0.90921 0.66331 0.4244 0.07937
0 0.90921 0.71636 0.38569 0.07359
0 0.90921 0.76941 0.41042 0.0867
0 0.90921 0.82246 0.44103 0.08103
0 0.90921 0.87551 0.36971 0.07687
0 0.90921 0.92856 0.38413 0.07722