0 0.11382 0.13281 0.38267 0.07979
0 0.10138 0.18586 0.42222 0.0873
0 0.10836 0.23891 0.41759 0.08243
0 0.09659 0.29196 0.44007 0.07649
0 0.09666 0.34501 0.40774 0.07643
0 0.10495 0.39806 0.36925 0.08441
0 0.11745 0.45111 0.40281 0.07662
0 0.12062 0.50416 0.38333 0.0738
0 0.11206 0.55721 0.42966 0.07471
0 0.11143 0.61026 0.39452 0.07427
0 0.1115 0.66331 0.40512 0.08325
0 0.10094 0.71636 0.42619 0.08286
0 0.09829 0.76941 0.41769 0.07824
0 0.11792 0.82246 0.43761 0.0735
0 0.11325 0.87551 0.40244 0.07456
0 0.09449 0.92856 0.40183 0.0864
0 0.31078 0.14609 0.43725 0.0762
0 0.35754 0.20444 0.40269 0.07667
0 0.30685 0.26280 0.37008 0.08224
0 0.35123 0.32115 0.43962 0.07535
0 0.35694 0.37951 0.36963 0.07651
0 0.36173 0.43786 0.39201 0.07826
0 0.31305 0.49622 0.41263 0.07884
0 0.28574 0.55457 0.42122 0.08392
0 0.32025 0.61293 0.40231 0.07749
0 0.3559 0.67129 0.38711 0.0875
0 0.3073 0.72964 0.37295 0.08727
0 0.28177 0.78800 0.40108 0.0737
0 0.29046 0.84635 0.42582 0.07732
0 0.35029 0.90471 0.40978 0.08044
0 0.28467 0.96306 0.40899 0.08028
0 0.46906 0.13281 0.43354 0.07753
0 0.51146 0.18586 0.38949 0.07514
0 0.57298 0.23891 0.38118 0.08193
0 0.52906 0.29196 0.37794 0.08215
0 0.54274 0.34501 0.43503 0.07952
0 0.5152 0.39806 0.42987 0.07975
0 0.58509 0.45111 0.40182 0.08104
0 0.4709 0.50416 0.43913 0.0825
0 0.48949 0.55721 0.42155 0.08083
0 0.54297 0.61026 0.37346 0.08209
0 0.59938 0.66331 0.40142 0.07586
0 0.54354 0.71636 0.39299 0.0756
0 0.55437 0.76941 0.38162 0.0745
0 0.47274 0.82246 0.41255 0.07371
0 0.58297 0.87551 0.37587 0.08061
0 0.53009 0.92856 0.38587 0.08213
0 0.77162 0.11953 0.42596 0.07869
0 0.81276 0.16727 0.37418 0.07815
0 0.77937 0.21502 0.42103 0.08022
0 0.75013 0.26276 0.37903 0.08754
0 0.66358 0.31051 0.39418 0.08392
0 0.68662 0.35825 0.41962 0.08424
0 0.78271 0.40600 0.41059 0.07674
0 0.73533 0.45374 0.37918 0.08646
0 0.6478 0.50149 0.43597 0.07616
0 0.74048 0.54923 0.37305 0.07711
0 0.77391 0.59698 0.391 0.08259
0 0.7571 0.64472 0.43753 0.08368
0 0.79768 0.69247 0.39948 0.08502
0 0.83461 0.74021 0.41039 0.07699
0 0.82606 0.78796 0.39396 0.07626
0 0.68861 0.83571 0.43381 0.07772
0 0.99942 0.13281 0.39151 0.08621
0 0.83461 0.23891 0.38456 0.08108
0 0.9573 0.29196 0.4266 0.08524
0 0.91533 0.34501 0.4111 0.07313
0 0.83166 0.39806 0.38938 0.08201
0 0.81256 0.45111 0.39624 0.0823
0 0.83161 0.61026 0.41055 0.08635
0 0.94736 0.66331 0.40924 0.07483
0 0.93439 0.71636 0.43555 0.08331
0 0.89539 0.82246 0.37965 0.07844
0 0.97787 0.87551 0.38398 0.07689
0 0.92967 0.92856 0.41243 0.0737