0 0.10501 0.13281 0.41993 0.0813
0 0.10501 0.18586 0.3961 0.07841
0 0.10501 0.23891 0.437 0.08099
0 0.10501 0.29196 0.44243 0.08281
0 0.10501 0.34501 0.40614 0.07634
0 0.10501 0.39806 0.38557 0.07363
0 0.10501 0.45111 0.43966 0.07872
0 0.10501 0.50416 0.43877 0.07861
0 0.10501 0.55721 0.42541 0.08483
0 0.10501 0.61026 0.39964 0.07307
0 0.10501 0.66331 0.37764 0.08231
0 0.10501 0.71636 0.4068 0.08386
0 0.10501 0.76941 0.40438 0.08324
0 0.10501 0.82246 0.38662 0.08492
0 0.10501 0.87551 0.38349 0.07716
0 0.10501 0.92856 0.37835 0.07514
0 0.3148 0.14609 0.37411 0.0836
0 0.3148 0.20444 0.39904 0.07873
0 0.3148 0.26280 0.39104 0.07556
0 0.3148 0.32115 0.39739 0.07826
0 0.3148 0.37951 0.39393 0.07865
0 0.3148 0.43786 0.41013 0.08175
0 0.3148 0.49622 0.41839 0.07681
0 0.3148 0.55457 0.42349 0.08316
0 0.3148 0.61293 0.43277 0.08436
0 0.3148 0.67129 0.371 0.08226
0 0.3148 0.72964 0.42156 0.08071
0 0.3148 0.78800 0.38478 0.0806
0 0.3148 0.84635 0.43823 0.08595
0 0.3148 0.90471 0.41922 0.08647
0 0.3148 0.96306 0.37136 0.086
0 0.52459 0.13281 0.39716 0.08241
0 0.52459 0.18586 0.42702 0.07901
0 0.52459 0.23891 0.4075 0.08675
0 0.52459 0.29196 0.42952 0.07916
0 0.52459 0.34501 0.42865 0.07728
0 0.52459 0.39806 0.38804 0.08126
0 0.52459 0.45111 0.44032 0.07981
0 0.52459 0.50416 0.41302 0.08301
0 0.52459 0.55721 0.41197 0.08579
0 0.52459 0.61026 0.37176 0.08206
0 0.52459 0.66331 0.419 0.08357
0 0.52459 0.71636 0.40213 0.08612
0 0.52459 0.76941 0.40943 0.07326
0 0.52459 0.82246 0.3759 0.08226
0 0.52459 0.87551 0.4008 0.087
0 0.52459 0.92856 0.3864 0.07878
0 0.73438 0.11953 0.38367 0.07348
0 0.73438 0.16727 0.40199 0.081
0 0.73438 0.21502 0.38743 0.07882
0 0.73438 0.26276 0.39361 0.07425
0 0.73438 0.31051 0.43706 0.08218
0 0.73438 0.35825 0.3842 0.0741
0 0.73438 0.40600 0.40688 0.07317
0 0.73438 0.45374 0.43162 0.07442
0 0.73438 0.50149 0.43287 0.07972
0 0.73438 0.54923 0.37272 0.08406
0 0.73438 0.59698 0.43236 0.08655
0 0.73438 0.64472 0.37304 0.08147
0 0.73438 0.69247 0.38477 0.08112
0 0.73438 0.74021 0.4174 0.08026
0 0.73438 0.78796 0.38756 0.08623
0 0.73438 0.83571 0.41006 0.07386
0 0.90921 0.13281 0.40981 0.08085
0 0.90921 0.18586 0.40707 0.07653
0 0.90921 0.23891 0.38506 0.08512
0 0.90921 0.29196 0.38324 0.0792
0 0.90921 0.34501 0.3875 0.08156
0 0.90921 0.39806 0.37459 0.08231
0 0.90921 0.45111 0.38972 0.08299
0 0.90921 0.50416 0.41176 0.08181
0 0.90921 0.55721 0.42019 0.07444
0 0.90921 0.61026 0.41185 0.07435
0 0.90921 0.66331 0.43522 0.08404
0 0.90921 0.71636 0.37824 0.08162
0 0.90921 0.76941 0.40007 0.07894
0 0.90921 0.82246 0.40744 0.07727
0 0.90921 0.87551 0.3795 0.07543
0 0.90921 0.92856 0.37494 0.0866