0 0.11161 0.13281 0.25813 0.04527
0 0.11483 0.18586 0.2638 0.04406
0 0.10056 0.23891 0.24471 0.05085
0 0.1068 0.29196 0.23117 0.04531
0 0.1132 0.34501 0.22729 0.04782
0 0.09832 0.39806 0.26168 0.04567
0 0.09493 0.45111 0.2522 0.04417
0 0.10699 0.50416 0.24083 0.04641
0 0.09456 0.55721 0.22994 0.04501
0 0.10807 0.61026 0.23332 0.05167
0 0.10404 0.66331 0.25236 0.04746
0 0.09648 0.71636 0.2556 0.04519
0 0.09684 0.76941 0.24081 0.05057
0 0.11311 0.82246 0.22575 0.04664
0 0.10332 0.87551 0.22591 0.0458
0 0.10482 0.92856 0.2588 0.04679
0 0.29168 0.14609 0.25124 0.05132
0 0.30585 0.20444 0.2297 0.04865
0 0.28841 0.26280 0.24325 0.04977
0 0.30567 0.32115 0.24731 0.05249
0 0.29304 0.37951 0.23558 0.04841
0 0.34227 0.43786 0.23005 0.0508
0 0.32414 0.49622 0.25175 0.04643
0 0.2955 0.55457 0.25136 0.0475
0 0.33087 0.61293 0.24651 0.04786
0 0.33344 0.67129 0.22362 0.04632
0 0.29002 0.72964 0.22774 0.05103
0 0.29604 0.78800 0.25318 0.04622
0 0.34522 0.84635 0.23911 0.05006
0 0.32357 0.90471 0.24689 0.04803
0 0.28542 0.96306 0.22879 0.04995
0 0.48277 0.13281 0.22582 0.04972
0 0.56979 0.18586 0.23861 0.04667
0 0.53602 0.23891 0.25208 0.05056
0 0.52361 0.29196 0.23199 0.04866
0 0.56781 0.34501 0.23818 0.05178
0 0.47725 0.39806 0.24613 0.04746
0 0.52538 0.45111 0.23622 0.04792
0 0.56824 0.50416 0.22938 0.04611
0 0.51953 0.55721 0.24832 0.04773
0 0.57487 0.61026 0.22874 0.05214
0 0.5448 0.66331 0.22438 0.04942
0 0.50185 0.71636 0.23769 0.04814
0 0.54172 0.76941 0.24496 0.05018
0 0.54145 0.82246 0.25064 0.05112
0 0.526 0.87551 0.2402 0.05126
0 0.51797 0.92856 0.25466 0.04962
0 0.70729 0.11953 0.23016 0.05243
0 0.6868 0.16727 0.24409 0.04957
0 0.7054 0.21502 0.25349 0.0489
0 0.72867 0.26276 0.26004 0.04723
0 0.70219 0.31051 0.26461 0.05197
0 0.70969 0.35825 0.25223 0.04584
0 0.66582 0.40600 0.24286 0.05155
0 0.67641 0.45374 0.22832 0.04967
0 0.76718 0.50149 0.23173 0.04641
0 0.78338 0.54923 0.25405 0.04548
0 0.72449 0.59698 0.25242 0.04401
0 0.78694 0.64472 0.23309 0.04411
0 0.68095 0.69247 0.26262 0.05032
0 0.6677 0.74021 0.25018 0.05168
0 0.69425 0.78796 0.26465 0.05022
0 0.69409 0.83571 0.24867 0.04978
0 0.99184 0.13281 0.22263 0.04751
0 0.99249 0.18586 0.22879 0.0448
0 0.97369 0.23891 0.22395 0.05045
0 0.90057 0.29196 0.23673 0.04864
0 0.95596 0.34501 0.22861 0.04483
0 0.85742 0.39806 0.25272 0.04916
0 0.92673 0.45111 0.22625 0.04938
0 0.82689 0.50416 0.22472 0.05196
0 0.84637 0.55721 0.26159 0.0521
0 0.93426 0.61026 0.22218 0.04574
0 0.85945 0.66331 0.22858 0.04495
0 0.88796 0.71636 0.25628 0.05092
0 0.86105 0.76941 0.23629 0.05038
0 0.95882 0.82246 0.24323 0.05221
0 0.8733 0.87551 0.25339 0.04696
0 0.90738 0.92856 0.26423 0.04767