0 0.10501 0.13281 0.38542 0.08448
0 0.10501 0.18586 0.37893 0.07696
0 0.10501 0.23891 0.37688 0.07448
0 0.10501 0.29196 0.37465 0.08528
0 0.10501 0.34501 0.42588 0.0768
0 0.10501 0.39806 0.41454 0.0766
0 0.10501 0.45111 0.38885 0.08181
0 0.10501 0.50416 0.42989 0.08607
0 0.10501 0.55721 0.42218 0.07542
0 0.10501 0.61026 0.43613 0.08348
0 0.10501 0.66331 0.37396 0.08556
0 0.10501 0.71636 0.37004 0.08107
0 0.10501 0.76941 0.40031 0.0765
0 0.10501 0.82246 0.42502 0.07417
0 0.10501 0.87551 0.38814 0.07796
0 0.10501 0.92856 0.37764 0.08072
0 0.3148 0.14609 0.4317 0.08198
0 0.3148 0.20444 0.43775 0.08375
0 0.3148 0.26280 0.39336 0.07557
0 0.3148 0.32115 0.37947 0.08272
0 0.3148 0.37951 0.37911 0.07971
0 0.3148 0.43786 0.40476 0.08282
0 0.3148 0.49622 0.41945 0.07662
0 0.3148 0.55457 0.40771 0.08388
0 0.3148 0.61293 0.43204 0.08454
0 0.3148 0.67129 0.40686 0.07769
0 0.3148 0.72964 0.43519 0.07887
0 0.3148 0.78800 0.38068 0.08426
0 0.3148 0.84635 0.3784 0.08233
0 0.3148 0.90471 0.4167 0.08474
0 0.3148 0.96306 0.38937 0.08502
0 0.52459 0.13281 0.42353 0.08309
0 0.52459 0.18586 0.38634 0.07401
0 0.52459 0.23891 0.41467 0.07425
0 0.52459 0.29196 0.41135 0.08005
0 0.52459 0.34501 0.42663 0.07838
0 0.52459 0.39806 0.43645 0.07419
0 0.52459 0.45111 0.38562 0.08589
0 0.52459 0.50416 0.43434 0.07996
0 0.52459 0.55721 0.43807 0.08222
0 0.52459 0.61026 0.41342 0.07576
0 0.52459 0.66331 0.41952 0.084
0 0.52459 0.71636 0.37938 0.08276
0 0.52459 0.76941 0.4359 0.08019
0 0.52459 0.82246 0.39362 0.08461
0 0.52459 0.87551 0.39094 0.07487
0 0.52459 0.92856 0.38292 0.07524
0 0.73438 0.11953 0.39784 0.08015
0 0.73438 0.16727 0.41931 0.084
0 0.73438 0.21502 0.38739 0.07495
0 0.73438 0.26276 0.39209 0.08368
0 0.73438 0.31051 0.42215 0.07821
0 0.73438 0.35825 0.42442 0.07517
0 0.73438 0.40600 0.38346 0.08359
0 0.73438 0.45374 0.3748 0.083
0 0.73438 0.50149 0.42383 0.08171
0 0.73438 0.54923 0.43958 0.08343
0 0.73438 0.59698 0.42611 0.07731
0 0.73438 0.64472 0.43193 0.08613
0 0.73438 0.69247 0.39326 0.07815
0 0.73438 0.74021 0.43689 0.08349
0 0.73438 0.78796 0.42438 0.07423
0 0.73438 0.83571 0.39253 0.08558
0 0.90921 0.13281 0.37823 0.0776
0 0.90921 0.18586 0.42134 0.08399
0 0.90921 0.23891 0.44047 0.08686
0 0.90921 0.29196 0.39346 0.0842
0 0.90921 0.34501 0.38922 0.08121
0 0.90921 0.39806 0.37238 0.07823
0 0.90921 0.45111 0.43603 0.08045
0 0.90921 0.50416 0.42645 0.07488
0 0.90921 0.55721 0.4012 0.07418
0 0.90921 0.61026 0.37421 0.077
0 0.90921 0.66331 0.39199 0.08371
0 0.90921 0.71636 0.41858 0.07932
0 0.90921 0.76941 0.42298 0.08079
0 0.90921 0.82246 0.43091 0.08143
0 0.90921 0.87551 0.37857 0.08634
0 0.90921 0.92856 0.4364 0.07621