0 0.10501 0.13281 0.42692 0.07589
0 0.10501 0.18586 0.43288 0.07837
0 0.10501 0.23891 0.3785 0.07604
0 0.10501 0.29196 0.39131 0.08137
0 0.10501 0.34501 0.3783 0.0835
0 0.10501 0.39806 0.43685 0.08662
0 0.10501 0.45111 0.42083 0.07724
0 0.10501 0.50416 0.38036 0.07985
0 0.10501 0.55721 0.36976 0.07802
0 0.10501 0.61026 0.38203 0.08111
0 0.10501 0.66331 0.38015 0.08752
0 0.10501 0.71636 0.37088 0.07306
0 0.10501 0.76941 0.42444 0.07547
0 0.10501 0.82246 0.42438 0.07822
0 0.10501 0.87551 0.37716 0.08111
0 0.10501 0.92856 0.3744 0.07809
0 0.3148 0.14609 0.40591 0.07474
0 0.3148 0.20444 0.39859 0.07855
0 0.3148 0.26280 0.40574 0.07513
0 0.3148 0.32115 0.4043 0.07735
0 0.3148 0.37951 0.36894 0.07712
0 0.3148 0.43786 0.38177 0.07791
0 0.3148 0.49622 0.3963 0.08401
0 0.3148 0.55457 0.40598 0.08114
0 0.3148 0.61293 0.40115 0.073
0 0.3148 0.67129 0.42158 0.07413
0 0.3148 0.72964 0.39073 0.07898
0 0.3148 0.78800 0.37715 0.08048
0 0.3148 0.84635 0.38873 0.07574
0 0.3148 0.90471 0.37424 0.07435
0 0.3148 0.96306 0.38367 0.07692
0 0.52459 0.13281 0.42189 0.08039
0 0.52459 0.18586 0.41301 0.0852
0 0.52459 0.23891 0.38362 0.08359
0 0.52459 0.29196 0.38376 0.07865
0 0.52459 0.34501 0.40043 0.07389
0 0.52459 0.39806 0.40825 0.08685
0 0.52459 0.45111 0.44228 0.0872
0 0.52459 0.50416 0.4225 0.07648
0 0.52459 0.55721 0.44076 0.08304
0 0.52459 0.61026 0.39793 0.08617
0 0.52459 0.66331 0.38935 0.07809
0 0.52459 0.71636 0.3818 0.07601
0 0.52459 0.76941 0.38245 0.08294
0 0.52459 0.82246 0.36977 0.07636
0 0.52459 0.87551 0.42955 0.07926
0 0.52459 0.92856 0.413 0.08195
0 0.73438 0.11953 0.42117 0.08504
0 0.73438 0.16727 0.42999 0.07605
0 0.73438 0.21502 0.44149 0.08312
0 0.73438 0.26276 0.42998 0.0808
0 0.73438 0.31051 0.4078 0.08741
0 0.73438 0.35825 0.43 0.0759
0 0.73438 0.40600 0.40298 0.0859
0 0.73438 0.45374 0.3776 0.08017
0 0.73438 0.50149 0.39296 0.07544
0 0.73438 0.54923 0.36936 0.07794
0 0.73438 0.59698 0.39729 0.08403
0 0.73438 0.64472 0.41133 0.08603
0 0.73438 0.69247 0.39426 0.07504
0 0.73438 0.74021 0.41967 0.08052
0 0.73438 0.78796 0.39705 0.07345
0 0.73438 0.83571 0.42471 0.08248
0 0.90921 0.13281 0.41416 0.07396
0 0.90921 0.18586 0.43516 0.07578
0 0.90921 0.23891 0.37326 0.0786
0 0.90921 0.29196 0.40988 0.08619
0 0.90921 0.34501 0.38866 0.08155
0 0.90921 0.39806 0.43804 0.07755
0 0.90921 0.45111 0.41963 0.08526
0 0.90921 0.50416 0.37318 0.08624
0 0.90921 0.55721 0.37818 0.08169
0 0.90921 0.61026 0.38258 0.08745
0 0.90921 0.66331 0.41992 0.07832
0 0.90921 0.71636 0.43185 0.07303
0 0.90921 0.76941 0.42192 0.08501
0 0.90921 0.82246 0.43596 0.07898
0 0.90921 0.87551 0.43846 0.07876
0 0.90921 0.92856 0.42415 0.08751