0 0.1113 0.13281 0.38436 0.07751
0 0.09388 0.18586 0.37466 0.07448
0 0.11722 0.23891 0.40756 0.08604
0 0.11083 0.29196 0.38919 0.08753
0 0.10166 0.34501 0.38868 0.07948
0 0.11218 0.39806 0.39657 0.07355
0 0.09828 0.45111 0.39155 0.08384
0 0.10016 0.50416 0.39129 0.08602
0 0.10844 0.55721 0.3789 0.07611
0 0.09497 0.61026 0.38398 0.07479
0 0.09882 0.66331 0.41378 0.08045
0 0.09795 0.71636 0.38749 0.08357
0 0.09399 0.76941 0.38445 0.07335
0 0.1084 0.82246 0.36904 0.07797
0 0.11195 0.87551 0.40086 0.08545
0 0.11425 0.92856 0.37586 0.08284
0 0.29445 0.14609 0.4192 0.0774
0 0.29918 0.20444 0.42332 0.07803
0 0.32316 0.26280 0.38657 0.07659
0 0.35327 0.32115 0.43698 0.07678
0 0.29367 0.37951 0.37284 0.07333
0 0.35434 0.43786 0.39253 0.08154
0 0.34885 0.49622 0.37041 0.07314
0 0.27788 0.55457 0.42993 0.0748
0 0.29125 0.61293 0.38627 0.07726
0 0.33905 0.67129 0.41006 0.08625
0 0.31628 0.72964 0.42037 0.07359
0 0.30203 0.78800 0.41878 0.0775
0 0.32104 0.84635 0.41159 0.0801
0 0.35527 0.90471 0.38446 0.07797
0 0.32128 0.96306 0.37296 0.08362
0 0.59228 0.13281 0.43672 0.07758
0 0.52338 0.18586 0.39542 0.08519
0 0.57883 0.23891 0.37615 0.08298
0 0.5568 0.29196 0.40452 0.08728
0 0.47564 0.34501 0.38164 0.08051
0 0.53731 0.39806 0.40041 0.08352
0 0.47113 0.45111 0.41232 0.08155
0 0.52928 0.50416 0.39164 0.07463
0 0.58097 0.55721 0.39415 0.07624
0 0.52137 0.61026 0.4184 0.08195
0 0.57486 0.66331 0.38172 0.08704
0 0.5592 0.71636 0.37513 0.07507
0 0.51822 0.76941 0.3891 0.07504
0 0.56026 0.82246 0.39644 0.08611
0 0.55546 0.87551 0.3759 0.08712
0 0.48223 0.92856 0.38627 0.07812
0 0.72199 0.11953 0.41575 0.07672
0 0.79924 0.16727 0.42981 0.07737
0 0.78045 0.21502 0.43853 0.08133
0 0.73268 0.26276 0.39062 0.07584
0 0.69888 0.31051 0.40578 0.07417
0 0.77093 0.35825 0.40688 0.07659
0 0.76524 0.40600 0.42082 0.0786
0 0.74474 0.45374 0.4016 0.07789
0 0.67578 0.50149 0.41069 0.08294
0 0.80165 0.54923 0.42025 0.08281
0 0.67332 0.59698 0.38946 0.08389
0 0.82008 0.64472 0.41696 0.08601
0 0.75043 0.69247 0.4024 0.08528
0 0.65124 0.74021 0.38333 0.08053
0 0.82388 0.78796 0.37966 0.07993
0 0.72869 0.83571 0.37541 0.07398
0 0.83881 0.13281 0.38859 0.07478
0 0.83753 0.18586 0.43026 0.07372
0 0.89026 0.29196 0.37948 0.08177
0 0.84541 0.34501 0.38032 0.08487
0 0.83329 0.45111 0.43471 0.08035
0 0.8316 0.50416 0.4201 0.07732
0 0.96922 0.55721 0.42805 0.0821
0 0.93348 0.66331 0.3729 0.08181
0 0.87622 0.76941 0.37363 0.07391
0 0.9968 0.82246 0.37922 0.07851
0 0.92013 0.87551 0.39564 0.07382
0 0.95227 0.92856 0.43424 0.08054