0 0.10501 0.12289 0.19144 0.03373
0 0.10501 0.19266 0.20883 0.03629
0 0.10501 0.23087 0.1898 0.04111
0 0.10501 0.29389 0.16971 0.04105
0 0.10501 0.33067 0.16402 0.04146
0 0.10501 0.36190 0.21558 0.03495
0 0.10501 0.44295 0.17526 0.03481
0 0.10501 0.51882 0.18368 0.04358
0 0.10501 0.51499 0.20098 0.03829
0 0.10501 0.56130 0.20309 0.04063
0 0.10501 0.62262 0.16283 0.03673
0 0.10501 0.70240 0.21881 0.03305
0 0.10501 0.82372 0.21346 0.04306
0 0.10501 0.78670 0.19949 0.03674
0 0.10501 0.88703 0.19777 0.03578
0 0.10501 0.95163 0.19207 0.03765
0 0.3148 0.15141 0.16446 0.04148
0 0.3148 0.20841 0.16455 0.0333
0 0.3148 0.25165 0.1935 0.04075
0 0.3148 0.29128 0.19611 0.04163
0 0.3148 0.36503 0.21703 0.04368
0 0.3148 0.40248 0.19285 0.03765
0 0.3148 0.49229 0.19722 0.03345
0 0.3148 0.59490 0.22087 0.04349
0 0.3148 0.61476 0.17371 0.03726
0 0.3148 0.71135 0.19771 0.04039
0 0.3148 0.74084 0.19897 0.03289
0 0.3148 0.73809 0.18245 0.03339
0 0.3148 0.78708 0.19528 0.03921
0 0.3148 0.95890 0.21197 0.03577
0 0.52459 0.14203 0.19846 0.04355
0 0.52459 0.19258 0.22104 0.03921
0 0.52459 0.22221 0.16727 0.041
0 0.52459 0.29210 0.19785 0.03421
0 0.52459 0.34209 0.21447 0.03371
0 0.52459 0.36466 0.19384 0.03333
0 0.52459 0.45490 0.17725 0.03634
0 0.52459 0.52088 0.18626 0.04162
0 0.52459 0.60408 0.17449 0.0424
0 0.52459 0.58193 0.18407 0.03635
0 0.52459 0.72002 0.18448 0.03931
0 0.52459 0.69895 0.17679 0.04103
0 0.52459 0.83947 0.207 0.04284
0 0.52459 0.76661 0.19564 0.04003
0 0.52459 0.83919 0.21155 0.04046
0 0.52459 0.84456 0.17949 0.03641
0 0.73438 0.13130 0.17527 0.0347
0 0.73438 0.17082 0.18616 0.03508
0 0.73438 0.19847 0.21717 0.0333
0 0.73438 0.24303 0.21624 0.03991
0 0.73438 0.31062 0.22048 0.03274
0 0.73438 0.33855 0.17007 0.0378
0 0.73438 0.40737 0.20099 0.04227
0 0.73438 0.43637 0.21366 0.03539
0 0.73438 0.48789 0.16947 0.04216
0 0.73438 0.56901 0.21168 0.04279
0 0.73438 0.60610 0.2111 0.03965
0 0.73438 0.68669 0.19971 0.04182
0 0.73438 0.68684 0.18459 0.04131
0 0.73438 0.80195 0.19495 0.03465
0 0.73438 0.83463 0.18509 0.03907
0 0.73438 0.82788 0.20352 0.03523
0 0.90921 0.13414 0.18755 0.0375
0 0.90921 0.19478 0.17642 0.03936
0 0.90921 0.26043 0.2121 0.03814
0 0.90921 0.27967 0.17833 0.0412
0 0.90921 0.36392 0.18579 0.03373
0 0.90921 0.43458 0.1704 0.03475
0 0.90921 0.41254 0.18648 0.03409
0 0.90921 0.52542 0.19744 0.04366
0 0.90921 0.55723 0.22002 0.03815
0 0.90921 0.55889 0.20951 0.03728
0 0.90921 0.72034 0.17471 0.0429
0 0.90921 0.68886 0.17514 0.03724
0 0.90921 0.72022 0.21299 0.03746
0 0.90921 0.78913 0.17074 0.03663
0 0.90921 0.94335 0.21748 0.04255
0 0.90921 0.96905 0.20545 0.03406