0 0.1117 0.13281 0.26515 0.04549
0 0.1106 0.18586 0.26382 0.05141
0 0.11252 0.23891 0.26127 0.05105
0 0.11011 0.29196 0.25207 0.04654
0 0.11301 0.34501 0.24787 0.04957
0 0.10417 0.39806 0.24908 0.04527
0 0.09867 0.45111 0.22171 0.04673
0 0.0989 0.50416 0.24101 0.04865
0 0.11305 0.55721 0.22974 0.04645
0 0.10285 0.61026 0.22309 0.04599
0 0.11251 0.66331 0.26426 0.05133
0 0.09742 0.71636 0.24602 0.05061
0 0.10129 0.76941 0.25332 0.04517
0 0.10517 0.82246 0.25443 0.04609
0 0.10597 0.87551 0.24538 0.04747
0 0.09941 0.92856 0.22942 0.04486
0 0.34371 0.14609 0.23298 0.04995
0 0.30263 0.20444 0.25428 0.04449
0 0.30099 0.26280 0.24613 0.04422
0 0.28649 0.32115 0.24308 0.04742
0 0.32101 0.37951 0.26539 0.04566
0 0.33597 0.43786 0.25744 0.04917
0 0.32255 0.49622 0.25159 0.04962
0 0.33083 0.55457 0.23433 0.04467
0 0.33236 0.61293 0.22348 0.04933
0 0.31311 0.67129 0.24987 0.04497
0 0.33403 0.72964 0.2466 0.04876
0 0.32605 0.78800 0.25903 0.04835
0 0.3307 0.84635 0.22628 0.05183
0 0.28678 0.90471 0.23554 0.0448
0 0.30381 0.96306 0.23209 0.04517
0 0.48596 0.13281 0.24699 0.04503
0 0.50718 0.18586 0.24403 0.0439
0 0.55175 0.23891 0.25111 0.05031
0 0.50746 0.29196 0.22587 0.04875
0 0.49877 0.34501 0.26132 0.0456
0 0.48616 0.39806 0.22157 0.05245
0 0.55319 0.45111 0.24494 0.05218
0 0.4786 0.50416 0.25553 0.04803
0 0.55467 0.55721 0.25553 0.0482
0 0.54564 0.61026 0.22513 0.04455
0 0.57652 0.66331 0.25452 0.04381
0 0.51392 0.71636 0.24427 0.0446
0 0.53817 0.76941 0.24349 0.04951
0 0.55557 0.82246 0.23852 0.04453
0 0.56996 0.87551 0.22605 0.04689
0 0.48491 0.92856 0.22196 0.04676
0 0.79664 0.11953 0.23471 0.05045
0 0.67901 0.16727 0.23211 0.05059
0 0.79316 0.21502 0.22541 0.05251
0 0.72801 0.26276 0.23653 0.04411
0 0.73102 0.31051 0.24685 0.0516
0 0.78024 0.35825 0.25938 0.04655
0 0.76148 0.40600 0.23351 0.04465
0 0.79522 0.45374 0.23137 0.05024
0 0.66519 0.50149 0.24386 0.04931
0 0.8022 0.54923 0.24433 0.04876
0 0.74831 0.59698 0.22932 0.04679
0 0.69021 0.64472 0.22599 0.05003
0 0.77256 0.69247 0.25273 0.04567
0 0.79169 0.74021 0.2468 0.05041
0 0.76792 0.78796 0.24618 0.04942
0 0.74499 0.83571 0.26206 0.05207
0 0.88071 0.13281 0.24089 0.04994
0 0.92076 0.18586 0.25856 0.04413
0 0.97524 0.23891 0.22296 0.0491
0 0.92346 0.29196 0.2548 0.04779
0 0.97452 0.34501 0.24906 0.05063
0 0.9982 0.39806 0.23704 0.04876
0 0.86713 0.45111 0.26154 0.05216
0 0.89194 0.50416 0.2438 0.04435
0 0.82754 0.55721 0.22689 0.04866
0 0.95573 0.61026 0.24919 0.04653
0 0.98424 0.66331 0.23818 0.04636
0 0.93962 0.71636 0.22717 0.04709
0 0.84415 0.76941 0.26417 0.04943
0 0.95648 0.82246 0.22684 0.05164
0 0.87992 0.87551 0.22625 0.04988
0 0.88945 0.92856 0.24365 0.04449