0 0.10137 0.13281 0.24571 0.04722
0 0.11062 0.18586 0.24417 0.04927
0 0.11477 0.23891 0.2268 0.04686
0 0.10258 0.29196 0.26083 0.04583
0 0.10086 0.34501 0.2333 0.04567
0 0.09731 0.39806 0.22639 0.04902
0 0.09653 0.45111 0.25784 0.04753
0 0.10837 0.50416 0.22731 0.04918
0 0.10903 0.55721 0.24125 0.0495
0 0.0998 0.61026 0.2462 0.05222
0 0.11275 0.66331 0.22887 0.04647
0 0.10204 0.71636 0.24938 0.04697
0 0.11481 0.76941 0.25033 0.04537
0 0.09975 0.82246 0.24018 0.04914
0 0.10951 0.87551 0.22593 0.04817
0 0.09487 0.92856 0.26056 0.04545
0 0.30407 0.14609 0.23499 0.04952
0 0.30526 0.20444 0.25782 0.05013
0 0.30527 0.26280 0.22294 0.04493
0 0.33029 0.32115 0.25555 0.04564
0 0.30643 0.37951 0.25583 0.04635
0 0.31311 0.43786 0.26215 0.05211
0 0.30508 0.49622 0.24286 0.04418
0 0.34182 0.55457 0.26537 0.04868
0 0.34298 0.61293 0.24645 0.0465
0 0.31481 0.67129 0.23426 0.04803
0 0.28395 0.72964 0.25687 0.04978
0 0.33438 0.78800 0.23229 0.04607
0 0.32045 0.84635 0.23394 0.04667
0 0.3255 0.90471 0.23889 0.04932
0 0.31858 0.96306 0.22917 0.05106
0 0.561 0.13281 0.24259 0.04416
0 0.47789 0.18586 0.25755 0.04781
0 0.49202 0.23891 0.24919 0.0442
0 0.54314 0.29196 0.23767 0.04824
0 0.54473 0.34501 0.26072 0.05178
0 0.50526 0.39806 0.25323 0.05032
0 0.51197 0.45111 0.23844 0.04462
0 0.48522 0.50416 0.25338 0.04646
0 0.54897 0.55721 0.23482 0.04617
0 0.55741 0.61026 0.25106 0.04544
0 0.51502 0.66331 0.23068 0.04763
0 0.49967 0.71636 0.23049 0.04849
0 0.50265 0.76941 0.23524 0.04758
0 0.50962 0.82246 0.24569 0.0468
0 0.53283 0.87551 0.235 0.05204
0 0.50329 0.92856 0.24816 0.05011
0 0.73417 0.11953 0.23557 0.05143
0 0.69859 0.16727 0.24976 0.04566
0 0.73656 0.21502 0.24144 0.0479
0 0.71475 0.26276 0.22925 0.04619
0 0.73986 0.31051 0.25717 0.05227
0 0.79665 0.35825 0.22872 0.0485
0 0.7585 0.40600 0.22262 0.04566
0 0.74399 0.45374 0.22316 0.05237
0 0.79909 0.50149 0.23364 0.04685
0 0.75613 0.54923 0.2319 0.04773
0 0.71339 0.59698 0.24497 0.05083
0 0.6916 0.64472 0.26551 0.04599
0 0.6709 0.69247 0.24626 0.04761
0 0.67564 0.74021 0.24992 0.04714
0 0.73844 0.78796 0.2624 0.04391
0 0.68557 0.83571 0.23953 0.05109
0 0.98396 0.13281 0.24521 0.04616
0 0.93824 0.18586 0.2315 0.04782
0 0.9835 0.23891 0.24898 0.05232
0 0.95822 0.29196 0.23695 0.04755
0 0.92062 0.34501 0.24354 0.04894
0 0.8821 0.39806 0.22388 0.0499
0 0.93561 0.45111 0.24398 0.05123
0 0.881 0.50416 0.25513 0.04439
0 0.95538 0.55721 0.2339 0.05012
0 0.82514 0.61026 0.24941 0.04409
0 0.9722 0.66331 0.25084 0.04474
0 0.9198 0.71636 0.2451 0.04916
0 0.9954 0.76941 0.25108 0.05229
0 0.84592 0.82246 0.2431 0.05043
0 0.82048 0.87551 0.2279 0.04707
0 0.90564 0.92856 0.23168 0.04724