0 0.10607 0.13281 0.43523 0.0854
0 0.10137 0.18586 0.37972 0.08454
0 0.11084 0.23891 0.39154 0.07569
0 0.10167 0.29196 0.38976 0.07349
0 0.11906 0.34501 0.41616 0.07953
0 0.0988 0.39806 0.40356 0.07856
0 0.09522 0.45111 0.43731 0.0763
0 0.10389 0.50416 0.3775 0.07598
0 0.11089 0.55721 0.38412 0.07746
0 0.10137 0.61026 0.38279 0.07993
0 0.10352 0.66331 0.42519 0.07856
0 0.10059 0.71636 0.39207 0.08564
0 0.1007 0.76941 0.37482 0.08432
0 0.11873 0.82246 0.40637 0.08132
0 0.097 0.87551 0.37728 0.0768
0 0.10491 0.92856 0.38352 0.07431
0 0.32662 0.14609 0.42228 0.07306
0 0.32764 0.20444 0.42398 0.08069
0 0.30108 0.26280 0.40294 0.08697
0 0.28033 0.32115 0.38747 0.08697
0 0.29934 0.37951 0.4152 0.07416
0 0.35588 0.43786 0.37094 0.07386
0 0.3033 0.49622 0.37134 0.08658
0 0.28386 0.55457 0.39906 0.07565
0 0.33254 0.61293 0.41938 0.08382
0 0.30286 0.67129 0.39839 0.08487
0 0.28483 0.72964 0.37007 0.08317
0 0.31188 0.78800 0.37515 0.08181
0 0.34598 0.84635 0.43998 0.07693
0 0.3344 0.90471 0.38726 0.07737
0 0.34651 0.96306 0.41848 0.07925
0 0.58738 0.13281 0.37957 0.07935
0 0.49665 0.18586 0.43591 0.0736
0 0.49415 0.23891 0.3801 0.08064
0 0.49127 0.29196 0.39192 0.08299
0 0.50562 0.34501 0.37832 0.08024
0 0.5177 0.39806 0.42007 0.07792
0 0.56164 0.45111 0.40198 0.07412
0 0.55528 0.50416 0.36908 0.07543
0 0.57491 0.55721 0.4016 0.07384
0 0.49559 0.61026 0.44091 0.0824
0 0.54597 0.66331 0.38077 0.07953
0 0.50572 0.71636 0.39246 0.08376
0 0.51144 0.76941 0.40866 0.07298
0 0.47011 0.82246 0.40729 0.08632
0 0.55719 0.87551 0.36908 0.08266
0 0.51605 0.92856 0.40294 0.08123
0 0.77049 0.11953 0.3871 0.08706
0 0.65015 0.16727 0.41964 0.07943
0 0.75302 0.21502 0.40799 0.07388
0 0.77973 0.26276 0.40319 0.07443
0 0.66619 0.31051 0.43729 0.08178
0 0.70968 0.35825 0.42718 0.08323
0 0.77775 0.40600 0.37057 0.08214
0 0.81036 0.45374 0.41614 0.07446
0 0.82923 0.50149 0.39158 0.08018
0 0.77435 0.54923 0.38361 0.08717
0 0.78075 0.59698 0.37127 0.0854
0 0.69405 0.64472 0.40434 0.07907
0 0.70905 0.69247 0.43598 0.08274
0 0.77177 0.74021 0.38413 0.07559
0 0.71246 0.78796 0.39684 0.07525
0 0.74323 0.83571 0.38892 0.07672
0 0.80761 0.13281 0.42794 0.07856
0 0.81768 0.18586 0.38326 0.08155
0 0.96265 0.23891 0.3822 0.08282
0 0.87896 0.29196 0.41141 0.07767
0 0.8365 0.34501 0.38863 0.07789
0 0.87439 0.39806 0.42046 0.08694
0 0.91766 0.50416 0.43658 0.07605
0 0.9409 0.55721 0.38927 0.07871
0 0.96196 0.66331 0.40038 0.07898
0 0.90387 0.71636 0.42176 0.07487
0 0.94127 0.76941 0.38576 0.08696
0 0.91458 0.82246 0.40515 0.0817
0 0.97404 0.87551 0.38135 0.08064