0 0.11193 0.13281 0.22203 0.04712
0 0.09954 0.18586 0.24389 0.05145
0 0.11547 0.23891 0.26507 0.04641
0 0.09855 0.29196 0.25885 0.04921
0 0.11083 0.34501 0.24668 0.05207
0 0.10029 0.39806 0.23106 0.04423
0 0.10582 0.45111 0.24289 0.04786
0 0.10301 0.50416 0.24218 0.04421
0 0.10349 0.55721 0.22334 0.04656
0 0.09756 0.61026 0.24348 0.05224
0 0.11279 0.66331 0.24299 0.04802
0 0.10239 0.71636 0.24848 0.0495
0 0.1083 0.76941 0.23572 0.04988
0 0.10371 0.82246 0.23275 0.05035
0 0.10622 0.87551 0.2472 0.04517
0 0.10269 0.92856 0.25753 0.05147
0 0.32927 0.14609 0.25052 0.04956
0 0.31522 0.20444 0.24466 0.05228
0 0.29404 0.26280 0.22808 0.04384
0 0.30919 0.32115 0.25062 0.05111
0 0.28368 0.37951 0.22718 0.04893
0 0.28528 0.43786 0.25297 0.05009
0 0.30068 0.49622 0.2375 0.04689
0 0.3404 0.55457 0.25443 0.05053
0 0.31436 0.61293 0.23203 0.04964
0 0.3173 0.67129 0.25915 0.05029
0 0.33971 0.72964 0.26199 0.05136
0 0.33822 0.78800 0.23395 0.04749
0 0.2902 0.84635 0.25813 0.0492
0 0.28692 0.90471 0.23029 0.04646
0 0.34037 0.96306 0.2303 0.04845
0 0.52668 0.13281 0.23641 0.0504
0 0.48826 0.18586 0.25763 0.04976
0 0.55626 0.23891 0.2393 0.04425
0 0.48256 0.29196 0.24712 0.04514
0 0.5297 0.34501 0.2508 0.05075
0 0.47885 0.39806 0.25428 0.04715
0 0.52084 0.45111 0.23429 0.04408
0 0.54087 0.50416 0.25891 0.04767
0 0.57571 0.55721 0.22217 0.04762
0 0.55036 0.61026 0.26118 0.05207
0 0.5688 0.66331 0.22241 0.05074
0 0.52483 0.71636 0.25954 0.04526
0 0.53409 0.76941 0.24303 0.05214
0 0.55571 0.82246 0.24363 0.04558
0 0.56097 0.87551 0.26248 0.05007
0 0.53849 0.92856 0.23057 0.04901
0 0.69622 0.11953 0.25227 0.04394
0 0.72047 0.16727 0.23091 0.04555
0 0.67632 0.21502 0.22151 0.04578
0 0.71501 0.26276 0.24103 0.04586
0 0.7124 0.31051 0.25226 0.05041
0 0.72691 0.35825 0.24913 0.05083
0 0.72629 0.40600 0.24598 0.04414
0 0.75145 0.45374 0.2532 0.04475
0 0.77034 0.50149 0.26236 0.04405
0 0.76654 0.54923 0.22711 0.05207
0 0.74693 0.59698 0.24629 0.05223
0 0.69438 0.64472 0.22519 0.05221
0 0.68475 0.69247 0.23334 0.05151
0 0.68218 0.74021 0.24009 0.04933
0 0.80603 0.78796 0.25847 0.04875
0 0.79434 0.83571 0.26517 0.05017
0 0.83012 0.13281 0.23462 0.04721
0 0.84947 0.18586 0.24112 0.04987
0 0.95186 0.23891 0.2303 0.04549
0 0.87405 0.29196 0.2625 0.05045
0 0.83886 0.34501 0.22599 0.05154
0 0.83482 0.39806 0.25943 0.0459
0 0.89907 0.45111 0.25512 0.04911
0 0.84479 0.50416 0.25703 0.04667
0 0.94848 0.55721 0.22238 0.04904
0 0.84701 0.61026 0.24545 0.04894
0 0.91487 0.66331 0.26309 0.04458
0 0.85432 0.71636 0.24794 0.05051
0 0.88308 0.76941 0.22533 0.04768
0 0.97106 0.82246 0.2533 0.05004
0 0.83061 0.87551 0.24807 0.04861
0 0.9429 0.92856 0.26089 0.04612