0 0.10501 0.13972 0.16877 0.04271
0 0.10501 0.18369 0.20057 0.04104
0 0.10501 0.22433 0.16494 0.03975
0 0.10501 0.30766 0.2003 0.04029
0 0.10501 0.32062 0.19292 0.03812
0 0.10501 0.38545 0.18419 0.03498
0 0.10501 0.42360 0.20914 0.04226
0 0.10501 0.54212 0.17299 0.04213
0 0.10501 0.52664 0.17551 0.04032
0 0.10501 0.56852 0.21402 0.0376
0 0.10501 0.70376 0.18468 0.036
0 0.10501 0.69512 0.19792 0.0335
0 0.10501 0.83285 0.16917 0.03734
0 0.10501 0.74670 0.17457 0.03821
0 0.10501 0.90242 0.2042 0.03325
0 0.10501 0.87526 0.19026 0.04359
0 0.3148 0.16036 0.19191 0.03961
0 0.3148 0.21626 0.18623 0.035
0 0.3148 0.24530 0.16331 0.03974
0 0.3148 0.34559 0.18477 0.03465
0 0.3148 0.36862 0.17371 0.03479
0 0.3148 0.41183 0.20346 0.04199
0 0.3148 0.50560 0.21472 0.036
0 0.3148 0.58114 0.196 0.04098
0 0.3148 0.66273 0.19419 0.0423
0 0.3148 0.70733 0.22059 0.04134
0 0.3148 0.69014 0.16528 0.04301
0 0.3148 0.77584 0.20036 0.03618
0 0.3148 0.85057 0.18468 0.03272
0 0.3148 0.89471 0.2015 0.03699
0 0.52459 0.14177 0.1698 0.03666
0 0.52459 0.18504 0.16823 0.04141
0 0.52459 0.23312 0.18426 0.03547
0 0.52459 0.27799 0.20215 0.03384
0 0.52459 0.34083 0.17859 0.03456
0 0.52459 0.40412 0.19439 0.04249
0 0.52459 0.48119 0.19288 0.03347
0 0.52459 0.51729 0.21096 0.03433
0 0.52459 0.52023 0.18186 0.03229
0 0.52459 0.62092 0.17692 0.0396
0 0.52459 0.63239 0.20796 0.04154
0 0.52459 0.70931 0.19601 0.03448
0 0.52459 0.81218 0.19915 0.04073
0 0.52459 0.79110 0.19036 0.03275
0 0.52459 0.94612 0.19185 0.0383
0 0.52459 0.97484 0.1987 0.03317
0 0.73438 0.12435 0.17274 0.03864
0 0.73438 0.17715 0.1727 0.04108
0 0.73438 0.19629 0.20913 0.03862
0 0.73438 0.25075 0.16979 0.03397
0 0.73438 0.31942 0.21845 0.03997
0 0.73438 0.35095 0.16275 0.03241
0 0.73438 0.43520 0.19606 0.04367
0 0.73438 0.49546 0.17069 0.04203
0 0.73438 0.51658 0.16418 0.04367
0 0.73438 0.55733 0.16798 0.0386
0 0.73438 0.58913 0.18516 0.04243
0 0.73438 0.63503 0.20916 0.03365
0 0.73438 0.66247 0.18213 0.03966
0 0.73438 0.78250 0.18602 0.03487
0 0.73438 0.71838 0.19883 0.0407
0 0.73438 0.84770 0.17843 0.03883
0 0.90921 0.12662 0.2042 0.03441
0 0.90921 0.18292 0.16883 0.03508
0 0.90921 0.21784 0.20924 0.03405
0 0.90921 0.30638 0.18858 0.04017
0 0.90921 0.34923 0.21488 0.03285
0 0.90921 0.36604 0.17665 0.03319
0 0.90921 0.48124 0.21716 0.0376
0 0.90921 0.54443 0.18039 0.03399
0 0.90921 0.59904 0.21013 0.03534
0 0.90921 0.62202 0.16248 0.04084
0 0.90921 0.70676 0.17931 0.0373
0 0.90921 0.75167 0.1856 0.03892
0 0.90921 0.77965 0.17272 0.04006
0 0.90921 0.86767 0.16518 0.04359
0 0.90921 0.95586 0.17303 0.0347
0 0.90921 0.91937 0.21368 0.037