0 0.09591 0.13281 0.24263 0.04936
0 0.10226 0.18586 0.24949 0.04803
0 0.1051 0.23891 0.25027 0.04765
0 0.10105 0.29196 0.23623 0.04976
0 0.11465 0.34501 0.22484 0.04755
0 0.10636 0.39806 0.24252 0.05074
0 0.10389 0.45111 0.23408 0.05177
0 0.1109 0.50416 0.24315 0.04419
0 0.10895 0.55721 0.26365 0.04979
0 0.10332 0.61026 0.25954 0.04875
0 0.09476 0.66331 0.26459 0.05144
0 0.09715 0.71636 0.26394 0.05083
0 0.10149 0.76941 0.22838 0.0518
0 0.0967 0.82246 0.257 0.04503
0 0.10249 0.87551 0.23242 0.04659
0 0.10581 0.92856 0.22593 0.04444
0 0.34624 0.14609 0.22774 0.04396
0 0.28923 0.20444 0.24661 0.05154
0 0.30795 0.26280 0.24686 0.05225
0 0.30641 0.32115 0.23709 0.0443
0 0.34567 0.37951 0.24523 0.05197
0 0.31529 0.43786 0.26331 0.05145
0 0.32234 0.49622 0.25398 0.04582
0 0.29678 0.55457 0.25281 0.0466
0 0.29283 0.61293 0.24932 0.04649
0 0.33666 0.67129 0.25295 0.04683
0 0.28438 0.72964 0.24105 0.04975
0 0.31312 0.78800 0.23443 0.04467
0 0.31767 0.84635 0.23581 0.04604
0 0.28358 0.90471 0.22298 0.04852
0 0.30779 0.96306 0.25647 0.05122
0 0.50941 0.13281 0.23407 0.04457
0 0.53854 0.18586 0.25675 0.04804
0 0.57179 0.23891 0.25487 0.04545
0 0.5209 0.29196 0.26446 0.05115
0 0.49059 0.34501 0.23984 0.0462
0 0.49706 0.39806 0.2645 0.05152
0 0.55094 0.45111 0.22851 0.05068
0 0.55712 0.50416 0.24795 0.04575
0 0.55875 0.55721 0.24947 0.04978
0 0.57488 0.61026 0.22964 0.05229
0 0.47858 0.66331 0.24222 0.05123
0 0.47944 0.71636 0.23481 0.0522
0 0.50337 0.76941 0.25523 0.04559
0 0.50479 0.82246 0.22561 0.05086
0 0.5611 0.87551 0.23328 0.04516
0 0.55237 0.92856 0.25111 0.04826
0 0.70283 0.11953 0.23258 0.05176
0 0.67606 0.16727 0.226 0.0491
0 0.7821 0.21502 0.26462 0.05065
0 0.80564 0.26276 0.2228 0.04577
0 0.71496 0.31051 0.22717 0.0484
0 0.76409 0.35825 0.24386 0.05037
0 0.77434 0.40600 0.25381 0.04542
0 0.68168 0.45374 0.2432 0.04855
0 0.66913 0.50149 0.25156 0.04963
0 0.76956 0.54923 0.22527 0.05166
0 0.71609 0.59698 0.24252 0.04439
0 0.6908 0.64472 0.22555 0.04787
0 0.75758 0.69247 0.24799 0.05005
0 0.68865 0.74021 0.26307 0.04989
0 0.74347 0.78796 0.23642 0.0443
0 0.75363 0.83571 0.24028 0.04971
0 0.85195 0.13281 0.26102 0.04389
0 0.81895 0.18586 0.23216 0.04834
0 0.82026 0.23891 0.22421 0.0504
0 0.93653 0.29196 0.23767 0.04717
0 0.92629 0.34501 0.2411 0.04941
0 0.98295 0.39806 0.22151 0.04754
0 0.89728 0.45111 0.23029 0.04604
0 0.87482 0.50416 0.22643 0.04482
0 0.84046 0.55721 0.26029 0.04697
0 0.98556 0.61026 0.23289 0.04378
0 0.85361 0.66331 0.25973 0.04959
0 0.94789 0.71636 0.2299 0.04999
0 0.86925 0.76941 0.25922 0.04475
0 0.83272 0.82246 0.22371 0.04513
0 0.82562 0.87551 0.25575 0.0481
0 0.92163 0.92856 0.23561 0.04835