0 0.10501 0.13281 0.42964 0.08115
0 0.10501 0.18586 0.37168 0.07871
0 0.10501 0.23891 0.40535 0.08515
0 0.10501 0.29196 0.37833 0.07479
0 0.10501 0.34501 0.37046 0.08103
0 0.10501 0.39806 0.41218 0.08175
0 0.10501 0.45111 0.40789 0.07857
0 0.10501 0.50416 0.38155 0.08103
0 0.10501 0.55721 0.37944 0.08417
0 0.10501 0.61026 0.38684 0.07626
0 0.10501 0.66331 0.41275 0.0751
0 0.10501 0.71636 0.43824 0.07799
0 0.10501 0.76941 0.40169 0.08597
0 0.10501 0.82246 0.39783 0.07313
0 0.10501 0.87551 0.4401 0.08497
0 0.10501 0.92856 0.3793 0.08326
0 0.3148 0.14609 0.40622 0.0754
0 0.3148 0.20444 0.38944 0.08719
0 0.3148 0.26280 0.39179 0.08173
0 0.3148 0.32115 0.39801 0.07886
0 0.3148 0.37951 0.38359 0.08163
0 0.3148 0.43786 0.41734 0.08644
0 0.3148 0.49622 0.3859 0.08681
0 0.3148 0.55457 0.41446 0.07898
0 0.3148 0.61293 0.37597 0.07859
0 0.3148 0.67129 0.38426 0.07524
0 0.3148 0.72964 0.39123 0.08271
0 0.3148 0.78800 0.41368 0.08676
0 0.3148 0.84635 0.43096 0.07853
0 0.3148 0.90471 0.40048 0.07306
0 0.3148 0.96306 0.39734 0.08047
0 0.52459 0.13281 0.43491 0.07646
0 0.52459 0.18586 0.41546 0.07784
0 0.52459 0.23891 0.43693 0.08103
0 0.52459 0.29196 0.39653 0.08057
0 0.52459 0.34501 0.44192 0.08381
0 0.52459 0.39806 0.4107 0.08581
0 0.52459 0.45111 0.43031 0.07628
0 0.52459 0.50416 0.43322 0.08296
0 0.52459 0.55721 0.41456 0.08249
0 0.52459 0.61026 0.42991 0.07446
0 0.52459 0.66331 0.38003 0.08543
0 0.52459 0.71636 0.40801 0.07924
0 0.52459 0.76941 0.38039 0.07344
0 0.52459 0.82246 0.42454 0.07556
0 0.52459 0.87551 0.42946 0.08039
0 0.52459 0.92856 0.43218 0.0775
0 0.73438 0.11953 0.37531 0.07408
0 0.73438 0.16727 0.43143 0.07614
0 0.73438 0.21502 0.42875 0.08675
0 0.73438 0.26276 0.36983 0.07558
0 0.73438 0.31051 0.42949 0.08675
0 0.73438 0.35825 0.38318 0.08355
0 0.73438 0.40600 0.43407 0.0822
0 0.73438 0.45374 0.39293 0.08342
0 0.73438 0.50149 0.40775 0.08049
0 0.73438 0.54923 0.38084 0.07843
0 0.73438 0.59698 0.38223 0.0796
0 0.73438 0.64472 0.43008 0.07874
0 0.73438 0.69247 0.43565 0.08299
0 0.73438 0.74021 0.40946 0.0757
0 0.73438 0.78796 0.37711 0.07967
0 0.73438 0.83571 0.40839 0.08021
0 0.90921 0.13281 0.39111 0.07539
0 0.90921 0.18586 0.41852 0.0796
0 0.90921 0.23891 0.43066 0.07471
0 0.90921 0.29196 0.39535 0.0778
0 0.90921 0.34501 0.37215 0.08336
0 0.90921 0.39806 0.44086 0.07383
0 0.90921 0.45111 0.42475 0.07989
0 0.90921 0.50416 0.42195 0.07423
0 0.90921 0.55721 0.36936 0.07544
0 0.90921 0.61026 0.41794 0.07946
0 0.90921 0.66331 0.37763 0.07365
0 0.90921 0.71636 0.37489 0.08327
0 0.90921 0.76941 0.41202 0.07618
0 0.90921 0.82246 0.39595 0.08446
0 0.90921 0.87551 0.40493 0.07953
0 0.90921 0.92856 0.41254 0.07432