0 0.0954 0.13281 0.43308 0.08317
0 0.11778 0.18586 0.41409 0.07662
0 0.1201 0.23891 0.38386 0.08754
0 0.10007 0.29196 0.37166 0.08473
0 0.11415 0.34501 0.41126 0.07661
0 0.10923 0.39806 0.37893 0.07671
0 0.0936 0.45111 0.41529 0.08225
0 0.09376 0.50416 0.41849 0.07784
0 0.11044 0.55721 0.4353 0.07746
0 0.1052 0.61026 0.42757 0.08294
0 0.10694 0.66331 0.39465 0.08514
0 0.09631 0.71636 0.37049 0.08025
0 0.0965 0.76941 0.42883 0.08537
0 0.09401 0.82246 0.40415 0.08072
0 0.10086 0.87551 0.38549 0.08121
0 0.11739 0.92856 0.38909 0.0754
0 0.34199 0.14609 0.3977 0.08426
0 0.32855 0.20444 0.41338 0.08346
0 0.30843 0.26280 0.41151 0.0842
0 0.32003 0.32115 0.39263 0.07846
0 0.32305 0.37951 0.39493 0.07622
0 0.34828 0.43786 0.43093 0.07733
0 0.35494 0.49622 0.43252 0.08411
0 0.35268 0.55457 0.41561 0.08079
0 0.34809 0.61293 0.43605 0.08255
0 0.30151 0.67129 0.39352 0.08294
0 0.33307 0.72964 0.41404 0.07908
0 0.28681 0.78800 0.37047 0.08066
0 0.30255 0.84635 0.41721 0.08028
0 0.35297 0.90471 0.40366 0.0843
0 0.34765 0.96306 0.41135 0.07545
0 0.53815 0.13281 0.3696 0.07705
0 0.60156 0.18586 0.37854 0.08566
0 0.49167 0.23891 0.38689 0.08344
0 0.53997 0.29196 0.41326 0.08046
0 0.52509 0.34501 0.37449 0.08145
0 0.49792 0.39806 0.40443 0.08152
0 0.50797 0.45111 0.42881 0.08017
0 0.59196 0.50416 0.4172 0.08721
0 0.50604 0.55721 0.38646 0.08088
0 0.56843 0.61026 0.41403 0.078
0 0.55028 0.66331 0.43078 0.07952
0 0.52786 0.71636 0.41621 0.08481
0 0.58068 0.76941 0.37899 0.07945
0 0.57985 0.82246 0.38265 0.08287
0 0.47711 0.87551 0.3697 0.0838
0 0.52356 0.92856 0.42631 0.07361
0 0.65141 0.11953 0.38295 0.07485
0 0.8181 0.16727 0.41361 0.08275
0 0.69722 0.21502 0.4102 0.07831
0 0.76755 0.26276 0.38734 0.07837
0 0.71702 0.31051 0.37632 0.07951
0 0.6796 0.35825 0.37308 0.08242
0 0.69267 0.40600 0.39662 0.08111
0 0.73429 0.45374 0.3782 0.07768
0 0.6478 0.50149 0.41736 0.08698
0 0.77976 0.54923 0.3712 0.07612
0 0.70822 0.59698 0.38197 0.0824
0 0.64835 0.64472 0.44136 0.08239
0 0.65938 0.69247 0.43962 0.0737
0 0.67647 0.74021 0.38812 0.07371
0 0.76012 0.78796 0.37411 0.07353
0 0.67799 0.83571 0.39055 0.08329
0 0.93152 0.18586 0.43019 0.07945
0 0.92372 0.29196 0.3919 0.08213
0 0.91551 0.34501 0.43677 0.07352
0 0.83584 0.45111 0.43493 0.07704
0 0.8125 0.50416 0.43377 0.07304
0 0.81223 0.61026 0.43508 0.07509
0 0.87922 0.71636 0.38825 0.07875
0 0.89158 0.76941 0.37326 0.08083
0 0.98993 0.82246 0.38027 0.07669
0 0.95319 0.87551 0.37666 0.08356
0 0.94742 0.92856 0.37273 0.07319