0 0.10331 0.13281 0.22753 0.0507
0 0.10643 0.18586 0.25639 0.04565
0 0.1065 0.23891 0.23521 0.04512
0 0.11113 0.29196 0.25996 0.05228
0 0.10896 0.34501 0.23374 0.0461
0 0.09556 0.39806 0.26276 0.0518
0 0.10286 0.45111 0.22301 0.04435
0 0.10756 0.50416 0.25301 0.05067
0 0.10615 0.55721 0.24547 0.04382
0 0.10986 0.61026 0.2297 0.05031
0 0.1106 0.66331 0.2234 0.04418
0 0.09684 0.71636 0.2403 0.04565
0 0.11254 0.76941 0.24876 0.04384
0 0.09776 0.82246 0.25957 0.04841
0 0.11148 0.87551 0.25148 0.04742
0 0.10329 0.92856 0.2468 0.05108
0 0.31892 0.14609 0.22525 0.05241
0 0.33709 0.20444 0.24658 0.05176
0 0.29068 0.26280 0.25919 0.04812
0 0.2903 0.32115 0.2439 0.05252
0 0.29273 0.37951 0.24551 0.04747
0 0.30236 0.43786 0.23151 0.04872
0 0.29556 0.49622 0.24665 0.05194
0 0.34333 0.55457 0.22797 0.04542
0 0.29395 0.61293 0.25728 0.05224
0 0.30269 0.67129 0.22711 0.04639
0 0.33405 0.72964 0.242 0.05005
0 0.328 0.78800 0.22645 0.05241
0 0.29477 0.84635 0.22451 0.05102
0 0.30287 0.90471 0.24608 0.05238
0 0.28829 0.96306 0.23313 0.04855
0 0.47313 0.13281 0.23357 0.05119
0 0.52272 0.18586 0.25148 0.05059
0 0.5411 0.23891 0.23832 0.05191
0 0.49997 0.29196 0.25695 0.05044
0 0.55568 0.34501 0.23355 0.04481
0 0.54388 0.39806 0.25897 0.04795
0 0.502 0.45111 0.23495 0.04763
0 0.52278 0.50416 0.26309 0.04895
0 0.51033 0.55721 0.22776 0.04923
0 0.47713 0.61026 0.2331 0.05197
0 0.48746 0.66331 0.24339 0.04682
0 0.5461 0.71636 0.22313 0.04431
0 0.55114 0.76941 0.238 0.04843
0 0.50677 0.82246 0.23175 0.05249
0 0.48694 0.87551 0.2329 0.04761
0 0.52642 0.92856 0.25744 0.04784
0 0.75929 0.11953 0.25241 0.04922
0 0.74471 0.16727 0.26335 0.04938
0 0.73397 0.21502 0.22537 0.04961
0 0.77077 0.26276 0.23314 0.05217
0 0.66273 0.31051 0.24462 0.04671
0 0.69367 0.35825 0.244 0.04668
0 0.70069 0.40600 0.22875 0.05082
0 0.71372 0.45374 0.24597 0.04511
0 0.66405 0.50149 0.2346 0.04427
0 0.67044 0.54923 0.25661 0.04574
0 0.75263 0.59698 0.22131 0.05222
0 0.75044 0.64472 0.228 0.05001
0 0.75406 0.69247 0.25237 0.04904
0 0.80651 0.74021 0.22334 0.0489
0 0.70582 0.78796 0.22408 0.05198
0 0.73975 0.83571 0.24416 0.04401
0 0.83896 0.13281 0.26388 0.0506
0 0.94076 0.18586 0.22722 0.04591
0 0.85249 0.23891 0.22592 0.04712
0 0.83192 0.29196 0.25156 0.04969
0 0.99988 0.34501 0.24008 0.0471
0 0.82703 0.39806 0.22728 0.04668
0 0.83346 0.45111 0.23651 0.04789
0 0.88084 0.50416 0.24783 0.05224
0 0.91048 0.55721 0.25516 0.04439
0 0.85618 0.61026 0.24604 0.04933
0 0.85654 0.66331 0.23079 0.04616
0 0.91124 0.71636 0.25694 0.04574
0 0.93871 0.76941 0.2548 0.04944
0 0.97837 0.82246 0.25449 0.05215
0 0.95444 0.87551 0.24929 0.04859
0 0.89802 0.92856 0.26421 0.04938