0 0.10501 0.13281 0.37656 0.07866
0 0.10501 0.18586 0.43114 0.07902
0 0.10501 0.23891 0.37144 0.07366
0 0.10501 0.29196 0.43969 0.07375
0 0.10501 0.34501 0.41021 0.08423
0 0.10501 0.39806 0.40044 0.08175
0 0.10501 0.45111 0.42046 0.07444
0 0.10501 0.50416 0.43632 0.079
0 0.10501 0.55721 0.40388 0.0832
0 0.10501 0.61026 0.40562 0.08048
0 0.10501 0.66331 0.37579 0.07887
0 0.10501 0.71636 0.44187 0.08486
0 0.10501 0.76941 0.39805 0.0814
0 0.10501 0.82246 0.37913 0.08401
0 0.10501 0.87551 0.42264 0.08501
0 0.10501 0.92856 0.43006 0.07606
0 0.3148 0.14609 0.43482 0.07707
0 0.3148 0.20444 0.40048 0.0747
0 0.3148 0.26280 0.36963 0.08506
0 0.3148 0.32115 0.36899 0.07463
0 0.3148 0.37951 0.36984 0.07353
0 0.3148 0.43786 0.38327 0.0735
0 0.3148 0.49622 0.38818 0.07897
0 0.3148 0.55457 0.40494 0.08296
0 0.3148 0.61293 0.44101 0.07975
0 0.3148 0.67129 0.41863 0.081
0 0.3148 0.72964 0.40756 0.08318
0 0.3148 0.78800 0.38999 0.08529
0 0.3148 0.84635 0.44219 0.08369
0 0.3148 0.90471 0.43277 0.08471
0 0.3148 0.96306 0.43253 0.08443
0 0.52459 0.13281 0.39673 0.07496
0 0.52459 0.18586 0.36893 0.07471
0 0.52459 0.23891 0.4362 0.07463
0 0.52459 0.29196 0.38747 0.08314
0 0.52459 0.34501 0.43465 0.08296
0 0.52459 0.39806 0.42811 0.08379
0 0.52459 0.45111 0.41086 0.08177
0 0.52459 0.50416 0.37707 0.07339
0 0.52459 0.55721 0.4154 0.08226
0 0.52459 0.61026 0.42414 0.07831
0 0.52459 0.66331 0.41341 0.0851
0 0.52459 0.71636 0.43785 0.07988
0 0.52459 0.76941 0.42955 0.07345
0 0.52459 0.82246 0.41214 0.07379
0 0.52459 0.87551 0.42281 0.08739
0 0.52459 0.92856 0.42267 0.08597
0 0.73438 0.11953 0.41011 0.07396
0 0.73438 0.16727 0.4176 0.08137
0 0.73438 0.21502 0.37129 0.07371
0 0.73438 0.26276 0.44016 0.08296
0 0.73438 0.31051 0.43276 0.07796
0 0.73438 0.35825 0.39814 0.08612
0 0.73438 0.40600 0.39321 0.08491
0 0.73438 0.45374 0.4162 0.08369
0 0.73438 0.50149 0.41647 0.07998
0 0.73438 0.54923 0.37421 0.07565
0 0.73438 0.59698 0.39775 0.07504
0 0.73438 0.64472 0.40768 0.07985
0 0.73438 0.69247 0.38546 0.0768
0 0.73438 0.74021 0.3985 0.08367
0 0.73438 0.78796 0.41046 0.07387
0 0.73438 0.83571 0.42997 0.0788
0 0.90921 0.13281 0.4375 0.08174
0 0.90921 0.18586 0.38502 0.07535
0 0.90921 0.23891 0.41955 0.0757
0 0.90921 0.29196 0.43597 0.07822
0 0.90921 0.34501 0.43075 0.08618
0 0.90921 0.39806 0.4315 0.07421
0 0.90921 0.45111 0.42184 0.07698
0 0.90921 0.50416 0.43127 0.0784
0 0.90921 0.55721 0.3741 0.08128
0 0.90921 0.61026 0.41764 0.08341
0 0.90921 0.66331 0.4058 0.07511
0 0.90921 0.71636 0.41356 0.07808
0 0.90921 0.76941 0.39436 0.0848
0 0.90921 0.82246 0.40514 0.07448
0 0.90921 0.87551 0.41378 0.08384
0 0.90921 0.92856 0.39371 0.074