0 0.09832 0.13281 0.38259 0.07965
0 0.09329 0.18586 0.41977 0.07965
0 0.10321 0.23891 0.41292 0.07906
0 0.09977 0.29196 0.41385 0.08247
0 0.09904 0.34501 0.37501 0.07795
0 0.10479 0.39806 0.4041 0.08056
0 0.1047 0.45111 0.40739 0.07338
0 0.11411 0.50416 0.37477 0.07869
0 0.09825 0.55721 0.41545 0.07952
0 0.11524 0.61026 0.3805 0.08404
0 0.11634 0.66331 0.4347 0.08526
0 0.11282 0.71636 0.3803 0.08645
0 0.10661 0.76941 0.43229 0.07789
0 0.118 0.82246 0.39926 0.08632
0 0.0933 0.87551 0.42849 0.08255
0 0.10359 0.92856 0.40545 0.08428
0 0.34416 0.14609 0.42667 0.08173
0 0.35953 0.20444 0.39518 0.08441
0 0.3138 0.26280 0.39643 0.08414
0 0.33445 0.32115 0.38809 0.0864
0 0.32684 0.37951 0.40996 0.08522
0 0.31316 0.43786 0.39943 0.07989
0 0.28619 0.49622 0.39639 0.08693
0 0.30919 0.55457 0.40263 0.08501
0 0.35056 0.61293 0.39522 0.07436
0 0.3421 0.67129 0.40043 0.08722
0 0.3084 0.72964 0.39526 0.08467
0 0.32602 0.78800 0.39126 0.08235
0 0.34672 0.84635 0.43744 0.07653
0 0.30074 0.90471 0.38987 0.08076
0 0.34643 0.96306 0.39537 0.07451
0 0.51474 0.13281 0.44159 0.07953
0 0.56302 0.18586 0.40593 0.08478
0 0.532 0.23891 0.44232 0.08283
0 0.591 0.29196 0.3789 0.07378
0 0.59112 0.34501 0.39533 0.07964
0 0.53576 0.39806 0.40045 0.0789
0 0.46234 0.45111 0.43486 0.07848
0 0.59771 0.50416 0.42117 0.08557
0 0.57095 0.55721 0.42562 0.08439
0 0.57134 0.61026 0.36999 0.07698
0 0.48977 0.66331 0.39057 0.08149
0 0.4823 0.71636 0.37942 0.08698
0 0.49047 0.76941 0.40278 0.07867
0 0.54698 0.82246 0.39418 0.07789
0 0.50662 0.87551 0.39694 0.07659
0 0.52216 0.92856 0.39805 0.07879
0 0.78171 0.11953 0.43705 0.08717
0 0.67335 0.16727 0.43808 0.07791
0 0.82544 0.21502 0.38503 0.07452
0 0.71777 0.26276 0.40307 0.07549
0 0.77214 0.31051 0.37844 0.081
0 0.70808 0.35825 0.40843 0.07906
0 0.66362 0.40600 0.41608 0.08571
0 0.67106 0.45374 0.43093 0.07692
0 0.69061 0.50149 0.41108 0.07474
0 0.81991 0.54923 0.40381 0.07873
0 0.74553 0.59698 0.4195 0.08239
0 0.79024 0.64472 0.41631 0.08389
0 0.66768 0.69247 0.41114 0.07929
0 0.65143 0.74021 0.43495 0.07518
0 0.76361 0.78796 0.44055 0.0826
0 0.6721 0.83571 0.3882 0.07328
0 0.95702 0.13281 0.41449 0.07969
0 0.85906 0.18586 0.40399 0.08389
0 0.88048 0.23891 0.42505 0.08352
0 0.88537 0.29196 0.43278 0.08753
0 0.99281 0.39806 0.38681 0.08278
0 0.96081 0.45111 0.4259 0.08532
0 0.93507 0.50416 0.42597 0.07929
0 0.97435 0.55721 0.40036 0.07669
0 0.97312 0.61026 0.43371 0.07667
0 0.85612 0.66331 0.40613 0.08202
0 0.93785 0.71636 0.41451 0.07551
0 0.97832 0.76941 0.38736 0.07732
0 0.96504 0.82246 0.4151 0.0795
0 0.99979 0.87551 0.38406 0.07772
0 0.95698 0.92856 0.4143 0.08405