0 0.10501 0.14362 0.19357 0.03672
0 0.10501 0.17462 0.18969 0.04023
0 0.10501 0.22337 0.16715 0.03609
0 0.10501 0.26958 0.19589 0.04032
0 0.10501 0.37452 0.18092 0.03354
0 0.10501 0.36735 0.18105 0.03873
0 0.10501 0.48638 0.22056 0.04262
0 0.10501 0.51357 0.18069 0.04315
0 0.10501 0.50737 0.17501 0.03487
0 0.10501 0.64276 0.1902 0.0435
0 0.10501 0.71658 0.18056 0.03857
0 0.10501 0.66378 0.21011 0.03935
0 0.10501 0.82999 0.16408 0.04118
0 0.10501 0.89502 0.22118 0.04101
0 0.10501 0.79739 0.21669 0.0354
0 0.10501 0.85260 0.21 0.03655
0 0.3148 0.14862 0.21035 0.04167
0 0.3148 0.20686 0.21082 0.03988
0 0.3148 0.28091 0.18933 0.04009
0 0.3148 0.31802 0.17976 0.03604
0 0.3148 0.36062 0.19543 0.03408
0 0.3148 0.46952 0.17065 0.04096
0 0.3148 0.50045 0.19258 0.03369
0 0.3148 0.58796 0.21758 0.03716
0 0.3148 0.66560 0.2067 0.0401
0 0.3148 0.61293 0.1742 0.0365
0 0.3148 0.75530 0.20296 0.04315
0 0.3148 0.83452 0.19301 0.04316
0 0.3148 0.77525 0.16764 0.03245
0 0.3148 0.95671 0.20102 0.03883
0 0.3148 0.99212 0.17713 0.04188
0 0.52459 0.12196 0.16726 0.04354
0 0.52459 0.19673 0.21082 0.03394
0 0.52459 0.23325 0.20786 0.03641
0 0.52459 0.28871 0.21701 0.03306
0 0.52459 0.35429 0.21744 0.03587
0 0.52459 0.37493 0.17403 0.04188
0 0.52459 0.49104 0.1928 0.03741
0 0.52459 0.50139 0.20618 0.04208
0 0.52459 0.52489 0.17505 0.0344
0 0.52459 0.57256 0.22109 0.04368
0 0.52459 0.61535 0.19252 0.03973
0 0.52459 0.75370 0.18717 0.03297
0 0.52459 0.81492 0.20066 0.03227
0 0.52459 0.81536 0.19893 0.04273
0 0.52459 0.80934 0.21391 0.03941
0 0.52459 0.96540 0.18465 0.03382
0 0.73438 0.12319 0.18615 0.03312
0 0.73438 0.15167 0.21228 0.03397
0 0.73438 0.21266 0.20331 0.04232
0 0.73438 0.25524 0.1941 0.03386
0 0.73438 0.27967 0.19624 0.03542
0 0.73438 0.37813 0.21448 0.03661
0 0.73438 0.40315 0.18504 0.03868
0 0.73438 0.48813 0.20567 0.0407
0 0.73438 0.48786 0.17641 0.03692
0 0.73438 0.52175 0.21587 0.03357
0 0.73438 0.55923 0.2035 0.04136
0 0.73438 0.63270 0.18493 0.03353
0 0.73438 0.68996 0.2028 0.03351
0 0.73438 0.75379 0.19524 0.03632
0 0.73438 0.80123 0.19028 0.04024
0 0.73438 0.87723 0.16323 0.04195
0 0.90921 0.13198 0.17921 0.0345
0 0.90921 0.18899 0.17565 0.03442
0 0.90921 0.26007 0.19025 0.0351
0 0.90921 0.31289 0.2209 0.04163
0 0.90921 0.34097 0.19748 0.04173
0 0.90921 0.35864 0.16888 0.03975
0 0.90921 0.44786 0.16792 0.03384
0 0.90921 0.47723 0.20311 0.04055
0 0.90921 0.53507 0.22075 0.03263
0 0.90921 0.55691 0.21241 0.03755
0 0.90921 0.68612 0.19722 0.04192
0 0.90921 0.74250 0.17494 0.04171
0 0.90921 0.70878 0.20565 0.04039
0 0.90921 0.82458 0.1828 0.03922
0 0.90921 0.85466 0.20102 0.04304
0 0.90921 0.87269 0.1791 0.03861