0 0.10973 0.13281 0.24672 0.0484
0 0.10607 0.18586 0.25854 0.0489
0 0.11453 0.23891 0.25107 0.04766
0 0.09959 0.29196 0.22724 0.04545
0 0.10619 0.34501 0.23343 0.05245
0 0.09812 0.39806 0.25379 0.04769
0 0.09634 0.45111 0.2224 0.04977
0 0.101 0.50416 0.22366 0.04947
0 0.10987 0.55721 0.24603 0.04382
0 0.09845 0.61026 0.22176 0.05067
0 0.10667 0.66331 0.23891 0.04701
0 0.10827 0.71636 0.24593 0.04829
0 0.09888 0.76941 0.26206 0.04895
0 0.10006 0.82246 0.2483 0.04751
0 0.11319 0.87551 0.25849 0.05211
0 0.09533 0.92856 0.25061 0.04518
0 0.28705 0.14609 0.23539 0.04607
0 0.31367 0.20444 0.26358 0.04891
0 0.29 0.26280 0.25214 0.0442
0 0.30195 0.32115 0.24051 0.04931
0 0.29937 0.37951 0.26049 0.05024
0 0.30253 0.43786 0.24108 0.05101
0 0.29341 0.49622 0.24919 0.04424
0 0.30269 0.55457 0.22155 0.05181
0 0.33722 0.61293 0.24726 0.04541
0 0.31599 0.67129 0.22482 0.04614
0 0.31362 0.72964 0.24544 0.05162
0 0.31881 0.78800 0.22807 0.04538
0 0.28425 0.84635 0.24932 0.05039
0 0.32785 0.90471 0.22755 0.04544
0 0.3438 0.96306 0.24933 0.04648
0 0.57001 0.13281 0.25914 0.04691
0 0.49976 0.18586 0.23961 0.04741
0 0.47622 0.23891 0.2362 0.05201
0 0.54645 0.29196 0.2232 0.04772
0 0.51816 0.34501 0.24494 0.044
0 0.5361 0.39806 0.24131 0.05064
0 0.53711 0.45111 0.25976 0.04909
0 0.48752 0.50416 0.24453 0.04878
0 0.51447 0.55721 0.24434 0.0481
0 0.5632 0.61026 0.22383 0.05065
0 0.4857 0.66331 0.26218 0.04565
0 0.49226 0.71636 0.23902 0.04603
0 0.50064 0.76941 0.22233 0.05226
0 0.48517 0.82246 0.23062 0.05177
0 0.48674 0.87551 0.23694 0.04453
0 0.55653 0.92856 0.23148 0.04612
0 0.68479 0.11953 0.25162 0.04595
0 0.77662 0.16727 0.25475 0.04482
0 0.74731 0.21502 0.25341 0.05145
0 0.76326 0.26276 0.22493 0.04387
0 0.74283 0.31051 0.22952 0.04419
0 0.71724 0.35825 0.26062 0.05105
0 0.69186 0.40600 0.25636 0.04517
0 0.67838 0.45374 0.22283 0.05014
0 0.71531 0.50149 0.25902 0.04839
0 0.78469 0.54923 0.24483 0.04613
0 0.73774 0.59698 0.25597 0.05011
0 0.68138 0.64472 0.2311 0.04619
0 0.71276 0.69247 0.22647 0.04464
0 0.66212 0.74021 0.22971 0.04555
0 0.77822 0.78796 0.23436 0.04426
0 0.76577 0.83571 0.22415 0.04742
0 0.95741 0.13281 0.25468 0.04447
0 0.86191 0.18586 0.25057 0.04581
0 0.87031 0.23891 0.26447 0.05096
0 0.98088 0.29196 0.26109 0.04765
0 0.93084 0.34501 0.25602 0.04388
0 0.84545 0.39806 0.26211 0.05098
0 0.89486 0.45111 0.25184 0.04604
0 0.90963 0.50416 0.25105 0.04605
0 0.97424 0.55721 0.25738 0.05099
0 0.82148 0.61026 0.23911 0.05022
0 0.87337 0.66331 0.22385 0.05148
0 0.90404 0.71636 0.25316 0.04389
0 0.84069 0.76941 0.2275 0.04565
0 0.96501 0.82246 0.25634 0.04592
0 0.82695 0.87551 0.24328 0.05054
0 0.97142 0.92856 0.23483 0.04908