0 0.11286 0.13281 0.42841 0.08227
0 0.1128 0.18586 0.4115 0.07567
0 0.1087 0.23891 0.43888 0.08574
0 0.095 0.29196 0.40067 0.08251
0 0.09411 0.34501 0.3728 0.07521
0 0.10439 0.39806 0.42548 0.08137
0 0.09413 0.45111 0.38837 0.07357
0 0.10162 0.50416 0.42365 0.0806
0 0.09998 0.55721 0.38029 0.08389
0 0.10691 0.61026 0.37033 0.07486
0 0.11127 0.66331 0.43639 0.07931
0 0.11808 0.71636 0.38984 0.08431
0 0.11496 0.76941 0.41131 0.08209
0 0.11278 0.82246 0.39734 0.08117
0 0.10707 0.87551 0.39835 0.07996
0 0.11791 0.92856 0.40564 0.0773
0 0.33079 0.14609 0.40799 0.08659
0 0.35714 0.20444 0.38914 0.07775
0 0.28911 0.26280 0.39086 0.07356
0 0.36143 0.32115 0.4268 0.07399
0 0.3314 0.37951 0.44052 0.0776
0 0.29304 0.43786 0.4368 0.07786
0 0.34154 0.49622 0.37415 0.08082
0 0.29205 0.55457 0.43511 0.07441
0 0.34864 0.61293 0.37404 0.08279
0 0.35897 0.67129 0.39481 0.07917
0 0.27881 0.72964 0.42411 0.07568
0 0.32778 0.78800 0.38995 0.08536
0 0.31448 0.84635 0.42957 0.07437
0 0.29807 0.90471 0.42617 0.07764
0 0.29994 0.96306 0.43922 0.07306
0 0.51134 0.13281 0.37742 0.08081
0 0.57701 0.18586 0.38492 0.08273
0 0.51236 0.23891 0.40493 0.08129
0 0.59956 0.29196 0.38763 0.07997
0 0.55696 0.34501 0.4362 0.08314
0 0.56628 0.39806 0.38933 0.08347
0 0.46429 0.45111 0.40195 0.07909
0 0.46653 0.50416 0.4158 0.08193
0 0.49677 0.55721 0.42907 0.08092
0 0.48541 0.61026 0.41355 0.07899
0 0.55499 0.66331 0.41382 0.0745
0 0.54091 0.71636 0.4386 0.07486
0 0.58676 0.76941 0.43119 0.07424
0 0.51435 0.82246 0.42032 0.07525
0 0.60105 0.87551 0.43382 0.07574
0 0.59619 0.92856 0.41874 0.08395
0 0.81544 0.11953 0.39951 0.08508
0 0.72246 0.16727 0.43287 0.07758
0 0.82564 0.21502 0.38236 0.08614
0 0.75065 0.26276 0.42642 0.08559
0 0.73014 0.31051 0.41801 0.08002
0 0.78861 0.35825 0.37878 0.07502
0 0.76991 0.40600 0.40212 0.08048
0 0.68498 0.45374 0.43918 0.07671
0 0.67319 0.50149 0.4353 0.08105
0 0.79258 0.54923 0.42766 0.07497
0 0.80355 0.59698 0.37778 0.07306
0 0.75559 0.64472 0.3957 0.08695
0 0.7777 0.69247 0.37239 0.08521
0 0.76536 0.74021 0.43696 0.07604
0 0.66682 0.78796 0.41364 0.08205
0 0.71903 0.83571 0.38686 0.07531
0 0.81877 0.13281 0.42268 0.07721
0 0.81419 0.18586 0.40775 0.07987
0 0.94085 0.23891 0.382 0.07411
0 0.82528 0.29196 0.37906 0.07517
0 0.95415 0.34501 0.44218 0.07772
0 0.8478 0.39806 0.41301 0.07719
0 0.86783 0.45111 0.38787 0.08269
0 0.85287 0.50416 0.38102 0.0839
0 0.81414 0.55721 0.42202 0.08608
0 0.95423 0.66331 0.37204 0.08462
0 0.85912 0.76941 0.41672 0.07841
0 0.96365 0.87551 0.37715 0.07439
0 0.98733 0.92856 0.42444 0.08493