0 0.10501 0.13281 0.3862 0.07349
0 0.10501 0.18586 0.40218 0.08131
0 0.10501 0.23891 0.40331 0.07381
0 0.10501 0.29196 0.39576 0.08305
0 0.10501 0.34501 0.43222 0.07807
0 0.10501 0.39806 0.39603 0.08049
0 0.10501 0.45111 0.40458 0.0843
0 0.10501 0.50416 0.44092 0.07767
0 0.10501 0.55721 0.40737 0.07374
0 0.10501 0.61026 0.40283 0.08383
0 0.10501 0.66331 0.38819 0.08076
0 0.10501 0.71636 0.43752 0.08175
0 0.10501 0.76941 0.38449 0.07652
0 0.10501 0.82246 0.42265 0.07768
0 0.10501 0.87551 0.41522 0.08321
0 0.10501 0.92856 0.41808 0.07489
0 0.3148 0.14609 0.42504 0.08543
0 0.3148 0.20444 0.40595 0.08558
0 0.3148 0.26280 0.4161 0.08474
0 0.3148 0.32115 0.42024 0.08601
0 0.3148 0.37951 0.43366 0.07524
0 0.3148 0.43786 0.37255 0.08092
0 0.3148 0.49622 0.38846 0.07946
0 0.3148 0.55457 0.42041 0.08018
0 0.3148 0.61293 0.39909 0.07312
0 0.3148 0.67129 0.41897 0.08223
0 0.3148 0.72964 0.39522 0.07548
0 0.3148 0.78800 0.43577 0.08084
0 0.3148 0.84635 0.3885 0.0813
0 0.3148 0.90471 0.44034 0.08189
0 0.3148 0.96306 0.41335 0.08444
0 0.52459 0.13281 0.38806 0.08094
0 0.52459 0.18586 0.39076 0.07307
0 0.52459 0.23891 0.40873 0.07595
0 0.52459 0.29196 0.38842 0.08224
0 0.52459 0.34501 0.36995 0.0785
0 0.52459 0.39806 0.43993 0.07566
0 0.52459 0.45111 0.43497 0.08213
0 0.52459 0.50416 0.42539 0.07837
0 0.52459 0.55721 0.43683 0.08423
0 0.52459 0.61026 0.38011 0.07332
0 0.52459 0.66331 0.38325 0.08322
0 0.52459 0.71636 0.39416 0.08319
0 0.52459 0.76941 0.37628 0.07914
0 0.52459 0.82246 0.37487 0.07924
0 0.52459 0.87551 0.42893 0.08508
0 0.52459 0.92856 0.4003 0.07518
0 0.73438 0.11953 0.40981 0.07868
0 0.73438 0.16727 0.43387 0.08708
0 0.73438 0.21502 0.37539 0.07512
0 0.73438 0.26276 0.4328 0.07459
0 0.73438 0.31051 0.39035 0.07401
0 0.73438 0.35825 0.39213 0.08088
0 0.73438 0.40600 0.42562 0.08361
0 0.73438 0.45374 0.40185 0.0859
0 0.73438 0.50149 0.43644 0.08348
0 0.73438 0.54923 0.42433 0.07603
0 0.73438 0.59698 0.43636 0.07403
0 0.73438 0.64472 0.40935 0.07359
0 0.73438 0.69247 0.40695 0.08491
0 0.73438 0.74021 0.40935 0.0798
0 0.73438 0.78796 0.42515 0.07556
0 0.73438 0.83571 0.41445 0.08746
0 0.90921 0.13281 0.37987 0.08057
0 0.90921 0.18586 0.42085 0.07391
0 0.90921 0.23891 0.4078 0.07725
0 0.90921 0.29196 0.39572 0.08254
0 0.90921 0.34501 0.39971 0.07879
0 0.90921 0.39806 0.39062 0.07341
0 0.90921 0.45111 0.43047 0.07313
0 0.90921 0.50416 0.40972 0.0749
0 0.90921 0.55721 0.42116 0.07389
0 0.90921 0.61026 0.38765 0.07757
0 0.90921 0.66331 0.41199 0.07851
0 0.90921 0.71636 0.43514 0.08697
0 0.90921 0.76941 0.41196 0.07568
0 0.90921 0.82246 0.38727 0.07682
0 0.90921 0.87551 0.36908 0.08099
0 0.90921 0.92856 0.43712 0.08336