0 0.10501 0.13281 0.42735 0.07541
0 0.10501 0.18586 0.38865 0.08713
0 0.10501 0.23891 0.38525 0.08705
0 0.10501 0.29196 0.3868 0.07364
0 0.10501 0.34501 0.42024 0.07929
0 0.10501 0.39806 0.39717 0.08542
0 0.10501 0.45111 0.39864 0.07408
0 0.10501 0.50416 0.39868 0.07892
0 0.10501 0.55721 0.42507 0.08194
0 0.10501 0.61026 0.4003 0.08346
0 0.10501 0.66331 0.38766 0.07609
0 0.10501 0.71636 0.38697 0.08026
0 0.10501 0.76941 0.4109 0.08531
0 0.10501 0.82246 0.37989 0.07586
0 0.10501 0.87551 0.38534 0.07911
0 0.10501 0.92856 0.38751 0.08747
0 0.3148 0.14609 0.40458 0.08083
0 0.3148 0.20444 0.3701 0.0797
0 0.3148 0.26280 0.44009 0.07734
0 0.3148 0.32115 0.40351 0.07903
0 0.3148 0.37951 0.41422 0.07799
0 0.3148 0.43786 0.42267 0.08124
0 0.3148 0.49622 0.39249 0.08051
0 0.3148 0.55457 0.41629 0.08571
0 0.3148 0.61293 0.40918 0.08146
0 0.3148 0.67129 0.39525 0.08135
0 0.3148 0.72964 0.39244 0.08245
0 0.3148 0.78800 0.4034 0.07591
0 0.3148 0.84635 0.42864 0.0824
0 0.3148 0.90471 0.39728 0.08121
0 0.3148 0.96306 0.4029 0.07631
0 0.52459 0.13281 0.38189 0.08186
0 0.52459 0.18586 0.39266 0.08694
0 0.52459 0.23891 0.39616 0.08488
0 0.52459 0.29196 0.40107 0.08373
0 0.52459 0.34501 0.40133 0.07361
0 0.52459 0.39806 0.3841 0.07736
0 0.52459 0.45111 0.42881 0.07378
0 0.52459 0.50416 0.43565 0.07323
0 0.52459 0.55721 0.3773 0.0757
0 0.52459 0.61026 0.40549 0.07484
0 0.52459 0.66331 0.39072 0.08343
0 0.52459 0.71636 0.41641 0.08118
0 0.52459 0.76941 0.40213 0.07508
0 0.52459 0.82246 0.40897 0.07329
0 0.52459 0.87551 0.4355 0.07517
0 0.52459 0.92856 0.39434 0.07438
0 0.73438 0.11953 0.41387 0.07563
0 0.73438 0.16727 0.39903 0.07957
0 0.73438 0.21502 0.43257 0.07699
0 0.73438 0.26276 0.42423 0.08729
0 0.73438 0.31051 0.42922 0.08436
0 0.73438 0.35825 0.39732 0.07926
0 0.73438 0.40600 0.40247 0.07865
0 0.73438 0.45374 0.42594 0.07429
0 0.73438 0.50149 0.44095 0.07373
0 0.73438 0.54923 0.43827 0.08293
0 0.73438 0.59698 0.43088 0.0808
0 0.73438 0.64472 0.3849 0.08298
0 0.73438 0.69247 0.42443 0.07419
0 0.73438 0.74021 0.44165 0.08203
0 0.73438 0.78796 0.4156 0.07968
0 0.73438 0.83571 0.41635 0.08739
0 0.90921 0.13281 0.43241 0.07673
0 0.90921 0.18586 0.38999 0.07439
0 0.90921 0.23891 0.39902 0.08523
0 0.90921 0.29196 0.4364 0.07326
0 0.90921 0.34501 0.4021 0.07655
0 0.90921 0.39806 0.43513 0.07433
0 0.90921 0.45111 0.37864 0.07607
0 0.90921 0.50416 0.37264 0.07298
0 0.90921 0.55721 0.38387 0.08396
0 0.90921 0.61026 0.41589 0.07939
0 0.90921 0.66331 0.3971 0.07641
0 0.90921 0.71636 0.42618 0.07454
0 0.90921 0.76941 0.397 0.07354
0 0.90921 0.82246 0.40813 0.08552
0 0.90921 0.87551 0.41242 0.08017
0 0.90921 0.92856 0.42362 0.07332