0 0.10501 0.12488 0.20229 0.03351
0 0.10501 0.19202 0.17442 0.0387
0 0.10501 0.23743 0.20491 0.03806
0 0.10501 0.27883 0.17936 0.0339
0 0.10501 0.35402 0.16737 0.03774
0 0.10501 0.40035 0.16911 0.03818
0 0.10501 0.44688 0.18574 0.03601
0 0.10501 0.55438 0.18567 0.03673
0 0.10501 0.53416 0.17937 0.03721
0 0.10501 0.67006 0.20318 0.03688
0 0.10501 0.72703 0.19789 0.03412
0 0.10501 0.67669 0.19116 0.04285
0 0.10501 0.77617 0.20754 0.04179
0 0.10501 0.79880 0.19069 0.04146
0 0.10501 0.80408 0.18474 0.03512
0 0.10501 0.84973 0.2055 0.0386
0 0.3148 0.14369 0.21889 0.04312
0 0.3148 0.19323 0.18447 0.04113
0 0.3148 0.25994 0.20374 0.03566
0 0.3148 0.34111 0.19401 0.03553
0 0.3148 0.37049 0.16482 0.03686
0 0.3148 0.45239 0.1866 0.03469
0 0.3148 0.45026 0.16953 0.03799
0 0.3148 0.52106 0.20578 0.03213
0 0.3148 0.63707 0.20118 0.03822
0 0.3148 0.67592 0.20187 0.04274
0 0.3148 0.72604 0.17082 0.04096
0 0.3148 0.83041 0.17957 0.0393
0 0.3148 0.78229 0.20604 0.037
0 0.3148 0.90627 0.18081 0.03367
0 0.3148 0.91329 0.1982 0.0329
0 0.52459 0.12854 0.19562 0.0431
0 0.52459 0.19741 0.21011 0.0413
0 0.52459 0.22897 0.18487 0.04008
0 0.52459 0.31063 0.19217 0.0359
0 0.52459 0.36649 0.18306 0.04356
0 0.52459 0.37772 0.18388 0.03566
0 0.52459 0.46878 0.18454 0.04025
0 0.52459 0.50504 0.21179 0.04131
0 0.52459 0.51309 0.17896 0.03221
0 0.52459 0.65190 0.19756 0.0373
0 0.52459 0.70605 0.1644 0.03818
0 0.52459 0.76579 0.21431 0.03465
0 0.52459 0.81226 0.20074 0.03616
0 0.52459 0.87523 0.20103 0.036
0 0.52459 0.80336 0.18405 0.04367
0 0.52459 0.99297 0.18482 0.03462
0 0.73438 0.11950 0.22108 0.04257
0 0.73438 0.16338 0.17854 0.04013
0 0.73438 0.23197 0.18586 0.03858
0 0.73438 0.27976 0.18046 0.03256
0 0.73438 0.30970 0.21665 0.03696
0 0.73438 0.33156 0.20124 0.0361
0 0.73438 0.38772 0.21694 0.03513
0 0.73438 0.41200 0.18327 0.03549
0 0.73438 0.48380 0.21601 0.04123
0 0.73438 0.57266 0.20241 0.04348
0 0.73438 0.62537 0.16286 0.03589
0 0.73438 0.69209 0.18416 0.0395
0 0.73438 0.70913 0.1637 0.04128
0 0.73438 0.73228 0.22116 0.04235
0 0.73438 0.73729 0.19578 0.0397
0 0.73438 0.82008 0.19245 0.0429
0 0.90921 0.12356 0.20727 0.03452
0 0.90921 0.17605 0.19752 0.04145
0 0.90921 0.26174 0.19508 0.03262
0 0.90921 0.30007 0.16853 0.03308
0 0.90921 0.34647 0.17563 0.03889
0 0.90921 0.41675 0.18519 0.04215
0 0.90921 0.48644 0.2212 0.04043
0 0.90921 0.46209 0.19517 0.03797
0 0.90921 0.61266 0.20779 0.0392
0 0.90921 0.65261 0.20703 0.03528
0 0.90921 0.65967 0.16383 0.03891
0 0.90921 0.67346 0.17479 0.0369
0 0.90921 0.79289 0.22061 0.04287
0 0.90921 0.84381 0.21221 0.03895
0 0.90921 0.86951 0.18879 0.03764
0 0.90921 0.91671 0.16232 0.04282