0 0.11236 0.13281 0.43771 0.0776
0 0.10724 0.18586 0.40247 0.07336
0 0.1095 0.23891 0.44055 0.08579
0 0.11902 0.29196 0.37313 0.08565
0 0.11175 0.34501 0.4034 0.08406
0 0.09309 0.39806 0.3794 0.08155
0 0.11875 0.45111 0.38976 0.07727
0 0.11215 0.50416 0.44108 0.08599
0 0.094 0.55721 0.39405 0.08395
0 0.1154 0.61026 0.4196 0.0815
0 0.11382 0.66331 0.37212 0.0757
0 0.10191 0.71636 0.40384 0.08335
0 0.1031 0.76941 0.39144 0.08749
0 0.10126 0.82246 0.36939 0.08728
0 0.11028 0.87551 0.43379 0.08535
0 0.11426 0.92856 0.40201 0.07465
0 0.33398 0.14609 0.41013 0.08041
0 0.30118 0.20444 0.4318 0.08205
0 0.28429 0.26280 0.4315 0.07571
0 0.33857 0.32115 0.41232 0.08688
0 0.34256 0.37951 0.38531 0.07943
0 0.29701 0.43786 0.44243 0.08131
0 0.28478 0.49622 0.42433 0.08112
0 0.31725 0.55457 0.44089 0.07692
0 0.31717 0.61293 0.3724 0.0822
0 0.33128 0.67129 0.41653 0.08219
0 0.32454 0.72964 0.41525 0.08603
0 0.33079 0.78800 0.43381 0.08096
0 0.28755 0.84635 0.44066 0.07605
0 0.35961 0.90471 0.39041 0.07442
0 0.34565 0.96306 0.38268 0.07655
0 0.4676 0.13281 0.37831 0.07838
0 0.50798 0.18586 0.41267 0.07916
0 0.56991 0.23891 0.41845 0.08703
0 0.54546 0.29196 0.40993 0.07629
0 0.49102 0.34501 0.37574 0.07489
0 0.59056 0.39806 0.40668 0.07546
0 0.58388 0.45111 0.39493 0.08688
0 0.49549 0.50416 0.39414 0.0731
0 0.60071 0.55721 0.39932 0.08206
0 0.4639 0.61026 0.384 0.07608
0 0.50047 0.66331 0.37939 0.08686
0 0.58135 0.71636 0.4338 0.08194
0 0.55697 0.76941 0.42475 0.07833
0 0.53959 0.82246 0.41409 0.08632
0 0.59046 0.87551 0.37483 0.07967
0 0.54318 0.92856 0.40326 0.0821
0 0.73442 0.11953 0.39884 0.07629
0 0.77229 0.16727 0.37001 0.07509
0 0.7608 0.21502 0.37136 0.07661
0 0.69154 0.26276 0.37553 0.08313
0 0.84127 0.31051 0.38482 0.08469
0 0.75961 0.35825 0.41991 0.07337
0 0.76283 0.40600 0.42998 0.07942
0 0.76979 0.45374 0.38475 0.07443
0 0.66537 0.50149 0.37545 0.08381
0 0.65354 0.54923 0.42613 0.07324
0 0.73294 0.59698 0.43024 0.07693
0 0.81486 0.64472 0.37831 0.07411
0 0.71537 0.69247 0.39667 0.07539
0 0.80849 0.74021 0.38689 0.08575
0 0.74367 0.78796 0.42537 0.07926
0 0.82762 0.83571 0.39164 0.07941
0 0.86198 0.13281 0.43812 0.07491
0 0.97183 0.18586 0.38242 0.07302
0 0.87855 0.29196 0.38239 0.07537
0 0.97546 0.45111 0.37569 0.07348
0 0.84809 0.50416 0.41198 0.08164
0 0.81898 0.55721 0.37211 0.07391
0 0.9113 0.61026 0.41494 0.07548
0 0.93244 0.66331 0.40757 0.07864
0 0.90814 0.71636 0.43276 0.07906
0 0.83037 0.76941 0.42127 0.07962
0 0.99202 0.82246 0.41803 0.08524
0 0.8562 0.87551 0.42357 0.07984
0 0.8662 0.92856 0.37862 0.0871