0 0.10501 0.13281 0.41259 0.07972
0 0.10501 0.18586 0.38558 0.07529
0 0.10501 0.23891 0.40621 0.08436
0 0.10501 0.29196 0.42852 0.07482
0 0.10501 0.34501 0.3906 0.08156
0 0.10501 0.39806 0.37305 0.08239
0 0.10501 0.45111 0.41741 0.08063
0 0.10501 0.50416 0.39755 0.07887
0 0.10501 0.55721 0.40931 0.08221
0 0.10501 0.61026 0.38833 0.0731
0 0.10501 0.66331 0.4034 0.0764
0 0.10501 0.71636 0.42315 0.08352
0 0.10501 0.76941 0.44076 0.08136
0 0.10501 0.82246 0.3784 0.07454
0 0.10501 0.87551 0.42861 0.0789
0 0.10501 0.92856 0.38268 0.079
0 0.3148 0.14609 0.41486 0.08444
0 0.3148 0.20444 0.3997 0.0845
0 0.3148 0.26280 0.41181 0.07683
0 0.3148 0.32115 0.3897 0.07446
0 0.3148 0.37951 0.43039 0.08371
0 0.3148 0.43786 0.39978 0.07871
0 0.3148 0.49622 0.37193 0.07786
0 0.3148 0.55457 0.42976 0.07663
0 0.3148 0.61293 0.40449 0.08627
0 0.3148 0.67129 0.39658 0.07486
0 0.3148 0.72964 0.39182 0.08613
0 0.3148 0.78800 0.39081 0.07856
0 0.3148 0.84635 0.43163 0.08633
0 0.3148 0.90471 0.42063 0.07592
0 0.3148 0.96306 0.37565 0.08128
0 0.52459 0.13281 0.43276 0.0766
0 0.52459 0.18586 0.4368 0.0803
0 0.52459 0.23891 0.43307 0.08172
0 0.52459 0.29196 0.41393 0.08011
0 0.52459 0.34501 0.43963 0.07674
0 0.52459 0.39806 0.38276 0.08009
0 0.52459 0.45111 0.40631 0.08024
0 0.52459 0.50416 0.39467 0.07922
0 0.52459 0.55721 0.42578 0.08623
0 0.52459 0.61026 0.44028 0.0861
0 0.52459 0.66331 0.37937 0.08632
0 0.52459 0.71636 0.41596 0.07457
0 0.52459 0.76941 0.39875 0.07372
0 0.52459 0.82246 0.38688 0.07666
0 0.52459 0.87551 0.38444 0.08294
0 0.52459 0.92856 0.36986 0.08026
0 0.73438 0.11953 0.37502 0.08153
0 0.73438 0.16727 0.43411 0.08736
0 0.73438 0.21502 0.43652 0.08213
0 0.73438 0.26276 0.41453 0.0872
0 0.73438 0.31051 0.38641 0.07763
0 0.73438 0.35825 0.39178 0.08731
0 0.73438 0.40600 0.40081 0.07774
0 0.73438 0.45374 0.38806 0.07653
0 0.73438 0.50149 0.40818 0.0824
0 0.73438 0.54923 0.4127 0.0861
0 0.73438 0.59698 0.39979 0.08277
0 0.73438 0.64472 0.3724 0.08596
0 0.73438 0.69247 0.36943 0.08005
0 0.73438 0.74021 0.43901 0.07605
0 0.73438 0.78796 0.44166 0.08664
0 0.73438 0.83571 0.42752 0.0822
0 0.90921 0.13281 0.39507 0.08505
0 0.90921 0.18586 0.43834 0.07796
0 0.90921 0.23891 0.37606 0.0747
0 0.90921 0.29196 0.37706 0.08329
0 0.90921 0.34501 0.44174 0.07978
0 0.90921 0.39806 0.39821 0.08732
0 0.90921 0.45111 0.39724 0.07336
0 0.90921 0.50416 0.42105 0.08133
0 0.90921 0.55721 0.4016 0.08036
0 0.90921 0.61026 0.40247 0.08163
0 0.90921 0.66331 0.37351 0.07535
0 0.90921 0.71636 0.43972 0.08735
0 0.90921 0.76941 0.43082 0.07579
0 0.90921 0.82246 0.4239 0.08583
0 0.90921 0.87551 0.41361 0.07533
0 0.90921 0.92856 0.41049 0.08731