0 0.11452 0.13281 0.23608 0.04624
0 0.10946 0.18586 0.22319 0.04573
0 0.1022 0.23891 0.22213 0.04825
0 0.10233 0.29196 0.22685 0.04827
0 0.10875 0.34501 0.22468 0.04407
0 0.11442 0.39806 0.2384 0.04902
0 0.11149 0.45111 0.2517 0.04596
0 0.11489 0.50416 0.22723 0.05022
0 0.10332 0.55721 0.26269 0.05205
0 0.10715 0.61026 0.24627 0.04568
0 0.11289 0.66331 0.24992 0.05042
0 0.11415 0.71636 0.2566 0.04437
0 0.09515 0.76941 0.22763 0.0452
0 0.09942 0.82246 0.2254 0.04714
0 0.10998 0.87551 0.24599 0.04692
0 0.09855 0.92856 0.23468 0.04586
0 0.34222 0.14609 0.23495 0.05015
0 0.31426 0.20444 0.24108 0.04769
0 0.29702 0.26280 0.24359 0.04585
0 0.28336 0.32115 0.25265 0.04548
0 0.33691 0.37951 0.25746 0.0506
0 0.34251 0.43786 0.25047 0.0521
0 0.28547 0.49622 0.23583 0.05065
0 0.30923 0.55457 0.2466 0.04971
0 0.34528 0.61293 0.22623 0.04656
0 0.32533 0.67129 0.24649 0.04882
0 0.29461 0.72964 0.25809 0.04808
0 0.3148 0.78800 0.25561 0.05157
0 0.30637 0.84635 0.25797 0.05088
0 0.31509 0.90471 0.24024 0.04594
0 0.33245 0.96306 0.23402 0.04469
0 0.55904 0.13281 0.25737 0.05222
0 0.50357 0.18586 0.25117 0.05196
0 0.4904 0.23891 0.25821 0.05223
0 0.57177 0.29196 0.23786 0.05253
0 0.54282 0.34501 0.25638 0.0478
0 0.52493 0.39806 0.26434 0.04517
0 0.48962 0.45111 0.23698 0.04702
0 0.51608 0.50416 0.25733 0.04469
0 0.50975 0.55721 0.24031 0.04871
0 0.5267 0.61026 0.25205 0.0497
0 0.49756 0.66331 0.26175 0.04592
0 0.5392 0.71636 0.24922 0.05112
0 0.50867 0.76941 0.24749 0.04818
0 0.57612 0.82246 0.25673 0.04535
0 0.51424 0.87551 0.26374 0.04445
0 0.47701 0.92856 0.2473 0.0467
0 0.74212 0.11953 0.22933 0.04859
0 0.74579 0.16727 0.24449 0.046
0 0.72711 0.21502 0.22744 0.05038
0 0.66973 0.26276 0.25665 0.04802
0 0.77004 0.31051 0.22923 0.04937
0 0.68551 0.35825 0.24489 0.04793
0 0.77198 0.40600 0.24504 0.04821
0 0.6868 0.45374 0.25793 0.05119
0 0.66884 0.50149 0.22807 0.04609
0 0.77999 0.54923 0.25822 0.04712
0 0.78613 0.59698 0.25715 0.04794
0 0.79558 0.64472 0.22658 0.04564
0 0.69176 0.69247 0.22818 0.0512
0 0.73669 0.74021 0.25657 0.0459
0 0.7451 0.78796 0.26505 0.04873
0 0.79173 0.83571 0.24531 0.04601
0 0.91204 0.13281 0.24458 0.04722
0 0.8419 0.18586 0.2361 0.05058
0 0.93676 0.23891 0.23379 0.05194
0 0.8205 0.29196 0.23575 0.04379
0 0.95234 0.34501 0.25782 0.04856
0 0.84937 0.39806 0.22601 0.04718
0 0.86093 0.45111 0.24592 0.04776
0 0.95376 0.50416 0.2604 0.05207
0 0.92457 0.55721 0.22849 0.05044
0 0.8551 0.61026 0.25659 0.04711
0 0.89189 0.66331 0.24785 0.04936
0 0.95448 0.71636 0.26396 0.05014
0 0.86792 0.76941 0.2495 0.0455
0 0.89282 0.82246 0.25124 0.04513
0 0.86532 0.87551 0.22844 0.04895
0 0.81965 0.92856 0.26157 0.05063