0 0.09526 0.13281 0.2541 0.04712
0 0.10937 0.18586 0.23321 0.04502
0 0.10796 0.23891 0.25805 0.04499
0 0.11376 0.29196 0.25704 0.04862
0 0.10303 0.34501 0.22356 0.05061
0 0.10289 0.39806 0.26209 0.04545
0 0.09594 0.45111 0.24813 0.05026
0 0.10842 0.50416 0.23008 0.04857
0 0.10539 0.55721 0.24229 0.04424
0 0.10266 0.61026 0.22801 0.04795
0 0.11541 0.66331 0.25079 0.049
0 0.09629 0.71636 0.24543 0.05236
0 0.09468 0.76941 0.23067 0.05046
0 0.10482 0.82246 0.23665 0.04513
0 0.11124 0.87551 0.22666 0.04519
0 0.11486 0.92856 0.22158 0.04406
0 0.30709 0.14609 0.22522 0.0512
0 0.2994 0.20444 0.2497 0.04593
0 0.33417 0.26280 0.24077 0.04832
0 0.34509 0.32115 0.2618 0.0444
0 0.33722 0.37951 0.24366 0.04624
0 0.3055 0.43786 0.22832 0.05145
0 0.30204 0.49622 0.24362 0.04873
0 0.31595 0.55457 0.24397 0.04957
0 0.3066 0.61293 0.23015 0.04806
0 0.30377 0.67129 0.24692 0.04525
0 0.29948 0.72964 0.2624 0.04829
0 0.33799 0.78800 0.22272 0.04599
0 0.32997 0.84635 0.24599 0.04429
0 0.31714 0.90471 0.2438 0.04598
0 0.31334 0.96306 0.25097 0.04663
0 0.52458 0.13281 0.22732 0.0439
0 0.50289 0.18586 0.24325 0.04436
0 0.54275 0.23891 0.24625 0.05119
0 0.55846 0.29196 0.22516 0.049
0 0.56233 0.34501 0.22159 0.04871
0 0.55836 0.39806 0.23114 0.05056
0 0.5143 0.45111 0.25126 0.04772
0 0.51368 0.50416 0.24917 0.04829
0 0.49605 0.55721 0.22146 0.0521
0 0.53505 0.61026 0.24341 0.04443
0 0.57174 0.66331 0.22626 0.04474
0 0.47974 0.71636 0.26339 0.04914
0 0.49818 0.76941 0.25719 0.04395
0 0.49486 0.82246 0.25273 0.05186
0 0.55555 0.87551 0.25907 0.04857
0 0.5006 0.92856 0.25323 0.05002
0 0.72676 0.11953 0.23173 0.05089
0 0.76486 0.16727 0.22796 0.05012
0 0.74678 0.21502 0.24838 0.04989
0 0.75031 0.26276 0.24014 0.04707
0 0.68171 0.31051 0.24906 0.0524
0 0.74586 0.35825 0.23996 0.048
0 0.70149 0.40600 0.23912 0.05057
0 0.79232 0.45374 0.24855 0.05164
0 0.69255 0.50149 0.26353 0.04931
0 0.73377 0.54923 0.26492 0.0494
0 0.67813 0.59698 0.25464 0.04888
0 0.69712 0.64472 0.23516 0.05069
0 0.76448 0.69247 0.22818 0.0441
0 0.78951 0.74021 0.2445 0.05241
0 0.74635 0.78796 0.24078 0.05119
0 0.76192 0.83571 0.24926 0.04455
0 0.87725 0.13281 0.24753 0.04487
0 0.84877 0.18586 0.22821 0.05188
0 0.92347 0.23891 0.22589 0.04929
0 0.85306 0.29196 0.25551 0.04792
0 0.94458 0.34501 0.23284 0.05237
0 0.93045 0.39806 0.25684 0.04806
0 0.94204 0.45111 0.25367 0.04683
0 0.95735 0.50416 0.2265 0.0459
0 0.94491 0.55721 0.25455 0.04827
0 0.92146 0.61026 0.24631 0.05108
0 0.85605 0.66331 0.24699 0.05135
0 0.85664 0.71636 0.23206 0.04745
0 0.90673 0.76941 0.23358 0.04853
0 0.81939 0.82246 0.23707 0.05044
0 0.90717 0.87551 0.24141 0.05236
0 0.8368 0.92856 0.22646 0.04702