0 0.10501 0.13281 0.36893 0.07784
0 0.10501 0.18586 0.42447 0.08639
0 0.10501 0.23891 0.38733 0.0839
0 0.10501 0.29196 0.40282 0.08002
0 0.10501 0.34501 0.37166 0.08721
0 0.10501 0.39806 0.37328 0.0838
0 0.10501 0.45111 0.41142 0.07716
0 0.10501 0.50416 0.38 0.07632
0 0.10501 0.55721 0.4189 0.0855
0 0.10501 0.61026 0.41755 0.07325
0 0.10501 0.66331 0.44256 0.07892
0 0.10501 0.71636 0.43691 0.08609
0 0.10501 0.76941 0.3785 0.07511
0 0.10501 0.82246 0.43422 0.08367
0 0.10501 0.87551 0.43809 0.08483
0 0.10501 0.92856 0.41483 0.08457
0 0.3148 0.14609 0.42707 0.07789
0 0.3148 0.20444 0.41917 0.07929
0 0.3148 0.26280 0.42994 0.07459
0 0.3148 0.32115 0.40095 0.07915
0 0.3148 0.37951 0.38405 0.08575
0 0.3148 0.43786 0.39739 0.07595
0 0.3148 0.49622 0.37993 0.08017
0 0.3148 0.55457 0.40714 0.08418
0 0.3148 0.61293 0.41993 0.07553
0 0.3148 0.67129 0.39387 0.08297
0 0.3148 0.72964 0.40088 0.07622
0 0.3148 0.78800 0.38036 0.07502
0 0.3148 0.84635 0.4198 0.0746
0 0.3148 0.90471 0.40283 0.07612
0 0.3148 0.96306 0.42916 0.08552
0 0.52459 0.13281 0.4363 0.07951
0 0.52459 0.18586 0.42537 0.07979
0 0.52459 0.23891 0.39412 0.08233
0 0.52459 0.29196 0.41467 0.07763
0 0.52459 0.34501 0.38704 0.08038
0 0.52459 0.39806 0.40178 0.08562
0 0.52459 0.45111 0.43347 0.08257
0 0.52459 0.50416 0.40837 0.07429
0 0.52459 0.55721 0.37386 0.08215
0 0.52459 0.61026 0.4223 0.08006
0 0.52459 0.66331 0.38649 0.07736
0 0.52459 0.71636 0.43423 0.08714
0 0.52459 0.76941 0.37472 0.07976
0 0.52459 0.82246 0.42245 0.07457
0 0.52459 0.87551 0.39449 0.07434
0 0.52459 0.92856 0.41889 0.07734
0 0.73438 0.11953 0.40951 0.08253
0 0.73438 0.16727 0.43358 0.07541
0 0.73438 0.21502 0.43755 0.07848
0 0.73438 0.26276 0.39345 0.07761
0 0.73438 0.31051 0.40802 0.08468
0 0.73438 0.35825 0.4203 0.07628
0 0.73438 0.40600 0.39297 0.07645
0 0.73438 0.45374 0.39212 0.08295
0 0.73438 0.50149 0.42669 0.07663
0 0.73438 0.54923 0.43218 0.07873
0 0.73438 0.59698 0.43359 0.08421
0 0.73438 0.64472 0.41056 0.08542
0 0.73438 0.69247 0.42377 0.07782
0 0.73438 0.74021 0.38795 0.08576
0 0.73438 0.78796 0.41227 0.08547
0 0.73438 0.83571 0.37722 0.08177
0 0.90921 0.13281 0.391 0.0752
0 0.90921 0.18586 0.39407 0.08049
0 0.90921 0.23891 0.41934 0.0836
0 0.90921 0.29196 0.39344 0.07807
0 0.90921 0.34501 0.37214 0.07634
0 0.90921 0.39806 0.42108 0.07893
0 0.90921 0.45111 0.42315 0.08583
0 0.90921 0.50416 0.41117 0.08169
0 0.90921 0.55721 0.40546 0.07688
0 0.90921 0.61026 0.43314 0.07831
0 0.90921 0.66331 0.3733 0.08457
0 0.90921 0.71636 0.41919 0.07682
0 0.90921 0.76941 0.41058 0.07855
0 0.90921 0.82246 0.39035 0.0846
0 0.90921 0.87551 0.38497 0.08125
0 0.90921 0.92856 0.41045 0.08134