0 0.10501 0.14276 0.16612 0.03509
0 0.10501 0.17215 0.21977 0.04293
0 0.10501 0.25003 0.17382 0.04025
0 0.10501 0.27846 0.1688 0.03655
0 0.10501 0.37748 0.20485 0.04142
0 0.10501 0.38155 0.16493 0.04218
0 0.10501 0.41398 0.17507 0.03737
0 0.10501 0.54627 0.20844 0.0397
0 0.10501 0.60968 0.16764 0.03237
0 0.10501 0.56004 0.17714 0.04361
0 0.10501 0.72907 0.21814 0.03387
0 0.10501 0.75529 0.18026 0.03464
0 0.10501 0.70619 0.18994 0.03664
0 0.10501 0.86005 0.16372 0.03687
0 0.10501 0.83871 0.20543 0.04094
0 0.10501 0.85120 0.16411 0.04282
0 0.3148 0.13583 0.21746 0.03343
0 0.3148 0.19132 0.19906 0.03602
0 0.3148 0.25775 0.18485 0.0405
0 0.3148 0.30306 0.20357 0.03302
0 0.3148 0.35295 0.17518 0.0356
0 0.3148 0.42319 0.19956 0.04279
0 0.3148 0.45323 0.21935 0.03322
0 0.3148 0.50985 0.20726 0.04198
0 0.3148 0.56314 0.19503 0.04288
0 0.3148 0.68347 0.19895 0.04171
0 0.3148 0.74603 0.21381 0.03851
0 0.3148 0.73464 0.17165 0.03774
0 0.3148 0.79861 0.21712 0.04237
0 0.3148 0.98942 0.16761 0.04371
0 0.3148 0.93149 0.21761 0.0347
0 0.3148 0.96576 0.21339 0.03334
0 0.52459 0.14212 0.18711 0.03569
0 0.52459 0.17335 0.16664 0.0341
0 0.52459 0.24929 0.19115 0.04312
0 0.52459 0.30952 0.18908 0.03365
0 0.52459 0.31052 0.21994 0.03951
0 0.52459 0.36697 0.202 0.03667
0 0.52459 0.46382 0.20821 0.03676
0 0.52459 0.55372 0.16241 0.03715
0 0.52459 0.61067 0.21922 0.04093
0 0.52459 0.59148 0.16726 0.04333
0 0.52459 0.63151 0.16412 0.04325
0 0.52459 0.66844 0.2124 0.0394
0 0.52459 0.81244 0.17284 0.03303
0 0.52459 0.84384 0.16228 0.03554
0 0.52459 0.92163 0.20575 0.03954
0 0.73438 0.13002 0.19696 0.03774
0 0.73438 0.15086 0.20953 0.03543
0 0.73438 0.20600 0.21482 0.0425
0 0.73438 0.26369 0.16902 0.03922
0 0.73438 0.30807 0.1866 0.04301
0 0.73438 0.36059 0.1889 0.03803
0 0.73438 0.42024 0.18382 0.03831
0 0.73438 0.48692 0.16486 0.03308
0 0.73438 0.51638 0.2087 0.03399
0 0.73438 0.53375 0.18879 0.04375
0 0.73438 0.64483 0.1992 0.04302
0 0.73438 0.67522 0.18394 0.03609
0 0.73438 0.73392 0.17903 0.03574
0 0.73438 0.76325 0.16896 0.03764
0 0.73438 0.72265 0.16893 0.03291
0 0.73438 0.82061 0.19704 0.03992
0 0.90921 0.14036 0.21159 0.03452
0 0.90921 0.18036 0.16272 0.03463
0 0.90921 0.22042 0.20827 0.03723
0 0.90921 0.30021 0.2144 0.03662
0 0.90921 0.32161 0.20472 0.03603
0 0.90921 0.39653 0.17276 0.03734
0 0.90921 0.47776 0.2184 0.03506
0 0.90921 0.50059 0.16788 0.04254
0 0.90921 0.58883 0.19874 0.03717
0 0.90921 0.62449 0.19652 0.03451
0 0.90921 0.65231 0.19017 0.03564
0 0.90921 0.70215 0.17546 0.03773
0 0.90921 0.84512 0.22059 0.03364
0 0.90921 0.88909 0.19533 0.03715
0 0.90921 0.81652 0.16903 0.03868
0 0.90921 0.89944 0.17659 0.04027