0 0.10062 0.13281 0.24474 0.04852
0 0.1118 0.18586 0.23532 0.04981
0 0.11033 0.23891 0.24481 0.05109
0 0.09753 0.29196 0.23418 0.04691
0 0.10583 0.34501 0.23917 0.04605
0 0.09802 0.39806 0.26516 0.04496
0 0.11093 0.45111 0.25123 0.04643
0 0.10168 0.50416 0.23796 0.0466
0 0.10992 0.55721 0.23858 0.04406
0 0.10986 0.61026 0.22206 0.04572
0 0.11077 0.66331 0.26079 0.05173
0 0.11549 0.71636 0.23042 0.04949
0 0.11139 0.76941 0.25052 0.05234
0 0.10261 0.82246 0.24049 0.04965
0 0.10112 0.87551 0.23944 0.04734
0 0.10686 0.92856 0.25307 0.05211
0 0.33825 0.14609 0.2485 0.0476
0 0.29181 0.20444 0.22203 0.05104
0 0.302 0.26280 0.26405 0.04714
0 0.31175 0.32115 0.26166 0.0498
0 0.30478 0.37951 0.23646 0.04944
0 0.31674 0.43786 0.25598 0.05213
0 0.34605 0.49622 0.24823 0.0503
0 0.28885 0.55457 0.25741 0.04396
0 0.34102 0.61293 0.25642 0.04489
0 0.31324 0.67129 0.22367 0.05214
0 0.32977 0.72964 0.26472 0.04841
0 0.2868 0.78800 0.25105 0.04581
0 0.28435 0.84635 0.23634 0.04651
0 0.31354 0.90471 0.24605 0.05005
0 0.28775 0.96306 0.24979 0.05157
0 0.5608 0.13281 0.2608 0.05039
0 0.49549 0.18586 0.25657 0.04688
0 0.5227 0.23891 0.25098 0.04843
0 0.56026 0.29196 0.24827 0.05049
0 0.47423 0.34501 0.23096 0.04424
0 0.50464 0.39806 0.25849 0.04503
0 0.56863 0.45111 0.2292 0.04868
0 0.5393 0.50416 0.22164 0.05051
0 0.5155 0.55721 0.23663 0.0509
0 0.56973 0.61026 0.23898 0.05117
0 0.56232 0.66331 0.25799 0.04897
0 0.52652 0.71636 0.25214 0.04737
0 0.55549 0.76941 0.23228 0.05001
0 0.54045 0.82246 0.2506 0.0501
0 0.52544 0.87551 0.24368 0.0472
0 0.50879 0.92856 0.24683 0.04894
0 0.71142 0.11953 0.25392 0.04877
0 0.76156 0.16727 0.24638 0.05051
0 0.69778 0.21502 0.26045 0.04849
0 0.69854 0.26276 0.22708 0.04442
0 0.80112 0.31051 0.254 0.04915
0 0.70488 0.35825 0.24258 0.04642
0 0.7989 0.40600 0.236 0.04486
0 0.71402 0.45374 0.24489 0.04695
0 0.72862 0.50149 0.24264 0.04415
0 0.72819 0.54923 0.22363 0.05206
0 0.68848 0.59698 0.23782 0.04407
0 0.7191 0.64472 0.22329 0.045
0 0.69816 0.69247 0.23088 0.04614
0 0.74185 0.74021 0.25506 0.04651
0 0.66786 0.78796 0.23374 0.04423
0 0.68784 0.83571 0.24924 0.04872
0 0.92665 0.13281 0.22643 0.04799
0 0.83259 0.18586 0.23355 0.04839
0 0.96154 0.23891 0.26388 0.05045
0 0.86452 0.29196 0.26249 0.04503
0 0.89139 0.34501 0.25375 0.04999
0 0.8494 0.39806 0.2242 0.048
0 0.90239 0.45111 0.24627 0.04506
0 0.84037 0.50416 0.25845 0.04393
0 0.94041 0.55721 0.22847 0.04642
0 0.9944 0.61026 0.23162 0.04684
0 0.86245 0.66331 0.22962 0.05235
0 0.95922 0.71636 0.23038 0.04674
0 0.8743 0.76941 0.26194 0.04463
0 0.83793 0.82246 0.26029 0.05234
0 0.94714 0.87551 0.26075 0.05139
0 0.97858 0.92856 0.26284 0.051