0 0.09845 0.13281 0.24725 0.05033
0 0.1116 0.18586 0.26319 0.05155
0 0.10731 0.23891 0.25308 0.04425
0 0.11121 0.29196 0.2617 0.04673
0 0.09827 0.34501 0.24906 0.05242
0 0.09717 0.39806 0.24166 0.04616
0 0.11365 0.45111 0.22493 0.04423
0 0.09639 0.50416 0.2378 0.05085
0 0.11198 0.55721 0.2401 0.04726
0 0.09645 0.61026 0.24962 0.04839
0 0.11475 0.66331 0.26531 0.04814
0 0.10516 0.71636 0.2345 0.05201
0 0.10874 0.76941 0.22698 0.04408
0 0.11372 0.82246 0.24981 0.04933
0 0.11441 0.87551 0.23963 0.05183
0 0.0991 0.92856 0.24876 0.0504
0 0.32025 0.14609 0.26497 0.04462
0 0.29638 0.20444 0.23893 0.05068
0 0.31846 0.26280 0.25538 0.04579
0 0.33456 0.32115 0.24037 0.05192
0 0.30167 0.37951 0.25484 0.04783
0 0.29568 0.43786 0.22375 0.05136
0 0.34223 0.49622 0.26067 0.05252
0 0.32225 0.55457 0.25586 0.04417
0 0.33682 0.61293 0.222 0.04918
0 0.30726 0.67129 0.26202 0.05076
0 0.29736 0.72964 0.23914 0.04399
0 0.31711 0.78800 0.23641 0.04428
0 0.30064 0.84635 0.23304 0.04822
0 0.32935 0.90471 0.24148 0.04412
0 0.30762 0.96306 0.23287 0.05041
0 0.52018 0.13281 0.25191 0.0489
0 0.57051 0.18586 0.25637 0.04859
0 0.47904 0.23891 0.26411 0.04452
0 0.55273 0.29196 0.23915 0.05014
0 0.55411 0.34501 0.25277 0.04821
0 0.54648 0.39806 0.23189 0.04539
0 0.54955 0.45111 0.26127 0.04414
0 0.56882 0.50416 0.26237 0.04783
0 0.49598 0.55721 0.22626 0.04645
0 0.52268 0.61026 0.23417 0.04558
0 0.57104 0.66331 0.23107 0.04684
0 0.54329 0.71636 0.26043 0.04833
0 0.57269 0.76941 0.26244 0.04548
0 0.56236 0.82246 0.22302 0.04723
0 0.55247 0.87551 0.22896 0.05161
0 0.53181 0.92856 0.22376 0.0514
0 0.66297 0.11953 0.25059 0.05066
0 0.75886 0.16727 0.24634 0.0506
0 0.77092 0.21502 0.25508 0.04761
0 0.67278 0.26276 0.24185 0.05252
0 0.66287 0.31051 0.25265 0.05082
0 0.72076 0.35825 0.24075 0.04951
0 0.79231 0.40600 0.23207 0.04624
0 0.67667 0.45374 0.24707 0.05116
0 0.66455 0.50149 0.23303 0.05241
0 0.73545 0.54923 0.22573 0.04605
0 0.70471 0.59698 0.24282 0.04985
0 0.79843 0.64472 0.24226 0.04643
0 0.76602 0.69247 0.26545 0.04531
0 0.77997 0.74021 0.23882 0.04962
0 0.78567 0.78796 0.24046 0.04552
0 0.79307 0.83571 0.26189 0.04756
0 0.92817 0.13281 0.25002 0.0448
0 0.94861 0.18586 0.24842 0.04632
0 0.82587 0.23891 0.24011 0.05068
0 0.98632 0.29196 0.25364 0.04772
0 0.88447 0.34501 0.25419 0.04949
0 0.90336 0.39806 0.22333 0.04508
0 0.9304 0.45111 0.25872 0.04549
0 0.94277 0.50416 0.2569 0.04819
0 0.97524 0.55721 0.25584 0.04435
0 0.86733 0.61026 0.23453 0.0481
0 0.91817 0.66331 0.26389 0.05214
0 0.90094 0.71636 0.2247 0.04648
0 0.92945 0.76941 0.23343 0.04555
0 0.99136 0.82246 0.22408 0.04525
0 0.9246 0.87551 0.24068 0.04635
0 0.99877 0.92856 0.2542 0.04416