0 0.10501 0.12763 0.1804 0.0404
0 0.10501 0.19844 0.19771 0.03497
0 0.10501 0.25470 0.16333 0.03938
0 0.10501 0.31146 0.16744 0.04189
0 0.10501 0.34103 0.2148 0.03311
0 0.10501 0.42994 0.19892 0.04375
0 0.10501 0.43766 0.19696 0.04372
0 0.10501 0.48430 0.18048 0.04007
0 0.10501 0.53194 0.1822 0.03874
0 0.10501 0.63858 0.20173 0.03929
0 0.10501 0.69839 0.21544 0.03565
0 0.10501 0.69173 0.21652 0.03968
0 0.10501 0.78305 0.19079 0.03358
0 0.10501 0.81441 0.17794 0.04255
0 0.10501 0.80294 0.20259 0.04358
0 0.10501 0.92005 0.18088 0.04355
0 0.3148 0.15438 0.19873 0.04164
0 0.3148 0.18658 0.1778 0.0366
0 0.3148 0.27902 0.20235 0.03996
0 0.3148 0.31428 0.20357 0.03449
0 0.3148 0.39343 0.20263 0.0386
0 0.3148 0.40093 0.21487 0.04367
0 0.3148 0.47756 0.21681 0.03744
0 0.3148 0.57848 0.21908 0.03389
0 0.3148 0.66263 0.20281 0.03637
0 0.3148 0.64102 0.20163 0.04208
0 0.3148 0.70564 0.18995 0.04009
0 0.3148 0.84328 0.18834 0.04242
0 0.3148 0.85145 0.16527 0.04124
0 0.3148 0.88105 0.19122 0.03715
0 0.52459 0.12949 0.18298 0.04189
0 0.52459 0.18876 0.19092 0.04087
0 0.52459 0.24492 0.2054 0.03837
0 0.52459 0.29201 0.21128 0.03598
0 0.52459 0.37203 0.17391 0.03484
0 0.52459 0.39311 0.21028 0.03385
0 0.52459 0.42067 0.21151 0.03926
0 0.52459 0.50176 0.19194 0.04133
0 0.52459 0.60440 0.16243 0.03221
0 0.52459 0.63242 0.16282 0.03594
0 0.52459 0.62714 0.20926 0.04031
0 0.52459 0.65210 0.18028 0.03368
0 0.52459 0.79361 0.17828 0.04302
0 0.52459 0.89121 0.16326 0.04182
0 0.52459 0.91447 0.18088 0.04289
0 0.52459 0.94509 0.20623 0.03281
0 0.73438 0.12880 0.20809 0.04144
0 0.73438 0.16055 0.20083 0.03448
0 0.73438 0.21860 0.21789 0.03316
0 0.73438 0.25483 0.19691 0.0326
0 0.73438 0.30079 0.17211 0.0343
0 0.73438 0.35600 0.19929 0.03478
0 0.73438 0.36978 0.21399 0.04314
0 0.73438 0.42241 0.1839 0.03398
0 0.73438 0.46150 0.21352 0.04112
0 0.73438 0.49520 0.18188 0.03708
0 0.73438 0.57279 0.2097 0.03566
0 0.73438 0.58077 0.18491 0.04204
0 0.73438 0.66128 0.19919 0.03283
0 0.73438 0.79832 0.20041 0.03222
0 0.73438 0.77161 0.2118 0.03929
0 0.73438 0.79016 0.17889 0.04141
0 0.90921 0.13920 0.17911 0.03302
0 0.90921 0.19650 0.17765 0.03602
0 0.90921 0.22489 0.22071 0.03667
0 0.90921 0.31657 0.20234 0.04167
0 0.90921 0.35044 0.19212 0.03609
0 0.90921 0.36260 0.22054 0.03902
0 0.90921 0.47675 0.16923 0.03875
0 0.90921 0.51772 0.1871 0.03538
0 0.90921 0.55498 0.21898 0.03308
0 0.90921 0.59020 0.2177 0.03264
0 0.90921 0.63837 0.17199 0.04184
0 0.90921 0.76980 0.18886 0.03386
0 0.90921 0.79715 0.20391 0.038
0 0.90921 0.89245 0.21592 0.03273
0 0.90921 0.88404 0.20456 0.0389
0 0.90921 0.84296 0.20403 0.03633