0 0.11223 0.13281 0.4376 0.08529
0 0.10536 0.18586 0.42704 0.08438
0 0.09977 0.23891 0.42391 0.07812
0 0.1206 0.29196 0.38442 0.07995
0 0.11779 0.34501 0.43606 0.07299
0 0.10267 0.39806 0.41431 0.07838
0 0.10583 0.45111 0.38243 0.07301
0 0.09549 0.50416 0.40694 0.08269
0 0.09367 0.55721 0.4172 0.07519
0 0.11415 0.61026 0.37558 0.08177
0 0.10309 0.66331 0.44147 0.08317
0 0.11442 0.71636 0.43396 0.0801
0 0.09746 0.76941 0.40103 0.07472
0 0.10764 0.82246 0.40533 0.0795
0 0.10567 0.87551 0.40297 0.078
0 0.09285 0.92856 0.38172 0.07482
0 0.28118 0.14609 0.43445 0.08305
0 0.29333 0.20444 0.40883 0.08403
0 0.27981 0.26280 0.39924 0.08313
0 0.32008 0.32115 0.39845 0.0822
0 0.29225 0.37951 0.41882 0.0843
0 0.29542 0.43786 0.40569 0.07403
0 0.30136 0.49622 0.38772 0.08745
0 0.33053 0.55457 0.44121 0.08617
0 0.34865 0.61293 0.37519 0.07994
0 0.29082 0.67129 0.38496 0.07563
0 0.31424 0.72964 0.43739 0.07555
0 0.28108 0.78800 0.40334 0.08286
0 0.3611 0.84635 0.38797 0.0845
0 0.32166 0.90471 0.44122 0.08088
0 0.28446 0.96306 0.41666 0.0825
0 0.59497 0.13281 0.39515 0.08217
0 0.54906 0.18586 0.41287 0.07469
0 0.58289 0.23891 0.37069 0.08098
0 0.57122 0.29196 0.42991 0.07473
0 0.46243 0.34501 0.40092 0.08336
0 0.47563 0.39806 0.37172 0.08402
0 0.53607 0.45111 0.40197 0.08125
0 0.54165 0.50416 0.4047 0.08463
0 0.51039 0.55721 0.44082 0.076
0 0.48433 0.61026 0.41943 0.07997
0 0.51447 0.66331 0.42978 0.083
0 0.47505 0.71636 0.36984 0.07793
0 0.49305 0.76941 0.43338 0.07391
0 0.55951 0.82246 0.44254 0.08655
0 0.49424 0.87551 0.42416 0.07812
0 0.51897 0.92856 0.375 0.08067
0 0.76347 0.11953 0.40123 0.08169
0 0.69945 0.16727 0.38506 0.0865
0 0.7027 0.21502 0.38889 0.07562
0 0.8345 0.26276 0.38567 0.08331
0 0.73383 0.31051 0.38708 0.08096
0 0.78904 0.35825 0.37906 0.08674
0 0.66714 0.40600 0.39044 0.08734
0 0.72612 0.45374 0.42072 0.07561
0 0.71307 0.50149 0.38143 0.08657
0 0.73499 0.54923 0.38594 0.08644
0 0.75166 0.59698 0.42832 0.08073
0 0.81531 0.64472 0.43013 0.08173
0 0.75673 0.69247 0.37917 0.08744
0 0.64948 0.74021 0.39881 0.0789
0 0.76343 0.78796 0.39965 0.07456
0 0.73098 0.83571 0.42106 0.07808
0 0.92922 0.13281 0.41888 0.07813
0 0.9505 0.18586 0.4161 0.08119
0 0.87224 0.23891 0.39372 0.07358
0 0.93983 0.34501 0.43643 0.08228
0 0.92337 0.45111 0.37241 0.08391
0 0.94417 0.66331 0.40384 0.08648
0 0.91908 0.76941 0.4072 0.08155
0 0.82817 0.82246 0.40666 0.07351
0 0.8422 0.87551 0.41635 0.08417
0 0.9829 0.92856 0.4403 0.07851