0 0.11173 0.13281 0.40104 0.08095
0 0.09712 0.18586 0.42748 0.08027
0 0.09772 0.23891 0.42412 0.08093
0 0.11151 0.29196 0.40748 0.07788
0 0.09401 0.34501 0.41716 0.08156
0 0.10641 0.39806 0.43172 0.07934
0 0.10449 0.45111 0.37795 0.07899
0 0.09579 0.50416 0.43721 0.07618
0 0.09587 0.55721 0.37422 0.07784
0 0.10895 0.61026 0.43231 0.08386
0 0.09363 0.66331 0.41197 0.08189
0 0.11862 0.71636 0.39393 0.07488
0 0.09847 0.76941 0.39122 0.08448
0 0.11008 0.82246 0.44217 0.07458
0 0.11467 0.87551 0.42678 0.07388
0 0.09619 0.92856 0.43264 0.08386
0 0.30979 0.14609 0.42863 0.07903
0 0.30557 0.20444 0.4271 0.08101
0 0.3437 0.26280 0.4061 0.08399
0 0.28975 0.32115 0.44065 0.08252
0 0.32719 0.37951 0.37517 0.07708
0 0.34072 0.43786 0.389 0.07766
0 0.28529 0.49622 0.39643 0.08211
0 0.285 0.55457 0.37219 0.07534
0 0.32496 0.61293 0.44151 0.08147
0 0.28332 0.67129 0.4339 0.08016
0 0.35547 0.72964 0.40014 0.07734
0 0.28712 0.78800 0.43471 0.07584
0 0.28996 0.84635 0.37668 0.07413
0 0.30258 0.90471 0.38248 0.07394
0 0.34126 0.96306 0.41044 0.08319
0 0.58565 0.13281 0.40254 0.08156
0 0.55544 0.18586 0.36914 0.08238
0 0.6002 0.23891 0.43347 0.08417
0 0.60143 0.29196 0.41281 0.08042
0 0.50616 0.34501 0.41285 0.07416
0 0.56174 0.39806 0.42832 0.08746
0 0.52887 0.45111 0.38266 0.08009
0 0.52552 0.50416 0.42708 0.07517
0 0.5122 0.55721 0.39056 0.07482
0 0.49751 0.61026 0.43241 0.07573
0 0.58469 0.66331 0.40782 0.07732
0 0.54125 0.71636 0.37334 0.07718
0 0.48071 0.76941 0.38442 0.07922
0 0.55867 0.82246 0.39035 0.08584
0 0.49558 0.87551 0.438 0.08388
0 0.54477 0.92856 0.43251 0.07338
0 0.73338 0.11953 0.3883 0.08609
0 0.66689 0.16727 0.41205 0.07611
0 0.72815 0.21502 0.38426 0.08631
0 0.81667 0.26276 0.40983 0.08432
0 0.81604 0.31051 0.41669 0.07364
0 0.64641 0.35825 0.43523 0.07674
0 0.80829 0.40600 0.43774 0.08632
0 0.65276 0.45374 0.38713 0.0752
0 0.71639 0.50149 0.42624 0.0746
0 0.80967 0.54923 0.40136 0.08389
0 0.67144 0.59698 0.41798 0.07581
0 0.65689 0.64472 0.43765 0.07676
0 0.68975 0.69247 0.39897 0.07437
0 0.84093 0.74021 0.37589 0.07682
0 0.75358 0.78796 0.36961 0.08119
0 0.78409 0.83571 0.42148 0.08198
0 0.96263 0.13281 0.37114 0.07986
0 0.83018 0.18586 0.4194 0.0862
0 0.80384 0.23891 0.43571 0.07955
0 0.93979 0.29196 0.39215 0.08271
0 0.86392 0.39806 0.41036 0.0863
0 0.90228 0.50416 0.4175 0.08338
0 0.91599 0.55721 0.42572 0.0754
0 0.99618 0.66331 0.41018 0.08021
0 0.9091 0.71636 0.38698 0.0745
0 0.89564 0.76941 0.42302 0.081
0 0.91533 0.82246 0.413 0.07769
0 0.91835 0.87551 0.38455 0.07668
0 0.85781 0.92856 0.42698 0.07526