0 0.09481 0.13281 0.23223 0.04729
0 0.11226 0.18586 0.26529 0.05038
0 0.11217 0.23891 0.26002 0.04499
0 0.10733 0.29196 0.23125 0.04861
0 0.10936 0.34501 0.24266 0.05035
0 0.1019 0.39806 0.25141 0.04468
0 0.11239 0.45111 0.25376 0.04921
0 0.09883 0.50416 0.25582 0.05104
0 0.11245 0.55721 0.26063 0.04951
0 0.10116 0.61026 0.26178 0.05058
0 0.09623 0.66331 0.26157 0.04572
0 0.11086 0.71636 0.23746 0.04683
0 0.10394 0.76941 0.2613 0.05153
0 0.11387 0.82246 0.23007 0.04643
0 0.10294 0.87551 0.26264 0.04594
0 0.09482 0.92856 0.23695 0.04429
0 0.34282 0.14609 0.24712 0.05154
0 0.32669 0.20444 0.24385 0.04397
0 0.28653 0.26280 0.24798 0.04767
0 0.28657 0.32115 0.24394 0.05017
0 0.30162 0.37951 0.25128 0.04693
0 0.34112 0.43786 0.26342 0.04838
0 0.31211 0.49622 0.25883 0.048
0 0.28738 0.55457 0.22779 0.05043
0 0.3269 0.61293 0.25984 0.04773
0 0.30875 0.67129 0.24782 0.04957
0 0.32673 0.72964 0.24142 0.05198
0 0.28705 0.78800 0.26116 0.04756
0 0.29687 0.84635 0.22814 0.04382
0 0.32081 0.90471 0.25963 0.04629
0 0.34205 0.96306 0.26061 0.05164
0 0.54904 0.13281 0.25543 0.05191
0 0.5736 0.18586 0.22394 0.05046
0 0.50489 0.23891 0.23255 0.0445
0 0.50627 0.29196 0.25607 0.0469
0 0.52657 0.34501 0.24386 0.05138
0 0.47749 0.39806 0.25172 0.04504
0 0.55427 0.45111 0.22151 0.04485
0 0.54795 0.50416 0.26446 0.04565
0 0.52681 0.55721 0.22743 0.04851
0 0.51135 0.61026 0.23369 0.04933
0 0.47796 0.66331 0.24594 0.04525
0 0.47365 0.71636 0.24188 0.04807
0 0.52378 0.76941 0.22563 0.04455
0 0.54182 0.82246 0.26533 0.04991
0 0.57041 0.87551 0.23459 0.05055
0 0.53082 0.92856 0.2592 0.04899
0 0.737 0.11953 0.23548 0.04697
0 0.72394 0.16727 0.22809 0.04724
0 0.66204 0.21502 0.24885 0.04514
0 0.78282 0.26276 0.25743 0.04948
0 0.74486 0.31051 0.26323 0.04849
0 0.67915 0.35825 0.23974 0.04961
0 0.76807 0.40600 0.26367 0.04757
0 0.78569 0.45374 0.22841 0.05218
0 0.71511 0.50149 0.22654 0.05075
0 0.71848 0.54923 0.24725 0.05061
0 0.66424 0.59698 0.2431 0.05155
0 0.72314 0.64472 0.2508 0.04886
0 0.73631 0.69247 0.22492 0.05188
0 0.7958 0.74021 0.2636 0.0496
0 0.75084 0.78796 0.25826 0.0475
0 0.70233 0.83571 0.2486 0.05156
0 0.97257 0.13281 0.23052 0.05203
0 0.82251 0.18586 0.25276 0.0522
0 0.99047 0.23891 0.25876 0.04604
0 0.99935 0.29196 0.22455 0.04776
0 0.88496 0.34501 0.26277 0.04717
0 0.89131 0.39806 0.245 0.04433
0 0.85088 0.45111 0.25539 0.04826
0 0.89551 0.50416 0.24068 0.0484
0 0.83098 0.55721 0.25175 0.05116
0 0.84717 0.61026 0.23636 0.05228
0 0.85246 0.66331 0.26066 0.04599
0 0.83169 0.71636 0.25849 0.04545
0 0.90417 0.76941 0.25603 0.04428
0 0.86432 0.82246 0.23165 0.04701
0 0.84065 0.87551 0.24139 0.04416
0 0.90182 0.92856 0.24709 0.05123