0 0.1038 0.13281 0.24992 0.04862
0 0.10446 0.18586 0.26323 0.0441
0 0.10074 0.23891 0.22951 0.04797
0 0.09881 0.29196 0.23622 0.04698
0 0.09706 0.34501 0.26488 0.05047
0 0.1069 0.39806 0.25501 0.05072
0 0.10066 0.45111 0.2452 0.05042
0 0.10251 0.50416 0.2496 0.04617
0 0.10401 0.55721 0.25654 0.04714
0 0.09958 0.61026 0.25613 0.05216
0 0.11156 0.66331 0.25121 0.0514
0 0.10546 0.71636 0.23274 0.04559
0 0.10664 0.76941 0.22288 0.05039
0 0.10534 0.82246 0.23899 0.04866
0 0.10094 0.87551 0.24344 0.05252
0 0.09589 0.92856 0.23262 0.05087
0 0.33731 0.14609 0.22298 0.04511
0 0.32317 0.20444 0.2374 0.04692
0 0.32784 0.26280 0.26495 0.05018
0 0.34262 0.32115 0.23233 0.04725
0 0.33381 0.37951 0.24539 0.0468
0 0.2922 0.43786 0.24116 0.04614
0 0.3338 0.49622 0.24977 0.0501
0 0.32413 0.55457 0.2548 0.04779
0 0.3182 0.61293 0.2384 0.04928
0 0.33458 0.67129 0.26091 0.04705
0 0.32932 0.72964 0.26032 0.04977
0 0.29884 0.78800 0.22722 0.04677
0 0.30741 0.84635 0.2535 0.05018
0 0.33206 0.90471 0.26109 0.04983
0 0.34532 0.96306 0.24275 0.04982
0 0.54415 0.13281 0.2277 0.05193
0 0.53477 0.18586 0.22659 0.04905
0 0.53989 0.23891 0.25054 0.04481
0 0.50283 0.29196 0.23455 0.05061
0 0.57539 0.34501 0.25505 0.04648
0 0.48831 0.39806 0.24036 0.04441
0 0.57267 0.45111 0.24271 0.05218
0 0.56193 0.50416 0.23365 0.05002
0 0.50793 0.55721 0.24061 0.04654
0 0.48279 0.61026 0.22736 0.04619
0 0.49344 0.66331 0.24517 0.04748
0 0.52866 0.71636 0.23118 0.04808
0 0.51235 0.76941 0.24484 0.05253
0 0.48671 0.82246 0.24473 0.04889
0 0.54607 0.87551 0.25538 0.04395
0 0.53015 0.92856 0.24508 0.04981
0 0.76998 0.11953 0.23584 0.04937
0 0.71599 0.16727 0.2649 0.0449
0 0.75782 0.21502 0.24819 0.04552
0 0.8001 0.26276 0.26533 0.0453
0 0.68104 0.31051 0.24075 0.04805
0 0.77702 0.35825 0.23031 0.04933
0 0.79705 0.40600 0.25984 0.04811
0 0.76034 0.45374 0.24723 0.04604
0 0.76864 0.50149 0.23441 0.05034
0 0.74678 0.54923 0.26356 0.04565
0 0.7078 0.59698 0.26045 0.04945
0 0.79405 0.64472 0.24465 0.04531
0 0.80353 0.69247 0.24396 0.04549
0 0.70738 0.74021 0.26055 0.0508
0 0.7628 0.78796 0.23012 0.04959
0 0.69394 0.83571 0.23589 0.04397
0 0.92584 0.13281 0.24039 0.0491
0 0.98449 0.18586 0.25055 0.04451
0 0.90026 0.23891 0.262 0.05014
0 0.86047 0.29196 0.24675 0.04607
0 0.96196 0.34501 0.24702 0.04555
0 0.8752 0.39806 0.23383 0.05048
0 0.95673 0.45111 0.25076 0.04391
0 0.82393 0.50416 0.2287 0.04706
0 0.96084 0.55721 0.25255 0.05165
0 0.84327 0.61026 0.24128 0.05222
0 0.86555 0.66331 0.23883 0.04482
0 0.99343 0.71636 0.23687 0.04897
0 0.91979 0.76941 0.25325 0.04405
0 0.97341 0.82246 0.23569 0.04878
0 0.82762 0.87551 0.26397 0.04507
0 0.97414 0.92856 0.26292 0.04945