0 0.10501 0.13526 0.18468 0.03942
0 0.10501 0.20259 0.18526 0.03767
0 0.10501 0.21672 0.16253 0.04256
0 0.10501 0.27764 0.18554 0.04058
0 0.10501 0.32781 0.22049 0.03228
0 0.10501 0.38724 0.17712 0.03786
0 0.10501 0.42083 0.21611 0.04099
0 0.10501 0.49789 0.20739 0.03987
0 0.10501 0.55916 0.21108 0.04154
0 0.10501 0.65511 0.20466 0.0428
0 0.10501 0.64330 0.18912 0.03681
0 0.10501 0.74777 0.21824 0.03887
0 0.10501 0.69784 0.19968 0.04287
0 0.10501 0.76226 0.17448 0.03355
0 0.10501 0.80621 0.17939 0.03978
0 0.10501 0.97224 0.22079 0.042
0 0.3148 0.15283 0.18628 0.03863
0 0.3148 0.21813 0.19745 0.03289
0 0.3148 0.25608 0.21687 0.04166
0 0.3148 0.31883 0.19407 0.03499
0 0.3148 0.38956 0.19635 0.03344
0 0.3148 0.40341 0.16433 0.03347
0 0.3148 0.50269 0.20048 0.03804
0 0.3148 0.53226 0.21997 0.04223
0 0.3148 0.56119 0.20396 0.03757
0 0.3148 0.64222 0.19182 0.03313
0 0.3148 0.65869 0.20989 0.04074
0 0.3148 0.83574 0.16455 0.0342
0 0.3148 0.87427 0.193 0.04131
0 0.3148 0.91261 0.16785 0.03282
0 0.3148 0.91307 0.21783 0.04149
0 0.52459 0.14491 0.16243 0.0376
0 0.52459 0.18401 0.19355 0.04216
0 0.52459 0.25713 0.20847 0.03378
0 0.52459 0.30858 0.21586 0.03355
0 0.52459 0.35799 0.16259 0.03858
0 0.52459 0.41434 0.21165 0.04104
0 0.52459 0.46245 0.1831 0.042
0 0.52459 0.51665 0.21219 0.03876
0 0.52459 0.54307 0.21837 0.03779
0 0.52459 0.66471 0.17136 0.04183
0 0.52459 0.67329 0.21671 0.03251
0 0.52459 0.73135 0.16574 0.03712
0 0.52459 0.72278 0.19971 0.03279
0 0.52459 0.75363 0.17164 0.04111
0 0.52459 0.90955 0.19904 0.03907
0 0.52459 0.87903 0.21921 0.03211
0 0.73438 0.11731 0.20088 0.04245
0 0.73438 0.17284 0.20966 0.03848
0 0.73438 0.22137 0.22063 0.03803
0 0.73438 0.28829 0.16993 0.03515
0 0.73438 0.28581 0.17562 0.03816
0 0.73438 0.35501 0.21459 0.03534
0 0.73438 0.36749 0.19258 0.03249
0 0.73438 0.48811 0.18531 0.03928
0 0.73438 0.50107 0.22057 0.03599
0 0.73438 0.55816 0.18517 0.03886
0 0.73438 0.64969 0.18271 0.03264
0 0.73438 0.66785 0.17008 0.04086
0 0.73438 0.65238 0.21586 0.03466
0 0.73438 0.67986 0.18049 0.04048
0 0.73438 0.77886 0.20351 0.03647
0 0.73438 0.91249 0.17352 0.04332
0 0.90921 0.12126 0.1972 0.03539
0 0.90921 0.19903 0.21469 0.04089
0 0.90921 0.23023 0.1927 0.04296
0 0.90921 0.27847 0.21729 0.04369
0 0.90921 0.36097 0.17038 0.04346
0 0.90921 0.36949 0.16252 0.04252
0 0.90921 0.48141 0.16913 0.03359
0 0.90921 0.48975 0.19453 0.03377
0 0.90921 0.55314 0.17228 0.03397
0 0.90921 0.66944 0.20204 0.03576
0 0.90921 0.72871 0.20228 0.03841
0 0.90921 0.68946 0.17671 0.03867
0 0.90921 0.76885 0.19833 0.03315
0 0.90921 0.75868 0.21589 0.03964
0 0.90921 0.92607 0.18797 0.03586
0 0.90921 0.84103 0.19063 0.03777