0 0.10501 0.13281 0.40392 0.07496
0 0.10501 0.18586 0.39786 0.08311
0 0.10501 0.23891 0.42749 0.08747
0 0.10501 0.29196 0.40446 0.0736
0 0.10501 0.34501 0.43871 0.08243
0 0.10501 0.39806 0.41155 0.0873
0 0.10501 0.45111 0.38212 0.08569
0 0.10501 0.50416 0.41457 0.08009
0 0.10501 0.55721 0.43931 0.08455
0 0.10501 0.61026 0.41723 0.07844
0 0.10501 0.66331 0.38273 0.07765
0 0.10501 0.71636 0.42203 0.08054
0 0.10501 0.76941 0.4004 0.08176
0 0.10501 0.82246 0.38734 0.08261
0 0.10501 0.87551 0.39368 0.0868
0 0.10501 0.92856 0.3916 0.08514
0 0.3148 0.14609 0.42492 0.08281
0 0.3148 0.20444 0.373 0.07346
0 0.3148 0.26280 0.42651 0.07954
0 0.3148 0.32115 0.36916 0.08382
0 0.3148 0.37951 0.41806 0.08733
0 0.3148 0.43786 0.42511 0.08379
0 0.3148 0.49622 0.44118 0.08477
0 0.3148 0.55457 0.40067 0.07915
0 0.3148 0.61293 0.42638 0.07925
0 0.3148 0.67129 0.43563 0.08465
0 0.3148 0.72964 0.3773 0.07921
0 0.3148 0.78800 0.4063 0.0769
0 0.3148 0.84635 0.41769 0.0814
0 0.3148 0.90471 0.38328 0.07298
0 0.3148 0.96306 0.38528 0.08587
0 0.52459 0.13281 0.42908 0.0795
0 0.52459 0.18586 0.39094 0.08551
0 0.52459 0.23891 0.40423 0.07887
0 0.52459 0.29196 0.43483 0.08257
0 0.52459 0.34501 0.41624 0.08695
0 0.52459 0.39806 0.39093 0.07337
0 0.52459 0.45111 0.39576 0.07995
0 0.52459 0.50416 0.39943 0.08155
0 0.52459 0.55721 0.4404 0.08365
0 0.52459 0.61026 0.3821 0.08064
0 0.52459 0.66331 0.41778 0.08631
0 0.52459 0.71636 0.40426 0.08066
0 0.52459 0.76941 0.43824 0.07901
0 0.52459 0.82246 0.44151 0.08697
0 0.52459 0.87551 0.43824 0.08612
0 0.52459 0.92856 0.43826 0.07624
0 0.73438 0.11953 0.39423 0.08002
0 0.73438 0.16727 0.40125 0.07765
0 0.73438 0.21502 0.41141 0.0745
0 0.73438 0.26276 0.39593 0.07435
0 0.73438 0.31051 0.37863 0.07675
0 0.73438 0.35825 0.41891 0.07587
0 0.73438 0.40600 0.38915 0.08658
0 0.73438 0.45374 0.43761 0.08318
0 0.73438 0.50149 0.44002 0.0862
0 0.73438 0.54923 0.4265 0.07752
0 0.73438 0.59698 0.43692 0.07887
0 0.73438 0.64472 0.4241 0.08541
0 0.73438 0.69247 0.422 0.07316
0 0.73438 0.74021 0.37953 0.07684
0 0.73438 0.78796 0.41417 0.07314
0 0.73438 0.83571 0.42788 0.08418
0 0.90921 0.13281 0.3763 0.07607
0 0.90921 0.18586 0.41669 0.08606
0 0.90921 0.23891 0.39276 0.0804
0 0.90921 0.29196 0.40272 0.08062
0 0.90921 0.34501 0.42777 0.07361
0 0.90921 0.39806 0.37635 0.07502
0 0.90921 0.45111 0.39534 0.07495
0 0.90921 0.50416 0.42135 0.08539
0 0.90921 0.55721 0.40618 0.08116
0 0.90921 0.61026 0.41408 0.07469
0 0.90921 0.66331 0.39375 0.08239
0 0.90921 0.71636 0.42916 0.07459
0 0.90921 0.76941 0.43675 0.07651
0 0.90921 0.82246 0.38895 0.07842
0 0.90921 0.87551 0.40465 0.08734
0 0.90921 0.92856 0.38406 0.07759