0 0.11159 0.13281 0.25309 0.05223
0 0.10563 0.18586 0.24243 0.0521
0 0.10235 0.23891 0.25089 0.04907
0 0.09603 0.29196 0.22568 0.0461
0 0.10972 0.34501 0.26552 0.05163
0 0.0971 0.39806 0.26155 0.04488
0 0.10045 0.45111 0.22135 0.05152
0 0.10606 0.50416 0.23962 0.05088
0 0.10744 0.55721 0.23567 0.04812
0 0.11355 0.61026 0.25019 0.052
0 0.11301 0.66331 0.25404 0.04551
0 0.10077 0.71636 0.25455 0.04691
0 0.11092 0.76941 0.25673 0.0446
0 0.10921 0.82246 0.22369 0.05188
0 0.10544 0.87551 0.26257 0.04645
0 0.11271 0.92856 0.24692 0.04946
0 0.33335 0.14609 0.22819 0.04874
0 0.34079 0.20444 0.25426 0.0488
0 0.30145 0.26280 0.22999 0.04567
0 0.31819 0.32115 0.23622 0.05208
0 0.34217 0.37951 0.22403 0.04416
0 0.33392 0.43786 0.2214 0.05051
0 0.2894 0.49622 0.24836 0.04536
0 0.31417 0.55457 0.23072 0.0461
0 0.30403 0.61293 0.24064 0.051
0 0.32374 0.67129 0.23442 0.04707
0 0.32861 0.72964 0.24494 0.04948
0 0.28747 0.78800 0.24189 0.04541
0 0.30106 0.84635 0.24965 0.05229
0 0.33617 0.90471 0.2445 0.04691
0 0.31706 0.96306 0.23466 0.05178
0 0.54673 0.13281 0.24667 0.05064
0 0.53077 0.18586 0.23559 0.05058
0 0.53665 0.23891 0.22884 0.0462
0 0.47566 0.29196 0.24046 0.0447
0 0.55824 0.34501 0.22401 0.0524
0 0.49107 0.39806 0.24852 0.04962
0 0.52665 0.45111 0.25091 0.04516
0 0.57241 0.50416 0.2538 0.04517
0 0.522 0.55721 0.23139 0.04824
0 0.5207 0.61026 0.2226 0.04424
0 0.54305 0.66331 0.23582 0.04962
0 0.55677 0.71636 0.24955 0.05108
0 0.50938 0.76941 0.2622 0.0456
0 0.5155 0.82246 0.23983 0.04511
0 0.5558 0.87551 0.22787 0.04783
0 0.51853 0.92856 0.25097 0.04526
0 0.72301 0.11953 0.25638 0.05078
0 0.72375 0.16727 0.22157 0.04765
0 0.72088 0.21502 0.26433 0.04429
0 0.70075 0.26276 0.2532 0.04622
0 0.75465 0.31051 0.2637 0.04982
0 0.79955 0.35825 0.24204 0.05134
0 0.68408 0.40600 0.24489 0.04801
0 0.6778 0.45374 0.2495 0.04694
0 0.79171 0.50149 0.22762 0.04655
0 0.75995 0.54923 0.23753 0.04383
0 0.73082 0.59698 0.22855 0.04799
0 0.71013 0.64472 0.25787 0.0472
0 0.72379 0.69247 0.25635 0.04941
0 0.74495 0.74021 0.24398 0.048
0 0.66978 0.78796 0.22644 0.05234
0 0.71802 0.83571 0.24608 0.04514
0 0.98707 0.13281 0.22645 0.04657
0 0.9298 0.18586 0.2471 0.04448
0 0.85262 0.23891 0.25106 0.05044
0 0.97716 0.29196 0.23441 0.04617
0 0.88682 0.34501 0.2439 0.05081
0 0.84236 0.39806 0.2235 0.05083
0 0.89947 0.45111 0.25799 0.05056
0 0.90507 0.50416 0.24896 0.04501
0 0.86664 0.55721 0.25372 0.05199
0 0.99699 0.61026 0.23017 0.0476
0 0.958 0.66331 0.22779 0.04931
0 0.88302 0.71636 0.25373 0.04642
0 0.88542 0.76941 0.234 0.04429
0 0.93522 0.82246 0.23866 0.04818
0 0.89322 0.87551 0.2473 0.0502
0 0.95256 0.92856 0.24884 0.05253