0 0.11133 0.13281 0.23619 0.04756
0 0.10444 0.18586 0.23508 0.0509
0 0.09578 0.23891 0.22216 0.04659
0 0.1105 0.29196 0.22664 0.04463
0 0.10558 0.34501 0.26261 0.05186
0 0.1086 0.39806 0.23105 0.04932
0 0.10374 0.45111 0.25232 0.05193
0 0.09627 0.50416 0.26223 0.04636
0 0.10609 0.55721 0.22166 0.04432
0 0.11374 0.61026 0.22982 0.04434
0 0.11324 0.66331 0.24546 0.04417
0 0.11046 0.71636 0.23815 0.05185
0 0.09762 0.76941 0.22957 0.05145
0 0.10622 0.82246 0.22515 0.04598
0 0.11359 0.87551 0.26164 0.04745
0 0.10426 0.92856 0.2273 0.04434
0 0.32872 0.14609 0.22627 0.04705
0 0.31102 0.20444 0.24905 0.05085
0 0.32402 0.26280 0.223 0.0478
0 0.34397 0.32115 0.23756 0.04533
0 0.29519 0.37951 0.24871 0.04547
0 0.28558 0.43786 0.2282 0.04636
0 0.31563 0.49622 0.26532 0.04842
0 0.29855 0.55457 0.26453 0.04392
0 0.29712 0.61293 0.24798 0.04875
0 0.33177 0.67129 0.24233 0.04827
0 0.318 0.72964 0.25022 0.04623
0 0.33344 0.78800 0.24688 0.04401
0 0.34124 0.84635 0.26059 0.04777
0 0.33786 0.90471 0.26228 0.05026
0 0.29312 0.96306 0.26171 0.05237
0 0.56431 0.13281 0.25928 0.04436
0 0.53922 0.18586 0.22413 0.0476
0 0.49211 0.23891 0.2257 0.04849
0 0.56806 0.29196 0.22378 0.04636
0 0.47738 0.34501 0.23452 0.04532
0 0.54498 0.39806 0.25943 0.05002
0 0.50327 0.45111 0.25622 0.04436
0 0.57642 0.50416 0.23291 0.05057
0 0.54936 0.55721 0.22779 0.04435
0 0.47305 0.61026 0.24644 0.04794
0 0.55117 0.66331 0.25117 0.05118
0 0.55098 0.71636 0.26114 0.04453
0 0.57111 0.76941 0.23852 0.05054
0 0.49564 0.82246 0.22259 0.0448
0 0.53069 0.87551 0.26395 0.04597
0 0.4885 0.92856 0.23725 0.04642
0 0.69462 0.11953 0.25621 0.04849
0 0.71433 0.16727 0.24391 0.05227
0 0.8029 0.21502 0.25525 0.04628
0 0.78916 0.26276 0.25583 0.0511
0 0.66116 0.31051 0.23935 0.04969
0 0.79497 0.35825 0.23326 0.04829
0 0.80043 0.40600 0.24771 0.04896
0 0.77601 0.45374 0.22917 0.04955
0 0.67021 0.50149 0.23038 0.04518
0 0.68826 0.54923 0.23132 0.04836
0 0.70551 0.59698 0.26209 0.05078
0 0.67719 0.64472 0.25715 0.04997
0 0.66816 0.69247 0.23122 0.05033
0 0.67293 0.74021 0.23207 0.04661
0 0.77157 0.78796 0.2531 0.04606
0 0.66857 0.83571 0.26119 0.04503
0 0.8862 0.13281 0.25435 0.048
0 0.98516 0.18586 0.24722 0.04991
0 0.9227 0.23891 0.25907 0.05193
0 0.94035 0.29196 0.25312 0.04539
0 0.98529 0.34501 0.25936 0.04781
0 0.99997 0.39806 0.25442 0.04826
0 0.86101 0.45111 0.24084 0.04573
0 0.91822 0.50416 0.24325 0.0467
0 0.82032 0.55721 0.2304 0.04784
0 0.87912 0.61026 0.26202 0.04833
0 0.89484 0.66331 0.23763 0.0507
0 0.95256 0.71636 0.24841 0.04436
0 0.82254 0.76941 0.2579 0.04717
0 0.93604 0.82246 0.23397 0.04402
0 0.86097 0.87551 0.24557 0.0474
0 0.92544 0.92856 0.22871 0.04815