0 0.09467 0.13281 0.40677 0.07942
0 0.10024 0.18586 0.4341 0.07638
0 0.09687 0.23891 0.40466 0.07305
0 0.10184 0.29196 0.39308 0.08466
0 0.09473 0.34501 0.37007 0.07299
0 0.11243 0.39806 0.43783 0.08549
0 0.09263 0.45111 0.43197 0.08107
0 0.09951 0.50416 0.42105 0.08654
0 0.09663 0.55721 0.42768 0.07852
0 0.1027 0.61026 0.43772 0.08096
0 0.10415 0.66331 0.41128 0.07512
0 0.11099 0.71636 0.39647 0.07461
0 0.11581 0.76941 0.40817 0.08623
0 0.11261 0.82246 0.43894 0.07758
0 0.09549 0.87551 0.41947 0.0862
0 0.11475 0.92856 0.43981 0.08272
0 0.29933 0.14609 0.40914 0.08382
0 0.3379 0.20444 0.3888 0.08044
0 0.29307 0.26280 0.42218 0.07729
0 0.31839 0.32115 0.3881 0.0778
0 0.27707 0.37951 0.38359 0.07784
0 0.36055 0.43786 0.40678 0.07806
0 0.32481 0.49622 0.36957 0.08658
0 0.29624 0.55457 0.43383 0.08164
0 0.33877 0.61293 0.43139 0.0872
0 0.2937 0.67129 0.41502 0.0788
0 0.35328 0.72964 0.37128 0.08032
0 0.34651 0.78800 0.40919 0.08196
0 0.27822 0.84635 0.40793 0.07704
0 0.31779 0.90471 0.43979 0.07944
0 0.28339 0.96306 0.38563 0.07724
0 0.48409 0.13281 0.43215 0.0769
0 0.50188 0.18586 0.40797 0.08438
0 0.49129 0.23891 0.42037 0.08455
0 0.55644 0.29196 0.39629 0.07983
0 0.5919 0.34501 0.41427 0.07807
0 0.58759 0.39806 0.38549 0.07677
0 0.55671 0.45111 0.43997 0.07994
0 0.4886 0.50416 0.4146 0.07805
0 0.58611 0.55721 0.42002 0.08534
0 0.48494 0.61026 0.38662 0.08712
0 0.53712 0.66331 0.40226 0.08335
0 0.58346 0.71636 0.43228 0.07347
0 0.46317 0.76941 0.40797 0.08661
0 0.49094 0.82246 0.42744 0.08213
0 0.56859 0.87551 0.42376 0.07742
0 0.47262 0.92856 0.41204 0.08713
0 0.74173 0.11953 0.37863 0.08026
0 0.71875 0.16727 0.41877 0.08139
0 0.7828 0.21502 0.4026 0.08305
0 0.78463 0.26276 0.41689 0.07892
0 0.65536 0.31051 0.42197 0.07431
0 0.72379 0.35825 0.41981 0.08101
0 0.83047 0.40600 0.39746 0.07534
0 0.77264 0.45374 0.3967 0.0754
0 0.80828 0.50149 0.43489 0.07715
0 0.76675 0.54923 0.44201 0.08203
0 0.76637 0.59698 0.41961 0.07838
0 0.80419 0.64472 0.39258 0.07442
0 0.82442 0.69247 0.39426 0.07309
0 0.77182 0.74021 0.44152 0.08665
0 0.79737 0.78796 0.38795 0.08518
0 0.77202 0.83571 0.43392 0.08431
0 0.92868 0.13281 0.42962 0.07609
0 0.80102 0.18586 0.39593 0.08426
0 0.83027 0.29196 0.43376 0.07631
0 0.88323 0.34501 0.42738 0.07739
0 0.90771 0.39806 0.40273 0.08681
0 0.88762 0.50416 0.37319 0.07576
0 0.97284 0.55721 0.42064 0.07742
0 0.80531 0.61026 0.37848 0.08021
0 0.9759 0.66331 0.44143 0.08296
0 0.98125 0.71636 0.39947 0.07302
0 0.91352 0.76941 0.42372 0.07476
0 0.90437 0.82246 0.36887 0.08283
0 0.80161 0.87551 0.4421 0.08561
0 0.93746 0.92856 0.43348 0.07753