0 0.11444 0.13281 0.26261 0.05218
0 0.0951 0.18586 0.2411 0.05026
0 0.10109 0.23891 0.26001 0.04834
0 0.11026 0.29196 0.24728 0.05192
0 0.09721 0.34501 0.25763 0.05232
0 0.10999 0.39806 0.22674 0.04679
0 0.1131 0.45111 0.26289 0.04521
0 0.10266 0.50416 0.22336 0.04562
0 0.09879 0.55721 0.2557 0.04845
0 0.10139 0.61026 0.23633 0.04626
0 0.10444 0.66331 0.26236 0.04584
0 0.1042 0.71636 0.25938 0.05224
0 0.0971 0.76941 0.23231 0.05022
0 0.09462 0.82246 0.26305 0.04965
0 0.11278 0.87551 0.23164 0.05003
0 0.10458 0.92856 0.23639 0.04909
0 0.31803 0.14609 0.22431 0.04483
0 0.33395 0.20444 0.25904 0.04447
0 0.28797 0.26280 0.22795 0.04443
0 0.32207 0.32115 0.23862 0.04592
0 0.31914 0.37951 0.25369 0.04532
0 0.32091 0.43786 0.23997 0.0466
0 0.32716 0.49622 0.22561 0.04747
0 0.34403 0.55457 0.22275 0.04739
0 0.32736 0.61293 0.25604 0.04573
0 0.31477 0.67129 0.24529 0.05057
0 0.30745 0.72964 0.25043 0.04494
0 0.28893 0.78800 0.24982 0.04698
0 0.28864 0.84635 0.23075 0.04662
0 0.33464 0.90471 0.24372 0.05085
0 0.30244 0.96306 0.25664 0.04803
0 0.56312 0.13281 0.23928 0.04731
0 0.51181 0.18586 0.25005 0.04404
0 0.57656 0.23891 0.22974 0.05227
0 0.50643 0.29196 0.26551 0.05216
0 0.5113 0.34501 0.22906 0.04606
0 0.53342 0.39806 0.22382 0.04962
0 0.5137 0.45111 0.23541 0.04637
0 0.49745 0.50416 0.2466 0.05226
0 0.51562 0.55721 0.26076 0.04469
0 0.53364 0.61026 0.25672 0.05115
0 0.5063 0.66331 0.26162 0.04557
0 0.5404 0.71636 0.24851 0.05039
0 0.49586 0.76941 0.25155 0.05033
0 0.52543 0.82246 0.25614 0.04814
0 0.56414 0.87551 0.22291 0.04668
0 0.48867 0.92856 0.24048 0.05147
0 0.79749 0.11953 0.24927 0.04488
0 0.77789 0.16727 0.23374 0.05047
0 0.70808 0.21502 0.24522 0.05135
0 0.78203 0.26276 0.22133 0.04438
0 0.6868 0.31051 0.23406 0.04432
0 0.70986 0.35825 0.23484 0.04544
0 0.74007 0.40600 0.2303 0.04699
0 0.77864 0.45374 0.23687 0.04498
0 0.77651 0.50149 0.26242 0.04474
0 0.74553 0.54923 0.25802 0.05055
0 0.69295 0.59698 0.25839 0.04545
0 0.67377 0.64472 0.24583 0.046
0 0.73483 0.69247 0.25316 0.04458
0 0.72354 0.74021 0.23902 0.05104
0 0.80328 0.78796 0.24183 0.04478
0 0.67706 0.83571 0.24444 0.04391
0 0.9897 0.13281 0.2572 0.04802
0 0.84065 0.18586 0.2258 0.04666
0 0.95811 0.23891 0.22525 0.04605
0 0.92487 0.29196 0.24561 0.04954
0 0.95922 0.34501 0.26085 0.0452
0 0.82086 0.39806 0.23044 0.04683
0 0.83777 0.45111 0.24496 0.05014
0 0.846 0.50416 0.24779 0.0515
0 0.94195 0.55721 0.25955 0.04777
0 0.91339 0.61026 0.23397 0.0507
0 0.92266 0.66331 0.25667 0.04463
0 0.93102 0.71636 0.25715 0.04534
0 0.91851 0.76941 0.22975 0.05092
0 0.9741 0.82246 0.26506 0.0523
0 0.89076 0.87551 0.25853 0.04815
0 0.81999 0.92856 0.22151 0.04637