0 0.10501 0.13281 0.4048 0.07797
0 0.10501 0.18586 0.3952 0.07537
0 0.10501 0.23891 0.41223 0.08228
0 0.10501 0.29196 0.43604 0.07773
0 0.10501 0.34501 0.42838 0.07351
0 0.10501 0.39806 0.37892 0.08134
0 0.10501 0.45111 0.44236 0.07376
0 0.10501 0.50416 0.41583 0.07567
0 0.10501 0.55721 0.43733 0.08704
0 0.10501 0.61026 0.42615 0.07908
0 0.10501 0.66331 0.42715 0.08154
0 0.10501 0.71636 0.39587 0.07434
0 0.10501 0.76941 0.37304 0.08491
0 0.10501 0.82246 0.40201 0.07511
0 0.10501 0.87551 0.39616 0.08101
0 0.10501 0.92856 0.41809 0.07575
0 0.3148 0.14609 0.42241 0.07438
0 0.3148 0.20444 0.37517 0.07758
0 0.3148 0.26280 0.42439 0.08336
0 0.3148 0.32115 0.39098 0.08509
0 0.3148 0.37951 0.40478 0.07637
0 0.3148 0.43786 0.40297 0.08695
0 0.3148 0.49622 0.42096 0.08639
0 0.3148 0.55457 0.39635 0.07964
0 0.3148 0.61293 0.3931 0.07431
0 0.3148 0.67129 0.41668 0.08104
0 0.3148 0.72964 0.39889 0.08537
0 0.3148 0.78800 0.40848 0.08152
0 0.3148 0.84635 0.37373 0.07786
0 0.3148 0.90471 0.42994 0.08586
0 0.3148 0.96306 0.42717 0.0865
0 0.52459 0.13281 0.38201 0.08537
0 0.52459 0.18586 0.39221 0.08579
0 0.52459 0.23891 0.40567 0.07368
0 0.52459 0.29196 0.38164 0.08076
0 0.52459 0.34501 0.37467 0.07927
0 0.52459 0.39806 0.40332 0.08618
0 0.52459 0.45111 0.40172 0.0809
0 0.52459 0.50416 0.42218 0.07722
0 0.52459 0.55721 0.37379 0.0874
0 0.52459 0.61026 0.42093 0.08116
0 0.52459 0.66331 0.37933 0.08168
0 0.52459 0.71636 0.38868 0.08503
0 0.52459 0.76941 0.4225 0.08737
0 0.52459 0.82246 0.44158 0.07699
0 0.52459 0.87551 0.36899 0.08606
0 0.52459 0.92856 0.39652 0.08366
0 0.73438 0.11953 0.37728 0.07829
0 0.73438 0.16727 0.38283 0.08094
0 0.73438 0.21502 0.43532 0.08605
0 0.73438 0.26276 0.40166 0.07528
0 0.73438 0.31051 0.41367 0.07401
0 0.73438 0.35825 0.38075 0.08136
0 0.73438 0.40600 0.41689 0.0775
0 0.73438 0.45374 0.43361 0.08305
0 0.73438 0.50149 0.3761 0.08668
0 0.73438 0.54923 0.4143 0.08639
0 0.73438 0.59698 0.41522 0.07746
0 0.73438 0.64472 0.43743 0.08641
0 0.73438 0.69247 0.44045 0.08122
0 0.73438 0.74021 0.40632 0.08239
0 0.73438 0.78796 0.41408 0.07761
0 0.73438 0.83571 0.42516 0.08402
0 0.90921 0.13281 0.3837 0.07848
0 0.90921 0.18586 0.44096 0.08096
0 0.90921 0.23891 0.39439 0.08752
0 0.90921 0.29196 0.38992 0.07547
0 0.90921 0.34501 0.38785 0.08483
0 0.90921 0.39806 0.40228 0.07308
0 0.90921 0.45111 0.38248 0.07394
0 0.90921 0.50416 0.37748 0.07722
0 0.90921 0.55721 0.377 0.07978
0 0.90921 0.61026 0.41604 0.07529
0 0.90921 0.66331 0.38553 0.07883
0 0.90921 0.71636 0.37689 0.07748
0 0.90921 0.76941 0.37659 0.07852
0 0.90921 0.82246 0.42103 0.08155
0 0.90921 0.87551 0.39929 0.07883
0 0.90921 0.92856 0.44161 0.07578