0 0.10297 0.13281 0.22635 0.04594
0 0.09453 0.18586 0.22682 0.0471
0 0.09582 0.23891 0.25518 0.04802
0 0.09608 0.29196 0.25977 0.04507
0 0.11519 0.34501 0.24761 0.04594
0 0.11309 0.39806 0.23224 0.04711
0 0.10406 0.45111 0.25958 0.04979
0 0.10874 0.50416 0.22268 0.04678
0 0.11117 0.55721 0.25704 0.04694
0 0.11296 0.61026 0.23488 0.04745
0 0.10259 0.66331 0.23332 0.04862
0 0.10691 0.71636 0.24742 0.04512
0 0.11129 0.76941 0.26461 0.04965
0 0.10186 0.82246 0.23776 0.0512
0 0.10112 0.87551 0.24532 0.04697
0 0.11339 0.92856 0.26138 0.04556
0 0.29211 0.14609 0.24597 0.04801
0 0.32252 0.20444 0.23157 0.04727
0 0.31895 0.26280 0.2578 0.05028
0 0.28431 0.32115 0.24045 0.04475
0 0.32194 0.37951 0.23892 0.049
0 0.31375 0.43786 0.23518 0.05112
0 0.33163 0.49622 0.26145 0.0449
0 0.30169 0.55457 0.23392 0.05038
0 0.30459 0.61293 0.24277 0.05076
0 0.32231 0.67129 0.25742 0.05047
0 0.29981 0.72964 0.26356 0.04487
0 0.29585 0.78800 0.24743 0.04695
0 0.32301 0.84635 0.24336 0.05227
0 0.34596 0.90471 0.24282 0.05237
0 0.30676 0.96306 0.26476 0.04995
0 0.49959 0.13281 0.2334 0.04678
0 0.53531 0.18586 0.25752 0.0516
0 0.50915 0.23891 0.25875 0.05147
0 0.52065 0.29196 0.23462 0.05121
0 0.49168 0.34501 0.22551 0.04589
0 0.54531 0.39806 0.22459 0.05232
0 0.50968 0.45111 0.26442 0.04529
0 0.47463 0.50416 0.25148 0.05222
0 0.4872 0.55721 0.26054 0.04548
0 0.48976 0.61026 0.26277 0.05047
0 0.5568 0.66331 0.25577 0.05139
0 0.56933 0.71636 0.24639 0.04597
0 0.47953 0.76941 0.23733 0.05073
0 0.56842 0.82246 0.25173 0.04877
0 0.47581 0.87551 0.2338 0.05181
0 0.52845 0.92856 0.25232 0.05083
0 0.70019 0.11953 0.2542 0.04597
0 0.71818 0.16727 0.23848 0.05058
0 0.70602 0.21502 0.22921 0.04428
0 0.76486 0.26276 0.25326 0.05224
0 0.69178 0.31051 0.22779 0.05112
0 0.74428 0.35825 0.25407 0.04391
0 0.72339 0.40600 0.25004 0.05081
0 0.74898 0.45374 0.24828 0.04444
0 0.76114 0.50149 0.24338 0.04999
0 0.7946 0.54923 0.22657 0.05027
0 0.70413 0.59698 0.2213 0.04828
0 0.67697 0.64472 0.23222 0.04969
0 0.78355 0.69247 0.25488 0.04406
0 0.75966 0.74021 0.24977 0.05208
0 0.79265 0.78796 0.22579 0.05203
0 0.78239 0.83571 0.23342 0.04424
0 0.8571 0.13281 0.2234 0.05147
0 0.85129 0.18586 0.23998 0.04519
0 0.903 0.23891 0.25199 0.04469
0 0.98674 0.29196 0.22881 0.05173
0 0.92573 0.34501 0.2321 0.05155
0 0.99712 0.39806 0.25291 0.0488
0 0.92522 0.45111 0.24808 0.05141
0 0.91468 0.50416 0.24436 0.04425
0 0.85997 0.55721 0.25227 0.04643
0 0.9047 0.61026 0.24692 0.04672
0 0.84047 0.66331 0.23405 0.04839
0 0.91955 0.71636 0.25454 0.04961
0 0.86255 0.76941 0.23466 0.05037
0 0.97655 0.82246 0.23746 0.04518
0 0.9669 0.87551 0.26198 0.04593
0 0.88597 0.92856 0.23019 0.04972