0 0.1203 0.13281 0.43383 0.08351
0 0.09994 0.18586 0.36936 0.08174
0 0.1178 0.23891 0.42234 0.08034
0 0.11338 0.29196 0.39745 0.08688
0 0.11302 0.34501 0.42441 0.08629
0 0.10914 0.39806 0.40331 0.07852
0 0.10763 0.45111 0.43845 0.08346
0 0.10053 0.50416 0.39667 0.08598
0 0.09379 0.55721 0.37913 0.08594
0 0.10883 0.61026 0.38134 0.08077
0 0.10031 0.66331 0.4024 0.08358
0 0.10803 0.71636 0.41901 0.07451
0 0.10658 0.76941 0.37397 0.07374
0 0.11573 0.82246 0.43113 0.07375
0 0.10932 0.87551 0.36886 0.08624
0 0.11598 0.92856 0.3957 0.08322
0 0.30122 0.14609 0.36899 0.07609
0 0.30658 0.20444 0.41048 0.08435
0 0.29695 0.26280 0.41006 0.08512
0 0.28974 0.32115 0.43615 0.0831
0 0.32158 0.37951 0.43999 0.08071
0 0.34643 0.43786 0.38313 0.08034
0 0.30245 0.49622 0.37158 0.07581
0 0.28817 0.55457 0.41516 0.0771
0 0.30983 0.61293 0.40343 0.08224
0 0.34829 0.67129 0.37842 0.07955
0 0.32986 0.72964 0.42086 0.0751
0 0.32457 0.78800 0.41414 0.07494
0 0.35509 0.84635 0.38087 0.08065
0 0.34512 0.90471 0.42301 0.08701
0 0.33954 0.96306 0.41999 0.07333
0 0.58554 0.13281 0.41818 0.07546
0 0.56681 0.18586 0.41686 0.08653
0 0.47368 0.23891 0.40081 0.08552
0 0.48528 0.29196 0.37706 0.07905
0 0.53211 0.34501 0.38388 0.08589
0 0.47994 0.39806 0.40916 0.0832
0 0.57129 0.45111 0.42872 0.08434
0 0.55255 0.50416 0.42122 0.08216
0 0.60184 0.55721 0.39408 0.08481
0 0.56393 0.61026 0.37259 0.08376
0 0.58677 0.66331 0.42923 0.08398
0 0.57438 0.71636 0.43759 0.08585
0 0.47237 0.76941 0.3999 0.07889
0 0.59907 0.82246 0.38985 0.0802
0 0.55898 0.87551 0.39617 0.08441
0 0.5875 0.92856 0.3795 0.07333
0 0.70207 0.11953 0.43229 0.07456
0 0.74801 0.16727 0.37388 0.08397
0 0.64978 0.21502 0.4193 0.08592
0 0.83962 0.26276 0.40963 0.08056
0 0.75681 0.31051 0.43079 0.08305
0 0.68563 0.35825 0.40946 0.08153
0 0.7226 0.40600 0.39048 0.07817
0 0.64997 0.45374 0.4001 0.08143
0 0.67992 0.50149 0.4163 0.0764
0 0.80537 0.54923 0.38277 0.08524
0 0.71242 0.59698 0.38619 0.0744
0 0.721 0.64472 0.38149 0.07965
0 0.66255 0.69247 0.38343 0.08267
0 0.82395 0.74021 0.40161 0.07857
0 0.75944 0.78796 0.37855 0.08284
0 0.72434 0.83571 0.42875 0.07511
0 0.90077 0.13281 0.42351 0.07406
0 0.96038 0.18586 0.41651 0.08489
0 0.82597 0.23891 0.43022 0.08242
0 0.98131 0.34501 0.37426 0.07943
0 0.89196 0.39806 0.40404 0.08575
0 0.90646 0.45111 0.39378 0.08292
0 0.84654 0.50416 0.4392 0.08388
0 0.93666 0.55721 0.4248 0.08584
0 0.82805 0.66331 0.38901 0.07767
0 0.95767 0.71636 0.38852 0.08266
0 0.86736 0.76941 0.39221 0.07784
0 0.92579 0.92856 0.39673 0.0828