0 0.10501 0.13281 0.44229 0.07712
0 0.10501 0.18586 0.40411 0.08207
0 0.10501 0.23891 0.40133 0.08139
0 0.10501 0.29196 0.38508 0.08328
0 0.10501 0.34501 0.43679 0.07478
0 0.10501 0.39806 0.42821 0.07793
0 0.10501 0.45111 0.40308 0.08218
0 0.10501 0.50416 0.43012 0.08629
0 0.10501 0.55721 0.44065 0.08464
0 0.10501 0.61026 0.37298 0.08645
0 0.10501 0.66331 0.38454 0.07414
0 0.10501 0.71636 0.42974 0.07346
0 0.10501 0.76941 0.39323 0.08012
0 0.10501 0.82246 0.42474 0.07575
0 0.10501 0.87551 0.43989 0.08477
0 0.10501 0.92856 0.40281 0.07658
0 0.3148 0.14609 0.39544 0.08067
0 0.3148 0.20444 0.36911 0.07481
0 0.3148 0.26280 0.40363 0.08176
0 0.3148 0.32115 0.39164 0.0863
0 0.3148 0.37951 0.41823 0.07323
0 0.3148 0.43786 0.41633 0.07383
0 0.3148 0.49622 0.42057 0.08722
0 0.3148 0.55457 0.43774 0.07787
0 0.3148 0.61293 0.38092 0.07416
0 0.3148 0.67129 0.37057 0.07784
0 0.3148 0.72964 0.43763 0.07357
0 0.3148 0.78800 0.4276 0.07957
0 0.3148 0.84635 0.37451 0.08687
0 0.3148 0.90471 0.38065 0.08035
0 0.3148 0.96306 0.43001 0.07919
0 0.52459 0.13281 0.44023 0.07658
0 0.52459 0.18586 0.39559 0.08278
0 0.52459 0.23891 0.37318 0.07845
0 0.52459 0.29196 0.38052 0.0853
0 0.52459 0.34501 0.41058 0.07526
0 0.52459 0.39806 0.38808 0.08088
0 0.52459 0.45111 0.41349 0.07337
0 0.52459 0.50416 0.42414 0.07599
0 0.52459 0.55721 0.37252 0.08646
0 0.52459 0.61026 0.42843 0.0865
0 0.52459 0.66331 0.38077 0.08635
0 0.52459 0.71636 0.42164 0.08624
0 0.52459 0.76941 0.38986 0.07824
0 0.52459 0.82246 0.42659 0.0742
0 0.52459 0.87551 0.41245 0.07498
0 0.52459 0.92856 0.3847 0.0781
0 0.73438 0.11953 0.41346 0.07636
0 0.73438 0.16727 0.387 0.07371
0 0.73438 0.21502 0.39465 0.07978
0 0.73438 0.26276 0.38722 0.0855
0 0.73438 0.31051 0.38238 0.08265
0 0.73438 0.35825 0.40529 0.08099
0 0.73438 0.40600 0.40548 0.0742
0 0.73438 0.45374 0.42147 0.08264
0 0.73438 0.50149 0.42314 0.08634
0 0.73438 0.54923 0.43589 0.08244
0 0.73438 0.59698 0.38938 0.08435
0 0.73438 0.64472 0.43205 0.08257
0 0.73438 0.69247 0.43034 0.08388
0 0.73438 0.74021 0.43817 0.0808
0 0.73438 0.78796 0.40822 0.08568
0 0.73438 0.83571 0.38894 0.07992
0 0.90921 0.13281 0.41405 0.07722
0 0.90921 0.18586 0.4159 0.07484
0 0.90921 0.23891 0.43393 0.07451
0 0.90921 0.29196 0.42107 0.08606
0 0.90921 0.34501 0.39895 0.07676
0 0.90921 0.39806 0.39247 0.07486
0 0.90921 0.45111 0.40943 0.08138
0 0.90921 0.50416 0.3843 0.07446
0 0.90921 0.55721 0.39632 0.07686
0 0.90921 0.61026 0.41114 0.08198
0 0.90921 0.66331 0.4384 0.08637
0 0.90921 0.71636 0.39721 0.08326
0 0.90921 0.76941 0.41425 0.08697
0 0.90921 0.82246 0.38891 0.08194
0 0.90921 0.87551 0.42928 0.07991
0 0.90921 0.92856 0.43504 0.08041