0 0.09272 0.13281 0.40448 0.07846
0 0.09743 0.18586 0.43588 0.08162
0 0.11873 0.23891 0.38278 0.08613
0 0.11719 0.29196 0.43846 0.07679
0 0.11327 0.34501 0.42133 0.08096
0 0.10808 0.39806 0.42328 0.0751
0 0.11665 0.45111 0.37235 0.07478
0 0.11521 0.50416 0.37834 0.08634
0 0.10876 0.55721 0.43692 0.08725
0 0.11919 0.61026 0.44185 0.08538
0 0.11225 0.66331 0.41234 0.07517
0 0.11722 0.71636 0.42839 0.07397
0 0.11912 0.76941 0.42402 0.08125
0 0.11919 0.82246 0.41673 0.08388
0 0.09316 0.87551 0.4037 0.08182
0 0.1195 0.92856 0.42132 0.0812
0 0.33883 0.14609 0.37315 0.07737
0 0.33842 0.20444 0.41988 0.08162
0 0.32677 0.26280 0.38185 0.08095
0 0.28655 0.32115 0.40869 0.08427
0 0.31281 0.37951 0.42608 0.07676
0 0.31103 0.43786 0.42097 0.07975
0 0.29049 0.49622 0.37036 0.08658
0 0.35186 0.55457 0.37096 0.07575
0 0.29691 0.61293 0.37372 0.08091
0 0.30347 0.67129 0.37583 0.07652
0 0.31151 0.72964 0.39116 0.08217
0 0.35248 0.78800 0.43076 0.08354
0 0.29801 0.84635 0.4394 0.0867
0 0.32194 0.90471 0.40878 0.0873
0 0.3446 0.96306 0.41051 0.08075
0 0.52751 0.13281 0.39411 0.08679
0 0.59715 0.18586 0.41154 0.07382
0 0.57264 0.23891 0.37751 0.07457
0 0.53126 0.29196 0.43757 0.08097
0 0.5292 0.34501 0.42313 0.07881
0 0.51016 0.39806 0.43606 0.08189
0 0.55274 0.45111 0.40397 0.07373
0 0.5655 0.50416 0.40389 0.07596
0 0.58484 0.55721 0.40095 0.07777
0 0.52354 0.61026 0.4234 0.0824
0 0.47606 0.66331 0.40018 0.08033
0 0.47437 0.71636 0.40941 0.07542
0 0.52211 0.76941 0.37924 0.08731
0 0.56964 0.82246 0.41216 0.08007
0 0.59379 0.87551 0.3749 0.07851
0 0.59608 0.92856 0.42603 0.0841
0 0.6664 0.11953 0.38824 0.07609
0 0.79065 0.16727 0.40638 0.08698
0 0.78522 0.21502 0.37642 0.08004
0 0.76174 0.26276 0.42062 0.08467
0 0.82063 0.31051 0.41076 0.07779
0 0.70341 0.35825 0.39724 0.08251
0 0.7568 0.40600 0.43331 0.08234
0 0.7123 0.45374 0.40809 0.0797
0 0.71608 0.50149 0.43786 0.08643
0 0.84277 0.54923 0.44082 0.08046
0 0.74995 0.59698 0.41703 0.08111
0 0.66552 0.64472 0.41761 0.07528
0 0.79714 0.69247 0.37167 0.08555
0 0.79439 0.74021 0.41263 0.08537
0 0.73934 0.78796 0.41186 0.08443
0 0.76801 0.83571 0.3855 0.07532
0 0.99135 0.13281 0.39452 0.07314
0 0.84657 0.18586 0.38257 0.07644
0 0.82279 0.23891 0.39121 0.08054
0 0.92671 0.29196 0.40854 0.07527
0 0.98885 0.34501 0.39642 0.08686
0 0.83092 0.39806 0.42569 0.0762
0 0.82012 0.45111 0.3737 0.07694
0 0.98791 0.50416 0.42732 0.07507
0 0.86268 0.55721 0.38715 0.08111
0 0.88486 0.61026 0.38098 0.08643
0 0.82882 0.66331 0.41876 0.07863
0 0.96768 0.71636 0.37237 0.08684
0 0.86349 0.76941 0.40319 0.08651
0 0.9487 0.82246 0.41357 0.08013
0 0.97546 0.87551 0.42757 0.08398