0 0.115 0.13281 0.41278 0.07507
0 0.10533 0.18586 0.38004 0.07934
0 0.1018 0.23891 0.40734 0.07936
0 0.11034 0.29196 0.42936 0.07818
0 0.10225 0.34501 0.38201 0.08223
0 0.09541 0.39806 0.39451 0.07611
0 0.10599 0.45111 0.42035 0.07421
0 0.10408 0.50416 0.38506 0.07402
0 0.10831 0.55721 0.3843 0.07408
0 0.12004 0.61026 0.4021 0.08414
0 0.1043 0.66331 0.42359 0.0731
0 0.09526 0.71636 0.39747 0.08471
0 0.0989 0.76941 0.44004 0.0838
0 0.09877 0.82246 0.37048 0.08104
0 0.11581 0.87551 0.43398 0.07428
0 0.11891 0.92856 0.39452 0.07516
0 0.32019 0.14609 0.37532 0.08596
0 0.33439 0.20444 0.37294 0.08033
0 0.28111 0.26280 0.44125 0.07452
0 0.29403 0.32115 0.40841 0.08452
0 0.34204 0.37951 0.38631 0.07817
0 0.34915 0.43786 0.43535 0.07474
0 0.30477 0.49622 0.40821 0.0797
0 0.2802 0.55457 0.40361 0.0797
0 0.30336 0.61293 0.37755 0.08594
0 0.3353 0.67129 0.4315 0.08295
0 0.28476 0.72964 0.38618 0.08217
0 0.28444 0.78800 0.40197 0.0865
0 0.29741 0.84635 0.40787 0.08432
0 0.30988 0.90471 0.4266 0.08326
0 0.33176 0.96306 0.37612 0.07515
0 0.47867 0.13281 0.38458 0.08117
0 0.58428 0.18586 0.43936 0.07914
0 0.52216 0.23891 0.37678 0.08455
0 0.49261 0.29196 0.42221 0.08246
0 0.54911 0.34501 0.38662 0.07731
0 0.55722 0.39806 0.43016 0.08094
0 0.48687 0.45111 0.44201 0.08511
0 0.55449 0.50416 0.4097 0.07883
0 0.59529 0.55721 0.43386 0.07385
0 0.52924 0.61026 0.39168 0.08048
0 0.51671 0.66331 0.39219 0.07586
0 0.54061 0.71636 0.37757 0.08658
0 0.54474 0.76941 0.39406 0.07852
0 0.55731 0.82246 0.41343 0.0743
0 0.60223 0.87551 0.41831 0.08279
0 0.50494 0.92856 0.42351 0.08491
0 0.77794 0.11953 0.40914 0.08181
0 0.68185 0.16727 0.43298 0.0841
0 0.67557 0.21502 0.37612 0.08463
0 0.81246 0.26276 0.40108 0.07688
0 0.75808 0.31051 0.40524 0.08205
0 0.83596 0.35825 0.38078 0.07484
0 0.79616 0.40600 0.37465 0.08437
0 0.82855 0.45374 0.41575 0.07924
0 0.68156 0.50149 0.38346 0.08391
0 0.68817 0.54923 0.40916 0.08531
0 0.76981 0.59698 0.37191 0.07315
0 0.67036 0.64472 0.39917 0.07699
0 0.6879 0.69247 0.41917 0.08389
0 0.72662 0.74021 0.37541 0.076
0 0.7733 0.78796 0.43233 0.07376
0 0.71546 0.83571 0.41088 0.0809
0 0.81063 0.13281 0.41132 0.08736
0 0.97019 0.18586 0.37563 0.08011
0 0.91022 0.23891 0.39939 0.08653
0 0.93687 0.29196 0.40091 0.08063
0 0.8109 0.39806 0.39738 0.08113
0 0.88319 0.45111 0.43021 0.07434
0 0.81943 0.55721 0.36972 0.07364
0 0.89619 0.61026 0.38024 0.0747
0 0.82605 0.66331 0.40769 0.0834
0 0.85997 0.71636 0.40734 0.07387
0 0.83027 0.76941 0.44244 0.08237
0 0.90277 0.82246 0.38961 0.07466
0 0.93653 0.87551 0.40778 0.07786
0 0.98356 0.92856 0.39924 0.08247