0 0.09705 0.13281 0.26117 0.05101
0 0.09769 0.18586 0.22937 0.04732
0 0.10736 0.23891 0.25708 0.04582
0 0.10425 0.29196 0.23263 0.05084
0 0.11337 0.34501 0.23842 0.04529
0 0.11203 0.39806 0.25189 0.04659
0 0.10335 0.45111 0.23701 0.05175
0 0.1146 0.50416 0.24934 0.04874
0 0.1129 0.55721 0.25746 0.05134
0 0.10055 0.61026 0.23194 0.04674
0 0.10613 0.66331 0.2324 0.05005
0 0.1139 0.71636 0.26464 0.04445
0 0.09494 0.76941 0.22164 0.04725
0 0.09873 0.82246 0.25386 0.04568
0 0.09936 0.87551 0.26266 0.04937
0 0.1105 0.92856 0.22151 0.05015
0 0.32477 0.14609 0.25656 0.04433
0 0.34519 0.20444 0.23935 0.04502
0 0.28739 0.26280 0.24335 0.04541
0 0.30409 0.32115 0.26254 0.04517
0 0.3244 0.37951 0.23038 0.04502
0 0.31285 0.43786 0.25947 0.05144
0 0.31899 0.49622 0.24301 0.04492
0 0.29024 0.55457 0.26177 0.05164
0 0.32045 0.61293 0.25608 0.04441
0 0.31528 0.67129 0.26274 0.04866
0 0.30663 0.72964 0.25206 0.0481
0 0.30866 0.78800 0.24306 0.04583
0 0.28537 0.84635 0.24364 0.04942
0 0.30205 0.90471 0.22167 0.04856
0 0.3073 0.96306 0.22263 0.05111
0 0.50723 0.13281 0.23658 0.0448
0 0.47634 0.18586 0.2355 0.05112
0 0.5688 0.23891 0.24476 0.0481
0 0.56851 0.29196 0.22869 0.04389
0 0.49318 0.34501 0.24253 0.04446
0 0.51053 0.39806 0.22192 0.04786
0 0.54142 0.45111 0.24123 0.05165
0 0.48166 0.50416 0.24001 0.05003
0 0.49846 0.55721 0.26118 0.04674
0 0.56417 0.61026 0.23213 0.05056
0 0.47648 0.66331 0.2621 0.0514
0 0.56695 0.71636 0.25039 0.05247
0 0.49643 0.76941 0.25838 0.04592
0 0.52289 0.82246 0.24544 0.04387
0 0.52573 0.87551 0.22869 0.05071
0 0.48751 0.92856 0.23075 0.04484
0 0.75198 0.11953 0.22761 0.05097
0 0.78179 0.16727 0.23848 0.04913
0 0.66791 0.21502 0.24616 0.05089
0 0.79075 0.26276 0.26303 0.04753
0 0.76014 0.31051 0.2614 0.05228
0 0.6986 0.35825 0.2295 0.04847
0 0.71154 0.40600 0.24288 0.04823
0 0.71359 0.45374 0.22597 0.04828
0 0.7821 0.50149 0.22543 0.05078
0 0.69334 0.54923 0.22195 0.04585
0 0.68698 0.59698 0.26412 0.04907
0 0.7944 0.64472 0.26194 0.04831
0 0.69202 0.69247 0.22564 0.0506
0 0.70724 0.74021 0.23443 0.05135
0 0.76279 0.78796 0.25901 0.04617
0 0.71273 0.83571 0.25538 0.05143
0 0.94277 0.13281 0.25874 0.04867
0 0.93941 0.18586 0.22996 0.04798
0 0.9568 0.23891 0.24701 0.047
0 0.91258 0.29196 0.22178 0.05127
0 0.82061 0.34501 0.2406 0.04465
0 0.86987 0.39806 0.25388 0.04808
0 0.91365 0.45111 0.25402 0.04863
0 0.97961 0.50416 0.25117 0.04607
0 0.98187 0.55721 0.24098 0.05098
0 0.90667 0.61026 0.23672 0.05185
0 0.85152 0.66331 0.22264 0.05225
0 0.98681 0.71636 0.23102 0.05232
0 0.89523 0.76941 0.24071 0.05169
0 0.96842 0.82246 0.25918 0.05072
0 0.88515 0.87551 0.23788 0.04945
0 0.90842 0.92856 0.23562 0.04421