0 0.10878 0.13281 0.40225 0.08319
0 0.11467 0.18586 0.41815 0.08118
0 0.10626 0.23891 0.38048 0.08337
0 0.11992 0.29196 0.38696 0.08419
0 0.1012 0.34501 0.41246 0.07757
0 0.09416 0.39806 0.43653 0.08664
0 0.11208 0.45111 0.42451 0.07892
0 0.11454 0.50416 0.43654 0.08081
0 0.10853 0.55721 0.38237 0.0765
0 0.10775 0.61026 0.44019 0.08156
0 0.10875 0.66331 0.44042 0.07771
0 0.11206 0.71636 0.3753 0.08649
0 0.11809 0.76941 0.43984 0.08443
0 0.12002 0.82246 0.40816 0.08645
0 0.11467 0.87551 0.44129 0.08501
0 0.1108 0.92856 0.37188 0.08159
0 0.29406 0.14609 0.43864 0.07661
0 0.3504 0.20444 0.37802 0.08176
0 0.34782 0.26280 0.41526 0.08308
0 0.32355 0.32115 0.38469 0.07806
0 0.30325 0.37951 0.4137 0.07576
0 0.29073 0.43786 0.43409 0.07638
0 0.32799 0.49622 0.42149 0.07576
0 0.3377 0.55457 0.37701 0.07631
0 0.35033 0.61293 0.37755 0.08147
0 0.33239 0.67129 0.38177 0.07667
0 0.28869 0.72964 0.40239 0.07759
0 0.30482 0.78800 0.44013 0.08653
0 0.35934 0.84635 0.37243 0.07765
0 0.3312 0.90471 0.37262 0.08294
0 0.3488 0.96306 0.4099 0.08106
0 0.55135 0.13281 0.37709 0.07808
0 0.509 0.18586 0.41565 0.07431
0 0.53136 0.23891 0.42303 0.08638
0 0.54079 0.29196 0.40225 0.07458
0 0.54562 0.34501 0.37774 0.07774
0 0.59007 0.39806 0.41092 0.08567
0 0.58937 0.45111 0.40033 0.07548
0 0.54077 0.50416 0.43615 0.08516
0 0.50964 0.55721 0.44101 0.07341
0 0.51011 0.61026 0.44172 0.08292
0 0.5795 0.66331 0.43931 0.08617
0 0.51126 0.71636 0.43322 0.07307
0 0.58811 0.76941 0.43114 0.08618
0 0.57595 0.82246 0.3775 0.07849
0 0.5643 0.87551 0.36904 0.08124
0 0.56133 0.92856 0.38423 0.08297
0 0.67659 0.11953 0.38643 0.08498
0 0.70099 0.16727 0.4225 0.08152
0 0.71878 0.21502 0.39256 0.07514
0 0.74298 0.26276 0.41893 0.08194
0 0.75945 0.31051 0.39185 0.07767
0 0.6622 0.35825 0.40904 0.07441
0 0.76392 0.40600 0.40026 0.07682
0 0.70541 0.45374 0.40146 0.08078
0 0.70439 0.50149 0.44097 0.07778
0 0.69057 0.54923 0.4223 0.08542
0 0.70085 0.59698 0.43408 0.08224
0 0.77037 0.64472 0.42819 0.08698
0 0.81423 0.69247 0.38001 0.07901
0 0.7034 0.74021 0.43522 0.08344
0 0.65227 0.78796 0.38138 0.07937
0 0.67217 0.83571 0.41972 0.0846
0 0.92183 0.13281 0.40331 0.07326
0 0.89625 0.18586 0.36909 0.07411
0 0.97913 0.23891 0.42549 0.08277
0 0.95071 0.29196 0.36939 0.07981
0 0.89664 0.34501 0.4274 0.08412
0 0.97266 0.39806 0.43259 0.08592
0 0.85111 0.50416 0.41831 0.08257
0 0.86774 0.55721 0.40093 0.07497
0 0.96483 0.61026 0.40766 0.07752
0 0.98558 0.66331 0.40818 0.08051
0 0.95115 0.71636 0.39692 0.08209
0 0.86912 0.76941 0.38496 0.0813
0 0.81892 0.82246 0.4256 0.07402
0 0.9166 0.87551 0.44214 0.07399
0 0.95817 0.92856 0.41764 0.07301