0 0.10501 0.13281 0.3725 0.07749
0 0.10501 0.18586 0.37534 0.08678
0 0.10501 0.23891 0.37015 0.08653
0 0.10501 0.29196 0.41221 0.07409
0 0.10501 0.34501 0.43017 0.07525
0 0.10501 0.39806 0.4145 0.08564
0 0.10501 0.45111 0.37426 0.0787
0 0.10501 0.50416 0.43709 0.07775
0 0.10501 0.55721 0.39722 0.08125
0 0.10501 0.61026 0.42382 0.07977
0 0.10501 0.66331 0.41395 0.08509
0 0.10501 0.71636 0.39344 0.07853
0 0.10501 0.76941 0.41978 0.08554
0 0.10501 0.82246 0.4166 0.08396
0 0.10501 0.87551 0.43481 0.08476
0 0.10501 0.92856 0.41797 0.07369
0 0.3148 0.14609 0.37256 0.07621
0 0.3148 0.20444 0.42945 0.0779
0 0.3148 0.26280 0.41802 0.07448
0 0.3148 0.32115 0.38408 0.08616
0 0.3148 0.37951 0.388 0.08022
0 0.3148 0.43786 0.43175 0.07634
0 0.3148 0.49622 0.38712 0.08674
0 0.3148 0.55457 0.38232 0.07852
0 0.3148 0.61293 0.37291 0.08347
0 0.3148 0.67129 0.3907 0.07863
0 0.3148 0.72964 0.37034 0.0858
0 0.3148 0.78800 0.43581 0.08603
0 0.3148 0.84635 0.42604 0.07507
0 0.3148 0.90471 0.4388 0.08456
0 0.3148 0.96306 0.43193 0.08591
0 0.52459 0.13281 0.38952 0.07634
0 0.52459 0.18586 0.38723 0.07337
0 0.52459 0.23891 0.40749 0.07784
0 0.52459 0.29196 0.37926 0.07624
0 0.52459 0.34501 0.38274 0.08029
0 0.52459 0.39806 0.37041 0.0784
0 0.52459 0.45111 0.37676 0.07918
0 0.52459 0.50416 0.42302 0.0788
0 0.52459 0.55721 0.40038 0.08369
0 0.52459 0.61026 0.37175 0.08125
0 0.52459 0.66331 0.43679 0.08697
0 0.52459 0.71636 0.43551 0.08424
0 0.52459 0.76941 0.41689 0.07563
0 0.52459 0.82246 0.38448 0.08196
0 0.52459 0.87551 0.37892 0.07866
0 0.52459 0.92856 0.44207 0.08748
0 0.73438 0.11953 0.37332 0.07394
0 0.73438 0.16727 0.37161 0.07659
0 0.73438 0.21502 0.37844 0.0762
0 0.73438 0.26276 0.41553 0.0867
0 0.73438 0.31051 0.38958 0.07992
0 0.73438 0.35825 0.41029 0.08531
0 0.73438 0.40600 0.42184 0.07921
0 0.73438 0.45374 0.43485 0.08105
0 0.73438 0.50149 0.40981 0.08348
0 0.73438 0.54923 0.42247 0.0827
0 0.73438 0.59698 0.43537 0.0757
0 0.73438 0.64472 0.41809 0.08448
0 0.73438 0.69247 0.38248 0.08035
0 0.73438 0.74021 0.41881 0.08745
0 0.73438 0.78796 0.37654 0.07542
0 0.73438 0.83571 0.43262 0.0852
0 0.90921 0.13281 0.43413 0.07722
0 0.90921 0.18586 0.3746 0.07696
0 0.90921 0.23891 0.44009 0.0785
0 0.90921 0.29196 0.40513 0.08522
0 0.90921 0.34501 0.4014 0.07649
0 0.90921 0.39806 0.44201 0.07349
0 0.90921 0.45111 0.38443 0.08319
0 0.90921 0.50416 0.39814 0.08451
0 0.90921 0.55721 0.43157 0.08142
0 0.90921 0.61026 0.40367 0.07663
0 0.90921 0.66331 0.44024 0.07973
0 0.90921 0.71636 0.40356 0.0732
0 0.90921 0.76941 0.40335 0.08209
0 0.90921 0.82246 0.3758 0.0747
0 0.90921 0.87551 0.41057 0.07698
0 0.90921 0.92856 0.43367 0.07674