0 0.10501 0.13281 0.39432 0.08237
0 0.10501 0.18586 0.40146 0.08076
0 0.10501 0.23891 0.39761 0.0858
0 0.10501 0.29196 0.37559 0.08473
0 0.10501 0.34501 0.39485 0.07535
0 0.10501 0.39806 0.40554 0.08694
0 0.10501 0.45111 0.37983 0.07443
0 0.10501 0.50416 0.40035 0.08316
0 0.10501 0.55721 0.40524 0.07698
0 0.10501 0.61026 0.38618 0.08046
0 0.10501 0.66331 0.38326 0.08704
0 0.10501 0.71636 0.41044 0.07748
0 0.10501 0.76941 0.41317 0.0842
0 0.10501 0.82246 0.4323 0.0874
0 0.10501 0.87551 0.43855 0.08539
0 0.10501 0.92856 0.3834 0.08518
0 0.3148 0.14609 0.40829 0.07455
0 0.3148 0.20444 0.37873 0.07714
0 0.3148 0.26280 0.40048 0.08332
0 0.3148 0.32115 0.38772 0.08666
0 0.3148 0.37951 0.43607 0.08569
0 0.3148 0.43786 0.42574 0.07584
0 0.3148 0.49622 0.43629 0.0756
0 0.3148 0.55457 0.42822 0.08528
0 0.3148 0.61293 0.44177 0.08633
0 0.3148 0.67129 0.42031 0.07383
0 0.3148 0.72964 0.4259 0.0776
0 0.3148 0.78800 0.41857 0.07859
0 0.3148 0.84635 0.40742 0.08231
0 0.3148 0.90471 0.3703 0.0869
0 0.3148 0.96306 0.37137 0.08592
0 0.52459 0.13281 0.39827 0.07786
0 0.52459 0.18586 0.39716 0.07318
0 0.52459 0.23891 0.42119 0.07886
0 0.52459 0.29196 0.38576 0.08142
0 0.52459 0.34501 0.39806 0.08379
0 0.52459 0.39806 0.39537 0.07749
0 0.52459 0.45111 0.38045 0.08742
0 0.52459 0.50416 0.37861 0.07851
0 0.52459 0.55721 0.44077 0.07344
0 0.52459 0.61026 0.38656 0.07826
0 0.52459 0.66331 0.37758 0.08429
0 0.52459 0.71636 0.43731 0.0807
0 0.52459 0.76941 0.38276 0.08487
0 0.52459 0.82246 0.3731 0.08478
0 0.52459 0.87551 0.37209 0.08377
0 0.52459 0.92856 0.40696 0.08738
0 0.73438 0.11953 0.4166 0.08567
0 0.73438 0.16727 0.37334 0.08235
0 0.73438 0.21502 0.37895 0.08373
0 0.73438 0.26276 0.42852 0.0812
0 0.73438 0.31051 0.37593 0.08579
0 0.73438 0.35825 0.37223 0.08245
0 0.73438 0.40600 0.39896 0.08294
0 0.73438 0.45374 0.37414 0.07305
0 0.73438 0.50149 0.40436 0.08436
0 0.73438 0.54923 0.39643 0.08506
0 0.73438 0.59698 0.3901 0.07389
0 0.73438 0.64472 0.37273 0.08335
0 0.73438 0.69247 0.42482 0.07538
0 0.73438 0.74021 0.39979 0.08095
0 0.73438 0.78796 0.41724 0.07416
0 0.73438 0.83571 0.40011 0.08426
0 0.90921 0.13281 0.42412 0.07834
0 0.90921 0.18586 0.42133 0.07819
0 0.90921 0.23891 0.37343 0.08706
0 0.90921 0.29196 0.43335 0.077
0 0.90921 0.34501 0.40377 0.07937
0 0.90921 0.39806 0.43831 0.07753
0 0.90921 0.45111 0.41472 0.07441
0 0.90921 0.50416 0.43444 0.08625
0 0.90921 0.55721 0.39663 0.08555
0 0.90921 0.61026 0.38098 0.07369
0 0.90921 0.66331 0.41115 0.0741
0 0.90921 0.71636 0.38242 0.08299
0 0.90921 0.76941 0.38143 0.08309
0 0.90921 0.82246 0.42765 0.07974
0 0.90921 0.87551 0.37226 0.07623
0 0.90921 0.92856 0.41645 0.07998