0 0.10501 0.13281 0.42305 0.08723
0 0.10501 0.18586 0.43412 0.07387
0 0.10501 0.23891 0.40276 0.07408
0 0.10501 0.29196 0.3959 0.07844
0 0.10501 0.34501 0.38741 0.07907
0 0.10501 0.39806 0.42045 0.08362
0 0.10501 0.45111 0.39817 0.08535
0 0.10501 0.50416 0.40354 0.0849
0 0.10501 0.55721 0.37408 0.08226
0 0.10501 0.61026 0.41802 0.08433
0 0.10501 0.66331 0.43537 0.08085
0 0.10501 0.71636 0.38537 0.07792
0 0.10501 0.76941 0.39357 0.07868
0 0.10501 0.82246 0.43184 0.07951
0 0.10501 0.87551 0.3827 0.08555
0 0.10501 0.92856 0.42511 0.08127
0 0.3148 0.14609 0.4177 0.08584
0 0.3148 0.20444 0.37185 0.08028
0 0.3148 0.26280 0.406 0.08698
0 0.3148 0.32115 0.42608 0.08385
0 0.3148 0.37951 0.37716 0.08434
0 0.3148 0.43786 0.41325 0.07585
0 0.3148 0.49622 0.3976 0.08706
0 0.3148 0.55457 0.37864 0.08101
0 0.3148 0.61293 0.3901 0.07719
0 0.3148 0.67129 0.42527 0.08
0 0.3148 0.72964 0.39482 0.0848
0 0.3148 0.78800 0.42916 0.07485
0 0.3148 0.84635 0.3987 0.08436
0 0.3148 0.90471 0.38625 0.08216
0 0.3148 0.96306 0.43237 0.08538
0 0.52459 0.13281 0.37515 0.08502
0 0.52459 0.18586 0.39053 0.07434
0 0.52459 0.23891 0.37945 0.07706
0 0.52459 0.29196 0.39938 0.07393
0 0.52459 0.34501 0.38503 0.073
0 0.52459 0.39806 0.3876 0.08086
0 0.52459 0.45111 0.41278 0.08529
0 0.52459 0.50416 0.38078 0.07423
0 0.52459 0.55721 0.38674 0.07779
0 0.52459 0.61026 0.39873 0.08488
0 0.52459 0.66331 0.42111 0.08531
0 0.52459 0.71636 0.44076 0.07969
0 0.52459 0.76941 0.38932 0.07552
0 0.52459 0.82246 0.40756 0.0746
0 0.52459 0.87551 0.42706 0.07566
0 0.52459 0.92856 0.3787 0.08517
0 0.73438 0.11953 0.38816 0.07541
0 0.73438 0.16727 0.38477 0.07932
0 0.73438 0.21502 0.41237 0.08638
0 0.73438 0.26276 0.41946 0.08241
0 0.73438 0.31051 0.44248 0.08248
0 0.73438 0.35825 0.38371 0.08041
0 0.73438 0.40600 0.4393 0.0873
0 0.73438 0.45374 0.4078 0.0871
0 0.73438 0.50149 0.37857 0.07986
0 0.73438 0.54923 0.41356 0.08097
0 0.73438 0.59698 0.39084 0.07838
0 0.73438 0.64472 0.38586 0.07969
0 0.73438 0.69247 0.42354 0.08309
0 0.73438 0.74021 0.42729 0.08017
0 0.73438 0.78796 0.38346 0.08601
0 0.73438 0.83571 0.42996 0.08557
0 0.90921 0.13281 0.4329 0.08176
0 0.90921 0.18586 0.37082 0.07883
0 0.90921 0.23891 0.37431 0.074
0 0.90921 0.29196 0.42199 0.08487
0 0.90921 0.34501 0.42095 0.08037
0 0.90921 0.39806 0.37372 0.08022
0 0.90921 0.45111 0.41385 0.0779
0 0.90921 0.50416 0.40534 0.07388
0 0.90921 0.55721 0.40063 0.08632
0 0.90921 0.61026 0.39069 0.08748
0 0.90921 0.66331 0.39713 0.07578
0 0.90921 0.71636 0.406 0.08407
0 0.90921 0.76941 0.42631 0.08249
0 0.90921 0.82246 0.41332 0.08183
0 0.90921 0.87551 0.41812 0.0738
0 0.90921 0.92856 0.38282 0.085