0 0.10501 0.12278 0.17796 0.04017
0 0.10501 0.20096 0.21048 0.04238
0 0.10501 0.25831 0.20705 0.03551
0 0.10501 0.26906 0.1848 0.03507
0 0.10501 0.37276 0.17458 0.04345
0 0.10501 0.40687 0.18535 0.03331
0 0.10501 0.47185 0.1718 0.04069
0 0.10501 0.49797 0.17887 0.03862
0 0.10501 0.55090 0.21113 0.04137
0 0.10501 0.61671 0.21186 0.03511
0 0.10501 0.69607 0.18087 0.03572
0 0.10501 0.73096 0.20823 0.03527
0 0.10501 0.76232 0.22056 0.04204
0 0.10501 0.81740 0.1872 0.037
0 0.10501 0.93543 0.16611 0.0409
0 0.10501 0.88746 0.17297 0.0361
0 0.3148 0.15218 0.17266 0.03342
0 0.3148 0.22063 0.1683 0.03774
0 0.3148 0.26475 0.20062 0.04088
0 0.3148 0.33574 0.18236 0.03606
0 0.3148 0.41023 0.18656 0.03724
0 0.3148 0.41465 0.16708 0.04178
0 0.3148 0.49051 0.19262 0.04031
0 0.3148 0.59191 0.16758 0.03951
0 0.3148 0.63681 0.19783 0.03609
0 0.3148 0.66605 0.20303 0.03517
0 0.3148 0.67734 0.19568 0.04223
0 0.3148 0.85609 0.21133 0.0324
0 0.3148 0.77639 0.16363 0.03757
0 0.3148 0.93711 0.19902 0.03724
0 0.52459 0.14447 0.19541 0.03769
0 0.52459 0.19363 0.18014 0.03465
0 0.52459 0.22111 0.16707 0.03342
0 0.52459 0.27564 0.20311 0.03967
0 0.52459 0.31981 0.16969 0.03919
0 0.52459 0.40595 0.2109 0.03312
0 0.52459 0.48407 0.21089 0.03647
0 0.52459 0.46861 0.2112 0.03711
0 0.52459 0.55273 0.20472 0.0399
0 0.52459 0.61699 0.20683 0.03435
0 0.52459 0.69201 0.21316 0.04295
0 0.52459 0.72617 0.21764 0.03615
0 0.52459 0.77937 0.1955 0.03386
0 0.52459 0.86067 0.19213 0.04002
0 0.52459 0.87994 0.21395 0.04281
0 0.52459 0.86416 0.17997 0.03978
0 0.73438 0.12786 0.17364 0.03315
0 0.73438 0.15743 0.19951 0.0408
0 0.73438 0.20396 0.17146 0.04316
0 0.73438 0.25728 0.22055 0.04075
0 0.73438 0.33125 0.21289 0.04364
0 0.73438 0.34064 0.19162 0.03241
0 0.73438 0.40691 0.16368 0.03717
0 0.73438 0.48601 0.21765 0.03492
0 0.73438 0.55033 0.20227 0.04012
0 0.73438 0.56211 0.17885 0.03995
0 0.73438 0.65171 0.16423 0.03708
0 0.73438 0.59580 0.16321 0.04105
0 0.73438 0.69133 0.20781 0.04275
0 0.73438 0.73743 0.17503 0.04035
0 0.73438 0.74394 0.18495 0.03663
0 0.73438 0.84424 0.17558 0.03243
0 0.90921 0.13042 0.21404 0.04066
0 0.90921 0.19884 0.21414 0.04242
0 0.90921 0.23707 0.17954 0.03807
0 0.90921 0.29464 0.17282 0.04291
0 0.90921 0.36028 0.19232 0.03597
0 0.90921 0.39233 0.2051 0.04367
0 0.90921 0.44245 0.16259 0.04287
0 0.90921 0.50437 0.21617 0.04131
0 0.90921 0.53311 0.17538 0.03289
0 0.90921 0.66627 0.21272 0.03931
0 0.90921 0.71981 0.1767 0.04057
0 0.90921 0.70950 0.20083 0.03764
0 0.90921 0.69707 0.21427 0.04132
0 0.90921 0.77578 0.19351 0.03621
0 0.90921 0.90229 0.17159 0.03241
0 0.90921 0.87864 0.16596 0.03845