0 0.10501 0.13281 0.38861 0.07999
0 0.10501 0.18586 0.37727 0.0874
0 0.10501 0.23891 0.37983 0.08375
0 0.10501 0.29196 0.38556 0.07423
0 0.10501 0.34501 0.41745 0.07823
0 0.10501 0.39806 0.37495 0.07614
0 0.10501 0.45111 0.41406 0.08155
0 0.10501 0.50416 0.4331 0.08114
0 0.10501 0.55721 0.42983 0.07871
0 0.10501 0.61026 0.41729 0.08256
0 0.10501 0.66331 0.37874 0.07801
0 0.10501 0.71636 0.39676 0.07844
0 0.10501 0.76941 0.40769 0.08217
0 0.10501 0.82246 0.39843 0.07629
0 0.10501 0.87551 0.424 0.08666
0 0.10501 0.92856 0.3868 0.07688
0 0.3148 0.14609 0.42069 0.08542
0 0.3148 0.20444 0.40003 0.07777
0 0.3148 0.26280 0.39168 0.08154
0 0.3148 0.32115 0.40117 0.08177
0 0.3148 0.37951 0.40691 0.08375
0 0.3148 0.43786 0.39807 0.07577
0 0.3148 0.49622 0.39135 0.08636
0 0.3148 0.55457 0.42202 0.0774
0 0.3148 0.61293 0.38197 0.08407
0 0.3148 0.67129 0.37055 0.073
0 0.3148 0.72964 0.37885 0.08215
0 0.3148 0.78800 0.38866 0.07839
0 0.3148 0.84635 0.37919 0.08588
0 0.3148 0.90471 0.38609 0.07937
0 0.3148 0.96306 0.38271 0.07369
0 0.52459 0.13281 0.40696 0.07492
0 0.52459 0.18586 0.42227 0.08714
0 0.52459 0.23891 0.39181 0.07794
0 0.52459 0.29196 0.37824 0.07329
0 0.52459 0.34501 0.41342 0.07379
0 0.52459 0.39806 0.38664 0.08048
0 0.52459 0.45111 0.40946 0.07784
0 0.52459 0.50416 0.39319 0.07416
0 0.52459 0.55721 0.38911 0.07568
0 0.52459 0.61026 0.44171 0.08139
0 0.52459 0.66331 0.42708 0.08262
0 0.52459 0.71636 0.42166 0.08055
0 0.52459 0.76941 0.42362 0.07457
0 0.52459 0.82246 0.42176 0.07619
0 0.52459 0.87551 0.38799 0.07603
0 0.52459 0.92856 0.4403 0.07953
0 0.73438 0.11953 0.37184 0.08167
0 0.73438 0.16727 0.40118 0.07488
0 0.73438 0.21502 0.433 0.08526
0 0.73438 0.26276 0.37038 0.08578
0 0.73438 0.31051 0.43288 0.08079
0 0.73438 0.35825 0.40658 0.07429
0 0.73438 0.40600 0.36983 0.08275
0 0.73438 0.45374 0.39355 0.07464
0 0.73438 0.50149 0.43264 0.08565
0 0.73438 0.54923 0.39469 0.07813
0 0.73438 0.59698 0.43774 0.08279
0 0.73438 0.64472 0.42969 0.08562
0 0.73438 0.69247 0.37355 0.08425
0 0.73438 0.74021 0.38454 0.08667
0 0.73438 0.78796 0.3854 0.08102
0 0.73438 0.83571 0.42826 0.07451
0 0.90921 0.13281 0.43013 0.08316
0 0.90921 0.18586 0.43842 0.08575
0 0.90921 0.23891 0.43666 0.07939
0 0.90921 0.29196 0.42413 0.07697
0 0.90921 0.34501 0.41745 0.07952
0 0.90921 0.39806 0.3712 0.08632
0 0.90921 0.45111 0.4392 0.07585
0 0.90921 0.50416 0.43899 0.07309
0 0.90921 0.55721 0.39725 0.08435
0 0.90921 0.61026 0.42549 0.07314
0 0.90921 0.66331 0.40494 0.08018
0 0.90921 0.71636 0.42918 0.07675
0 0.90921 0.76941 0.43034 0.07579
0 0.90921 0.82246 0.40642 0.08557
0 0.90921 0.87551 0.38613 0.0749
0 0.90921 0.92856 0.40863 0.08609