0 0.10586 0.13281 0.43839 0.08752
0 0.1181 0.18586 0.38077 0.07645
0 0.11746 0.23891 0.42752 0.084
0 0.09577 0.29196 0.39082 0.08487
0 0.10299 0.34501 0.38735 0.08159
0 0.09652 0.39806 0.42709 0.08629
0 0.09531 0.45111 0.43556 0.08524
0 0.11165 0.50416 0.44241 0.08343
0 0.11033 0.55721 0.38094 0.08181
0 0.11623 0.61026 0.38076 0.08243
0 0.09687 0.66331 0.38194 0.0864
0 0.10794 0.71636 0.41486 0.07461
0 0.12068 0.76941 0.37377 0.0737
0 0.11279 0.82246 0.37536 0.07472
0 0.10775 0.87551 0.43865 0.08614
0 0.12025 0.92856 0.37722 0.07307
0 0.29016 0.14609 0.3999 0.08449
0 0.30729 0.20444 0.36959 0.0832
0 0.33793 0.26280 0.41303 0.07691
0 0.34538 0.32115 0.40781 0.07533
0 0.34792 0.37951 0.41477 0.07541
0 0.31804 0.43786 0.42685 0.07909
0 0.28592 0.49622 0.37376 0.0873
0 0.29092 0.55457 0.42364 0.07329
0 0.34972 0.61293 0.44098 0.08484
0 0.31738 0.67129 0.41131 0.08662
0 0.33417 0.72964 0.37551 0.07306
0 0.31517 0.78800 0.4306 0.07322
0 0.32084 0.84635 0.37043 0.08552
0 0.35406 0.90471 0.4297 0.08753
0 0.33995 0.96306 0.43938 0.08345
0 0.58695 0.13281 0.38093 0.08001
0 0.55092 0.18586 0.41279 0.07921
0 0.51535 0.23891 0.36955 0.08532
0 0.6009 0.29196 0.40071 0.07867
0 0.54088 0.34501 0.37794 0.08101
0 0.59088 0.39806 0.40922 0.08179
0 0.55642 0.45111 0.39707 0.08017
0 0.58925 0.50416 0.3724 0.08152
0 0.47204 0.55721 0.44125 0.07478
0 0.49479 0.61026 0.38922 0.07509
0 0.60289 0.66331 0.39364 0.08453
0 0.4877 0.71636 0.43722 0.08161
0 0.55458 0.76941 0.42333 0.07775
0 0.59815 0.82246 0.44035 0.07911
0 0.57972 0.87551 0.39962 0.08341
0 0.48535 0.92856 0.37755 0.07668
0 0.74746 0.11953 0.4188 0.07418
0 0.82933 0.16727 0.39791 0.08208
0 0.66816 0.21502 0.42314 0.08738
0 0.74613 0.26276 0.38133 0.08633
0 0.7209 0.31051 0.37325 0.08009
0 0.67037 0.35825 0.40831 0.08262
0 0.8396 0.40600 0.42039 0.08591
0 0.71771 0.45374 0.39321 0.08289
0 0.83059 0.50149 0.40203 0.07542
0 0.68977 0.54923 0.43241 0.08061
0 0.7619 0.59698 0.43847 0.08564
0 0.82221 0.64472 0.41406 0.07642
0 0.79095 0.69247 0.37622 0.07522
0 0.76568 0.74021 0.39205 0.07837
0 0.80048 0.78796 0.40012 0.08395
0 0.75232 0.83571 0.41692 0.07842
0 0.8512 0.13281 0.40466 0.07979
0 0.9406 0.18586 0.42742 0.08316
0 0.99358 0.23891 0.43795 0.07538
0 0.97709 0.29196 0.40981 0.08298
0 0.86883 0.34501 0.38646 0.08187
0 0.97429 0.39806 0.41305 0.07613
0 0.99317 0.50416 0.41635 0.08296
0 0.80338 0.55721 0.43095 0.08505
0 0.87728 0.61026 0.43367 0.07745
0 0.80694 0.66331 0.39011 0.08694
0 0.88531 0.71636 0.38874 0.07859
0 0.8503 0.76941 0.40931 0.08696
0 0.9729 0.82246 0.41989 0.07427
0 0.8971 0.87551 0.3894 0.08302
0 0.86687 0.92856 0.36975 0.07355