0 0.10501 0.13281 0.42652 0.07405
0 0.10501 0.18586 0.41275 0.07496
0 0.10501 0.23891 0.39443 0.07403
0 0.10501 0.29196 0.41143 0.08312
0 0.10501 0.34501 0.4239 0.08162
0 0.10501 0.39806 0.38381 0.08081
0 0.10501 0.45111 0.39906 0.08661
0 0.10501 0.50416 0.3717 0.08727
0 0.10501 0.55721 0.39496 0.07589
0 0.10501 0.61026 0.43767 0.07352
0 0.10501 0.66331 0.43227 0.08657
0 0.10501 0.71636 0.43646 0.07344
0 0.10501 0.76941 0.39229 0.08102
0 0.10501 0.82246 0.42011 0.08107
0 0.10501 0.87551 0.38166 0.07403
0 0.10501 0.92856 0.37855 0.07299
0 0.3148 0.14609 0.42159 0.07518
0 0.3148 0.20444 0.38417 0.08515
0 0.3148 0.26280 0.38731 0.0791
0 0.3148 0.32115 0.39295 0.07587
0 0.3148 0.37951 0.41167 0.07551
0 0.3148 0.43786 0.43379 0.0801
0 0.3148 0.49622 0.43985 0.08572
0 0.3148 0.55457 0.41581 0.08058
0 0.3148 0.61293 0.43916 0.077
0 0.3148 0.67129 0.42441 0.0738
0 0.3148 0.72964 0.39201 0.07447
0 0.3148 0.78800 0.37957 0.07985
0 0.3148 0.84635 0.40831 0.08751
0 0.3148 0.90471 0.36942 0.08228
0 0.3148 0.96306 0.3706 0.07657
0 0.52459 0.13281 0.43636 0.08419
0 0.52459 0.18586 0.3781 0.08219
0 0.52459 0.23891 0.40578 0.08579
0 0.52459 0.29196 0.38273 0.08472
0 0.52459 0.34501 0.44244 0.07559
0 0.52459 0.39806 0.43589 0.08112
0 0.52459 0.45111 0.44235 0.07718
0 0.52459 0.50416 0.42318 0.0775
0 0.52459 0.55721 0.37017 0.07756
0 0.52459 0.61026 0.42969 0.08475
0 0.52459 0.66331 0.40605 0.07475
0 0.52459 0.71636 0.3887 0.0862
0 0.52459 0.76941 0.37715 0.07356
0 0.52459 0.82246 0.40115 0.08071
0 0.52459 0.87551 0.40643 0.07654
0 0.52459 0.92856 0.37248 0.07611
0 0.73438 0.11953 0.42706 0.08365
0 0.73438 0.16727 0.43369 0.08384
0 0.73438 0.21502 0.38907 0.08334
0 0.73438 0.26276 0.37823 0.08078
0 0.73438 0.31051 0.40737 0.0869
0 0.73438 0.35825 0.4263 0.07992
0 0.73438 0.40600 0.42005 0.08581
0 0.73438 0.45374 0.43113 0.0838
0 0.73438 0.50149 0.42773 0.0811
0 0.73438 0.54923 0.38167 0.08032
0 0.73438 0.59698 0.43689 0.0805
0 0.73438 0.64472 0.3707 0.07952
0 0.73438 0.69247 0.37409 0.07939
0 0.73438 0.74021 0.38124 0.08746
0 0.73438 0.78796 0.40216 0.07855
0 0.73438 0.83571 0.42414 0.07372
0 0.90921 0.13281 0.43361 0.086
0 0.90921 0.18586 0.37565 0.08035
0 0.90921 0.23891 0.44004 0.07743
0 0.90921 0.29196 0.38218 0.08683
0 0.90921 0.34501 0.38996 0.08661
0 0.90921 0.39806 0.40139 0.08682
0 0.90921 0.45111 0.40351 0.0873
0 0.90921 0.50416 0.41659 0.08373
0 0.90921 0.55721 0.4294 0.07773
0 0.90921 0.61026 0.41569 0.08719
0 0.90921 0.66331 0.3834 0.07316
0 0.90921 0.71636 0.37761 0.07299
0 0.90921 0.76941 0.43598 0.07659
0 0.90921 0.82246 0.37721 0.07812
0 0.90921 0.87551 0.3936 0.07573
0 0.90921 0.92856 0.38047 0.08179