0 0.10501 0.13281 0.43546 0.07655
0 0.10501 0.18586 0.39988 0.0792
0 0.10501 0.23891 0.37558 0.07667
0 0.10501 0.29196 0.3749 0.08515
0 0.10501 0.34501 0.38482 0.07494
0 0.10501 0.39806 0.4409 0.07785
0 0.10501 0.45111 0.4191 0.08145
0 0.10501 0.50416 0.37751 0.08433
0 0.10501 0.55721 0.43919 0.07312
0 0.10501 0.61026 0.41071 0.08161
0 0.10501 0.66331 0.37307 0.07897
0 0.10501 0.71636 0.38509 0.08304
0 0.10501 0.76941 0.38907 0.07992
0 0.10501 0.82246 0.43811 0.08008
0 0.10501 0.87551 0.44011 0.0748
0 0.10501 0.92856 0.42003 0.08266
0 0.3148 0.14609 0.39661 0.08644
0 0.3148 0.20444 0.42034 0.07314
0 0.3148 0.26280 0.41631 0.07928
0 0.3148 0.32115 0.43113 0.08143
0 0.3148 0.37951 0.38952 0.08083
0 0.3148 0.43786 0.38468 0.07482
0 0.3148 0.49622 0.38659 0.08484
0 0.3148 0.55457 0.42561 0.07904
0 0.3148 0.61293 0.37054 0.08332
0 0.3148 0.67129 0.41994 0.07754
0 0.3148 0.72964 0.36922 0.08007
0 0.3148 0.78800 0.42969 0.07581
0 0.3148 0.84635 0.40316 0.07446
0 0.3148 0.90471 0.41736 0.08298
0 0.3148 0.96306 0.37466 0.07546
0 0.52459 0.13281 0.41035 0.08153
0 0.52459 0.18586 0.3752 0.08214
0 0.52459 0.23891 0.40463 0.08583
0 0.52459 0.29196 0.44085 0.07824
0 0.52459 0.34501 0.40516 0.07807
0 0.52459 0.39806 0.41917 0.07823
0 0.52459 0.45111 0.43086 0.08214
0 0.52459 0.50416 0.43232 0.074
0 0.52459 0.55721 0.38793 0.08681
0 0.52459 0.61026 0.40391 0.08745
0 0.52459 0.66331 0.39834 0.07361
0 0.52459 0.71636 0.37572 0.07661
0 0.52459 0.76941 0.39547 0.08715
0 0.52459 0.82246 0.38279 0.07607
0 0.52459 0.87551 0.39389 0.08418
0 0.52459 0.92856 0.38738 0.07748
0 0.73438 0.11953 0.38782 0.08733
0 0.73438 0.16727 0.3939 0.0835
0 0.73438 0.21502 0.41019 0.08051
0 0.73438 0.26276 0.39449 0.08566
0 0.73438 0.31051 0.37958 0.0789
0 0.73438 0.35825 0.39811 0.08251
0 0.73438 0.40600 0.39748 0.07971
0 0.73438 0.45374 0.39097 0.08682
0 0.73438 0.50149 0.38153 0.0763
0 0.73438 0.54923 0.4146 0.08111
0 0.73438 0.59698 0.37549 0.07885
0 0.73438 0.64472 0.36976 0.07557
0 0.73438 0.69247 0.39925 0.08132
0 0.73438 0.74021 0.38952 0.07541
0 0.73438 0.78796 0.42189 0.07422
0 0.73438 0.83571 0.40689 0.08607
0 0.90921 0.13281 0.43121 0.0772
0 0.90921 0.18586 0.37328 0.08401
0 0.90921 0.23891 0.37074 0.08608
0 0.90921 0.29196 0.4029 0.0849
0 0.90921 0.34501 0.3707 0.08227
0 0.90921 0.39806 0.42301 0.07688
0 0.90921 0.45111 0.43756 0.07878
0 0.90921 0.50416 0.42955 0.08085
0 0.90921 0.55721 0.4141 0.08334
0 0.90921 0.61026 0.42277 0.08
0 0.90921 0.66331 0.4231 0.083
0 0.90921 0.71636 0.38005 0.07609
0 0.90921 0.76941 0.40916 0.08725
0 0.90921 0.82246 0.40557 0.0797
0 0.90921 0.87551 0.39881 0.07602
0 0.90921 0.92856 0.3953 0.07625