0 0.09562 0.13281 0.44127 0.07884
0 0.10173 0.18586 0.38249 0.08114
0 0.11409 0.23891 0.40163 0.07786
0 0.10837 0.29196 0.36991 0.08015
0 0.09437 0.34501 0.40954 0.08582
0 0.09776 0.39806 0.4033 0.08006
0 0.11373 0.45111 0.40064 0.08011
0 0.11428 0.50416 0.41701 0.07727
0 0.1037 0.55721 0.39596 0.07371
0 0.10675 0.61026 0.42147 0.08308
0 0.11337 0.66331 0.40454 0.08331
0 0.09746 0.71636 0.41042 0.07627
0 0.09571 0.76941 0.38001 0.08153
0 0.10704 0.82246 0.40925 0.08402
0 0.11845 0.87551 0.38969 0.07495
0 0.11808 0.92856 0.42175 0.08211
0 0.32032 0.14609 0.41449 0.07518
0 0.35699 0.20444 0.39262 0.07536
0 0.32806 0.26280 0.38485 0.07379
0 0.27707 0.32115 0.39615 0.08554
0 0.30635 0.37951 0.40421 0.07696
0 0.30493 0.43786 0.41225 0.0814
0 0.28527 0.49622 0.38687 0.08266
0 0.28852 0.55457 0.37493 0.07561
0 0.29491 0.61293 0.43093 0.08442
0 0.30837 0.67129 0.3983 0.07817
0 0.27794 0.72964 0.41593 0.08147
0 0.2942 0.78800 0.39338 0.08196
0 0.33498 0.84635 0.3831 0.07457
0 0.32114 0.90471 0.37123 0.07964
0 0.29474 0.96306 0.40332 0.07657
0 0.4727 0.13281 0.41111 0.0741
0 0.48847 0.18586 0.37266 0.07332
0 0.52246 0.23891 0.41809 0.08716
0 0.55419 0.29196 0.42606 0.08144
0 0.49177 0.34501 0.44162 0.0733
0 0.59596 0.39806 0.38389 0.07507
0 0.58101 0.45111 0.43794 0.07363
0 0.46205 0.50416 0.43908 0.07922
0 0.55986 0.55721 0.38241 0.08392
0 0.47032 0.61026 0.41588 0.08215
0 0.51511 0.66331 0.38871 0.07488
0 0.56441 0.71636 0.41571 0.08102
0 0.53599 0.76941 0.37427 0.07518
0 0.58804 0.82246 0.39894 0.0874
0 0.47639 0.87551 0.41125 0.08734
0 0.58508 0.92856 0.40754 0.07831
0 0.75982 0.11953 0.41501 0.08229
0 0.65456 0.16727 0.4109 0.08308
0 0.69429 0.21502 0.37623 0.08391
0 0.7337 0.26276 0.38328 0.07978
0 0.74533 0.31051 0.4242 0.07399
0 0.76923 0.35825 0.42011 0.08415
0 0.64905 0.40600 0.44229 0.08069
0 0.7403 0.45374 0.38205 0.08715
0 0.66856 0.50149 0.42991 0.07709
0 0.74533 0.54923 0.40378 0.08679
0 0.82809 0.59698 0.41008 0.07558
0 0.6627 0.64472 0.37178 0.08595
0 0.81615 0.69247 0.40179 0.08506
0 0.83486 0.74021 0.40831 0.07385
0 0.73923 0.78796 0.39106 0.08017
0 0.72114 0.83571 0.4336 0.08581
0 0.82807 0.13281 0.40773 0.08698
0 0.82718 0.18586 0.40972 0.07543
0 0.82014 0.29196 0.39096 0.08414
0 0.8379 0.34501 0.39722 0.07743
0 0.98085 0.45111 0.39009 0.08538
0 0.83246 0.50416 0.43356 0.07373
0 0.93731 0.61026 0.42082 0.07457
0 0.95504 0.66331 0.38135 0.0823
0 0.85539 0.71636 0.42434 0.07434
0 0.9568 0.76941 0.42382 0.07791
0 0.89721 0.82246 0.43457 0.08704
0 0.80196 0.87551 0.4411 0.07595
0 0.9154 0.92856 0.3966 0.08595