0 0.10501 0.13281 0.42146 0.08291
0 0.10501 0.18586 0.39021 0.07968
0 0.10501 0.23891 0.4074 0.07555
0 0.10501 0.29196 0.40269 0.08741
0 0.10501 0.34501 0.43957 0.07716
0 0.10501 0.39806 0.37631 0.07309
0 0.10501 0.45111 0.39179 0.08048
0 0.10501 0.50416 0.3834 0.08704
0 0.10501 0.55721 0.40107 0.07521
0 0.10501 0.61026 0.41808 0.08327
0 0.10501 0.66331 0.38416 0.07319
0 0.10501 0.71636 0.37627 0.07943
0 0.10501 0.76941 0.41279 0.07353
0 0.10501 0.82246 0.37522 0.08504
0 0.10501 0.87551 0.40476 0.08399
0 0.10501 0.92856 0.3707 0.07452
0 0.3148 0.14609 0.44106 0.07691
0 0.3148 0.20444 0.42488 0.08578
0 0.3148 0.26280 0.39584 0.08031
0 0.3148 0.32115 0.4029 0.07722
0 0.3148 0.37951 0.38422 0.0752
0 0.3148 0.43786 0.39751 0.08738
0 0.3148 0.49622 0.42958 0.07956
0 0.3148 0.55457 0.37408 0.07654
0 0.3148 0.61293 0.39609 0.07927
0 0.3148 0.67129 0.39078 0.08013
0 0.3148 0.72964 0.36989 0.08118
0 0.3148 0.78800 0.44005 0.07802
0 0.3148 0.84635 0.41792 0.07855
0 0.3148 0.90471 0.41613 0.081
0 0.3148 0.96306 0.38169 0.07737
0 0.52459 0.13281 0.37582 0.0757
0 0.52459 0.18586 0.41277 0.07744
0 0.52459 0.23891 0.39534 0.07623
0 0.52459 0.29196 0.41554 0.08217
0 0.52459 0.34501 0.40133 0.08015
0 0.52459 0.39806 0.39885 0.08088
0 0.52459 0.45111 0.43019 0.07841
0 0.52459 0.50416 0.39263 0.08677
0 0.52459 0.55721 0.40931 0.08519
0 0.52459 0.61026 0.3896 0.07924
0 0.52459 0.66331 0.38917 0.07461
0 0.52459 0.71636 0.36911 0.08105
0 0.52459 0.76941 0.37772 0.07351
0 0.52459 0.82246 0.41405 0.08489
0 0.52459 0.87551 0.39664 0.08565
0 0.52459 0.92856 0.43241 0.07965
0 0.73438 0.11953 0.40845 0.07773
0 0.73438 0.16727 0.39422 0.07927
0 0.73438 0.21502 0.40665 0.0853
0 0.73438 0.26276 0.40709 0.07886
0 0.73438 0.31051 0.40584 0.07551
0 0.73438 0.35825 0.39966 0.07675
0 0.73438 0.40600 0.3924 0.07542
0 0.73438 0.45374 0.40681 0.08176
0 0.73438 0.50149 0.43672 0.07889
0 0.73438 0.54923 0.44172 0.07678
0 0.73438 0.59698 0.37253 0.08208
0 0.73438 0.64472 0.40814 0.07932
0 0.73438 0.69247 0.3727 0.08024
0 0.73438 0.74021 0.40021 0.08226
0 0.73438 0.78796 0.43858 0.08594
0 0.73438 0.83571 0.42608 0.08014
0 0.90921 0.13281 0.38827 0.0816
0 0.90921 0.18586 0.37626 0.07349
0 0.90921 0.23891 0.42101 0.07651
0 0.90921 0.29196 0.3756 0.07728
0 0.90921 0.34501 0.41673 0.08394
0 0.90921 0.39806 0.40663 0.07348
0 0.90921 0.45111 0.40656 0.07503
0 0.90921 0.50416 0.4313 0.08263
0 0.90921 0.55721 0.4351 0.08743
0 0.90921 0.61026 0.39193 0.07399
0 0.90921 0.66331 0.41806 0.08288
0 0.90921 0.71636 0.41313 0.08402
0 0.90921 0.76941 0.39328 0.08638
0 0.90921 0.82246 0.4329 0.08223
0 0.90921 0.87551 0.43039 0.08263
0 0.90921 0.92856 0.42399 0.08273