0 0.10501 0.13281 0.43571 0.07782
0 0.10501 0.18586 0.40393 0.07797
0 0.10501 0.23891 0.40287 0.07421
0 0.10501 0.29196 0.43293 0.08571
0 0.10501 0.34501 0.4106 0.08669
0 0.10501 0.39806 0.43176 0.08664
0 0.10501 0.45111 0.425 0.07625
0 0.10501 0.50416 0.42107 0.08734
0 0.10501 0.55721 0.39363 0.07318
0 0.10501 0.61026 0.41548 0.08457
0 0.10501 0.66331 0.37309 0.07688
0 0.10501 0.71636 0.42551 0.07953
0 0.10501 0.76941 0.40221 0.08349
0 0.10501 0.82246 0.41074 0.07607
0 0.10501 0.87551 0.39234 0.08568
0 0.10501 0.92856 0.44192 0.07539
0 0.3148 0.14609 0.40543 0.08443
0 0.3148 0.20444 0.40292 0.08361
0 0.3148 0.26280 0.39789 0.07945
0 0.3148 0.32115 0.42479 0.07621
0 0.3148 0.37951 0.39706 0.08118
0 0.3148 0.43786 0.41482 0.07994
0 0.3148 0.49622 0.40633 0.08685
0 0.3148 0.55457 0.37692 0.07314
0 0.3148 0.61293 0.40186 0.07944
0 0.3148 0.67129 0.40173 0.07319
0 0.3148 0.72964 0.44243 0.07655
0 0.3148 0.78800 0.40932 0.08096
0 0.3148 0.84635 0.40317 0.08166
0 0.3148 0.90471 0.39716 0.07757
0 0.3148 0.96306 0.43501 0.08263
0 0.52459 0.13281 0.39664 0.07647
0 0.52459 0.18586 0.43548 0.07556
0 0.52459 0.23891 0.43928 0.08634
0 0.52459 0.29196 0.42446 0.08176
0 0.52459 0.34501 0.38156 0.0851
0 0.52459 0.39806 0.37784 0.08253
0 0.52459 0.45111 0.39025 0.07536
0 0.52459 0.50416 0.44049 0.07494
0 0.52459 0.55721 0.42717 0.07653
0 0.52459 0.61026 0.39204 0.08194
0 0.52459 0.66331 0.43633 0.07911
0 0.52459 0.71636 0.41953 0.07432
0 0.52459 0.76941 0.39751 0.0833
0 0.52459 0.82246 0.40084 0.07927
0 0.52459 0.87551 0.38885 0.07467
0 0.52459 0.92856 0.38617 0.07764
0 0.73438 0.11953 0.38868 0.08106
0 0.73438 0.16727 0.40241 0.08326
0 0.73438 0.21502 0.39667 0.08172
0 0.73438 0.26276 0.41748 0.07837
0 0.73438 0.31051 0.4047 0.08754
0 0.73438 0.35825 0.40627 0.07479
0 0.73438 0.40600 0.37527 0.0796
0 0.73438 0.45374 0.39972 0.08006
0 0.73438 0.50149 0.38164 0.07665
0 0.73438 0.54923 0.37347 0.07769
0 0.73438 0.59698 0.40412 0.08063
0 0.73438 0.64472 0.4154 0.08111
0 0.73438 0.69247 0.36926 0.07647
0 0.73438 0.74021 0.43362 0.08622
0 0.73438 0.78796 0.38506 0.08244
0 0.73438 0.83571 0.39747 0.08046
0 0.90921 0.13281 0.39161 0.07393
0 0.90921 0.18586 0.41184 0.07317
0 0.90921 0.23891 0.38164 0.08639
0 0.90921 0.29196 0.43466 0.08216
0 0.90921 0.34501 0.39273 0.08731
0 0.90921 0.39806 0.38167 0.07751
0 0.90921 0.45111 0.37281 0.07627
0 0.90921 0.50416 0.42418 0.08716
0 0.90921 0.55721 0.42887 0.07563
0 0.90921 0.61026 0.38042 0.07804
0 0.90921 0.66331 0.39004 0.08578
0 0.90921 0.71636 0.37807 0.08155
0 0.90921 0.76941 0.3704 0.08107
0 0.90921 0.82246 0.40936 0.07804
0 0.90921 0.87551 0.42299 0.08032
0 0.90921 0.92856 0.408 0.08305