0 0.11273 0.13281 0.37408 0.08096
0 0.11506 0.18586 0.4158 0.08413
0 0.10206 0.23891 0.41127 0.0868
0 0.09637 0.29196 0.39183 0.07975
0 0.11264 0.34501 0.37687 0.08174
0 0.11116 0.39806 0.42823 0.08582
0 0.10284 0.45111 0.40217 0.08239
0 0.09732 0.50416 0.39458 0.07998
0 0.1129 0.55721 0.39677 0.08054
0 0.10283 0.61026 0.40384 0.08055
0 0.10473 0.66331 0.39572 0.08547
0 0.10942 0.71636 0.37711 0.0834
0 0.10607 0.76941 0.40912 0.07964
0 0.10452 0.82246 0.4082 0.0832
0 0.10951 0.87551 0.4088 0.08054
0 0.11619 0.92856 0.39428 0.08738
0 0.30564 0.14609 0.4105 0.08318
0 0.2773 0.20444 0.39857 0.07363
0 0.28377 0.26280 0.40232 0.07676
0 0.29244 0.32115 0.37812 0.08355
0 0.29146 0.37951 0.41747 0.07389
0 0.36062 0.43786 0.41359 0.08548
0 0.31849 0.49622 0.42449 0.07357
0 0.30621 0.55457 0.37912 0.08048
0 0.32877 0.61293 0.39566 0.08397
0 0.29641 0.67129 0.37349 0.07696
0 0.31874 0.72964 0.39172 0.07778
0 0.31408 0.78800 0.38168 0.0769
0 0.33542 0.84635 0.39201 0.08004
0 0.31726 0.90471 0.38917 0.07879
0 0.28831 0.96306 0.38799 0.07335
0 0.54024 0.13281 0.40044 0.08276
0 0.51096 0.18586 0.43978 0.0829
0 0.49792 0.23891 0.41688 0.07394
0 0.53741 0.29196 0.405 0.0825
0 0.5797 0.34501 0.44188 0.08666
0 0.56874 0.39806 0.40693 0.08415
0 0.49655 0.45111 0.39886 0.08116
0 0.52834 0.50416 0.38543 0.07787
0 0.58497 0.55721 0.37609 0.08073
0 0.56101 0.61026 0.38431 0.07518
0 0.57081 0.66331 0.41726 0.07327
0 0.4744 0.71636 0.37426 0.08412
0 0.47896 0.76941 0.40088 0.07703
0 0.58448 0.82246 0.43316 0.07703
0 0.55829 0.87551 0.3726 0.08587
0 0.55312 0.92856 0.3703 0.08437
0 0.82579 0.11953 0.37732 0.08
0 0.75884 0.16727 0.43926 0.07572
0 0.76914 0.21502 0.37344 0.07362
0 0.79659 0.26276 0.42593 0.07388
0 0.80882 0.31051 0.39237 0.07697
0 0.84389 0.35825 0.37409 0.07969
0 0.78028 0.40600 0.40407 0.07773
0 0.83421 0.45374 0.40583 0.08756
0 0.68803 0.50149 0.39659 0.08171
0 0.69914 0.54923 0.44226 0.0785
0 0.77869 0.59698 0.39741 0.07747
0 0.70198 0.64472 0.37919 0.07867
0 0.74155 0.69247 0.42989 0.07596
0 0.83189 0.74021 0.4037 0.0794
0 0.72443 0.78796 0.42411 0.07626
0 0.73276 0.83571 0.43641 0.07996
0 0.81789 0.13281 0.37444 0.08613
0 0.90788 0.18586 0.40168 0.08659
0 0.98849 0.23891 0.42642 0.07478
0 0.81843 0.29196 0.43685 0.07954
0 0.92953 0.34501 0.37609 0.07605
0 0.91799 0.39806 0.37239 0.07534
0 0.99662 0.45111 0.43677 0.08143
0 0.93121 0.55721 0.37393 0.07661
0 0.93924 0.61026 0.38725 0.08553
0 0.9047 0.66331 0.40442 0.08313
0 0.95549 0.71636 0.41594 0.0831
0 0.90528 0.82246 0.42409 0.07516
0 0.87464 0.87551 0.39681 0.08081