0 0.10501 0.13281 0.40289 0.07485
0 0.10501 0.18586 0.39398 0.07641
0 0.10501 0.23891 0.4387 0.07394
0 0.10501 0.29196 0.44106 0.0848
0 0.10501 0.34501 0.41379 0.08574
0 0.10501 0.39806 0.39537 0.07626
0 0.10501 0.45111 0.43329 0.08247
0 0.10501 0.50416 0.41832 0.07709
0 0.10501 0.55721 0.39448 0.07905
0 0.10501 0.61026 0.41964 0.0797
0 0.10501 0.66331 0.43717 0.08172
0 0.10501 0.71636 0.39066 0.07743
0 0.10501 0.76941 0.37191 0.07707
0 0.10501 0.82246 0.36969 0.08357
0 0.10501 0.87551 0.38184 0.08357
0 0.10501 0.92856 0.42018 0.08024
0 0.3148 0.14609 0.36907 0.08691
0 0.3148 0.20444 0.40026 0.07813
0 0.3148 0.26280 0.3964 0.08163
0 0.3148 0.32115 0.4323 0.08648
0 0.3148 0.37951 0.42054 0.08157
0 0.3148 0.43786 0.40609 0.07594
0 0.3148 0.49622 0.43334 0.076
0 0.3148 0.55457 0.42015 0.08285
0 0.3148 0.61293 0.3855 0.08251
0 0.3148 0.67129 0.42703 0.07743
0 0.3148 0.72964 0.41819 0.08387
0 0.3148 0.78800 0.38514 0.08694
0 0.3148 0.84635 0.37674 0.08659
0 0.3148 0.90471 0.40782 0.08386
0 0.3148 0.96306 0.4014 0.08288
0 0.52459 0.13281 0.40354 0.07813
0 0.52459 0.18586 0.39717 0.07392
0 0.52459 0.23891 0.39627 0.07548
0 0.52459 0.29196 0.41219 0.07627
0 0.52459 0.34501 0.43547 0.07904
0 0.52459 0.39806 0.38427 0.0769
0 0.52459 0.45111 0.38341 0.07719
0 0.52459 0.50416 0.38095 0.08561
0 0.52459 0.55721 0.41561 0.07562
0 0.52459 0.61026 0.42355 0.08211
0 0.52459 0.66331 0.37522 0.08168
0 0.52459 0.71636 0.38013 0.07965
0 0.52459 0.76941 0.43479 0.08406
0 0.52459 0.82246 0.44133 0.08617
0 0.52459 0.87551 0.39656 0.08022
0 0.52459 0.92856 0.419 0.08739
0 0.73438 0.11953 0.4366 0.08595
0 0.73438 0.16727 0.38801 0.07443
0 0.73438 0.21502 0.43315 0.07487
0 0.73438 0.26276 0.37262 0.0822
0 0.73438 0.31051 0.39772 0.08153
0 0.73438 0.35825 0.43329 0.07865
0 0.73438 0.40600 0.4301 0.07927
0 0.73438 0.45374 0.42339 0.07444
0 0.73438 0.50149 0.43125 0.08302
0 0.73438 0.54923 0.39595 0.08262
0 0.73438 0.59698 0.39462 0.07556
0 0.73438 0.64472 0.37911 0.07879
0 0.73438 0.69247 0.39901 0.0799
0 0.73438 0.74021 0.41965 0.08363
0 0.73438 0.78796 0.40388 0.07758
0 0.73438 0.83571 0.4182 0.07905
0 0.90921 0.13281 0.37174 0.08044
0 0.90921 0.18586 0.4066 0.0753
0 0.90921 0.23891 0.4143 0.08678
0 0.90921 0.29196 0.3833 0.0813
0 0.90921 0.34501 0.40078 0.0735
0 0.90921 0.39806 0.43717 0.08756
0 0.90921 0.45111 0.4213 0.08713
0 0.90921 0.50416 0.38248 0.08133
0 0.90921 0.55721 0.38664 0.07668
0 0.90921 0.61026 0.42832 0.07896
0 0.90921 0.66331 0.39498 0.07325
0 0.90921 0.71636 0.44048 0.08497
0 0.90921 0.76941 0.42797 0.08117
0 0.90921 0.82246 0.41893 0.07963
0 0.90921 0.87551 0.37057 0.0773
0 0.90921 0.92856 0.37352 0.0752