0 0.10501 0.13281 0.43203 0.08108
0 0.10501 0.18586 0.37038 0.07593
0 0.10501 0.23891 0.36976 0.0848
0 0.10501 0.29196 0.37819 0.08111
0 0.10501 0.34501 0.42552 0.07607
0 0.10501 0.39806 0.39701 0.08614
0 0.10501 0.45111 0.44023 0.08312
0 0.10501 0.50416 0.37867 0.074
0 0.10501 0.55721 0.3875 0.08503
0 0.10501 0.61026 0.43599 0.07329
0 0.10501 0.66331 0.37174 0.07966
0 0.10501 0.71636 0.41102 0.08369
0 0.10501 0.76941 0.42144 0.07714
0 0.10501 0.82246 0.38277 0.07445
0 0.10501 0.87551 0.43851 0.08044
0 0.10501 0.92856 0.40428 0.08518
0 0.3148 0.14609 0.43959 0.08654
0 0.3148 0.20444 0.39774 0.07389
0 0.3148 0.26280 0.42874 0.0745
0 0.3148 0.32115 0.43076 0.08233
0 0.3148 0.37951 0.36994 0.07958
0 0.3148 0.43786 0.37977 0.07492
0 0.3148 0.49622 0.3713 0.0734
0 0.3148 0.55457 0.36988 0.0744
0 0.3148 0.61293 0.39559 0.07868
0 0.3148 0.67129 0.41423 0.07762
0 0.3148 0.72964 0.44255 0.07452
0 0.3148 0.78800 0.44055 0.07305
0 0.3148 0.84635 0.40589 0.08091
0 0.3148 0.90471 0.3757 0.07784
0 0.3148 0.96306 0.43351 0.07394
0 0.52459 0.13281 0.42555 0.07651
0 0.52459 0.18586 0.42356 0.08561
0 0.52459 0.23891 0.3916 0.07887
0 0.52459 0.29196 0.42502 0.07467
0 0.52459 0.34501 0.38276 0.07443
0 0.52459 0.39806 0.39007 0.07939
0 0.52459 0.45111 0.43483 0.07666
0 0.52459 0.50416 0.3819 0.07549
0 0.52459 0.55721 0.42026 0.08224
0 0.52459 0.61026 0.40823 0.08134
0 0.52459 0.66331 0.38018 0.08277
0 0.52459 0.71636 0.43721 0.08676
0 0.52459 0.76941 0.41133 0.07542
0 0.52459 0.82246 0.42027 0.0762
0 0.52459 0.87551 0.41385 0.08134
0 0.52459 0.92856 0.41501 0.07621
0 0.73438 0.11953 0.3793 0.08241
0 0.73438 0.16727 0.38014 0.08429
0 0.73438 0.21502 0.43164 0.08628
0 0.73438 0.26276 0.40269 0.07538
0 0.73438 0.31051 0.40404 0.08377
0 0.73438 0.35825 0.38471 0.07776
0 0.73438 0.40600 0.37082 0.08003
0 0.73438 0.45374 0.39272 0.08018
0 0.73438 0.50149 0.41324 0.07356
0 0.73438 0.54923 0.39185 0.08015
0 0.73438 0.59698 0.38295 0.07609
0 0.73438 0.64472 0.4303 0.07714
0 0.73438 0.69247 0.41881 0.07567
0 0.73438 0.74021 0.42872 0.07593
0 0.73438 0.78796 0.37539 0.07875
0 0.73438 0.83571 0.37163 0.08448
0 0.90921 0.13281 0.41267 0.08153
0 0.90921 0.18586 0.37605 0.07983
0 0.90921 0.23891 0.38638 0.07705
0 0.90921 0.29196 0.39339 0.08159
0 0.90921 0.34501 0.40399 0.08566
0 0.90921 0.39806 0.42445 0.07829
0 0.90921 0.45111 0.40221 0.07997
0 0.90921 0.50416 0.41338 0.08565
0 0.90921 0.55721 0.37235 0.07812
0 0.90921 0.61026 0.37207 0.07329
0 0.90921 0.66331 0.40113 0.08416
0 0.90921 0.71636 0.38267 0.07764
0 0.90921 0.76941 0.43512 0.08192
0 0.90921 0.82246 0.40224 0.07944
0 0.90921 0.87551 0.37749 0.07427
0 0.90921 0.92856 0.40391 0.08028