0 0.10165 0.13281 0.38571 0.08427
0 0.09256 0.18586 0.41094 0.0814
0 0.10145 0.23891 0.39056 0.07459
0 0.11647 0.29196 0.44127 0.0742
0 0.10733 0.34501 0.38393 0.07359
0 0.11644 0.39806 0.4169 0.08515
0 0.10173 0.45111 0.41489 0.08377
0 0.10824 0.50416 0.39941 0.08061
0 0.11708 0.55721 0.39811 0.08513
0 0.11029 0.61026 0.42695 0.08589
0 0.09951 0.66331 0.43346 0.08256
0 0.10541 0.71636 0.38866 0.0826
0 0.10303 0.76941 0.37593 0.08248
0 0.10167 0.82246 0.43619 0.08086
0 0.0981 0.87551 0.41666 0.07935
0 0.09595 0.92856 0.40775 0.07513
0 0.32316 0.14609 0.37635 0.07301
0 0.33967 0.20444 0.40367 0.08466
0 0.32998 0.26280 0.4275 0.08428
0 0.35862 0.32115 0.41916 0.08201
0 0.27915 0.37951 0.38291 0.08407
0 0.2825 0.43786 0.42553 0.0755
0 0.30763 0.49622 0.3842 0.08215
0 0.30994 0.55457 0.43094 0.07882
0 0.32124 0.61293 0.42953 0.07381
0 0.3512 0.67129 0.43586 0.07448
0 0.28252 0.72964 0.37703 0.08033
0 0.27859 0.78800 0.4207 0.08628
0 0.33402 0.84635 0.40723 0.07592
0 0.33335 0.90471 0.4316 0.07651
0 0.35716 0.96306 0.44171 0.07717
0 0.46321 0.13281 0.39345 0.07915
0 0.54853 0.18586 0.41345 0.08008
0 0.5059 0.23891 0.42683 0.07589
0 0.51566 0.29196 0.40009 0.08478
0 0.57322 0.34501 0.39168 0.08592
0 0.5366 0.39806 0.40248 0.07511
0 0.59557 0.45111 0.37724 0.08722
0 0.53472 0.50416 0.38619 0.07654
0 0.56805 0.55721 0.38632 0.08523
0 0.46734 0.61026 0.37469 0.07685
0 0.51499 0.66331 0.41416 0.0737
0 0.59321 0.71636 0.42045 0.08374
0 0.536 0.76941 0.43309 0.0846
0 0.47653 0.82246 0.42627 0.08032
0 0.47701 0.87551 0.42372 0.07338
0 0.55257 0.92856 0.41476 0.08135
0 0.76892 0.11953 0.41496 0.08127
0 0.7049 0.16727 0.42957 0.08407
0 0.8136 0.21502 0.39868 0.08058
0 0.75803 0.26276 0.4358 0.08668
0 0.72044 0.31051 0.39575 0.07556
0 0.75405 0.35825 0.43772 0.0801
0 0.82785 0.40600 0.39338 0.07774
0 0.83571 0.45374 0.39272 0.0874
0 0.73474 0.50149 0.39726 0.08564
0 0.65927 0.54923 0.43069 0.08516
0 0.83922 0.59698 0.3935 0.07551
0 0.6924 0.64472 0.39126 0.08361
0 0.65072 0.69247 0.36969 0.08337
0 0.71564 0.74021 0.42967 0.07724
0 0.75577 0.78796 0.42449 0.07521
0 0.84358 0.83571 0.43586 0.08015
0 0.88309 0.13281 0.40853 0.08539
0 0.84044 0.23891 0.44206 0.07835
0 0.95939 0.29196 0.37784 0.08613
0 0.96733 0.45111 0.4047 0.07851
0 0.80352 0.50416 0.41911 0.08272
0 0.93807 0.55721 0.37376 0.08431
0 0.98767 0.61026 0.41747 0.07739
0 0.9554 0.71636 0.41118 0.08126
0 0.84105 0.76941 0.41803 0.07942
0 0.90173 0.82246 0.38853 0.07781
0 0.88507 0.87551 0.4289 0.08254
0 0.8526 0.92856 0.4361 0.08677