0 0.11114 0.13281 0.38445 0.0772
0 0.10573 0.18586 0.42322 0.07712
0 0.10482 0.23891 0.41752 0.07476
0 0.10381 0.29196 0.43209 0.08365
0 0.11407 0.34501 0.44196 0.08114
0 0.09879 0.39806 0.43381 0.07643
0 0.09876 0.45111 0.43959 0.08597
0 0.10315 0.50416 0.40512 0.07697
0 0.10965 0.55721 0.37489 0.08225
0 0.09375 0.61026 0.43217 0.0833
0 0.09294 0.66331 0.41635 0.08016
0 0.10685 0.71636 0.43112 0.07548
0 0.11493 0.76941 0.37057 0.08481
0 0.09402 0.82246 0.41403 0.07991
0 0.12017 0.87551 0.42407 0.08051
0 0.11402 0.92856 0.3771 0.08357
0 0.35669 0.14609 0.41461 0.07721
0 0.35201 0.20444 0.42377 0.08594
0 0.35879 0.26280 0.41147 0.08099
0 0.3051 0.32115 0.43302 0.08721
0 0.31332 0.37951 0.38262 0.08078
0 0.36006 0.43786 0.39602 0.07324
0 0.27947 0.49622 0.38342 0.08315
0 0.32187 0.55457 0.42411 0.07668
0 0.28833 0.61293 0.37821 0.0774
0 0.29463 0.67129 0.39655 0.07879
0 0.31755 0.72964 0.42745 0.08573
0 0.34848 0.78800 0.44061 0.07732
0 0.28477 0.84635 0.3879 0.08061
0 0.35811 0.90471 0.41986 0.08588
0 0.2771 0.96306 0.39406 0.08578
0 0.46671 0.13281 0.42806 0.07872
0 0.47827 0.18586 0.41821 0.087
0 0.46475 0.23891 0.41335 0.07431
0 0.48038 0.29196 0.38513 0.07772
0 0.57188 0.34501 0.41964 0.08354
0 0.48149 0.39806 0.43521 0.07469
0 0.4817 0.45111 0.38963 0.07321
0 0.54512 0.50416 0.38654 0.08579
0 0.49684 0.55721 0.4368 0.07597
0 0.59239 0.61026 0.40402 0.08657
0 0.57559 0.66331 0.41948 0.0748
0 0.57274 0.71636 0.38648 0.07335
0 0.55759 0.76941 0.43063 0.0733
0 0.51006 0.82246 0.42743 0.08752
0 0.52639 0.87551 0.39456 0.07656
0 0.46631 0.92856 0.39677 0.07551
0 0.67214 0.11953 0.39321 0.08251
0 0.82234 0.16727 0.40772 0.08247
0 0.79764 0.21502 0.42021 0.07433
0 0.83996 0.26276 0.38354 0.08102
0 0.75904 0.31051 0.43443 0.07951
0 0.77951 0.35825 0.43437 0.07692
0 0.83014 0.40600 0.40948 0.08161
0 0.67224 0.45374 0.39136 0.07417
0 0.83371 0.50149 0.41032 0.07646
0 0.84251 0.54923 0.43266 0.08578
0 0.8012 0.59698 0.43497 0.07826
0 0.77559 0.64472 0.4128 0.0802
0 0.66383 0.69247 0.42822 0.07615
0 0.66785 0.74021 0.37147 0.07307
0 0.81235 0.78796 0.40122 0.07909
0 0.78065 0.83571 0.4413 0.07523
0 0.83874 0.13281 0.44242 0.08462
0 0.93704 0.18586 0.38923 0.08453
0 0.88203 0.23891 0.38228 0.08554
0 0.98534 0.29196 0.42815 0.07642
0 0.96296 0.34501 0.43869 0.08327
0 0.93479 0.39806 0.3724 0.08308
0 0.88802 0.45111 0.4156 0.07344
0 0.91802 0.50416 0.43501 0.07899
0 0.96115 0.55721 0.41175 0.08063
0 0.84387 0.61026 0.42521 0.08332
0 0.88632 0.66331 0.39555 0.07324
0 0.91534 0.71636 0.42089 0.08143
0 0.87668 0.76941 0.38716 0.08213
0 0.8287 0.82246 0.40943 0.07416
0 0.94398 0.87551 0.3816 0.07329
0 0.97441 0.92856 0.37134 0.07456