0 0.11002 0.13281 0.37731 0.07803
0 0.10971 0.18586 0.3935 0.07519
0 0.11882 0.23891 0.39941 0.07393
0 0.09442 0.29196 0.39858 0.07346
0 0.1205 0.34501 0.39164 0.08179
0 0.11799 0.39806 0.44095 0.07459
0 0.11399 0.45111 0.40449 0.0733
0 0.12075 0.50416 0.39838 0.08629
0 0.09246 0.55721 0.38382 0.08381
0 0.11886 0.61026 0.37102 0.08693
0 0.1173 0.66331 0.42945 0.07681
0 0.10237 0.71636 0.3908 0.07472
0 0.11488 0.76941 0.44062 0.07511
0 0.09605 0.82246 0.44229 0.08712
0 0.10083 0.87551 0.4397 0.07395
0 0.10439 0.92856 0.38743 0.08544
0 0.3012 0.14609 0.42717 0.08074
0 0.31786 0.20444 0.37134 0.079
0 0.32291 0.26280 0.42716 0.08012
0 0.35462 0.32115 0.42802 0.08418
0 0.31811 0.37951 0.37615 0.08694
0 0.36004 0.43786 0.38351 0.07932
0 0.29009 0.49622 0.40296 0.08337
0 0.36129 0.55457 0.41175 0.07679
0 0.33878 0.61293 0.42604 0.08345
0 0.34016 0.67129 0.42755 0.08645
0 0.31197 0.72964 0.36897 0.07698
0 0.30578 0.78800 0.38016 0.07571
0 0.33587 0.84635 0.44084 0.07732
0 0.30528 0.90471 0.39567 0.0793
0 0.33703 0.96306 0.37167 0.07426
0 0.50658 0.13281 0.37546 0.08248
0 0.58081 0.18586 0.43914 0.07762
0 0.47573 0.23891 0.4131 0.08027
0 0.49247 0.29196 0.39461 0.08479
0 0.55277 0.34501 0.39179 0.08588
0 0.47966 0.39806 0.44002 0.08714
0 0.56892 0.45111 0.39001 0.07345
0 0.53947 0.50416 0.39578 0.07543
0 0.52042 0.55721 0.41689 0.07541
0 0.59445 0.61026 0.39705 0.08211
0 0.54779 0.66331 0.38171 0.08548
0 0.51243 0.71636 0.42076 0.08227
0 0.53732 0.76941 0.39017 0.08254
0 0.48245 0.82246 0.42715 0.08015
0 0.48894 0.87551 0.43589 0.07684
0 0.59534 0.92856 0.40476 0.08735
0 0.83064 0.11953 0.40803 0.07625
0 0.73188 0.16727 0.39465 0.08682
0 0.67627 0.21502 0.40976 0.08331
0 0.71741 0.26276 0.42303 0.08529
0 0.83113 0.31051 0.38247 0.0733
0 0.69975 0.35825 0.44231 0.07794
0 0.75971 0.40600 0.43253 0.0764
0 0.70236 0.45374 0.37965 0.0765
0 0.76592 0.50149 0.42427 0.0804
0 0.78826 0.54923 0.38802 0.07737
0 0.7203 0.59698 0.39137 0.07549
0 0.83308 0.64472 0.43813 0.07299
0 0.7279 0.69247 0.40592 0.08752
0 0.65736 0.74021 0.42784 0.08054
0 0.76444 0.78796 0.40328 0.07677
0 0.81997 0.83571 0.41356 0.08604
0 0.94478 0.13281 0.37105 0.083
0 0.88265 0.23891 0.4221 0.07551
0 0.89955 0.29196 0.42613 0.07852
0 0.91428 0.34501 0.396 0.08468
0 0.83505 0.39806 0.41835 0.08661
0 0.90504 0.45111 0.4277 0.07566
0 0.81534 0.50416 0.38786 0.07412
0 0.99605 0.55721 0.41304 0.08407
0 0.96224 0.61026 0.37831 0.07412
0 0.84581 0.66331 0.37302 0.08178
0 0.9742 0.71636 0.41892 0.08428
0 0.88593 0.76941 0.40954 0.08287
0 0.99364 0.82246 0.40386 0.08105
0 0.9985 0.87551 0.40888 0.08588
0 0.94879 0.92856 0.39785 0.08004