0 0.09809 0.13281 0.24823 0.04393
0 0.10278 0.18586 0.25748 0.04931
0 0.10045 0.23891 0.22306 0.05034
0 0.1047 0.29196 0.23477 0.04577
0 0.10822 0.34501 0.24604 0.05101
0 0.09832 0.39806 0.24542 0.05025
0 0.11384 0.45111 0.24416 0.05
0 0.1068 0.50416 0.2507 0.04511
0 0.10344 0.55721 0.22636 0.04577
0 0.11473 0.61026 0.24804 0.04734
0 0.10003 0.66331 0.2373 0.04755
0 0.10094 0.71636 0.25328 0.05163
0 0.10423 0.76941 0.25272 0.04518
0 0.09881 0.82246 0.23367 0.04532
0 0.11342 0.87551 0.2259 0.04836
0 0.10828 0.92856 0.26484 0.05231
0 0.30957 0.14609 0.25729 0.04648
0 0.33088 0.20444 0.25801 0.04431
0 0.29686 0.26280 0.25237 0.04801
0 0.32486 0.32115 0.23545 0.04955
0 0.31277 0.37951 0.22133 0.05006
0 0.29682 0.43786 0.22267 0.04704
0 0.33789 0.49622 0.23811 0.04576
0 0.33606 0.55457 0.25354 0.04786
0 0.29796 0.61293 0.25583 0.04758
0 0.33473 0.67129 0.22332 0.04782
0 0.34173 0.72964 0.25612 0.04852
0 0.28546 0.78800 0.23008 0.04813
0 0.32422 0.84635 0.23216 0.04518
0 0.29793 0.90471 0.25275 0.05248
0 0.299 0.96306 0.26398 0.05031
0 0.53274 0.13281 0.22982 0.05017
0 0.51383 0.18586 0.25266 0.05211
0 0.54256 0.23891 0.23663 0.04575
0 0.50522 0.29196 0.25406 0.04892
0 0.51682 0.34501 0.25719 0.05171
0 0.53784 0.39806 0.25632 0.0475
0 0.48381 0.45111 0.23433 0.05229
0 0.49393 0.50416 0.24579 0.0445
0 0.54061 0.55721 0.24703 0.04841
0 0.57138 0.61026 0.24117 0.04857
0 0.54054 0.66331 0.25711 0.04922
0 0.49176 0.71636 0.2342 0.04593
0 0.54526 0.76941 0.23933 0.04914
0 0.50466 0.82246 0.23902 0.04924
0 0.47229 0.87551 0.2442 0.04756
0 0.5166 0.92856 0.26212 0.05063
0 0.7081 0.11953 0.2347 0.04656
0 0.6789 0.16727 0.23182 0.04387
0 0.71266 0.21502 0.22394 0.04393
0 0.71837 0.26276 0.23269 0.05002
0 0.71039 0.31051 0.26408 0.04913
0 0.66307 0.35825 0.23839 0.05135
0 0.70021 0.40600 0.24039 0.04964
0 0.71008 0.45374 0.24115 0.05011
0 0.7421 0.50149 0.24241 0.05018
0 0.76033 0.54923 0.22598 0.04698
0 0.73052 0.59698 0.23794 0.04905
0 0.66311 0.64472 0.23893 0.05224
0 0.75451 0.69247 0.25329 0.04583
0 0.7107 0.74021 0.26493 0.05107
0 0.77473 0.78796 0.25964 0.04519
0 0.72936 0.83571 0.26058 0.04441
0 0.96562 0.13281 0.25797 0.04516
0 0.97124 0.18586 0.24402 0.04752
0 0.947 0.23891 0.24733 0.04741
0 0.93299 0.29196 0.26199 0.04735
0 0.88346 0.34501 0.23019 0.04845
0 0.89166 0.39806 0.26424 0.05005
0 0.83954 0.45111 0.2645 0.04811
0 0.94674 0.50416 0.23046 0.0464
0 0.9824 0.55721 0.22882 0.0461
0 0.85623 0.61026 0.22778 0.05197
0 0.95238 0.66331 0.25489 0.04841
0 0.97417 0.71636 0.22139 0.04631
0 0.88443 0.76941 0.25916 0.0512
0 0.9726 0.82246 0.22547 0.04759
0 0.83267 0.87551 0.23898 0.05245
0 0.95734 0.92856 0.24892 0.04865