0 0.10187 0.13281 0.26123 0.04637
0 0.10381 0.18586 0.22939 0.04939
0 0.09788 0.23891 0.22643 0.0479
0 0.10283 0.29196 0.22979 0.04726
0 0.09518 0.34501 0.25596 0.04986
0 0.09592 0.39806 0.25687 0.04958
0 0.11286 0.45111 0.23563 0.04855
0 0.10391 0.50416 0.22881 0.05118
0 0.11486 0.55721 0.24107 0.04406
0 0.10528 0.61026 0.2595 0.05127
0 0.11278 0.66331 0.23813 0.04796
0 0.10934 0.71636 0.23067 0.04574
0 0.10205 0.76941 0.23355 0.05208
0 0.09464 0.82246 0.22596 0.04423
0 0.10064 0.87551 0.2478 0.04751
0 0.11165 0.92856 0.24081 0.04975
0 0.31807 0.14609 0.22903 0.04463
0 0.29771 0.20444 0.25248 0.04898
0 0.31041 0.26280 0.22882 0.04897
0 0.29688 0.32115 0.2465 0.04486
0 0.29627 0.37951 0.26182 0.05073
0 0.34481 0.43786 0.24053 0.04455
0 0.32066 0.49622 0.24918 0.05039
0 0.33281 0.55457 0.26536 0.04883
0 0.31877 0.61293 0.23562 0.04568
0 0.33491 0.67129 0.22937 0.04863
0 0.3074 0.72964 0.23759 0.04647
0 0.33245 0.78800 0.23665 0.04547
0 0.31285 0.84635 0.26485 0.04643
0 0.32596 0.90471 0.24633 0.04519
0 0.29909 0.96306 0.23376 0.04776
0 0.53976 0.13281 0.25699 0.04854
0 0.55954 0.18586 0.2354 0.04927
0 0.53922 0.23891 0.25613 0.05057
0 0.51487 0.29196 0.26082 0.04546
0 0.55733 0.34501 0.22257 0.05092
0 0.51267 0.39806 0.24625 0.04749
0 0.56938 0.45111 0.23354 0.04665
0 0.55083 0.50416 0.2449 0.04748
0 0.51724 0.55721 0.24 0.05227
0 0.54113 0.61026 0.25419 0.04597
0 0.56241 0.66331 0.25954 0.05117
0 0.53994 0.71636 0.23673 0.05131
0 0.48789 0.76941 0.25761 0.04887
0 0.54797 0.82246 0.24594 0.0488
0 0.51288 0.87551 0.23972 0.0502
0 0.55456 0.92856 0.24443 0.04587
0 0.68635 0.11953 0.2576 0.0452
0 0.74747 0.16727 0.24739 0.04523
0 0.70863 0.21502 0.26278 0.05087
0 0.66635 0.26276 0.24899 0.04963
0 0.80651 0.31051 0.25902 0.05151
0 0.74103 0.35825 0.24682 0.0468
0 0.68564 0.40600 0.23657 0.0465
0 0.71182 0.45374 0.22701 0.05049
0 0.6981 0.50149 0.23377 0.05209
0 0.77948 0.54923 0.23246 0.05166
0 0.74064 0.59698 0.25055 0.05214
0 0.76812 0.64472 0.23355 0.04504
0 0.70137 0.69247 0.25244 0.04855
0 0.78162 0.74021 0.25337 0.04946
0 0.68121 0.78796 0.25996 0.04533
0 0.68669 0.83571 0.23825 0.04681
0 0.8638 0.13281 0.22721 0.04944
0 0.87646 0.18586 0.26125 0.04863
0 0.91402 0.23891 0.25264 0.04469
0 0.98446 0.29196 0.22908 0.04704
0 0.99458 0.34501 0.25771 0.04468
0 0.92084 0.39806 0.22905 0.0469
0 0.9683 0.45111 0.23306 0.04383
0 0.90142 0.50416 0.2314 0.04831
0 0.91646 0.55721 0.25947 0.05044
0 0.98973 0.61026 0.25875 0.04723
0 0.89603 0.66331 0.25373 0.04859
0 0.88322 0.71636 0.25696 0.04717
0 0.86761 0.76941 0.23898 0.04759
0 0.84654 0.82246 0.23895 0.04654
0 0.92059 0.87551 0.25834 0.04853
0 0.95917 0.92856 0.24115 0.04428