0 0.09594 0.13281 0.40924 0.07624
0 0.10586 0.18586 0.41184 0.07785
0 0.11568 0.23891 0.43416 0.07567
0 0.1066 0.29196 0.42077 0.07543
0 0.11202 0.34501 0.43907 0.08194
0 0.09993 0.39806 0.43801 0.08346
0 0.09943 0.45111 0.40989 0.0758
0 0.11968 0.50416 0.41401 0.0788
0 0.12042 0.55721 0.37112 0.07537
0 0.10446 0.61026 0.41303 0.07855
0 0.11422 0.66331 0.43099 0.08477
0 0.11182 0.71636 0.42693 0.08399
0 0.1138 0.76941 0.42048 0.07973
0 0.10069 0.82246 0.37212 0.07992
0 0.10042 0.87551 0.37896 0.08004
0 0.1172 0.92856 0.42472 0.07594
0 0.34775 0.14609 0.43617 0.07597
0 0.32526 0.20444 0.43137 0.07761
0 0.35945 0.26280 0.37748 0.07921
0 0.35468 0.32115 0.43668 0.08438
0 0.32978 0.37951 0.44086 0.08222
0 0.31901 0.43786 0.38908 0.08128
0 0.27867 0.49622 0.40434 0.08078
0 0.27999 0.55457 0.3893 0.08658
0 0.31191 0.61293 0.38851 0.08669
0 0.35278 0.67129 0.40353 0.07606
0 0.33095 0.72964 0.42384 0.07444
0 0.32371 0.78800 0.38138 0.08146
0 0.32508 0.84635 0.37082 0.07748
0 0.28137 0.90471 0.40199 0.08587
0 0.36124 0.96306 0.40017 0.07791
0 0.56749 0.13281 0.43467 0.08042
0 0.51991 0.18586 0.39487 0.08283
0 0.51194 0.23891 0.43368 0.07813
0 0.49295 0.29196 0.43474 0.08112
0 0.55954 0.34501 0.39047 0.07685
0 0.54099 0.39806 0.43169 0.08653
0 0.58128 0.45111 0.41397 0.07813
0 0.52927 0.50416 0.40767 0.07408
0 0.52266 0.55721 0.42556 0.07686
0 0.47603 0.61026 0.37181 0.08113
0 0.53862 0.66331 0.42416 0.07537
0 0.52841 0.71636 0.40508 0.08692
0 0.47689 0.76941 0.39718 0.07988
0 0.46682 0.82246 0.42962 0.07617
0 0.59485 0.87551 0.37062 0.08173
0 0.512 0.92856 0.40062 0.08745
0 0.73381 0.11953 0.43365 0.07664
0 0.65405 0.16727 0.3806 0.08171
0 0.74836 0.21502 0.38222 0.08052
0 0.80525 0.26276 0.37697 0.07353
0 0.73023 0.31051 0.39384 0.07762
0 0.77212 0.35825 0.41738 0.08063
0 0.65991 0.40600 0.42352 0.07764
0 0.6735 0.45374 0.43078 0.08331
0 0.66979 0.50149 0.38212 0.08224
0 0.75989 0.54923 0.42454 0.086
0 0.65977 0.59698 0.39854 0.08492
0 0.73346 0.64472 0.39081 0.07989
0 0.6684 0.69247 0.39616 0.07358
0 0.66546 0.74021 0.37073 0.08559
0 0.81684 0.78796 0.42921 0.07553
0 0.82705 0.83571 0.39153 0.08737
0 0.91733 0.18586 0.38239 0.08309
0 0.875 0.23891 0.43692 0.08499
0 0.92396 0.29196 0.37195 0.08482
0 0.89283 0.50416 0.38443 0.08338
0 0.96655 0.61026 0.36897 0.08732
0 0.80994 0.66331 0.40647 0.08281
0 0.88182 0.71636 0.4136 0.07828
0 0.95409 0.76941 0.39701 0.081
0 0.82501 0.87551 0.38883 0.08504
0 0.97965 0.92856 0.38112 0.0803