0 0.10184 0.13281 0.41394 0.08018
0 0.09466 0.18586 0.39644 0.08487
0 0.10127 0.23891 0.4289 0.07317
0 0.10882 0.29196 0.40582 0.07748
0 0.10698 0.34501 0.42781 0.08206
0 0.10623 0.39806 0.3991 0.07798
0 0.10149 0.45111 0.37326 0.07715
0 0.1091 0.50416 0.37759 0.08384
0 0.09638 0.55721 0.41566 0.08707
0 0.09438 0.61026 0.42443 0.08124
0 0.10005 0.66331 0.43696 0.08696
0 0.10441 0.71636 0.39963 0.08651
0 0.11618 0.76941 0.4307 0.07922
0 0.09951 0.82246 0.4302 0.07659
0 0.11084 0.87551 0.41833 0.0824
0 0.10505 0.92856 0.43898 0.07444
0 0.29996 0.14609 0.40732 0.08297
0 0.34934 0.20444 0.42057 0.08212
0 0.33805 0.26280 0.41709 0.07774
0 0.32987 0.32115 0.43335 0.08058
0 0.3265 0.37951 0.44204 0.08538
0 0.2888 0.43786 0.39507 0.08055
0 0.35166 0.49622 0.42834 0.07761
0 0.30863 0.55457 0.41484 0.07849
0 0.28529 0.61293 0.42545 0.0798
0 0.34153 0.67129 0.41397 0.07684
0 0.34619 0.72964 0.40885 0.0872
0 0.32251 0.78800 0.43739 0.0803
0 0.28201 0.84635 0.43856 0.08637
0 0.28005 0.90471 0.41047 0.08611
0 0.28119 0.96306 0.44055 0.08715
0 0.4944 0.13281 0.43079 0.07486
0 0.59135 0.18586 0.43002 0.07523
0 0.50453 0.23891 0.41052 0.07927
0 0.47224 0.29196 0.37298 0.08417
0 0.48063 0.34501 0.42906 0.07771
0 0.52753 0.39806 0.41001 0.07878
0 0.53292 0.45111 0.43178 0.07675
0 0.56819 0.50416 0.37206 0.07924
0 0.60212 0.55721 0.41495 0.07906
0 0.47446 0.61026 0.38956 0.08485
0 0.60007 0.66331 0.41555 0.07976
0 0.50316 0.71636 0.40338 0.08146
0 0.49137 0.76941 0.39826 0.08467
0 0.49092 0.82246 0.43302 0.08746
0 0.48117 0.87551 0.43983 0.0734
0 0.60048 0.92856 0.37225 0.07884
0 0.75764 0.11953 0.41761 0.08309
0 0.83056 0.16727 0.44176 0.08199
0 0.70703 0.21502 0.42819 0.07375
0 0.65352 0.26276 0.40555 0.07843
0 0.82951 0.31051 0.43763 0.07322
0 0.65582 0.35825 0.42655 0.08497
0 0.75436 0.40600 0.38389 0.07683
0 0.65969 0.45374 0.39018 0.07455
0 0.75101 0.50149 0.38915 0.08592
0 0.82878 0.54923 0.37636 0.08372
0 0.65148 0.59698 0.41922 0.08518
0 0.68623 0.64472 0.42512 0.0839
0 0.69744 0.69247 0.40622 0.08029
0 0.66949 0.74021 0.43 0.07776
0 0.75695 0.78796 0.39385 0.0772
0 0.70024 0.83571 0.38841 0.07476
0 0.89974 0.13281 0.38484 0.07434
0 0.87979 0.18586 0.4257 0.08508
0 0.84677 0.23891 0.37532 0.07464
0 0.89715 0.29196 0.39247 0.07902
0 0.97598 0.34501 0.3762 0.0811
0 0.81024 0.39806 0.41138 0.0791
0 0.88347 0.45111 0.39032 0.0753
0 0.82475 0.50416 0.43294 0.07855
0 0.8908 0.55721 0.41563 0.08301
0 0.98463 0.61026 0.40955 0.08623
0 0.8664 0.66331 0.41245 0.08166
0 0.92374 0.71636 0.42113 0.07444
0 0.83198 0.92856 0.4012 0.08517