0 0.10263 0.13281 0.37268 0.07414
0 0.10891 0.18586 0.44089 0.08136
0 0.09637 0.23891 0.39756 0.07963
0 0.10555 0.29196 0.37429 0.07902
0 0.09991 0.34501 0.37484 0.07868
0 0.11477 0.39806 0.43863 0.07907
0 0.11182 0.45111 0.4156 0.07471
0 0.09482 0.50416 0.42609 0.07776
0 0.12004 0.55721 0.38287 0.0773
0 0.10868 0.61026 0.42663 0.08711
0 0.10282 0.66331 0.40638 0.08038
0 0.09514 0.71636 0.42332 0.07605
0 0.09666 0.76941 0.39777 0.07462
0 0.10771 0.82246 0.39156 0.07534
0 0.09919 0.87551 0.39682 0.07753
0 0.10048 0.92856 0.43173 0.077
0 0.28064 0.14609 0.41988 0.07855
0 0.30255 0.20444 0.39566 0.08273
0 0.34556 0.26280 0.43173 0.08295
0 0.3374 0.32115 0.39237 0.07937
0 0.33551 0.37951 0.40104 0.07755
0 0.34699 0.43786 0.41899 0.08567
0 0.31941 0.49622 0.3691 0.08691
0 0.35584 0.55457 0.4073 0.08532
0 0.31856 0.61293 0.42424 0.08256
0 0.27826 0.67129 0.38299 0.08385
0 0.31021 0.72964 0.43803 0.0799
0 0.34046 0.78800 0.43438 0.08357
0 0.31086 0.84635 0.38058 0.08565
0 0.29158 0.90471 0.38516 0.07384
0 0.34036 0.96306 0.41014 0.07761
0 0.56734 0.13281 0.42061 0.08285
0 0.58629 0.18586 0.43471 0.07788
0 0.57654 0.23891 0.42252 0.07738
0 0.60135 0.29196 0.43146 0.08709
0 0.49043 0.34501 0.41826 0.0748
0 0.57288 0.39806 0.43756 0.08408
0 0.51422 0.45111 0.40017 0.08378
0 0.56942 0.50416 0.42452 0.07974
0 0.47698 0.55721 0.39539 0.0807
0 0.54235 0.61026 0.37805 0.07349
0 0.55799 0.66331 0.41147 0.08024
0 0.5416 0.71636 0.42009 0.08425
0 0.53954 0.76941 0.38379 0.08048
0 0.48442 0.82246 0.37899 0.08627
0 0.46547 0.87551 0.38132 0.08142
0 0.50902 0.92856 0.39735 0.08067
0 0.66526 0.11953 0.39371 0.07388
0 0.83487 0.16727 0.41632 0.07578
0 0.75546 0.21502 0.43328 0.08319
0 0.73402 0.26276 0.38267 0.08302
0 0.72066 0.31051 0.4228 0.081
0 0.76695 0.35825 0.39077 0.08734
0 0.73087 0.40600 0.38046 0.08472
0 0.73776 0.45374 0.41671 0.0875
0 0.69151 0.50149 0.375 0.07407
0 0.77552 0.54923 0.40593 0.0746
0 0.81763 0.59698 0.37778 0.08375
0 0.83462 0.64472 0.41115 0.08591
0 0.66987 0.69247 0.37455 0.07882
0 0.78193 0.74021 0.40887 0.07978
0 0.77418 0.78796 0.38355 0.07626
0 0.64628 0.83571 0.3906 0.08249
0 0.95488 0.13281 0.43833 0.08582
0 0.82779 0.18586 0.38142 0.08413
0 0.93915 0.29196 0.40166 0.07523
0 0.94137 0.34501 0.39476 0.07959
0 0.90598 0.39806 0.40165 0.07434
0 0.80944 0.45111 0.41866 0.07325
0 0.84538 0.50416 0.4106 0.07391
0 0.92694 0.55721 0.37026 0.07534
0 0.89589 0.61026 0.40678 0.07689
0 0.80403 0.66331 0.39884 0.08663
0 0.98914 0.71636 0.42331 0.08234
0 0.83424 0.76941 0.40899 0.08497
0 0.9137 0.87551 0.39479 0.07632
0 0.82741 0.92856 0.38431 0.07914