0 0.10078 0.13281 0.37662 0.07562
0 0.09326 0.18586 0.4204 0.0857
0 0.11837 0.23891 0.40908 0.08743
0 0.10513 0.29196 0.38008 0.0788
0 0.10847 0.34501 0.39084 0.07487
0 0.10096 0.39806 0.38718 0.0814
0 0.11939 0.45111 0.39832 0.07994
0 0.09692 0.50416 0.43092 0.08218
0 0.1049 0.55721 0.42242 0.08037
0 0.09616 0.61026 0.42813 0.07533
0 0.1022 0.66331 0.39888 0.07727
0 0.11603 0.71636 0.43962 0.08367
0 0.1187 0.76941 0.38229 0.08536
0 0.11923 0.82246 0.4172 0.07765
0 0.10445 0.87551 0.38089 0.07505
0 0.11393 0.92856 0.38876 0.08546
0 0.31094 0.14609 0.38119 0.07371
0 0.35084 0.20444 0.44126 0.07696
0 0.31043 0.26280 0.41431 0.07733
0 0.34884 0.32115 0.40118 0.08018
0 0.35379 0.37951 0.40753 0.08643
0 0.28739 0.43786 0.39597 0.08248
0 0.30644 0.49622 0.37256 0.07905
0 0.31393 0.55457 0.43777 0.07863
0 0.33318 0.61293 0.42989 0.08164
0 0.32406 0.67129 0.37557 0.08392
0 0.31744 0.72964 0.40447 0.07804
0 0.29312 0.78800 0.39912 0.07744
0 0.31917 0.84635 0.44027 0.08444
0 0.3598 0.90471 0.42502 0.07851
0 0.3448 0.96306 0.39371 0.08741
0 0.58936 0.13281 0.40038 0.07576
0 0.53656 0.18586 0.43415 0.07664
0 0.58547 0.23891 0.37212 0.07623
0 0.60308 0.29196 0.3918 0.08053
0 0.51134 0.34501 0.44198 0.07655
0 0.48469 0.39806 0.37296 0.08106
0 0.51765 0.45111 0.39061 0.08438
0 0.47656 0.50416 0.41028 0.07763
0 0.4822 0.55721 0.43175 0.07849
0 0.46782 0.61026 0.40922 0.08664
0 0.55009 0.66331 0.41032 0.08159
0 0.55514 0.71636 0.42819 0.07978
0 0.57597 0.76941 0.39866 0.08451
0 0.48652 0.82246 0.37862 0.08184
0 0.47169 0.87551 0.43294 0.08331
0 0.47471 0.92856 0.40812 0.08614
0 0.75603 0.11953 0.41904 0.07356
0 0.69808 0.16727 0.42293 0.07519
0 0.80206 0.21502 0.409 0.07798
0 0.74376 0.26276 0.42613 0.07694
0 0.78589 0.31051 0.41134 0.07686
0 0.69326 0.35825 0.40869 0.07566
0 0.67697 0.40600 0.39411 0.07524
0 0.80012 0.45374 0.40696 0.07846
0 0.78123 0.50149 0.404 0.08674
0 0.73501 0.54923 0.40007 0.08541
0 0.67591 0.59698 0.44132 0.0816
0 0.66164 0.64472 0.39156 0.08376
0 0.72365 0.69247 0.42453 0.07639
0 0.66555 0.74021 0.38366 0.08748
0 0.82667 0.78796 0.37124 0.07599
0 0.81488 0.83571 0.43554 0.08654
0 0.93756 0.13281 0.43888 0.07345
0 0.89462 0.18586 0.37939 0.07373
0 0.82556 0.23891 0.41789 0.08278
0 0.8997 0.34501 0.37754 0.086
0 0.85518 0.39806 0.39828 0.0839
0 0.87269 0.45111 0.43403 0.07303
0 0.84809 0.50416 0.40176 0.08243
0 0.83757 0.55721 0.42709 0.08177
0 0.83636 0.61026 0.39993 0.08707
0 0.83597 0.66331 0.41146 0.07399
0 0.9491 0.71636 0.42896 0.08588
0 0.88963 0.76941 0.37195 0.07926
0 0.92728 0.82246 0.4311 0.08287
0 0.96013 0.87551 0.3925 0.07616
0 0.86856 0.92856 0.40664 0.07697