0 0.11291 0.13281 0.38402 0.07789
0 0.09867 0.18586 0.42464 0.0746
0 0.11345 0.23891 0.4183 0.08263
0 0.12023 0.29196 0.43108 0.08123
0 0.10367 0.34501 0.38617 0.08559
0 0.09535 0.39806 0.39083 0.08546
0 0.10317 0.45111 0.42269 0.07696
0 0.10491 0.50416 0.41484 0.08539
0 0.10801 0.55721 0.42421 0.07473
0 0.09304 0.61026 0.37325 0.0733
0 0.09901 0.66331 0.41036 0.08247
0 0.09921 0.71636 0.42492 0.07657
0 0.0988 0.76941 0.37054 0.07466
0 0.09633 0.82246 0.43221 0.07422
0 0.11804 0.87551 0.43985 0.0758
0 0.10498 0.92856 0.38402 0.07457
0 0.35416 0.14609 0.39777 0.08451
0 0.34381 0.20444 0.38749 0.08702
0 0.28792 0.26280 0.42894 0.08624
0 0.35787 0.32115 0.38928 0.0841
0 0.33993 0.37951 0.37527 0.08151
0 0.35886 0.43786 0.40837 0.08273
0 0.31254 0.49622 0.44201 0.08539
0 0.29048 0.55457 0.40152 0.07571
0 0.32461 0.61293 0.39563 0.08582
0 0.32873 0.67129 0.43736 0.08702
0 0.33675 0.72964 0.39857 0.07684
0 0.3456 0.78800 0.37814 0.08369
0 0.33519 0.84635 0.40643 0.08427
0 0.32781 0.90471 0.3716 0.07433
0 0.30262 0.96306 0.36909 0.07492
0 0.5469 0.13281 0.39624 0.07913
0 0.52886 0.18586 0.41209 0.07339
0 0.49935 0.23891 0.4324 0.08548
0 0.57865 0.29196 0.40154 0.08442
0 0.46654 0.34501 0.40525 0.07546
0 0.56539 0.39806 0.38008 0.08229
0 0.55687 0.45111 0.39802 0.07766
0 0.48554 0.50416 0.43023 0.08649
0 0.55329 0.55721 0.43586 0.076
0 0.57175 0.61026 0.43396 0.07556
0 0.55007 0.66331 0.38996 0.08444
0 0.59661 0.71636 0.40438 0.07745
0 0.49887 0.76941 0.40585 0.08371
0 0.57999 0.82246 0.40525 0.0786
0 0.59868 0.87551 0.43621 0.08064
0 0.48757 0.92856 0.38586 0.07759
0 0.74421 0.11953 0.42305 0.07918
0 0.8156 0.16727 0.36901 0.08275
0 0.66948 0.21502 0.43562 0.0776
0 0.83095 0.26276 0.42406 0.08047
0 0.75767 0.31051 0.37632 0.08214
0 0.82697 0.35825 0.4234 0.08153
0 0.78714 0.40600 0.41988 0.08594
0 0.76794 0.45374 0.37357 0.08474
0 0.81646 0.50149 0.38968 0.08554
0 0.75486 0.54923 0.39137 0.08461
0 0.73286 0.59698 0.38812 0.07719
0 0.67308 0.64472 0.37379 0.08336
0 0.76116 0.69247 0.4359 0.07525
0 0.82125 0.74021 0.37649 0.07348
0 0.81988 0.78796 0.43218 0.08393
0 0.84111 0.83571 0.38415 0.07315
0 0.85132 0.13281 0.37531 0.08644
0 0.8155 0.23891 0.41544 0.0852
0 0.90538 0.29196 0.4095 0.08115
0 0.84764 0.39806 0.41955 0.08348
0 0.84929 0.50416 0.39008 0.07913
0 0.91426 0.55721 0.41166 0.08422
0 0.96946 0.61026 0.38893 0.07924
0 0.87755 0.66331 0.40811 0.07575
0 0.8851 0.71636 0.38201 0.0846
0 0.8104 0.82246 0.39595 0.08368
0 0.80442 0.87551 0.37549 0.08711
0 0.93145 0.92856 0.3968 0.07406