0 0.11854 0.13281 0.39586 0.08699
0 0.11731 0.18586 0.39126 0.08081
0 0.11541 0.23891 0.37876 0.0866
0 0.10199 0.29196 0.37099 0.07907
0 0.10694 0.34501 0.43286 0.079
0 0.10445 0.39806 0.40595 0.08022
0 0.11793 0.45111 0.42722 0.08402
0 0.1033 0.50416 0.39688 0.08302
0 0.10726 0.55721 0.39747 0.07393
0 0.09718 0.61026 0.39538 0.07627
0 0.11613 0.66331 0.39197 0.074
0 0.10009 0.71636 0.42486 0.0779
0 0.09308 0.76941 0.39865 0.07453
0 0.09655 0.82246 0.3925 0.08367
0 0.11032 0.87551 0.40001 0.07669
0 0.09423 0.92856 0.37479 0.08306
0 0.28984 0.14609 0.4335 0.08345
0 0.28937 0.20444 0.39763 0.07799
0 0.30145 0.26280 0.43098 0.08725
0 0.31408 0.32115 0.41195 0.08387
0 0.28369 0.37951 0.44204 0.07771
0 0.28569 0.43786 0.39926 0.08544
0 0.30693 0.49622 0.43535 0.08574
0 0.33233 0.55457 0.42676 0.08103
0 0.29225 0.61293 0.40941 0.07392
0 0.29671 0.67129 0.43208 0.08355
0 0.30768 0.72964 0.38261 0.07841
0 0.28438 0.78800 0.43557 0.08479
0 0.34782 0.84635 0.43624 0.08415
0 0.28358 0.90471 0.36973 0.07651
0 0.34185 0.96306 0.40273 0.07428
0 0.57274 0.13281 0.37839 0.08116
0 0.47199 0.18586 0.42125 0.07532
0 0.5042 0.23891 0.4173 0.07381
0 0.47849 0.29196 0.42308 0.08361
0 0.52904 0.34501 0.40303 0.08618
0 0.4817 0.39806 0.43352 0.08001
0 0.59143 0.45111 0.42645 0.08311
0 0.56115 0.50416 0.42102 0.07409
0 0.57161 0.55721 0.39551 0.07615
0 0.51801 0.61026 0.44251 0.08377
0 0.53879 0.66331 0.42452 0.07755
0 0.51415 0.71636 0.43501 0.07747
0 0.58059 0.76941 0.38956 0.08052
0 0.51937 0.82246 0.37794 0.07637
0 0.52497 0.87551 0.40732 0.08654
0 0.51651 0.92856 0.42401 0.07989
0 0.69922 0.11953 0.41503 0.07523
0 0.74408 0.16727 0.38301 0.07383
0 0.6976 0.21502 0.39879 0.07355
0 0.7369 0.26276 0.40046 0.07755
0 0.76726 0.31051 0.40582 0.07755
0 0.70242 0.35825 0.42875 0.08248
0 0.72307 0.40600 0.37878 0.08122
0 0.8366 0.45374 0.42831 0.08607
0 0.74908 0.50149 0.39815 0.08361
0 0.83296 0.54923 0.44124 0.07755
0 0.81541 0.59698 0.43095 0.08455
0 0.6573 0.64472 0.4082 0.08028
0 0.7506 0.69247 0.40818 0.08348
0 0.70626 0.74021 0.38893 0.07972
0 0.82857 0.78796 0.37455 0.08237
0 0.78571 0.83571 0.37413 0.08729
0 0.94674 0.13281 0.37066 0.0731
0 0.93128 0.18586 0.39851 0.08009
0 0.84245 0.23891 0.41998 0.07676
0 0.92328 0.29196 0.39993 0.08127
0 0.83627 0.34501 0.3692 0.07335
0 0.87064 0.39806 0.39383 0.0757
0 0.96373 0.45111 0.42377 0.0857
0 0.91063 0.50416 0.37082 0.08622
0 0.85702 0.55721 0.38933 0.07969
0 0.85579 0.61026 0.42885 0.07838
0 0.97524 0.66331 0.39364 0.07458
0 0.92791 0.71636 0.43669 0.07538
0 0.96514 0.76941 0.37401 0.08028
0 0.8155 0.82246 0.39482 0.07624
0 0.91051 0.87551 0.36915 0.08672
0 0.83244 0.92856 0.4412 0.07842