0 0.09852 0.13281 0.38198 0.07629
0 0.11326 0.18586 0.41852 0.08268
0 0.09282 0.23891 0.42012 0.07681
0 0.09663 0.29196 0.3873 0.08752
0 0.09824 0.34501 0.39151 0.08677
0 0.0967 0.39806 0.39953 0.07961
0 0.10657 0.45111 0.37333 0.08107
0 0.09979 0.50416 0.37893 0.07728
0 0.11206 0.55721 0.44106 0.07567
0 0.11023 0.61026 0.43389 0.08101
0 0.10221 0.66331 0.38706 0.08133
0 0.09904 0.71636 0.39173 0.07597
0 0.11537 0.76941 0.43371 0.07959
0 0.1115 0.82246 0.40485 0.08423
0 0.12036 0.87551 0.42722 0.08702
0 0.11008 0.92856 0.43772 0.08683
0 0.29519 0.14609 0.44256 0.08274
0 0.31975 0.20444 0.3876 0.08148
0 0.35571 0.26280 0.38586 0.08564
0 0.27948 0.32115 0.40321 0.07847
0 0.32345 0.37951 0.43341 0.07588
0 0.34631 0.43786 0.38544 0.08737
0 0.28349 0.49622 0.39668 0.07901
0 0.35312 0.55457 0.36888 0.07768
0 0.3502 0.61293 0.43511 0.08671
0 0.34629 0.67129 0.4034 0.08255
0 0.31223 0.72964 0.38675 0.08402
0 0.27951 0.78800 0.43969 0.08749
0 0.33426 0.84635 0.42761 0.07717
0 0.3432 0.90471 0.37869 0.07749
0 0.29565 0.96306 0.39311 0.08103
0 0.57488 0.13281 0.42453 0.07465
0 0.5882 0.18586 0.40667 0.0768
0 0.59944 0.23891 0.41777 0.08609
0 0.50535 0.29196 0.39133 0.08375
0 0.54896 0.34501 0.40874 0.08517
0 0.48212 0.39806 0.37711 0.0733
0 0.49335 0.45111 0.44143 0.07404
0 0.57642 0.50416 0.4201 0.08525
0 0.53314 0.55721 0.42126 0.07906
0 0.5323 0.61026 0.42242 0.07548
0 0.56161 0.66331 0.4365 0.08528
0 0.51815 0.71636 0.39053 0.08337
0 0.54527 0.76941 0.42134 0.07815
0 0.59241 0.82246 0.38155 0.08439
0 0.51979 0.87551 0.40597 0.0823
0 0.53976 0.92856 0.38237 0.08715
0 0.74721 0.11953 0.38156 0.0842
0 0.76745 0.16727 0.37391 0.07867
0 0.753 0.21502 0.43608 0.07977
0 0.64888 0.26276 0.39028 0.08494
0 0.80237 0.31051 0.41084 0.07565
0 0.68811 0.35825 0.39293 0.07715
0 0.81659 0.40600 0.40254 0.07303
0 0.8388 0.45374 0.41197 0.08724
0 0.73744 0.50149 0.41548 0.08189
0 0.80464 0.54923 0.39556 0.07335
0 0.78307 0.59698 0.39827 0.0825
0 0.83451 0.64472 0.42438 0.08297
0 0.83969 0.69247 0.42317 0.0741
0 0.8158 0.74021 0.39264 0.08286
0 0.66493 0.78796 0.40464 0.08017
0 0.79111 0.83571 0.38514 0.08474
0 0.92868 0.13281 0.44214 0.08329
0 0.93207 0.23891 0.39238 0.07775
0 0.99513 0.29196 0.37448 0.07517
0 0.9325 0.34501 0.43851 0.08277
0 0.98685 0.39806 0.4007 0.08148
0 0.94744 0.50416 0.42725 0.0798
0 0.95496 0.55721 0.39134 0.08247
0 0.88673 0.66331 0.39744 0.08494
0 0.95171 0.71636 0.37702 0.08636
0 0.94748 0.82246 0.44058 0.07585
0 0.80071 0.92856 0.4064 0.07413