0 0.10501 0.13281 0.36911 0.0832
0 0.10501 0.18586 0.44066 0.07942
0 0.10501 0.23891 0.40269 0.08173
0 0.10501 0.29196 0.43154 0.08285
0 0.10501 0.34501 0.41426 0.07495
0 0.10501 0.39806 0.40773 0.0862
0 0.10501 0.45111 0.42875 0.08418
0 0.10501 0.50416 0.41161 0.07422
0 0.10501 0.55721 0.39322 0.0805
0 0.10501 0.61026 0.40461 0.08261
0 0.10501 0.66331 0.40827 0.08741
0 0.10501 0.71636 0.39885 0.07345
0 0.10501 0.76941 0.37562 0.08183
0 0.10501 0.82246 0.40976 0.08477
0 0.10501 0.87551 0.39878 0.07753
0 0.10501 0.92856 0.39554 0.08106
0 0.3148 0.14609 0.43806 0.08746
0 0.3148 0.20444 0.40393 0.07481
0 0.3148 0.26280 0.38968 0.07413
0 0.3148 0.32115 0.3693 0.08629
0 0.3148 0.37951 0.37002 0.08393
0 0.3148 0.43786 0.37155 0.08252
0 0.3148 0.49622 0.41934 0.07475
0 0.3148 0.55457 0.43788 0.08104
0 0.3148 0.61293 0.43705 0.08727
0 0.3148 0.67129 0.44043 0.07857
0 0.3148 0.72964 0.39509 0.08513
0 0.3148 0.78800 0.37838 0.07567
0 0.3148 0.84635 0.43388 0.07764
0 0.3148 0.90471 0.41078 0.07722
0 0.3148 0.96306 0.43038 0.0821
0 0.52459 0.13281 0.40661 0.08058
0 0.52459 0.18586 0.4147 0.08709
0 0.52459 0.23891 0.4082 0.07655
0 0.52459 0.29196 0.42027 0.0827
0 0.52459 0.34501 0.38487 0.08404
0 0.52459 0.39806 0.42144 0.08641
0 0.52459 0.45111 0.37523 0.0816
0 0.52459 0.50416 0.40838 0.0872
0 0.52459 0.55721 0.43141 0.0821
0 0.52459 0.61026 0.4296 0.08611
0 0.52459 0.66331 0.41834 0.07525
0 0.52459 0.71636 0.41103 0.08333
0 0.52459 0.76941 0.39099 0.07911
0 0.52459 0.82246 0.38699 0.0863
0 0.52459 0.87551 0.42241 0.08172
0 0.52459 0.92856 0.44144 0.07948
0 0.73438 0.11953 0.40843 0.08182
0 0.73438 0.16727 0.3817 0.07375
0 0.73438 0.21502 0.41865 0.08121
0 0.73438 0.26276 0.44003 0.07917
0 0.73438 0.31051 0.40773 0.07989
0 0.73438 0.35825 0.41072 0.08723
0 0.73438 0.40600 0.41122 0.08084
0 0.73438 0.45374 0.44165 0.08423
0 0.73438 0.50149 0.38442 0.07828
0 0.73438 0.54923 0.42835 0.0867
0 0.73438 0.59698 0.38667 0.07663
0 0.73438 0.64472 0.38212 0.07481
0 0.73438 0.69247 0.39241 0.08669
0 0.73438 0.74021 0.3886 0.07724
0 0.73438 0.78796 0.4412 0.07929
0 0.73438 0.83571 0.3814 0.08244
0 0.90921 0.13281 0.39014 0.08295
0 0.90921 0.18586 0.41306 0.08653
0 0.90921 0.23891 0.43634 0.08722
0 0.90921 0.29196 0.41141 0.08468
0 0.90921 0.34501 0.43624 0.07627
0 0.90921 0.39806 0.43409 0.08369
0 0.90921 0.45111 0.39093 0.07499
0 0.90921 0.50416 0.38463 0.08338
0 0.90921 0.55721 0.44254 0.08229
0 0.90921 0.61026 0.41513 0.07945
0 0.90921 0.66331 0.40061 0.08235
0 0.90921 0.71636 0.40317 0.08187
0 0.90921 0.76941 0.42924 0.0863
0 0.90921 0.82246 0.37563 0.07817
0 0.90921 0.87551 0.38336 0.08706
0 0.90921 0.92856 0.42828 0.08439