0 0.10501 0.13281 0.44091 0.08531
0 0.10501 0.18586 0.438 0.08623
0 0.10501 0.23891 0.38096 0.08217
0 0.10501 0.29196 0.36902 0.08122
0 0.10501 0.34501 0.43717 0.08348
0 0.10501 0.39806 0.43406 0.08597
0 0.10501 0.45111 0.37026 0.07985
0 0.10501 0.50416 0.43907 0.07916
0 0.10501 0.55721 0.41599 0.08478
0 0.10501 0.61026 0.42163 0.07935
0 0.10501 0.66331 0.42159 0.08186
0 0.10501 0.71636 0.43804 0.082
0 0.10501 0.76941 0.40811 0.0765
0 0.10501 0.82246 0.38321 0.07527
0 0.10501 0.87551 0.38951 0.07617
0 0.10501 0.92856 0.42548 0.08207
0 0.3148 0.14609 0.43543 0.07905
0 0.3148 0.20444 0.40666 0.08292
0 0.3148 0.26280 0.43792 0.07919
0 0.3148 0.32115 0.40155 0.0859
0 0.3148 0.37951 0.40996 0.07355
0 0.3148 0.43786 0.42324 0.08689
0 0.3148 0.49622 0.41148 0.07956
0 0.3148 0.55457 0.42697 0.08438
0 0.3148 0.61293 0.3728 0.08744
0 0.3148 0.67129 0.43802 0.08025
0 0.3148 0.72964 0.43458 0.07592
0 0.3148 0.78800 0.42053 0.08482
0 0.3148 0.84635 0.37293 0.08347
0 0.3148 0.90471 0.39971 0.08479
0 0.3148 0.96306 0.38282 0.08597
0 0.52459 0.13281 0.40434 0.07351
0 0.52459 0.18586 0.40864 0.07944
0 0.52459 0.23891 0.37927 0.07739
0 0.52459 0.29196 0.39171 0.07739
0 0.52459 0.34501 0.42749 0.08702
0 0.52459 0.39806 0.42595 0.08335
0 0.52459 0.45111 0.3894 0.07486
0 0.52459 0.50416 0.37984 0.07571
0 0.52459 0.55721 0.43259 0.07431
0 0.52459 0.61026 0.41735 0.08277
0 0.52459 0.66331 0.38459 0.08335
0 0.52459 0.71636 0.38218 0.07952
0 0.52459 0.76941 0.40178 0.07545
0 0.52459 0.82246 0.43492 0.07816
0 0.52459 0.87551 0.4066 0.08652
0 0.52459 0.92856 0.40434 0.08509
0 0.73438 0.11953 0.39634 0.07458
0 0.73438 0.16727 0.40348 0.07342
0 0.73438 0.21502 0.43772 0.07724
0 0.73438 0.26276 0.39676 0.0797
0 0.73438 0.31051 0.40313 0.0869
0 0.73438 0.35825 0.39713 0.07718
0 0.73438 0.40600 0.41192 0.08627
0 0.73438 0.45374 0.39344 0.07905
0 0.73438 0.50149 0.42609 0.07607
0 0.73438 0.54923 0.38799 0.07487
0 0.73438 0.59698 0.38737 0.08509
0 0.73438 0.64472 0.39508 0.07737
0 0.73438 0.69247 0.38622 0.08219
0 0.73438 0.74021 0.39966 0.07491
0 0.73438 0.78796 0.40074 0.08088
0 0.73438 0.83571 0.37739 0.07654
0 0.90921 0.13281 0.37598 0.07411
0 0.90921 0.18586 0.39291 0.07432
0 0.90921 0.23891 0.38251 0.08375
0 0.90921 0.29196 0.38429 0.07779
0 0.90921 0.34501 0.40841 0.08296
0 0.90921 0.39806 0.39246 0.08367
0 0.90921 0.45111 0.43014 0.07633
0 0.90921 0.50416 0.42838 0.07407
0 0.90921 0.55721 0.43627 0.07678
0 0.90921 0.61026 0.38559 0.07698
0 0.90921 0.66331 0.42475 0.08202
0 0.90921 0.71636 0.39812 0.08366
0 0.90921 0.76941 0.41601 0.07774
0 0.90921 0.82246 0.43147 0.08562
0 0.90921 0.87551 0.44025 0.07637
0 0.90921 0.92856 0.37224 0.08108