0 0.10501 0.11979 0.18379 0.0434
0 0.10501 0.17336 0.21032 0.03829
0 0.10501 0.24857 0.20092 0.03773
0 0.10501 0.29942 0.17457 0.03268
0 0.10501 0.31883 0.22004 0.04135
0 0.10501 0.42228 0.17819 0.03504
0 0.10501 0.41123 0.18057 0.03859
0 0.10501 0.49998 0.20165 0.03529
0 0.10501 0.52153 0.19737 0.03687
0 0.10501 0.56843 0.17907 0.0329
0 0.10501 0.65624 0.17764 0.04348
0 0.10501 0.77720 0.16869 0.04124
0 0.10501 0.79217 0.16886 0.03276
0 0.10501 0.86457 0.20481 0.03487
0 0.10501 0.94561 0.19442 0.04309
0 0.10501 0.86505 0.2159 0.04276
0 0.3148 0.14001 0.18495 0.03953
0 0.3148 0.18553 0.21472 0.03663
0 0.3148 0.24504 0.17959 0.03552
0 0.3148 0.31040 0.16872 0.037
0 0.3148 0.35654 0.20571 0.04082
0 0.3148 0.44115 0.17363 0.04098
0 0.3148 0.48148 0.20551 0.03915
0 0.3148 0.60312 0.20219 0.03292
0 0.3148 0.58564 0.18431 0.03844
0 0.3148 0.73107 0.17386 0.04185
0 0.3148 0.75037 0.1923 0.04197
0 0.3148 0.71528 0.18938 0.03546
0 0.3148 0.90301 0.21348 0.03353
0 0.3148 0.92440 0.19788 0.04356
0 0.3148 0.99379 0.17747 0.03973
0 0.52459 0.12361 0.18557 0.03688
0 0.52459 0.17830 0.19237 0.04041
0 0.52459 0.24639 0.21937 0.03694
0 0.52459 0.30492 0.18543 0.04328
0 0.52459 0.32358 0.16319 0.03609
0 0.52459 0.41032 0.17564 0.04
0 0.52459 0.46655 0.21636 0.03753
0 0.52459 0.54126 0.2001 0.04256
0 0.52459 0.53691 0.20507 0.03955
0 0.52459 0.56041 0.20704 0.0436
0 0.52459 0.70236 0.20425 0.04047
0 0.52459 0.67395 0.21636 0.03475
0 0.52459 0.79180 0.19938 0.03298
0 0.52459 0.85047 0.17858 0.03951
0 0.52459 0.94505 0.17695 0.03869
0 0.73438 0.10907 0.16293 0.03268
0 0.73438 0.17000 0.1759 0.04355
0 0.73438 0.21767 0.22002 0.0388
0 0.73438 0.24516 0.20357 0.03376
0 0.73438 0.29625 0.16528 0.03625
0 0.73438 0.37979 0.22027 0.04316
0 0.73438 0.42305 0.1778 0.04329
0 0.73438 0.46021 0.17988 0.03456
0 0.73438 0.48704 0.18467 0.04363
0 0.73438 0.54522 0.18956 0.04199
0 0.73438 0.63091 0.21771 0.03214
0 0.73438 0.65552 0.2106 0.03498
0 0.73438 0.74451 0.19837 0.04013
0 0.73438 0.68128 0.17665 0.03556
0 0.73438 0.71840 0.21669 0.03645
0 0.73438 0.81983 0.19028 0.03893
0 0.90921 0.13117 0.18061 0.03937
0 0.90921 0.18397 0.17467 0.03629
0 0.90921 0.22888 0.21599 0.03639
0 0.90921 0.29975 0.20466 0.03669
0 0.90921 0.37720 0.16991 0.04285
0 0.90921 0.43785 0.19755 0.04292
0 0.90921 0.48117 0.20903 0.03362
0 0.90921 0.47612 0.21089 0.04128
0 0.90921 0.55681 0.21654 0.04103
0 0.90921 0.58244 0.1921 0.03992
0 0.90921 0.72180 0.16934 0.04212
0 0.90921 0.70269 0.18117 0.03459
0 0.90921 0.81397 0.2101 0.04254
0 0.90921 0.84244 0.18926 0.04042
0 0.90921 0.94039 0.19014 0.04097
0 0.90921 0.94745 0.19297 0.03885