0 0.1003 0.13281 0.41295 0.07936
0 0.10887 0.18586 0.38587 0.07495
0 0.10687 0.23891 0.41632 0.08013
0 0.11598 0.29196 0.43626 0.07581
0 0.11598 0.34501 0.40065 0.08639
0 0.10881 0.39806 0.41105 0.08304
0 0.11659 0.45111 0.40174 0.0837
0 0.11607 0.50416 0.38334 0.07775
0 0.11043 0.55721 0.41132 0.07642
0 0.11177 0.61026 0.40322 0.08395
0 0.11178 0.66331 0.37609 0.08117
0 0.1023 0.71636 0.43613 0.08322
0 0.10656 0.76941 0.43756 0.08034
0 0.10355 0.82246 0.43717 0.0744
0 0.09958 0.87551 0.38575 0.08536
0 0.10955 0.92856 0.43033 0.07622
0 0.35173 0.14609 0.43349 0.08343
0 0.31589 0.20444 0.37362 0.08614
0 0.32161 0.26280 0.37184 0.08581
0 0.3091 0.32115 0.38674 0.07309
0 0.29586 0.37951 0.42818 0.07908
0 0.34955 0.43786 0.37885 0.08288
0 0.27784 0.49622 0.40963 0.07854
0 0.28324 0.55457 0.3701 0.07624
0 0.35355 0.61293 0.4366 0.07408
0 0.32386 0.67129 0.38838 0.08391
0 0.35975 0.72964 0.37349 0.07768
0 0.35803 0.78800 0.40287 0.07654
0 0.35796 0.84635 0.43989 0.08627
0 0.35421 0.90471 0.37673 0.0771
0 0.32248 0.96306 0.3742 0.07694
0 0.53809 0.13281 0.38038 0.08684
0 0.5294 0.18586 0.37264 0.08509
0 0.52861 0.23891 0.39216 0.08611
0 0.4931 0.29196 0.43088 0.07737
0 0.52865 0.34501 0.37876 0.08047
0 0.60234 0.39806 0.38802 0.08269
0 0.48805 0.45111 0.43278 0.0829
0 0.59396 0.50416 0.42703 0.07417
0 0.56988 0.55721 0.42716 0.08321
0 0.46516 0.61026 0.40092 0.08726
0 0.59322 0.66331 0.41637 0.07594
0 0.55106 0.71636 0.42244 0.07542
0 0.55151 0.76941 0.41221 0.08432
0 0.59543 0.82246 0.41325 0.08021
0 0.56386 0.87551 0.41262 0.08217
0 0.55668 0.92856 0.42963 0.08389
0 0.80817 0.11953 0.42711 0.08315
0 0.65732 0.16727 0.41746 0.08065
0 0.69213 0.21502 0.38944 0.08446
0 0.69714 0.26276 0.43653 0.07884
0 0.84407 0.31051 0.38908 0.07953
0 0.80001 0.35825 0.42221 0.07953
0 0.71608 0.40600 0.37621 0.08269
0 0.73951 0.45374 0.38731 0.08076
0 0.8432 0.50149 0.42094 0.0785
0 0.64644 0.54923 0.44161 0.08089
0 0.77926 0.59698 0.4117 0.08685
0 0.78071 0.64472 0.42016 0.07628
0 0.68164 0.69247 0.39215 0.08059
0 0.76915 0.74021 0.41146 0.08697
0 0.80389 0.78796 0.42034 0.08422
0 0.74859 0.83571 0.43498 0.07997
0 0.89857 0.13281 0.3891 0.07559
0 0.8975 0.18586 0.38147 0.0839
0 0.9993 0.23891 0.38082 0.07816
0 0.88598 0.29196 0.42717 0.08626
0 0.93498 0.34501 0.38653 0.07339
0 0.97843 0.39806 0.38124 0.08563
0 0.90663 0.55721 0.41194 0.08382
0 0.93305 0.61026 0.37967 0.07623
0 0.87519 0.66331 0.39648 0.07576
0 0.90945 0.71636 0.40047 0.08583
0 0.8288 0.76941 0.36899 0.07466
0 0.9156 0.82246 0.40651 0.07795
0 0.93687 0.87551 0.40023 0.07416
0 0.80196 0.92856 0.41641 0.07496