0 0.10031 0.13281 0.42203 0.07898
0 0.09817 0.18586 0.39132 0.08194
0 0.1133 0.23891 0.43675 0.08728
0 0.11215 0.29196 0.37337 0.07774
0 0.11645 0.34501 0.43591 0.07473
0 0.10751 0.39806 0.43702 0.07354
0 0.09637 0.45111 0.42458 0.08075
0 0.11097 0.50416 0.39314 0.07462
0 0.11845 0.55721 0.38543 0.08193
0 0.10632 0.61026 0.42968 0.0855
0 0.10497 0.66331 0.43335 0.07509
0 0.0983 0.71636 0.38037 0.08559
0 0.11556 0.76941 0.37819 0.07883
0 0.10144 0.82246 0.38128 0.07424
0 0.09462 0.87551 0.37637 0.08459
0 0.09257 0.92856 0.43874 0.08649
0 0.32834 0.14609 0.40521 0.07718
0 0.32244 0.20444 0.38371 0.0869
0 0.29853 0.26280 0.40522 0.08165
0 0.3335 0.32115 0.37726 0.07478
0 0.30081 0.37951 0.39901 0.07779
0 0.34147 0.43786 0.44 0.07649
0 0.34766 0.49622 0.41346 0.07393
0 0.29131 0.55457 0.36982 0.0778
0 0.35177 0.61293 0.39543 0.07432
0 0.30624 0.67129 0.41694 0.08183
0 0.35791 0.72964 0.38 0.07783
0 0.30296 0.78800 0.40679 0.08383
0 0.30307 0.84635 0.43728 0.08295
0 0.31011 0.90471 0.39967 0.07485
0 0.32241 0.96306 0.40934 0.07386
0 0.48671 0.13281 0.36919 0.08137
0 0.52531 0.18586 0.43274 0.08713
0 0.48571 0.23891 0.40475 0.08345
0 0.52547 0.29196 0.40084 0.07772
0 0.48497 0.34501 0.40012 0.0795
0 0.58215 0.39806 0.41621 0.08521
0 0.55635 0.45111 0.39632 0.07597
0 0.56837 0.50416 0.38132 0.08274
0 0.48796 0.55721 0.38368 0.08243
0 0.46256 0.61026 0.37825 0.08132
0 0.56568 0.66331 0.43659 0.07572
0 0.54852 0.71636 0.36944 0.08593
0 0.50639 0.76941 0.37776 0.07577
0 0.55331 0.82246 0.38974 0.0829
0 0.54328 0.87551 0.41601 0.07655
0 0.49813 0.92856 0.42834 0.08255
0 0.66343 0.11953 0.41137 0.07527
0 0.67469 0.16727 0.39574 0.07872
0 0.79121 0.21502 0.43858 0.07859
0 0.80115 0.26276 0.38032 0.08607
0 0.77784 0.31051 0.39776 0.08514
0 0.74075 0.35825 0.39759 0.08435
0 0.71492 0.40600 0.41751 0.08118
0 0.81015 0.45374 0.44009 0.0753
0 0.80517 0.50149 0.39159 0.08034
0 0.8289 0.54923 0.41371 0.08128
0 0.77985 0.59698 0.38944 0.08165
0 0.72646 0.64472 0.43612 0.08095
0 0.7381 0.69247 0.42112 0.08069
0 0.71662 0.74021 0.37483 0.07637
0 0.69062 0.78796 0.42347 0.08704
0 0.74152 0.83571 0.42224 0.08295
0 0.96945 0.18586 0.37515 0.07541
0 0.9291 0.23891 0.43463 0.07657
0 0.85955 0.29196 0.41681 0.07481
0 0.92346 0.34501 0.4084 0.08468
0 0.94141 0.39806 0.42395 0.07308
0 0.80055 0.50416 0.40188 0.08699
0 0.8766 0.55721 0.37146 0.07923
0 0.92511 0.66331 0.43484 0.08739
0 0.80448 0.71636 0.39318 0.07904
0 0.8923 0.76941 0.41432 0.0801
0 0.82347 0.82246 0.42912 0.07956
0 0.82969 0.87551 0.3958 0.07413
0 0.89045 0.92856 0.3901 0.08236