0 0.11277 0.13281 0.25604 0.04622
0 0.10381 0.18586 0.22336 0.04951
0 0.10013 0.23891 0.23982 0.04442
0 0.09606 0.29196 0.22557 0.05071
0 0.10972 0.34501 0.25836 0.04398
0 0.10096 0.39806 0.23627 0.04884
0 0.11519 0.45111 0.25891 0.04844
0 0.09795 0.50416 0.24097 0.05251
0 0.10295 0.55721 0.24279 0.04985
0 0.10408 0.61026 0.24311 0.04591
0 0.09903 0.66331 0.2591 0.04761
0 0.10245 0.71636 0.24818 0.05096
0 0.10092 0.76941 0.25239 0.05061
0 0.10629 0.82246 0.25467 0.04742
0 0.10838 0.87551 0.24284 0.05211
0 0.09728 0.92856 0.2446 0.05245
0 0.33149 0.14609 0.23113 0.04465
0 0.32613 0.20444 0.23911 0.04585
0 0.32895 0.26280 0.24533 0.04892
0 0.29725 0.32115 0.25328 0.04835
0 0.28871 0.37951 0.22733 0.05248
0 0.31635 0.43786 0.23442 0.04724
0 0.29987 0.49622 0.24382 0.04379
0 0.31035 0.55457 0.2623 0.05164
0 0.33035 0.61293 0.24514 0.05167
0 0.29223 0.67129 0.24382 0.05095
0 0.28579 0.72964 0.24019 0.04776
0 0.33974 0.78800 0.23718 0.04644
0 0.34521 0.84635 0.24395 0.0467
0 0.2855 0.90471 0.24003 0.04683
0 0.32626 0.96306 0.22361 0.04985
0 0.53242 0.13281 0.23495 0.04982
0 0.51582 0.18586 0.22218 0.0483
0 0.53802 0.23891 0.25718 0.04685
0 0.49677 0.29196 0.2485 0.04475
0 0.54206 0.34501 0.24424 0.04538
0 0.49278 0.39806 0.25458 0.05012
0 0.56343 0.45111 0.23899 0.0518
0 0.48332 0.50416 0.24415 0.04486
0 0.5166 0.55721 0.24792 0.05097
0 0.55656 0.61026 0.262 0.04688
0 0.54647 0.66331 0.23156 0.04868
0 0.48304 0.71636 0.22393 0.04607
0 0.56765 0.76941 0.26094 0.04539
0 0.53672 0.82246 0.22591 0.04948
0 0.56129 0.87551 0.24252 0.04823
0 0.52705 0.92856 0.25925 0.04882
0 0.76401 0.11953 0.22752 0.05159
0 0.68239 0.16727 0.2422 0.048
0 0.67411 0.21502 0.24093 0.04721
0 0.78383 0.26276 0.2453 0.04516
0 0.66603 0.31051 0.22903 0.0506
0 0.77202 0.35825 0.22675 0.04992
0 0.7047 0.40600 0.2283 0.04735
0 0.76742 0.45374 0.22275 0.05214
0 0.80346 0.50149 0.22561 0.04681
0 0.75434 0.54923 0.25855 0.05205
0 0.76242 0.59698 0.25712 0.05097
0 0.75019 0.64472 0.22965 0.0475
0 0.79927 0.69247 0.23846 0.04936
0 0.74032 0.74021 0.2594 0.05137
0 0.74419 0.78796 0.24625 0.04731
0 0.68448 0.83571 0.25721 0.04763
0 0.86411 0.13281 0.26315 0.05098
0 0.83184 0.18586 0.2476 0.0518
0 0.99144 0.23891 0.23015 0.04739
0 0.94579 0.29196 0.25036 0.05057
0 0.88083 0.34501 0.24531 0.04914
0 0.83107 0.39806 0.24022 0.05246
0 0.92273 0.45111 0.25947 0.0474
0 0.908 0.50416 0.22635 0.04786
0 0.97342 0.55721 0.26066 0.046
0 0.83645 0.61026 0.22412 0.0483
0 0.96543 0.66331 0.23813 0.05248
0 0.85548 0.71636 0.25718 0.0498
0 0.99648 0.76941 0.26137 0.04912
0 0.81872 0.82246 0.24836 0.04995
0 0.8777 0.87551 0.25739 0.04526
0 0.92917 0.92856 0.25433 0.04605