0 0.10501 0.13281 0.37942 0.0797
0 0.10501 0.18586 0.39767 0.08616
0 0.10501 0.23891 0.42312 0.08677
0 0.10501 0.29196 0.37925 0.07903
0 0.10501 0.34501 0.42118 0.08614
0 0.10501 0.39806 0.38965 0.08272
0 0.10501 0.45111 0.3978 0.07938
0 0.10501 0.50416 0.39178 0.07579
0 0.10501 0.55721 0.39195 0.07922
0 0.10501 0.61026 0.43187 0.08729
0 0.10501 0.66331 0.4361 0.0749
0 0.10501 0.71636 0.37821 0.08642
0 0.10501 0.76941 0.40708 0.08693
0 0.10501 0.82246 0.41646 0.08608
0 0.10501 0.87551 0.38572 0.07986
0 0.10501 0.92856 0.39771 0.0731
0 0.3148 0.14609 0.39131 0.08306
0 0.3148 0.20444 0.42141 0.08733
0 0.3148 0.26280 0.4145 0.08278
0 0.3148 0.32115 0.4357 0.08267
0 0.3148 0.37951 0.38307 0.07681
0 0.3148 0.43786 0.38577 0.07756
0 0.3148 0.49622 0.40197 0.0851
0 0.3148 0.55457 0.39839 0.08611
0 0.3148 0.61293 0.41749 0.0795
0 0.3148 0.67129 0.42786 0.07412
0 0.3148 0.72964 0.41411 0.08084
0 0.3148 0.78800 0.37932 0.07647
0 0.3148 0.84635 0.38799 0.08571
0 0.3148 0.90471 0.38455 0.0795
0 0.3148 0.96306 0.42037 0.0823
0 0.52459 0.13281 0.40358 0.07655
0 0.52459 0.18586 0.39423 0.08041
0 0.52459 0.23891 0.43745 0.08279
0 0.52459 0.29196 0.43043 0.0755
0 0.52459 0.34501 0.37246 0.08581
0 0.52459 0.39806 0.37704 0.07443
0 0.52459 0.45111 0.3718 0.07498
0 0.52459 0.50416 0.42955 0.07914
0 0.52459 0.55721 0.41994 0.08182
0 0.52459 0.61026 0.38422 0.08724
0 0.52459 0.66331 0.39346 0.07449
0 0.52459 0.71636 0.38484 0.07359
0 0.52459 0.76941 0.38474 0.08172
0 0.52459 0.82246 0.38746 0.08303
0 0.52459 0.87551 0.38642 0.08679
0 0.52459 0.92856 0.38361 0.0756
0 0.73438 0.11953 0.37484 0.0771
0 0.73438 0.16727 0.41354 0.079
0 0.73438 0.21502 0.40909 0.08648
0 0.73438 0.26276 0.40817 0.08621
0 0.73438 0.31051 0.38398 0.07977
0 0.73438 0.35825 0.37164 0.08118
0 0.73438 0.40600 0.44208 0.0866
0 0.73438 0.45374 0.40506 0.0756
0 0.73438 0.50149 0.39824 0.07592
0 0.73438 0.54923 0.42842 0.08092
0 0.73438 0.59698 0.40396 0.08227
0 0.73438 0.64472 0.37118 0.08717
0 0.73438 0.69247 0.38311 0.07397
0 0.73438 0.74021 0.38981 0.07926
0 0.73438 0.78796 0.40437 0.08249
0 0.73438 0.83571 0.4091 0.07975
0 0.90921 0.13281 0.39951 0.07968
0 0.90921 0.18586 0.41186 0.07468
0 0.90921 0.23891 0.40352 0.08227
0 0.90921 0.29196 0.41357 0.08517
0 0.90921 0.34501 0.43139 0.08241
0 0.90921 0.39806 0.42065 0.08329
0 0.90921 0.45111 0.43761 0.08378
0 0.90921 0.50416 0.37736 0.07965
0 0.90921 0.55721 0.43602 0.08008
0 0.90921 0.61026 0.42099 0.078
0 0.90921 0.66331 0.40509 0.07703
0 0.90921 0.71636 0.44064 0.08503
0 0.90921 0.76941 0.38803 0.07737
0 0.90921 0.82246 0.43155 0.08506
0 0.90921 0.87551 0.42303 0.07758
0 0.90921 0.92856 0.39263 0.08631