0 0.10966 0.13281 0.42385 0.08585
0 0.11956 0.18586 0.41942 0.07892
0 0.11706 0.23891 0.40289 0.08654
0 0.11632 0.29196 0.41971 0.08391
0 0.10594 0.34501 0.38281 0.08533
0 0.12038 0.39806 0.42732 0.08386
0 0.10145 0.45111 0.37849 0.0864
0 0.10491 0.50416 0.39809 0.0857
0 0.10109 0.55721 0.38233 0.07298
0 0.11235 0.61026 0.37924 0.07486
0 0.09489 0.66331 0.3844 0.07529
0 0.10413 0.71636 0.42232 0.07791
0 0.10778 0.76941 0.37847 0.08645
0 0.12016 0.82246 0.43133 0.07703
0 0.10121 0.87551 0.37545 0.0847
0 0.09437 0.92856 0.37725 0.08257
0 0.33403 0.14609 0.41372 0.07663
0 0.31455 0.20444 0.43722 0.07953
0 0.35752 0.26280 0.38499 0.08202
0 0.34472 0.32115 0.38204 0.07757
0 0.30716 0.37951 0.37327 0.07598
0 0.35501 0.43786 0.40766 0.08548
0 0.27932 0.49622 0.38705 0.07537
0 0.2864 0.55457 0.40981 0.08111
0 0.28675 0.61293 0.43565 0.08104
0 0.33819 0.67129 0.37518 0.07792
0 0.32283 0.72964 0.41096 0.08145
0 0.35974 0.78800 0.43781 0.08306
0 0.33363 0.84635 0.37856 0.07774
0 0.34198 0.90471 0.41905 0.07887
0 0.3612 0.96306 0.43129 0.08226
0 0.52362 0.13281 0.42152 0.07489
0 0.51915 0.18586 0.3692 0.08141
0 0.49996 0.23891 0.40127 0.08608
0 0.5553 0.29196 0.4298 0.07784
0 0.53643 0.34501 0.38501 0.07766
0 0.5878 0.39806 0.37339 0.0867
0 0.51564 0.45111 0.43821 0.08078
0 0.52434 0.50416 0.37325 0.08641
0 0.48608 0.55721 0.41942 0.08109
0 0.50779 0.61026 0.4045 0.08723
0 0.47844 0.66331 0.39943 0.07628
0 0.5226 0.71636 0.43403 0.0874
0 0.58679 0.76941 0.39457 0.07636
0 0.52386 0.82246 0.38231 0.0864
0 0.52562 0.87551 0.43264 0.07627
0 0.47986 0.92856 0.41 0.08655
0 0.77274 0.11953 0.41598 0.0752
0 0.65446 0.16727 0.41486 0.07572
0 0.68565 0.21502 0.39949 0.07707
0 0.69609 0.26276 0.38552 0.07653
0 0.81833 0.31051 0.39623 0.08748
0 0.67631 0.35825 0.43796 0.07738
0 0.83039 0.40600 0.38702 0.08147
0 0.75573 0.45374 0.40334 0.086
0 0.83913 0.50149 0.37026 0.08165
0 0.81272 0.54923 0.40822 0.08753
0 0.83044 0.59698 0.37434 0.08155
0 0.83042 0.64472 0.40669 0.08061
0 0.67485 0.69247 0.39399 0.07407
0 0.69559 0.74021 0.37689 0.08281
0 0.66535 0.78796 0.39026 0.07531
0 0.67324 0.83571 0.38827 0.07404
0 0.8726 0.13281 0.40171 0.08621
0 0.94861 0.18586 0.38033 0.08641
0 0.9024 0.23891 0.40568 0.0837
0 0.87175 0.29196 0.37976 0.08072
0 0.86577 0.34501 0.38429 0.0736
0 0.96354 0.39806 0.42811 0.07849
0 0.8656 0.45111 0.42358 0.08156
0 0.87916 0.50416 0.38141 0.07791
0 0.88554 0.55721 0.38763 0.08173
0 0.80892 0.61026 0.41008 0.08433
0 0.80548 0.71636 0.44158 0.07985
0 0.90643 0.76941 0.40737 0.08057
0 0.94636 0.82246 0.4081 0.08157
0 0.84735 0.87551 0.40109 0.08191
0 0.80399 0.92856 0.39677 0.08393