0 0.10501 0.11972 0.17786 0.03565
0 0.10501 0.19224 0.20728 0.03444
0 0.10501 0.25354 0.17938 0.03242
0 0.10501 0.29434 0.2028 0.04115
0 0.10501 0.31639 0.17307 0.03395
0 0.10501 0.37345 0.221 0.03595
0 0.10501 0.48512 0.20225 0.03661
0 0.10501 0.48927 0.19958 0.03936
0 0.10501 0.53934 0.20582 0.04228
0 0.10501 0.59721 0.16459 0.03992
0 0.10501 0.66962 0.16281 0.03826
0 0.10501 0.68365 0.19195 0.03374
0 0.10501 0.77495 0.21143 0.03298
0 0.10501 0.87640 0.19035 0.03321
0 0.10501 0.84904 0.18865 0.04302
0 0.3148 0.14477 0.16501 0.04355
0 0.3148 0.18861 0.18626 0.04287
0 0.3148 0.26035 0.21005 0.03346
0 0.3148 0.34428 0.17167 0.04126
0 0.3148 0.36595 0.17646 0.04228
0 0.3148 0.46956 0.21737 0.03367
0 0.3148 0.48322 0.16408 0.03688
0 0.3148 0.49915 0.21312 0.03762
0 0.3148 0.63376 0.20317 0.04115
0 0.3148 0.63092 0.20183 0.03428
0 0.3148 0.78675 0.21436 0.03935
0 0.3148 0.79650 0.16789 0.03238
0 0.3148 0.81227 0.18803 0.03518
0 0.3148 0.97762 0.16641 0.04377
0 0.52459 0.13424 0.19003 0.03955
0 0.52459 0.17733 0.17306 0.04121
0 0.52459 0.22785 0.18232 0.04137
0 0.52459 0.26919 0.18627 0.03824
0 0.52459 0.33131 0.19169 0.03942
0 0.52459 0.38830 0.16951 0.03368
0 0.52459 0.46123 0.17046 0.04314
0 0.52459 0.50733 0.1736 0.0417
0 0.52459 0.57228 0.19053 0.04064
0 0.52459 0.66935 0.17332 0.03849
0 0.52459 0.62365 0.1971 0.04291
0 0.52459 0.75245 0.20887 0.04005
0 0.52459 0.71471 0.18361 0.03525
0 0.52459 0.77069 0.19998 0.03981
0 0.52459 0.93704 0.17716 0.04325
0 0.52459 0.84449 0.19479 0.04154
0 0.73438 0.11378 0.18695 0.03685
0 0.73438 0.15311 0.19889 0.04327
0 0.73438 0.19596 0.16996 0.04086
0 0.73438 0.26659 0.18746 0.03805
0 0.73438 0.32374 0.21644 0.03247
0 0.73438 0.34890 0.2136 0.03392
0 0.73438 0.42631 0.21403 0.04057
0 0.73438 0.41901 0.17766 0.03895
0 0.73438 0.50477 0.19609 0.03602
0 0.73438 0.51335 0.18873 0.0404
0 0.73438 0.58690 0.20696 0.0365
0 0.73438 0.66459 0.18441 0.03942
0 0.73438 0.74429 0.21426 0.04312
0 0.73438 0.73746 0.21555 0.04103
0 0.73438 0.72173 0.19733 0.03575
0 0.73438 0.89443 0.19718 0.04179
0 0.90921 0.14356 0.19115 0.04343
0 0.90921 0.17236 0.18766 0.04193
0 0.90921 0.23469 0.19319 0.03222
0 0.90921 0.29644 0.20064 0.03813
0 0.90921 0.34688 0.19272 0.0337
0 0.90921 0.35889 0.19733 0.0419
0 0.90921 0.49596 0.16936 0.04081
0 0.90921 0.47813 0.1733 0.03982
0 0.90921 0.52488 0.21106 0.03415
0 0.90921 0.56622 0.17037 0.04148
0 0.90921 0.65203 0.18275 0.03815
0 0.90921 0.71985 0.17034 0.03747
0 0.90921 0.80429 0.19324 0.03626
0 0.90921 0.82126 0.17468 0.04017
0 0.90921 0.85784 0.17353 0.03809
0 0.90921 0.98318 0.18058 0.0399