0 0.09322 0.13281 0.37256 0.08614
0 0.09271 0.18586 0.38586 0.08743
0 0.11517 0.23891 0.37878 0.08499
0 0.09371 0.29196 0.4128 0.08551
0 0.11422 0.34501 0.40677 0.07906
0 0.11953 0.39806 0.37617 0.08498
0 0.11827 0.45111 0.40272 0.0739
0 0.11237 0.50416 0.39402 0.08482
0 0.09443 0.55721 0.3957 0.08397
0 0.1046 0.61026 0.40274 0.07803
0 0.11238 0.66331 0.40122 0.0782
0 0.11031 0.71636 0.41258 0.07884
0 0.10774 0.76941 0.43613 0.08695
0 0.10053 0.82246 0.36917 0.07502
0 0.10472 0.87551 0.43627 0.08569
0 0.11543 0.92856 0.42189 0.08564
0 0.33719 0.14609 0.44055 0.08549
0 0.32726 0.20444 0.43782 0.08645
0 0.32772 0.26280 0.37418 0.07934
0 0.34298 0.32115 0.43769 0.07838
0 0.31471 0.37951 0.42263 0.08525
0 0.28272 0.43786 0.41672 0.08697
0 0.28144 0.49622 0.38386 0.08244
0 0.29095 0.55457 0.4269 0.07917
0 0.32549 0.61293 0.39212 0.08604
0 0.32331 0.67129 0.39573 0.08564
0 0.34882 0.72964 0.39258 0.08504
0 0.35946 0.78800 0.37934 0.08619
0 0.31295 0.84635 0.42773 0.08452
0 0.32819 0.90471 0.43883 0.08545
0 0.28582 0.96306 0.38925 0.07833
0 0.56482 0.13281 0.39098 0.08241
0 0.53459 0.18586 0.43143 0.07914
0 0.48007 0.23891 0.4327 0.07817
0 0.46559 0.29196 0.38957 0.07648
0 0.57063 0.34501 0.37389 0.08607
0 0.55141 0.39806 0.43067 0.07994
0 0.59087 0.45111 0.41262 0.07656
0 0.46484 0.50416 0.43531 0.08146
0 0.5193 0.55721 0.38827 0.07551
0 0.5493 0.61026 0.40399 0.07821
0 0.53137 0.66331 0.43894 0.0764
0 0.55583 0.71636 0.39498 0.07861
0 0.57756 0.76941 0.38426 0.0817
0 0.56673 0.82246 0.43337 0.08345
0 0.49837 0.87551 0.41399 0.08122
0 0.54381 0.92856 0.38489 0.07699
0 0.82901 0.11953 0.40995 0.08613
0 0.68351 0.16727 0.44253 0.07733
0 0.66033 0.21502 0.37266 0.07559
0 0.724 0.26276 0.38318 0.08375
0 0.71485 0.31051 0.43353 0.07483
0 0.82684 0.35825 0.37884 0.08593
0 0.6672 0.40600 0.39998 0.08024
0 0.76646 0.45374 0.40863 0.08271
0 0.72301 0.50149 0.43448 0.08371
0 0.79677 0.54923 0.44205 0.07776
0 0.68281 0.59698 0.40692 0.08703
0 0.76103 0.64472 0.37173 0.0733
0 0.7879 0.69247 0.38836 0.07803
0 0.78575 0.74021 0.43497 0.08208
0 0.8191 0.78796 0.41646 0.07862
0 0.66311 0.83571 0.40708 0.08695
0 0.93338 0.13281 0.38145 0.07543
0 0.83609 0.18586 0.41875 0.081
0 0.90023 0.23891 0.39261 0.08249
0 0.92165 0.29196 0.43097 0.08678
0 0.97924 0.39806 0.38357 0.07858
0 0.85772 0.50416 0.38128 0.07359
0 0.88683 0.55721 0.40072 0.08671
0 0.82835 0.61026 0.40723 0.07437
0 0.81155 0.66331 0.42858 0.07634
0 0.90509 0.71636 0.41839 0.07781
0 0.94867 0.87551 0.41721 0.08612
0 0.97365 0.92856 0.42441 0.08042