0 0.10501 0.14527 0.18506 0.03213
0 0.10501 0.19231 0.21546 0.03668
0 0.10501 0.23862 0.17796 0.0344
0 0.10501 0.27971 0.20721 0.03545
0 0.10501 0.36727 0.20819 0.04027
0 0.10501 0.37003 0.16733 0.03593
0 0.10501 0.42450 0.17166 0.04017
0 0.10501 0.53006 0.20905 0.0388
0 0.10501 0.52506 0.19051 0.03823
0 0.10501 0.59820 0.19506 0.03548
0 0.10501 0.62265 0.18668 0.03434
0 0.10501 0.72459 0.19703 0.03521
0 0.10501 0.74703 0.18496 0.03408
0 0.10501 0.82201 0.20489 0.03546
0 0.10501 0.88185 0.19541 0.03647
0 0.10501 0.84605 0.18011 0.0415
0 0.3148 0.13982 0.16611 0.03551
0 0.3148 0.22456 0.18209 0.0394
0 0.3148 0.26555 0.16648 0.03524
0 0.3148 0.31171 0.19887 0.03989
0 0.3148 0.36658 0.18466 0.04102
0 0.3148 0.41411 0.18649 0.03291
0 0.3148 0.45593 0.19564 0.03537
0 0.3148 0.57341 0.2086 0.03648
0 0.3148 0.63293 0.20956 0.04018
0 0.3148 0.71536 0.17936 0.04181
0 0.3148 0.66017 0.16526 0.04097
0 0.3148 0.74911 0.16827 0.03758
0 0.3148 0.82384 0.17438 0.03917
0 0.3148 0.89733 0.18822 0.04356
0 0.3148 0.95105 0.18849 0.03415
0 0.3148 0.99958 0.22056 0.03221
0 0.52459 0.14586 0.21847 0.03514
0 0.52459 0.19924 0.19894 0.03758
0 0.52459 0.22044 0.19752 0.04281
0 0.52459 0.31872 0.18316 0.03765
0 0.52459 0.37593 0.16781 0.03306
0 0.52459 0.40837 0.17617 0.03373
0 0.52459 0.46822 0.2023 0.04216
0 0.52459 0.46323 0.21063 0.03814
0 0.52459 0.56212 0.18857 0.04303
0 0.52459 0.66445 0.19354 0.03473
0 0.52459 0.67519 0.16536 0.03576
0 0.52459 0.77352 0.17229 0.03219
0 0.52459 0.78455 0.21248 0.04106
0 0.52459 0.80421 0.20036 0.0338
0 0.52459 0.86759 0.17092 0.03232
0 0.52459 0.89954 0.18772 0.03887
0 0.73438 0.12231 0.20043 0.03503
0 0.73438 0.15213 0.19395 0.03299
0 0.73438 0.22007 0.19819 0.03995
0 0.73438 0.24962 0.1789 0.03377
0 0.73438 0.31888 0.18789 0.03583
0 0.73438 0.32295 0.1846 0.03594
0 0.73438 0.38787 0.16249 0.03736
0 0.73438 0.44851 0.20614 0.03873
0 0.73438 0.54055 0.16447 0.04354
0 0.73438 0.58577 0.1767 0.04106
0 0.73438 0.61868 0.21915 0.03447
0 0.73438 0.60789 0.18021 0.0417
0 0.73438 0.63783 0.21663 0.04057
0 0.73438 0.77659 0.19003 0.03746
0 0.73438 0.85094 0.21259 0.03969
0 0.73438 0.75564 0.213 0.03566
0 0.90921 0.13024 0.21621 0.03292
0 0.90921 0.18445 0.21329 0.03257
0 0.90921 0.24688 0.19185 0.03415
0 0.90921 0.29286 0.17211 0.0414
0 0.90921 0.37593 0.16369 0.04284
0 0.90921 0.36498 0.16313 0.04308
0 0.90921 0.46054 0.18447 0.03808
0 0.90921 0.47234 0.17372 0.04248
0 0.90921 0.58685 0.20781 0.03225
0 0.90921 0.66768 0.19261 0.03903
0 0.90921 0.61259 0.20274 0.04189
0 0.90921 0.65838 0.21859 0.03516
0 0.90921 0.69731 0.20762 0.03541
0 0.90921 0.88438 0.16693 0.0331
0 0.90921 0.86733 0.20586 0.0323
0 0.90921 0.94411 0.20389 0.03278