0 0.10501 0.13281 0.41869 0.08244
0 0.10501 0.18586 0.43682 0.08454
0 0.10501 0.23891 0.44222 0.07567
0 0.10501 0.29196 0.40043 0.08693
0 0.10501 0.34501 0.37663 0.08266
0 0.10501 0.39806 0.42658 0.0833
0 0.10501 0.45111 0.38616 0.07788
0 0.10501 0.50416 0.41819 0.07878
0 0.10501 0.55721 0.41764 0.08493
0 0.10501 0.61026 0.37868 0.0745
0 0.10501 0.66331 0.38327 0.08338
0 0.10501 0.71636 0.37258 0.0758
0 0.10501 0.76941 0.41255 0.0839
0 0.10501 0.82246 0.4033 0.07685
0 0.10501 0.87551 0.37131 0.08439
0 0.10501 0.92856 0.42855 0.07573
0 0.3148 0.14609 0.40547 0.08317
0 0.3148 0.20444 0.39486 0.08658
0 0.3148 0.26280 0.3916 0.08496
0 0.3148 0.32115 0.39265 0.08218
0 0.3148 0.37951 0.37008 0.08213
0 0.3148 0.43786 0.38653 0.08447
0 0.3148 0.49622 0.40278 0.08333
0 0.3148 0.55457 0.41166 0.07301
0 0.3148 0.61293 0.38634 0.08522
0 0.3148 0.67129 0.38065 0.07525
0 0.3148 0.72964 0.39294 0.07637
0 0.3148 0.78800 0.36905 0.08256
0 0.3148 0.84635 0.36887 0.07413
0 0.3148 0.90471 0.38922 0.07504
0 0.3148 0.96306 0.4234 0.07531
0 0.52459 0.13281 0.41845 0.07504
0 0.52459 0.18586 0.3969 0.07371
0 0.52459 0.23891 0.41686 0.08368
0 0.52459 0.29196 0.42965 0.08216
0 0.52459 0.34501 0.40887 0.07404
0 0.52459 0.39806 0.41999 0.07728
0 0.52459 0.45111 0.41778 0.07791
0 0.52459 0.50416 0.40734 0.08341
0 0.52459 0.55721 0.40914 0.08603
0 0.52459 0.61026 0.41739 0.0787
0 0.52459 0.66331 0.40981 0.08053
0 0.52459 0.71636 0.43071 0.07789
0 0.52459 0.76941 0.40608 0.08
0 0.52459 0.82246 0.42152 0.08328
0 0.52459 0.87551 0.4044 0.0834
0 0.52459 0.92856 0.40384 0.07404
0 0.73438 0.11953 0.36949 0.07842
0 0.73438 0.16727 0.4337 0.08278
0 0.73438 0.21502 0.40696 0.08557
0 0.73438 0.26276 0.39121 0.0789
0 0.73438 0.31051 0.41997 0.07957
0 0.73438 0.35825 0.3783 0.07779
0 0.73438 0.40600 0.40985 0.08629
0 0.73438 0.45374 0.40464 0.08416
0 0.73438 0.50149 0.39459 0.07834
0 0.73438 0.54923 0.43196 0.07361
0 0.73438 0.59698 0.38663 0.07431
0 0.73438 0.64472 0.40029 0.082
0 0.73438 0.69247 0.43671 0.08559
0 0.73438 0.74021 0.42677 0.07619
0 0.73438 0.78796 0.37905 0.08661
0 0.73438 0.83571 0.38571 0.0819
0 0.90921 0.13281 0.3693 0.07448
0 0.90921 0.18586 0.43255 0.0826
0 0.90921 0.23891 0.40508 0.07676
0 0.90921 0.29196 0.3919 0.07933
0 0.90921 0.34501 0.40815 0.08034
0 0.90921 0.39806 0.43464 0.07968
0 0.90921 0.45111 0.39663 0.08463
0 0.90921 0.50416 0.4003 0.07303
0 0.90921 0.55721 0.3827 0.07958
0 0.90921 0.61026 0.43253 0.08313
0 0.90921 0.66331 0.37128 0.08739
0 0.90921 0.71636 0.40007 0.08451
0 0.90921 0.76941 0.3768 0.08519
0 0.90921 0.82246 0.37046 0.07897
0 0.90921 0.87551 0.38395 0.08391
0 0.90921 0.92856 0.43661 0.0814