0 0.11199 0.13281 0.36954 0.0776
0 0.10447 0.18586 0.38948 0.08318
0 0.10862 0.23891 0.39742 0.08511
0 0.09315 0.29196 0.39803 0.08074
0 0.1018 0.34501 0.38112 0.07626
0 0.10911 0.39806 0.43893 0.07997
0 0.11595 0.45111 0.41947 0.07708
0 0.11681 0.50416 0.41926 0.0833
0 0.10253 0.55721 0.38732 0.07303
0 0.11843 0.61026 0.40338 0.07966
0 0.10553 0.66331 0.4014 0.08548
0 0.10238 0.71636 0.41857 0.07656
0 0.11949 0.76941 0.37765 0.08536
0 0.10372 0.82246 0.43875 0.0809
0 0.11831 0.87551 0.43857 0.07634
0 0.0948 0.92856 0.44215 0.07784
0 0.3251 0.14609 0.43267 0.08602
0 0.3608 0.20444 0.4174 0.08471
0 0.30402 0.26280 0.43287 0.08611
0 0.31977 0.32115 0.39179 0.07806
0 0.30122 0.37951 0.37775 0.07534
0 0.32746 0.43786 0.38122 0.08587
0 0.29049 0.49622 0.44233 0.07979
0 0.33208 0.55457 0.40075 0.07888
0 0.32615 0.61293 0.39077 0.07613
0 0.30937 0.67129 0.39353 0.07827
0 0.28592 0.72964 0.40099 0.08663
0 0.32351 0.78800 0.42115 0.08655
0 0.34829 0.84635 0.42536 0.0854
0 0.32504 0.90471 0.42019 0.08619
0 0.28509 0.96306 0.41029 0.07796
0 0.55747 0.13281 0.3967 0.07683
0 0.57468 0.18586 0.39871 0.07841
0 0.4656 0.23891 0.43069 0.07525
0 0.48618 0.29196 0.3873 0.07412
0 0.47879 0.34501 0.40901 0.0834
0 0.51224 0.39806 0.36887 0.07575
0 0.50241 0.45111 0.42526 0.08531
0 0.53756 0.50416 0.41473 0.08514
0 0.58204 0.55721 0.39926 0.07659
0 0.57467 0.61026 0.41423 0.07329
0 0.47855 0.66331 0.40392 0.08052
0 0.51121 0.71636 0.42672 0.08537
0 0.46724 0.76941 0.37374 0.08295
0 0.47823 0.82246 0.3977 0.07554
0 0.49574 0.87551 0.39438 0.07401
0 0.60239 0.92856 0.41771 0.07649
0 0.71794 0.11953 0.37418 0.07458
0 0.80448 0.16727 0.38485 0.08064
0 0.77356 0.21502 0.39623 0.07743
0 0.82377 0.26276 0.39097 0.07722
0 0.69757 0.31051 0.40063 0.07443
0 0.77464 0.35825 0.40752 0.08456
0 0.77526 0.40600 0.38504 0.08618
0 0.74044 0.45374 0.42205 0.07419
0 0.82302 0.50149 0.39592 0.08157
0 0.84122 0.54923 0.41964 0.07842
0 0.8016 0.59698 0.43463 0.07869
0 0.75454 0.64472 0.38168 0.08357
0 0.71044 0.69247 0.43175 0.08535
0 0.79813 0.74021 0.40747 0.08566
0 0.70798 0.78796 0.40631 0.07904
0 0.73454 0.83571 0.3969 0.07335
0 0.93742 0.13281 0.38171 0.07923
0 0.85604 0.18586 0.42069 0.07572
0 0.97414 0.23891 0.38175 0.08514
0 0.91075 0.29196 0.42974 0.08299
0 0.88802 0.34501 0.40656 0.0852
0 0.94162 0.39806 0.38249 0.07487
0 0.85863 0.50416 0.38823 0.08243
0 0.86902 0.55721 0.40133 0.08235
0 0.93216 0.61026 0.38588 0.07345
0 0.92039 0.66331 0.39871 0.07723
0 0.92571 0.71636 0.41842 0.08735
0 0.93057 0.76941 0.44192 0.07371
0 0.85169 0.82246 0.41643 0.07752
0 0.95212 0.87551 0.38393 0.08551
0 0.98376 0.92856 0.37745 0.08496