0 0.10501 0.12728 0.16403 0.03436
0 0.10501 0.18843 0.1774 0.04346
0 0.10501 0.26043 0.18591 0.03561
0 0.10501 0.30628 0.17257 0.03581
0 0.10501 0.37045 0.18319 0.03909
0 0.10501 0.38707 0.20244 0.04093
0 0.10501 0.45130 0.18128 0.03679
0 0.10501 0.53474 0.17824 0.03561
0 0.10501 0.53854 0.20842 0.03314
0 0.10501 0.61439 0.17212 0.03764
0 0.10501 0.70630 0.1705 0.03876
0 0.10501 0.76278 0.17365 0.0326
0 0.10501 0.76436 0.17934 0.03512
0 0.10501 0.88921 0.21461 0.04138
0 0.10501 0.92134 0.18688 0.04005
0 0.10501 0.96418 0.20492 0.03218
0 0.3148 0.14748 0.21056 0.03979
0 0.3148 0.20115 0.21916 0.04004
0 0.3148 0.24702 0.20192 0.03938
0 0.3148 0.31364 0.22038 0.04176
0 0.3148 0.41237 0.17966 0.04008
0 0.3148 0.40863 0.20712 0.04268
0 0.3148 0.45268 0.17862 0.03572
0 0.3148 0.53991 0.18414 0.03391
0 0.3148 0.63703 0.18463 0.04068
0 0.3148 0.67552 0.17435 0.0394
0 0.3148 0.66619 0.22002 0.03413
0 0.3148 0.72740 0.19361 0.04312
0 0.3148 0.81577 0.2045 0.03866
0 0.3148 0.91555 0.17985 0.04032
0 0.3148 0.92246 0.16827 0.03448
0 0.52459 0.12500 0.20242 0.03309
0 0.52459 0.17094 0.20757 0.03679
0 0.52459 0.26213 0.1656 0.0406
0 0.52459 0.31804 0.2134 0.03263
0 0.52459 0.35820 0.21534 0.04051
0 0.52459 0.40156 0.20642 0.04283
0 0.52459 0.46551 0.21417 0.03288
0 0.52459 0.54186 0.16489 0.0323
0 0.52459 0.58541 0.19337 0.04079
0 0.52459 0.56811 0.16952 0.04064
0 0.52459 0.67146 0.19281 0.03795
0 0.52459 0.76582 0.20849 0.03704
0 0.52459 0.75380 0.17647 0.0366
0 0.52459 0.78747 0.16929 0.03683
0 0.52459 0.78966 0.21155 0.03713
0 0.52459 0.87892 0.20869 0.04161
0 0.73438 0.12238 0.17289 0.03599
0 0.73438 0.17341 0.16706 0.03625
0 0.73438 0.23304 0.20428 0.04
0 0.73438 0.28707 0.17579 0.03502
0 0.73438 0.32244 0.17023 0.03879
0 0.73438 0.37355 0.16578 0.0364
0 0.73438 0.40964 0.17747 0.03225
0 0.73438 0.48643 0.21405 0.04312
0 0.73438 0.51459 0.19573 0.03261
0 0.73438 0.53800 0.16579 0.03216
0 0.73438 0.61883 0.18101 0.03873
0 0.73438 0.66449 0.18638 0.03717
0 0.73438 0.72004 0.18521 0.04127
0 0.73438 0.66901 0.16839 0.0421
0 0.73438 0.71325 0.20127 0.03547
0 0.73438 0.81123 0.19384 0.03548
0 0.90921 0.12288 0.16276 0.03572
0 0.90921 0.18461 0.18116 0.03373
0 0.90921 0.23037 0.21342 0.0417
0 0.90921 0.27618 0.20407 0.03796
0 0.90921 0.37202 0.19951 0.04088
0 0.90921 0.40224 0.22113 0.0366
0 0.90921 0.44377 0.20598 0.03301
0 0.90921 0.53923 0.19166 0.03871
0 0.90921 0.61147 0.21667 0.04246
0 0.90921 0.57181 0.20719 0.03965
0 0.90921 0.61637 0.16917 0.03553
0 0.90921 0.64822 0.18412 0.03322
0 0.90921 0.76069 0.16896 0.04095
0 0.90921 0.86339 0.2123 0.03704
0 0.90921 0.91645 0.16688 0.03275
0 0.90921 0.95003 0.18223 0.03857