0 0.10501 0.13281 0.37707 0.08008
0 0.10501 0.18586 0.40285 0.07983
0 0.10501 0.23891 0.41966 0.08727
0 0.10501 0.29196 0.37455 0.08731
0 0.10501 0.34501 0.43734 0.07617
0 0.10501 0.39806 0.38431 0.08435
0 0.10501 0.45111 0.38173 0.08528
0 0.10501 0.50416 0.3837 0.08141
0 0.10501 0.55721 0.39914 0.08181
0 0.10501 0.61026 0.38801 0.07408
0 0.10501 0.66331 0.41685 0.08486
0 0.10501 0.71636 0.42977 0.07725
0 0.10501 0.76941 0.39008 0.07569
0 0.10501 0.82246 0.43912 0.07692
0 0.10501 0.87551 0.41821 0.07521
0 0.10501 0.92856 0.42338 0.08152
0 0.3148 0.14609 0.3908 0.08618
0 0.3148 0.20444 0.38905 0.07447
0 0.3148 0.26280 0.3908 0.08453
0 0.3148 0.32115 0.40382 0.084
0 0.3148 0.37951 0.43872 0.08199
0 0.3148 0.43786 0.41152 0.0864
0 0.3148 0.49622 0.40507 0.08285
0 0.3148 0.55457 0.4227 0.07321
0 0.3148 0.61293 0.41663 0.08201
0 0.3148 0.67129 0.39641 0.0784
0 0.3148 0.72964 0.41264 0.07316
0 0.3148 0.78800 0.42606 0.07756
0 0.3148 0.84635 0.439 0.07362
0 0.3148 0.90471 0.38864 0.0768
0 0.3148 0.96306 0.40781 0.07818
0 0.52459 0.13281 0.40748 0.0814
0 0.52459 0.18586 0.38718 0.08518
0 0.52459 0.23891 0.40793 0.0749
0 0.52459 0.29196 0.42399 0.08262
0 0.52459 0.34501 0.40898 0.07312
0 0.52459 0.39806 0.43656 0.0843
0 0.52459 0.45111 0.37872 0.08293
0 0.52459 0.50416 0.40935 0.08625
0 0.52459 0.55721 0.41226 0.08183
0 0.52459 0.61026 0.43032 0.07864
0 0.52459 0.66331 0.39114 0.0736
0 0.52459 0.71636 0.40626 0.08749
0 0.52459 0.76941 0.40611 0.08578
0 0.52459 0.82246 0.43457 0.08731
0 0.52459 0.87551 0.38386 0.07463
0 0.52459 0.92856 0.38772 0.0803
0 0.73438 0.11953 0.39506 0.07338
0 0.73438 0.16727 0.42339 0.08266
0 0.73438 0.21502 0.3825 0.07992
0 0.73438 0.26276 0.43941 0.07839
0 0.73438 0.31051 0.38997 0.07991
0 0.73438 0.35825 0.41343 0.0759
0 0.73438 0.40600 0.38985 0.08031
0 0.73438 0.45374 0.39135 0.07842
0 0.73438 0.50149 0.41868 0.08538
0 0.73438 0.54923 0.37524 0.07661
0 0.73438 0.59698 0.37055 0.07398
0 0.73438 0.64472 0.44256 0.08336
0 0.73438 0.69247 0.4376 0.08045
0 0.73438 0.74021 0.43412 0.07472
0 0.73438 0.78796 0.3925 0.07626
0 0.73438 0.83571 0.39086 0.0795
0 0.90921 0.13281 0.3961 0.07919
0 0.90921 0.18586 0.40416 0.07566
0 0.90921 0.23891 0.42761 0.08096
0 0.90921 0.29196 0.3711 0.08007
0 0.90921 0.34501 0.41775 0.07483
0 0.90921 0.39806 0.38929 0.07445
0 0.90921 0.45111 0.37456 0.08244
0 0.90921 0.50416 0.41746 0.07321
0 0.90921 0.55721 0.39635 0.08532
0 0.90921 0.61026 0.39732 0.08596
0 0.90921 0.66331 0.44212 0.07707
0 0.90921 0.71636 0.40909 0.07623
0 0.90921 0.76941 0.41973 0.07414
0 0.90921 0.82246 0.43439 0.07475
0 0.90921 0.87551 0.37925 0.07612
0 0.90921 0.92856 0.38291 0.07646