0 0.10501 0.14050 0.21039 0.03376
0 0.10501 0.19658 0.22011 0.04097
0 0.10501 0.24700 0.21854 0.03237
0 0.10501 0.31480 0.19479 0.03579
0 0.10501 0.33833 0.17095 0.03974
0 0.10501 0.39868 0.20362 0.04311
0 0.10501 0.44695 0.21039 0.0387
0 0.10501 0.52674 0.20377 0.03921
0 0.10501 0.57978 0.21088 0.03428
0 0.10501 0.64998 0.20794 0.04238
0 0.10501 0.65627 0.18456 0.03545
0 0.10501 0.73217 0.16829 0.03523
0 0.10501 0.77925 0.20807 0.042
0 0.10501 0.80006 0.21555 0.04106
0 0.10501 0.81059 0.16669 0.03564
0 0.10501 0.99308 0.20319 0.03658
0 0.3148 0.15172 0.21058 0.04307
0 0.3148 0.21777 0.16788 0.03645
0 0.3148 0.26479 0.16948 0.03967
0 0.3148 0.29844 0.1748 0.03451
0 0.3148 0.36875 0.20187 0.03398
0 0.3148 0.39613 0.20363 0.03568
0 0.3148 0.45379 0.2191 0.04242
0 0.3148 0.50300 0.19737 0.03493
0 0.3148 0.65455 0.17012 0.04342
0 0.3148 0.66893 0.18627 0.03293
0 0.3148 0.79766 0.19021 0.04075
0 0.3148 0.83682 0.17476 0.03933
0 0.3148 0.85597 0.18369 0.0346
0 0.3148 0.94445 0.21607 0.03521
0 0.3148 0.94483 0.21083 0.03803
0 0.3148 0.96279 0.17893 0.03399
0 0.52459 0.13850 0.19824 0.03908
0 0.52459 0.18336 0.1665 0.041
0 0.52459 0.23892 0.18116 0.0351
0 0.52459 0.27731 0.18358 0.0425
0 0.52459 0.31183 0.21928 0.0409
0 0.52459 0.39771 0.21421 0.04091
0 0.52459 0.45194 0.20138 0.03711
0 0.52459 0.53783 0.17213 0.04249
0 0.52459 0.54016 0.16392 0.04069
0 0.52459 0.64127 0.20109 0.03496
0 0.52459 0.69687 0.17017 0.03423
0 0.52459 0.66299 0.16492 0.03641
0 0.52459 0.71293 0.22069 0.04301
0 0.52459 0.87257 0.17116 0.04158
0 0.52459 0.92000 0.1748 0.03719
0 0.52459 0.92860 0.20687 0.04206
0 0.73438 0.12068 0.16467 0.03544
0 0.73438 0.17012 0.21861 0.03502
0 0.73438 0.21633 0.1879 0.04232
0 0.73438 0.28031 0.19177 0.04283
0 0.73438 0.33358 0.20614 0.03224
0 0.73438 0.33765 0.21595 0.03496
0 0.73438 0.40495 0.19767 0.03978
0 0.73438 0.47486 0.21512 0.04216
0 0.73438 0.52237 0.16668 0.03391
0 0.73438 0.58310 0.21897 0.04353
0 0.73438 0.58251 0.16281 0.03634
0 0.73438 0.67112 0.18982 0.03666
0 0.73438 0.68524 0.18485 0.03256
0 0.73438 0.70443 0.16708 0.04352
0 0.73438 0.84422 0.17566 0.0387
0 0.73438 0.82270 0.21497 0.03375
0 0.90921 0.13624 0.18511 0.04105
0 0.90921 0.19279 0.17191 0.04089
0 0.90921 0.25493 0.2066 0.03273
0 0.90921 0.27536 0.19273 0.04311
0 0.90921 0.37026 0.21821 0.03762
0 0.90921 0.38696 0.21575 0.03994
0 0.90921 0.40837 0.19478 0.03994
0 0.90921 0.53483 0.16748 0.03396
0 0.90921 0.52550 0.16697 0.04191
0 0.90921 0.60409 0.19697 0.03968
0 0.90921 0.61657 0.17407 0.04359
0 0.90921 0.70484 0.21003 0.04228
0 0.90921 0.79093 0.16293 0.03458
0 0.90921 0.83282 0.2198 0.04008
0 0.90921 0.80716 0.20175 0.03473
0 0.90921 0.94575 0.17917 0.03211