0 0.10071 0.13281 0.25944 0.04653
0 0.10781 0.18586 0.25867 0.04981
0 0.09842 0.23891 0.25667 0.05236
0 0.11271 0.29196 0.23896 0.05141
0 0.09743 0.34501 0.2608 0.05117
0 0.11108 0.39806 0.22458 0.04749
0 0.10555 0.45111 0.26373 0.04498
0 0.10217 0.50416 0.2593 0.04871
0 0.09771 0.55721 0.25285 0.05182
0 0.09888 0.61026 0.2397 0.04552
0 0.11036 0.66331 0.24141 0.05212
0 0.10518 0.71636 0.24648 0.05021
0 0.1096 0.76941 0.23533 0.05001
0 0.09931 0.82246 0.23011 0.05098
0 0.10277 0.87551 0.22518 0.0515
0 0.11118 0.92856 0.23547 0.04701
0 0.31656 0.14609 0.24152 0.04648
0 0.33915 0.20444 0.2563 0.04752
0 0.33373 0.26280 0.25505 0.04575
0 0.3217 0.32115 0.2543 0.04754
0 0.32022 0.37951 0.23856 0.05169
0 0.296 0.43786 0.25711 0.04384
0 0.3068 0.49622 0.22137 0.04384
0 0.34173 0.55457 0.25476 0.04939
0 0.31816 0.61293 0.22595 0.044
0 0.29336 0.67129 0.25722 0.0462
0 0.29471 0.72964 0.26512 0.04726
0 0.31854 0.78800 0.25167 0.05241
0 0.34048 0.84635 0.25675 0.04867
0 0.28916 0.90471 0.25808 0.05091
0 0.30792 0.96306 0.22877 0.04923
0 0.50407 0.13281 0.24428 0.04784
0 0.54082 0.18586 0.24603 0.04768
0 0.48768 0.23891 0.25122 0.04846
0 0.52526 0.29196 0.24119 0.04932
0 0.50484 0.34501 0.22991 0.05175
0 0.49223 0.39806 0.22893 0.04454
0 0.54868 0.45111 0.2523 0.04868
0 0.54573 0.50416 0.22535 0.05189
0 0.50901 0.55721 0.26132 0.05031
0 0.57684 0.61026 0.26082 0.04758
0 0.55759 0.66331 0.23504 0.04627
0 0.54305 0.71636 0.234 0.04698
0 0.57588 0.76941 0.25225 0.05098
0 0.49098 0.82246 0.26518 0.04644
0 0.55484 0.87551 0.2633 0.05109
0 0.55223 0.92856 0.23776 0.04663
0 0.68078 0.11953 0.25397 0.04923
0 0.71661 0.16727 0.24766 0.05052
0 0.68329 0.21502 0.24183 0.04502
0 0.73567 0.26276 0.24055 0.04393
0 0.803 0.31051 0.22994 0.04379
0 0.77419 0.35825 0.24359 0.04472
0 0.79734 0.40600 0.2551 0.05008
0 0.75599 0.45374 0.23456 0.0476
0 0.75677 0.50149 0.2489 0.04483
0 0.72289 0.54923 0.24886 0.04781
0 0.68908 0.59698 0.26077 0.04916
0 0.69034 0.64472 0.23378 0.05169
0 0.78727 0.69247 0.24727 0.05008
0 0.69606 0.74021 0.23339 0.0488
0 0.75268 0.78796 0.26024 0.04928
0 0.70897 0.83571 0.23084 0.051
0 0.94455 0.13281 0.23516 0.0456
0 0.90688 0.18586 0.22286 0.04854
0 0.8592 0.23891 0.24249 0.04661
0 0.9638 0.29196 0.24747 0.04739
0 0.8795 0.34501 0.22172 0.04988
0 0.89021 0.39806 0.22159 0.04807
0 0.9209 0.45111 0.25103 0.05125
0 0.83994 0.50416 0.22243 0.0501
0 0.95479 0.55721 0.25069 0.047
0 0.8552 0.61026 0.24417 0.04653
0 0.88802 0.66331 0.24144 0.04583
0 0.93302 0.71636 0.22981 0.04685
0 0.86464 0.76941 0.26508 0.04518
0 0.83712 0.82246 0.23747 0.05089
0 0.97741 0.87551 0.25161 0.05204
0 0.88812 0.92856 0.23161 0.05011