0 0.11963 0.13281 0.3691 0.07418
0 0.10502 0.18586 0.43864 0.08148
0 0.11289 0.23891 0.3877 0.08318
0 0.113 0.29196 0.43648 0.08331
0 0.09392 0.34501 0.37149 0.07351
0 0.11164 0.39806 0.41342 0.07858
0 0.11122 0.45111 0.42381 0.07366
0 0.10265 0.50416 0.41956 0.07384
0 0.11181 0.55721 0.39996 0.07847
0 0.11269 0.61026 0.4163 0.08311
0 0.10311 0.66331 0.43514 0.07499
0 0.11593 0.71636 0.44037 0.07829
0 0.11884 0.76941 0.41989 0.08218
0 0.11148 0.82246 0.37428 0.08319
0 0.09506 0.87551 0.42897 0.07551
0 0.11821 0.92856 0.41336 0.08245
0 0.3011 0.14609 0.41813 0.07865
0 0.29851 0.20444 0.38187 0.08516
0 0.31967 0.26280 0.4389 0.07917
0 0.3338 0.32115 0.40147 0.07922
0 0.36052 0.37951 0.37672 0.0739
0 0.30279 0.43786 0.41591 0.0823
0 0.3174 0.49622 0.44156 0.07874
0 0.35972 0.55457 0.41541 0.079
0 0.2982 0.61293 0.42589 0.08126
0 0.30194 0.67129 0.38113 0.07349
0 0.34842 0.72964 0.42119 0.08634
0 0.31458 0.78800 0.37031 0.08699
0 0.30881 0.84635 0.41039 0.07719
0 0.34653 0.90471 0.39107 0.07345
0 0.35452 0.96306 0.41441 0.07902
0 0.58445 0.13281 0.42445 0.07834
0 0.54894 0.18586 0.40094 0.08592
0 0.52219 0.23891 0.40819 0.08623
0 0.52184 0.29196 0.37057 0.07348
0 0.58087 0.34501 0.37112 0.08263
0 0.57923 0.39806 0.38483 0.08576
0 0.56401 0.45111 0.42995 0.07429
0 0.47109 0.50416 0.43235 0.08028
0 0.53562 0.55721 0.40797 0.07658
0 0.54205 0.61026 0.40526 0.08288
0 0.53192 0.66331 0.38314 0.07954
0 0.56887 0.71636 0.40327 0.07619
0 0.56042 0.76941 0.43338 0.07653
0 0.51843 0.82246 0.39125 0.07879
0 0.53651 0.87551 0.43901 0.07493
0 0.46951 0.92856 0.3723 0.0758
0 0.84172 0.11953 0.42512 0.07633
0 0.80691 0.16727 0.37156 0.0761
0 0.76997 0.21502 0.40648 0.08429
0 0.84189 0.26276 0.36962 0.07827
0 0.76346 0.31051 0.41129 0.07303
0 0.71019 0.35825 0.41733 0.08493
0 0.76502 0.40600 0.39996 0.08513
0 0.77399 0.45374 0.39073 0.07829
0 0.73629 0.50149 0.39143 0.0787
0 0.71181 0.54923 0.40048 0.07823
0 0.64673 0.59698 0.43342 0.08003
0 0.7337 0.64472 0.42444 0.08296
0 0.70828 0.69247 0.40264 0.08159
0 0.71607 0.74021 0.37111 0.07346
0 0.73826 0.78796 0.38336 0.07443
0 0.69234 0.83571 0.38014 0.07984
0 0.92639 0.13281 0.37973 0.07986
0 0.99787 0.18586 0.41881 0.08419
0 0.84736 0.23891 0.38112 0.08166
0 0.90987 0.29196 0.37014 0.08119
0 0.95935 0.34501 0.39629 0.07873
0 0.81924 0.39806 0.44145 0.08475
0 0.97022 0.45111 0.37673 0.07862
0 0.97001 0.50416 0.39101 0.08387
0 0.88483 0.55721 0.39701 0.07424
0 0.90778 0.61026 0.42046 0.08496
0 0.97418 0.66331 0.39836 0.07653
0 0.92427 0.71636 0.41568 0.07761
0 0.86968 0.76941 0.42401 0.08179
0 0.84083 0.87551 0.4258 0.0813
0 0.8358 0.92856 0.43497 0.07899