0 0.10501 0.14116 0.18984 0.04091
0 0.10501 0.19172 0.21501 0.03575
0 0.10501 0.26159 0.20174 0.04126
0 0.10501 0.29883 0.18921 0.04316
0 0.10501 0.33232 0.16517 0.04036
0 0.10501 0.43405 0.20676 0.04268
0 0.10501 0.44059 0.18412 0.03576
0 0.10501 0.45995 0.20178 0.03684
0 0.10501 0.56651 0.16313 0.0426
0 0.10501 0.64130 0.19946 0.04345
0 0.10501 0.60808 0.17941 0.04343
0 0.10501 0.71817 0.21824 0.03334
0 0.10501 0.76767 0.18797 0.03614
0 0.10501 0.88425 0.18604 0.0378
0 0.10501 0.92837 0.18531 0.04197
0 0.10501 0.88593 0.19523 0.04319
0 0.3148 0.13582 0.21746 0.039
0 0.3148 0.22130 0.21482 0.03375
0 0.3148 0.28183 0.1716 0.04309
0 0.3148 0.34628 0.17142 0.04161
0 0.3148 0.34187 0.17752 0.03286
0 0.3148 0.43527 0.2016 0.04124
0 0.3148 0.52900 0.18947 0.03856
0 0.3148 0.54944 0.18734 0.03297
0 0.3148 0.60490 0.18752 0.03445
0 0.3148 0.71989 0.17468 0.0434
0 0.3148 0.70330 0.17147 0.04319
0 0.3148 0.81073 0.19507 0.03612
0 0.3148 0.84920 0.21054 0.03634
0 0.3148 0.83189 0.17474 0.03835
0 0.3148 0.98388 0.18195 0.03333
0 0.52459 0.14321 0.1718 0.0432
0 0.52459 0.19241 0.17089 0.03693
0 0.52459 0.24235 0.20724 0.04137
0 0.52459 0.27655 0.16288 0.03397
0 0.52459 0.36405 0.21944 0.04284
0 0.52459 0.38515 0.20286 0.04072
0 0.52459 0.44227 0.17721 0.03965
0 0.52459 0.53321 0.19402 0.03372
0 0.52459 0.59560 0.16379 0.03724
0 0.52459 0.61242 0.1727 0.0383
0 0.52459 0.65752 0.20236 0.04062
0 0.52459 0.71781 0.18917 0.03548
0 0.52459 0.70027 0.21221 0.04021
0 0.52459 0.81824 0.2085 0.04265
0 0.52459 0.80940 0.18743 0.03512
0 0.52459 0.88279 0.20229 0.03567
0 0.73438 0.11532 0.18863 0.04338
0 0.73438 0.16485 0.19456 0.03827
0 0.73438 0.20719 0.20063 0.03501
0 0.73438 0.24841 0.18064 0.04275
0 0.73438 0.28104 0.20429 0.0354
0 0.73438 0.33696 0.1839 0.03344
0 0.73438 0.37950 0.20757 0.03962
0 0.73438 0.48025 0.21327 0.03317
0 0.73438 0.53223 0.19769 0.04238
0 0.73438 0.50974 0.19886 0.03846
0 0.73438 0.63952 0.19419 0.03752
0 0.73438 0.65282 0.21378 0.03422
0 0.73438 0.70576 0.19978 0.03717
0 0.73438 0.69743 0.1867 0.04133
0 0.73438 0.81214 0.20556 0.0332
0 0.73438 0.80560 0.2113 0.04186
0 0.90921 0.13119 0.19328 0.03714
0 0.90921 0.18175 0.18086 0.0421
0 0.90921 0.23589 0.2152 0.03633
0 0.90921 0.29231 0.16415 0.04083
0 0.90921 0.35473 0.21276 0.03672
0 0.90921 0.41039 0.20949 0.04271
0 0.90921 0.48743 0.20845 0.03261
0 0.90921 0.50632 0.1685 0.04299
0 0.90921 0.57710 0.18123 0.03234
0 0.90921 0.64137 0.16904 0.04293
0 0.90921 0.72923 0.1973 0.03569
0 0.90921 0.76260 0.20179 0.04169
0 0.90921 0.71463 0.16292 0.04351
0 0.90921 0.82182 0.20808 0.03554
0 0.90921 0.82429 0.19842 0.03438
0 0.90921 0.84899 0.21002 0.03681