0 0.10027 0.13281 0.41595 0.08399
0 0.10833 0.18586 0.37069 0.08101
0 0.11687 0.23891 0.38565 0.07866
0 0.09597 0.29196 0.40071 0.0763
0 0.11939 0.34501 0.38816 0.07728
0 0.11997 0.39806 0.39276 0.08295
0 0.11421 0.45111 0.40726 0.08453
0 0.10954 0.50416 0.37932 0.07547
0 0.11683 0.55721 0.38204 0.0737
0 0.11415 0.61026 0.43365 0.07913
0 0.10869 0.66331 0.41022 0.08523
0 0.10754 0.71636 0.37127 0.08635
0 0.11226 0.76941 0.4108 0.08646
0 0.09823 0.82246 0.37835 0.08699
0 0.11737 0.87551 0.41623 0.07806
0 0.09709 0.92856 0.40241 0.07468
0 0.28411 0.14609 0.37023 0.07799
0 0.31852 0.20444 0.39044 0.07816
0 0.34468 0.26280 0.3973 0.07405
0 0.31283 0.32115 0.38743 0.08679
0 0.33614 0.37951 0.39198 0.07705
0 0.28512 0.43786 0.42831 0.0763
0 0.30925 0.49622 0.40897 0.07446
0 0.35912 0.55457 0.39672 0.07935
0 0.3421 0.61293 0.38655 0.08577
0 0.32293 0.67129 0.4206 0.07329
0 0.28 0.72964 0.43227 0.07893
0 0.30338 0.78800 0.40619 0.07927
0 0.30859 0.84635 0.42526 0.0814
0 0.29666 0.90471 0.38996 0.07348
0 0.32077 0.96306 0.42659 0.08275
0 0.59121 0.13281 0.40858 0.07916
0 0.52335 0.18586 0.38184 0.07553
0 0.56466 0.23891 0.42364 0.07541
0 0.48943 0.29196 0.42583 0.07732
0 0.49326 0.34501 0.43773 0.08227
0 0.52861 0.39806 0.42626 0.08338
0 0.57285 0.45111 0.3847 0.07559
0 0.5458 0.50416 0.38172 0.08279
0 0.46497 0.55721 0.42732 0.07762
0 0.59575 0.61026 0.38777 0.08699
0 0.47866 0.66331 0.38283 0.08726
0 0.59813 0.71636 0.43131 0.07697
0 0.54181 0.76941 0.37575 0.07632
0 0.47137 0.82246 0.40051 0.07845
0 0.51446 0.87551 0.43008 0.08302
0 0.55817 0.92856 0.40422 0.07491
0 0.80361 0.11953 0.38691 0.08078
0 0.69463 0.16727 0.38218 0.0827
0 0.68494 0.21502 0.42158 0.07345
0 0.66456 0.26276 0.37637 0.08484
0 0.71888 0.31051 0.41429 0.08596
0 0.65323 0.35825 0.40257 0.08736
0 0.75908 0.40600 0.39493 0.08268
0 0.73177 0.45374 0.43468 0.07419
0 0.77371 0.50149 0.40725 0.07704
0 0.72255 0.54923 0.4268 0.07966
0 0.6574 0.59698 0.41415 0.07493
0 0.67736 0.64472 0.38076 0.08526
0 0.83586 0.69247 0.44119 0.0816
0 0.7973 0.74021 0.41548 0.07717
0 0.78824 0.78796 0.40244 0.07701
0 0.65012 0.83571 0.38928 0.07442
0 0.9415 0.13281 0.39208 0.07588
0 0.83418 0.18586 0.40447 0.07677
0 0.93845 0.23891 0.44185 0.08448
0 0.81455 0.29196 0.3961 0.07576
0 0.98935 0.34501 0.43186 0.08054
0 0.99428 0.39806 0.37776 0.07879
0 0.92843 0.45111 0.42192 0.0742
0 0.83835 0.50416 0.43426 0.07444
0 0.81238 0.61026 0.37215 0.07783
0 0.9594 0.66331 0.38491 0.0739
0 0.87257 0.71636 0.39625 0.08131
0 0.96025 0.76941 0.38489 0.08281
0 0.88134 0.82246 0.41027 0.07453
0 0.87362 0.92856 0.42772 0.08428