0 0.09796 0.13281 0.38272 0.07476
0 0.11034 0.18586 0.40218 0.08379
0 0.10655 0.23891 0.42701 0.08682
0 0.12013 0.29196 0.41866 0.07774
0 0.10233 0.34501 0.41091 0.07515
0 0.09302 0.39806 0.38047 0.08015
0 0.09576 0.45111 0.39222 0.08371
0 0.09648 0.50416 0.43266 0.07818
0 0.11127 0.55721 0.38697 0.08071
0 0.1184 0.61026 0.39292 0.08319
0 0.104 0.66331 0.37053 0.07523
0 0.10288 0.71636 0.37184 0.07671
0 0.09559 0.76941 0.43435 0.07633
0 0.12041 0.82246 0.44143 0.07713
0 0.10831 0.87551 0.41638 0.07932
0 0.11339 0.92856 0.38968 0.0786
0 0.30017 0.14609 0.43509 0.08506
0 0.30734 0.20444 0.4114 0.07382
0 0.34886 0.26280 0.43237 0.07891
0 0.30291 0.32115 0.40288 0.07439
0 0.34707 0.37951 0.40341 0.07789
0 0.31657 0.43786 0.39243 0.0823
0 0.29943 0.49622 0.3807 0.07791
0 0.28678 0.55457 0.37241 0.07485
0 0.29326 0.61293 0.41312 0.07372
0 0.3082 0.67129 0.38757 0.07488
0 0.29059 0.72964 0.42007 0.07893
0 0.32122 0.78800 0.42318 0.07608
0 0.31056 0.84635 0.39736 0.0825
0 0.33693 0.90471 0.44016 0.07915
0 0.31055 0.96306 0.42947 0.0834
0 0.4649 0.13281 0.38547 0.07893
0 0.5312 0.18586 0.37145 0.08268
0 0.5829 0.23891 0.4172 0.08548
0 0.51582 0.29196 0.4357 0.08596
0 0.51701 0.34501 0.39332 0.08031
0 0.47565 0.39806 0.40162 0.07622
0 0.57245 0.45111 0.41007 0.07772
0 0.48173 0.50416 0.41497 0.08563
0 0.53104 0.55721 0.37463 0.08638
0 0.57311 0.61026 0.42069 0.07937
0 0.52914 0.66331 0.41266 0.07684
0 0.46519 0.71636 0.3762 0.08449
0 0.59619 0.76941 0.44233 0.07689
0 0.59647 0.82246 0.38175 0.07942
0 0.58295 0.87551 0.4109 0.07378
0 0.5076 0.92856 0.40663 0.08602
0 0.78626 0.11953 0.42753 0.08626
0 0.70305 0.16727 0.42226 0.0824
0 0.78488 0.21502 0.39315 0.08033
0 0.76217 0.26276 0.41375 0.08433
0 0.70261 0.31051 0.388 0.08476
0 0.71294 0.35825 0.42405 0.07642
0 0.75872 0.40600 0.40826 0.08567
0 0.70942 0.45374 0.39027 0.07935
0 0.67772 0.50149 0.3816 0.07619
0 0.81784 0.54923 0.38098 0.07377
0 0.69574 0.59698 0.43687 0.07826
0 0.71296 0.64472 0.38044 0.08754
0 0.76735 0.69247 0.41847 0.0778
0 0.77245 0.74021 0.43577 0.07924
0 0.65425 0.78796 0.3907 0.08575
0 0.84065 0.83571 0.39997 0.07756
0 0.89053 0.13281 0.41122 0.07699
0 0.9581 0.18586 0.39831 0.07797
0 0.97835 0.23891 0.39537 0.08332
0 0.91351 0.29196 0.42357 0.08145
0 0.92019 0.34501 0.41501 0.08469
0 0.80303 0.45111 0.43809 0.07599
0 0.91803 0.50416 0.39712 0.07872
0 0.84209 0.55721 0.37521 0.07386
0 0.95513 0.61026 0.37239 0.08356
0 0.82789 0.66331 0.43852 0.08421
0 0.88702 0.71636 0.42826 0.07382
0 0.95887 0.76941 0.41748 0.08112
0 0.80882 0.82246 0.43519 0.08675
0 0.97296 0.87551 0.42757 0.07851