0 0.10501 0.13281 0.37182 0.07993
0 0.10501 0.18586 0.36917 0.0853
0 0.10501 0.23891 0.37979 0.08568
0 0.10501 0.29196 0.40531 0.07921
0 0.10501 0.34501 0.44187 0.08705
0 0.10501 0.39806 0.44099 0.07533
0 0.10501 0.45111 0.38864 0.08152
0 0.10501 0.50416 0.39293 0.07618
0 0.10501 0.55721 0.42856 0.08338
0 0.10501 0.61026 0.36954 0.07459
0 0.10501 0.66331 0.41266 0.07946
0 0.10501 0.71636 0.38161 0.07529
0 0.10501 0.76941 0.42882 0.08074
0 0.10501 0.82246 0.44039 0.08236
0 0.10501 0.87551 0.40769 0.08225
0 0.10501 0.92856 0.37616 0.07625
0 0.3148 0.14609 0.41786 0.08276
0 0.3148 0.20444 0.3699 0.07868
0 0.3148 0.26280 0.43919 0.08096
0 0.3148 0.32115 0.43087 0.08246
0 0.3148 0.37951 0.37904 0.07303
0 0.3148 0.43786 0.40682 0.07542
0 0.3148 0.49622 0.429 0.07844
0 0.3148 0.55457 0.40094 0.08567
0 0.3148 0.61293 0.43469 0.08218
0 0.3148 0.67129 0.40287 0.08029
0 0.3148 0.72964 0.4085 0.07882
0 0.3148 0.78800 0.43521 0.08231
0 0.3148 0.84635 0.41905 0.07524
0 0.3148 0.90471 0.39785 0.0874
0 0.3148 0.96306 0.3987 0.07916
0 0.52459 0.13281 0.43882 0.08503
0 0.52459 0.18586 0.3926 0.08624
0 0.52459 0.23891 0.39374 0.0757
0 0.52459 0.29196 0.42095 0.08065
0 0.52459 0.34501 0.3836 0.08354
0 0.52459 0.39806 0.44085 0.07611
0 0.52459 0.45111 0.38054 0.07673
0 0.52459 0.50416 0.43985 0.08542
0 0.52459 0.55721 0.41776 0.0835
0 0.52459 0.61026 0.39033 0.07589
0 0.52459 0.66331 0.43282 0.08485
0 0.52459 0.71636 0.40298 0.08643
0 0.52459 0.76941 0.43619 0.0852
0 0.52459 0.82246 0.37286 0.0808
0 0.52459 0.87551 0.42055 0.08337
0 0.52459 0.92856 0.39858 0.08298
0 0.73438 0.11953 0.39356 0.08516
0 0.73438 0.16727 0.41289 0.08084
0 0.73438 0.21502 0.40104 0.08075
0 0.73438 0.26276 0.42062 0.07467
0 0.73438 0.31051 0.41186 0.08716
0 0.73438 0.35825 0.39094 0.08738
0 0.73438 0.40600 0.39913 0.07679
0 0.73438 0.45374 0.38883 0.08725
0 0.73438 0.50149 0.41226 0.08187
0 0.73438 0.54923 0.40943 0.08049
0 0.73438 0.59698 0.39304 0.08067
0 0.73438 0.64472 0.4385 0.08498
0 0.73438 0.69247 0.40533 0.0852
0 0.73438 0.74021 0.44045 0.08539
0 0.73438 0.78796 0.42245 0.07513
0 0.73438 0.83571 0.40346 0.0805
0 0.90921 0.13281 0.37474 0.07648
0 0.90921 0.18586 0.4094 0.07907
0 0.90921 0.23891 0.37067 0.08261
0 0.90921 0.29196 0.40626 0.07298
0 0.90921 0.34501 0.3883 0.08397
0 0.90921 0.39806 0.39781 0.0792
0 0.90921 0.45111 0.42134 0.08474
0 0.90921 0.50416 0.38373 0.07397
0 0.90921 0.55721 0.43897 0.08373
0 0.90921 0.61026 0.43877 0.08261
0 0.90921 0.66331 0.44233 0.07442
0 0.90921 0.71636 0.4178 0.08277
0 0.90921 0.76941 0.37548 0.08666
0 0.90921 0.82246 0.37018 0.08755
0 0.90921 0.87551 0.38188 0.08413
0 0.90921 0.92856 0.42219 0.086