0 0.10211 0.13281 0.24544 0.04992
0 0.1031 0.18586 0.25272 0.04427
0 0.10567 0.23891 0.22501 0.04509
0 0.09492 0.29196 0.23236 0.05153
0 0.10354 0.34501 0.22623 0.05147
0 0.10945 0.39806 0.26031 0.0469
0 0.11014 0.45111 0.25522 0.05237
0 0.11021 0.50416 0.2619 0.05033
0 0.11254 0.55721 0.24448 0.05101
0 0.10735 0.61026 0.2542 0.04764
0 0.10047 0.66331 0.24084 0.04677
0 0.10338 0.71636 0.2566 0.044
0 0.10419 0.76941 0.23292 0.04822
0 0.11017 0.82246 0.24492 0.05149
0 0.10434 0.87551 0.25635 0.04831
0 0.11479 0.92856 0.22229 0.04919
0 0.30806 0.14609 0.2481 0.05006
0 0.32332 0.20444 0.25439 0.05024
0 0.33713 0.26280 0.25132 0.0498
0 0.30547 0.32115 0.23312 0.05072
0 0.3051 0.37951 0.22703 0.0452
0 0.29717 0.43786 0.24474 0.04756
0 0.28708 0.49622 0.22185 0.04445
0 0.28381 0.55457 0.22681 0.04625
0 0.30952 0.61293 0.25622 0.05058
0 0.30307 0.67129 0.25516 0.05194
0 0.33321 0.72964 0.22614 0.05187
0 0.34303 0.78800 0.25432 0.04705
0 0.30085 0.84635 0.25366 0.04479
0 0.30886 0.90471 0.26347 0.04624
0 0.2941 0.96306 0.23873 0.05063
0 0.51925 0.13281 0.23609 0.04993
0 0.5639 0.18586 0.22911 0.05049
0 0.54495 0.23891 0.23313 0.04906
0 0.54713 0.29196 0.25068 0.05168
0 0.48611 0.34501 0.24221 0.04792
0 0.51409 0.39806 0.22409 0.05215
0 0.48462 0.45111 0.23581 0.04878
0 0.56687 0.50416 0.23094 0.05039
0 0.51197 0.55721 0.25811 0.04933
0 0.50034 0.61026 0.2591 0.05037
0 0.50415 0.66331 0.24259 0.05187
0 0.53263 0.71636 0.25786 0.04525
0 0.51459 0.76941 0.256 0.04872
0 0.55639 0.82246 0.24295 0.04442
0 0.50772 0.87551 0.24931 0.05119
0 0.54804 0.92856 0.23443 0.04914
0 0.76325 0.11953 0.25167 0.04431
0 0.69025 0.16727 0.25214 0.05046
0 0.67136 0.21502 0.23475 0.04692
0 0.75072 0.26276 0.23932 0.05114
0 0.70861 0.31051 0.26361 0.04445
0 0.79844 0.35825 0.26129 0.04512
0 0.70885 0.40600 0.25733 0.05118
0 0.7439 0.45374 0.23633 0.05202
0 0.67309 0.50149 0.23028 0.04668
0 0.73597 0.54923 0.24048 0.04858
0 0.74213 0.59698 0.24949 0.04418
0 0.72495 0.64472 0.2223 0.04645
0 0.6945 0.69247 0.24856 0.04494
0 0.72864 0.74021 0.25444 0.04961
0 0.75691 0.78796 0.25294 0.04521
0 0.6938 0.83571 0.23354 0.04511
0 0.9912 0.13281 0.24183 0.04924
0 0.92003 0.18586 0.22639 0.04648
0 0.86338 0.23891 0.2543 0.04979
0 0.90285 0.29196 0.22641 0.05197
0 0.91526 0.34501 0.24766 0.04908
0 0.94921 0.39806 0.25935 0.04582
0 0.9958 0.45111 0.23619 0.04951
0 0.87359 0.50416 0.24654 0.04494
0 0.85871 0.55721 0.22287 0.04463
0 0.92298 0.61026 0.23866 0.0491
0 0.96947 0.66331 0.22636 0.04585
0 0.89267 0.71636 0.24981 0.05234
0 0.99862 0.76941 0.22399 0.04647
0 0.90428 0.82246 0.22704 0.05253
0 0.85307 0.87551 0.23002 0.04566
0 0.95885 0.92856 0.23893 0.04805