0 0.10501 0.13281 0.42719 0.07521
0 0.10501 0.18586 0.38694 0.07643
0 0.10501 0.23891 0.43563 0.07695
0 0.10501 0.29196 0.39473 0.07586
0 0.10501 0.34501 0.41867 0.07566
0 0.10501 0.39806 0.37521 0.08102
0 0.10501 0.45111 0.44099 0.08201
0 0.10501 0.50416 0.41965 0.08188
0 0.10501 0.55721 0.37646 0.07377
0 0.10501 0.61026 0.43434 0.08529
0 0.10501 0.66331 0.38029 0.07474
0 0.10501 0.71636 0.43967 0.07545
0 0.10501 0.76941 0.42868 0.08077
0 0.10501 0.82246 0.4086 0.07611
0 0.10501 0.87551 0.39006 0.08264
0 0.10501 0.92856 0.38116 0.08063
0 0.3148 0.14609 0.40978 0.08546
0 0.3148 0.20444 0.37787 0.07601
0 0.3148 0.26280 0.41168 0.07882
0 0.3148 0.32115 0.40818 0.0842
0 0.3148 0.37951 0.38684 0.08423
0 0.3148 0.43786 0.41286 0.08622
0 0.3148 0.49622 0.42281 0.07749
0 0.3148 0.55457 0.42348 0.07362
0 0.3148 0.61293 0.44051 0.0806
0 0.3148 0.67129 0.37904 0.07541
0 0.3148 0.72964 0.40332 0.07423
0 0.3148 0.78800 0.42391 0.08402
0 0.3148 0.84635 0.38198 0.07615
0 0.3148 0.90471 0.39316 0.07459
0 0.3148 0.96306 0.39235 0.0761
0 0.52459 0.13281 0.38746 0.07555
0 0.52459 0.18586 0.39179 0.074
0 0.52459 0.23891 0.38204 0.08001
0 0.52459 0.29196 0.43165 0.08202
0 0.52459 0.34501 0.37394 0.0766
0 0.52459 0.39806 0.39841 0.07778
0 0.52459 0.45111 0.36934 0.07345
0 0.52459 0.50416 0.43948 0.08618
0 0.52459 0.55721 0.42409 0.07926
0 0.52459 0.61026 0.40997 0.08458
0 0.52459 0.66331 0.37757 0.0843
0 0.52459 0.71636 0.37524 0.07587
0 0.52459 0.76941 0.40594 0.08567
0 0.52459 0.82246 0.38691 0.08433
0 0.52459 0.87551 0.41984 0.07342
0 0.52459 0.92856 0.43646 0.07342
0 0.73438 0.11953 0.37876 0.08038
0 0.73438 0.16727 0.43768 0.07406
0 0.73438 0.21502 0.38557 0.07707
0 0.73438 0.26276 0.42161 0.0759
0 0.73438 0.31051 0.39762 0.08296
0 0.73438 0.35825 0.43708 0.07681
0 0.73438 0.40600 0.41111 0.08014
0 0.73438 0.45374 0.4008 0.08754
0 0.73438 0.50149 0.37353 0.0778
0 0.73438 0.54923 0.39335 0.07306
0 0.73438 0.59698 0.43916 0.07654
0 0.73438 0.64472 0.39084 0.08577
0 0.73438 0.69247 0.37537 0.07563
0 0.73438 0.74021 0.37757 0.08485
0 0.73438 0.78796 0.39367 0.07573
0 0.73438 0.83571 0.43916 0.0833
0 0.90921 0.13281 0.39019 0.08127
0 0.90921 0.18586 0.37971 0.08163
0 0.90921 0.23891 0.38397 0.08031
0 0.90921 0.29196 0.42103 0.07717
0 0.90921 0.34501 0.37764 0.07618
0 0.90921 0.39806 0.40434 0.08411
0 0.90921 0.45111 0.42758 0.07634
0 0.90921 0.50416 0.41833 0.07875
0 0.90921 0.55721 0.41051 0.08082
0 0.90921 0.61026 0.38563 0.07863
0 0.90921 0.66331 0.39287 0.07475
0 0.90921 0.71636 0.38771 0.08531
0 0.90921 0.76941 0.4003 0.07407
0 0.90921 0.82246 0.43264 0.07382
0 0.90921 0.87551 0.44083 0.0867
0 0.90921 0.92856 0.38642 0.07471