0 0.10878 0.13281 0.22474 0.05194
0 0.09895 0.18586 0.22792 0.04619
0 0.11073 0.23891 0.2563 0.04799
0 0.11504 0.29196 0.25458 0.05155
0 0.10722 0.34501 0.24338 0.04409
0 0.10171 0.39806 0.2613 0.0504
0 0.10606 0.45111 0.26017 0.04656
0 0.09786 0.50416 0.23403 0.04959
0 0.10252 0.55721 0.23211 0.05014
0 0.10789 0.61026 0.22176 0.04578
0 0.09632 0.66331 0.25256 0.04995
0 0.09465 0.71636 0.24662 0.04661
0 0.09471 0.76941 0.25435 0.0451
0 0.11061 0.82246 0.2647 0.0503
0 0.11263 0.87551 0.22859 0.05238
0 0.11109 0.92856 0.26 0.04988
0 0.34088 0.14609 0.25533 0.04827
0 0.28926 0.20444 0.24884 0.05224
0 0.30308 0.26280 0.26519 0.04751
0 0.31732 0.32115 0.25884 0.0441
0 0.33866 0.37951 0.24515 0.04383
0 0.29546 0.43786 0.26425 0.04931
0 0.29949 0.49622 0.22238 0.04845
0 0.31999 0.55457 0.2639 0.04673
0 0.31444 0.61293 0.25998 0.0502
0 0.33234 0.67129 0.25302 0.04647
0 0.33524 0.72964 0.26402 0.05067
0 0.34139 0.78800 0.23529 0.04805
0 0.34006 0.84635 0.25001 0.0461
0 0.28642 0.90471 0.22324 0.04888
0 0.30237 0.96306 0.23583 0.04868
0 0.57294 0.13281 0.24399 0.05145
0 0.49066 0.18586 0.26145 0.04475
0 0.57043 0.23891 0.26513 0.0522
0 0.56777 0.29196 0.23929 0.05122
0 0.48733 0.34501 0.25241 0.0474
0 0.53718 0.39806 0.25554 0.04929
0 0.48853 0.45111 0.25409 0.04961
0 0.57086 0.50416 0.24773 0.05238
0 0.47892 0.55721 0.24546 0.04972
0 0.55979 0.61026 0.25508 0.04593
0 0.52912 0.66331 0.26479 0.05143
0 0.5407 0.71636 0.22979 0.04725
0 0.52241 0.76941 0.22277 0.04386
0 0.48964 0.82246 0.26122 0.04698
0 0.49169 0.87551 0.22322 0.05086
0 0.51081 0.92856 0.23467 0.04837
0 0.77914 0.11953 0.22613 0.04403
0 0.67175 0.16727 0.26327 0.04793
0 0.77012 0.21502 0.25159 0.04707
0 0.70858 0.26276 0.23118 0.04782
0 0.80106 0.31051 0.26289 0.04381
0 0.69879 0.35825 0.24729 0.04547
0 0.68811 0.40600 0.25982 0.05241
0 0.69827 0.45374 0.22951 0.05022
0 0.77502 0.50149 0.24582 0.04952
0 0.80763 0.54923 0.23647 0.04589
0 0.73975 0.59698 0.25994 0.0517
0 0.77108 0.64472 0.25307 0.04703
0 0.76987 0.69247 0.2429 0.04415
0 0.76168 0.74021 0.26366 0.04915
0 0.79552 0.78796 0.22194 0.05176
0 0.67777 0.83571 0.22614 0.04741
0 0.83612 0.13281 0.24356 0.04454
0 0.8673 0.18586 0.26537 0.0509
0 0.8888 0.23891 0.254 0.05053
0 0.98107 0.29196 0.23322 0.04767
0 0.925 0.34501 0.22197 0.04851
0 0.95517 0.39806 0.25064 0.04539
0 0.87059 0.45111 0.24103 0.04775
0 0.85095 0.50416 0.22722 0.04761
0 0.97716 0.55721 0.23613 0.05016
0 0.88585 0.61026 0.25312 0.04585
0 0.9297 0.66331 0.26069 0.04687
0 0.99632 0.71636 0.24867 0.05253
0 0.86371 0.76941 0.22655 0.05204
0 0.95287 0.82246 0.25602 0.04672
0 0.98376 0.87551 0.2506 0.04689
0 0.87563 0.92856 0.25691 0.04786