0 0.10501 0.13281 0.41576 0.07889
0 0.10501 0.18586 0.41052 0.07608
0 0.10501 0.23891 0.38077 0.085
0 0.10501 0.29196 0.39226 0.07864
0 0.10501 0.34501 0.41589 0.07579
0 0.10501 0.39806 0.41876 0.07657
0 0.10501 0.45111 0.37763 0.08725
0 0.10501 0.50416 0.39953 0.08403
0 0.10501 0.55721 0.42434 0.07788
0 0.10501 0.61026 0.42068 0.07758
0 0.10501 0.66331 0.38773 0.07762
0 0.10501 0.71636 0.42519 0.07409
0 0.10501 0.76941 0.42747 0.07624
0 0.10501 0.82246 0.39996 0.07619
0 0.10501 0.87551 0.40861 0.07982
0 0.10501 0.92856 0.41428 0.08754
0 0.3148 0.14609 0.40695 0.08026
0 0.3148 0.20444 0.41566 0.08677
0 0.3148 0.26280 0.38743 0.076
0 0.3148 0.32115 0.43408 0.0778
0 0.3148 0.37951 0.41914 0.07442
0 0.3148 0.43786 0.40266 0.07618
0 0.3148 0.49622 0.43958 0.08141
0 0.3148 0.55457 0.4414 0.07984
0 0.3148 0.61293 0.39229 0.08225
0 0.3148 0.67129 0.40508 0.07668
0 0.3148 0.72964 0.38464 0.07552
0 0.3148 0.78800 0.40036 0.08477
0 0.3148 0.84635 0.37108 0.07445
0 0.3148 0.90471 0.43834 0.0747
0 0.3148 0.96306 0.4323 0.08118
0 0.52459 0.13281 0.3992 0.08394
0 0.52459 0.18586 0.38778 0.07788
0 0.52459 0.23891 0.43297 0.08673
0 0.52459 0.29196 0.39765 0.07744
0 0.52459 0.34501 0.43335 0.07899
0 0.52459 0.39806 0.39737 0.08256
0 0.52459 0.45111 0.44052 0.0804
0 0.52459 0.50416 0.38871 0.07814
0 0.52459 0.55721 0.41625 0.07309
0 0.52459 0.61026 0.3786 0.07592
0 0.52459 0.66331 0.42619 0.08206
0 0.52459 0.71636 0.39184 0.07331
0 0.52459 0.76941 0.43988 0.07464
0 0.52459 0.82246 0.4159 0.07988
0 0.52459 0.87551 0.42212 0.08315
0 0.52459 0.92856 0.37853 0.08728
0 0.73438 0.11953 0.37705 0.07481
0 0.73438 0.16727 0.41388 0.08553
0 0.73438 0.21502 0.42946 0.07994
0 0.73438 0.26276 0.43685 0.07435
0 0.73438 0.31051 0.41698 0.08019
0 0.73438 0.35825 0.39124 0.08145
0 0.73438 0.40600 0.38064 0.07831
0 0.73438 0.45374 0.42049 0.07795
0 0.73438 0.50149 0.40742 0.08541
0 0.73438 0.54923 0.40877 0.07913
0 0.73438 0.59698 0.42346 0.08692
0 0.73438 0.64472 0.39126 0.08045
0 0.73438 0.69247 0.40576 0.08088
0 0.73438 0.74021 0.42652 0.07915
0 0.73438 0.78796 0.38657 0.07905
0 0.73438 0.83571 0.42627 0.07439
0 0.90921 0.13281 0.43988 0.08291
0 0.90921 0.18586 0.42185 0.07503
0 0.90921 0.23891 0.42292 0.08327
0 0.90921 0.29196 0.40057 0.08005
0 0.90921 0.34501 0.37724 0.0806
0 0.90921 0.39806 0.42129 0.08748
0 0.90921 0.45111 0.38287 0.07455
0 0.90921 0.50416 0.43524 0.08276
0 0.90921 0.55721 0.38066 0.07881
0 0.90921 0.61026 0.37376 0.0861
0 0.90921 0.66331 0.37806 0.07908
0 0.90921 0.71636 0.41241 0.07327
0 0.90921 0.76941 0.42105 0.07681
0 0.90921 0.82246 0.39677 0.08513
0 0.90921 0.87551 0.42763 0.08038
0 0.90921 0.92856 0.38185 0.07425