0 0.10501 0.14598 0.19477 0.03766
0 0.10501 0.18689 0.2036 0.03662
0 0.10501 0.21660 0.18048 0.03487
0 0.10501 0.30393 0.1844 0.03512
0 0.10501 0.36831 0.16443 0.03621
0 0.10501 0.37803 0.17344 0.03876
0 0.10501 0.43896 0.16956 0.04139
0 0.10501 0.48688 0.21619 0.03987
0 0.10501 0.59478 0.21927 0.0409
0 0.10501 0.65633 0.18993 0.03373
0 0.10501 0.68801 0.21241 0.04029
0 0.10501 0.75850 0.16365 0.03469
0 0.10501 0.75151 0.16462 0.03283
0 0.10501 0.77755 0.17691 0.03471
0 0.10501 0.83176 0.21955 0.04004
0 0.10501 0.89822 0.18919 0.03887
0 0.3148 0.13742 0.19007 0.03227
0 0.3148 0.19956 0.20818 0.0357
0 0.3148 0.24250 0.18214 0.03672
0 0.3148 0.33928 0.18095 0.04274
0 0.3148 0.36793 0.17078 0.03634
0 0.3148 0.39463 0.17381 0.04186
0 0.3148 0.46030 0.18632 0.04258
0 0.3148 0.54946 0.18285 0.03483
0 0.3148 0.59008 0.1983 0.03888
0 0.3148 0.63449 0.17761 0.03502
0 0.3148 0.71654 0.17596 0.03214
0 0.3148 0.80425 0.21281 0.039
0 0.3148 0.92592 0.18563 0.03516
0 0.3148 0.96934 0.18714 0.03649
0 0.52459 0.12493 0.16675 0.03331
0 0.52459 0.19686 0.19558 0.03229
0 0.52459 0.23279 0.16398 0.04276
0 0.52459 0.26984 0.16807 0.03378
0 0.52459 0.36131 0.18 0.04197
0 0.52459 0.40552 0.21943 0.03645
0 0.52459 0.42935 0.16687 0.04325
0 0.52459 0.54345 0.20696 0.03921
0 0.52459 0.53848 0.21973 0.04018
0 0.52459 0.63401 0.20723 0.03316
0 0.52459 0.72183 0.2103 0.0384
0 0.52459 0.73800 0.21778 0.03337
0 0.52459 0.71105 0.20572 0.04072
0 0.52459 0.75427 0.1888 0.0339
0 0.52459 0.85521 0.21714 0.03336
0 0.52459 0.90751 0.17996 0.03233
0 0.73438 0.11703 0.1965 0.03861
0 0.73438 0.16733 0.1994 0.03758
0 0.73438 0.22556 0.21969 0.03914
0 0.73438 0.23773 0.22056 0.0398
0 0.73438 0.29010 0.16652 0.0322
0 0.73438 0.38963 0.17456 0.0358
0 0.73438 0.44513 0.21456 0.04007
0 0.73438 0.42898 0.16691 0.0421
0 0.73438 0.52483 0.20464 0.03619
0 0.73438 0.49580 0.18144 0.04124
0 0.73438 0.60123 0.17303 0.03364
0 0.73438 0.65744 0.19558 0.03632
0 0.73438 0.63929 0.19049 0.04192
0 0.73438 0.81160 0.16723 0.04297
0 0.73438 0.72264 0.20365 0.03758
0 0.73438 0.86696 0.19255 0.04299
0 0.90921 0.12662 0.16283 0.03744
0 0.90921 0.19404 0.16865 0.03382
0 0.90921 0.23013 0.22086 0.03377
0 0.90921 0.30486 0.16564 0.03735
0 0.90921 0.36503 0.21577 0.0426
0 0.90921 0.38110 0.18883 0.03704
0 0.90921 0.49417 0.19127 0.03325
0 0.90921 0.50024 0.16289 0.03672
0 0.90921 0.61194 0.19418 0.04308
0 0.90921 0.65282 0.20615 0.03703
0 0.90921 0.61005 0.17475 0.03393
0 0.90921 0.70354 0.21488 0.04234
0 0.90921 0.69718 0.20937 0.04112
0 0.90921 0.82870 0.18048 0.03992
0 0.90921 0.79436 0.21542 0.04234
0 0.90921 0.88496 0.20368 0.04078