0 0.11631 0.13281 0.3782 0.0742
0 0.1001 0.18586 0.38137 0.0774
0 0.10467 0.23891 0.39854 0.0861
0 0.11214 0.29196 0.39687 0.08272
0 0.11765 0.34501 0.37324 0.0833
0 0.10945 0.39806 0.39979 0.07484
0 0.09701 0.45111 0.39056 0.08443
0 0.09874 0.50416 0.40502 0.07922
0 0.10376 0.55721 0.41845 0.0758
0 0.11503 0.61026 0.41788 0.07721
0 0.10037 0.66331 0.39788 0.08533
0 0.10468 0.71636 0.39106 0.07754
0 0.09469 0.76941 0.38095 0.08497
0 0.09916 0.82246 0.44116 0.0823
0 0.09424 0.87551 0.40685 0.08703
0 0.11879 0.92856 0.39211 0.08096
0 0.33519 0.14609 0.41224 0.07929
0 0.35826 0.20444 0.40282 0.08583
0 0.35448 0.26280 0.40458 0.08707
0 0.31968 0.32115 0.42095 0.07765
0 0.35938 0.37951 0.39493 0.0847
0 0.35915 0.43786 0.3944 0.08536
0 0.29952 0.49622 0.3847 0.08062
0 0.28562 0.55457 0.4095 0.07355
0 0.32511 0.61293 0.40817 0.07662
0 0.33669 0.67129 0.41024 0.07825
0 0.32399 0.72964 0.4268 0.07807
0 0.32908 0.78800 0.43239 0.0823
0 0.35823 0.84635 0.42093 0.08333
0 0.31948 0.90471 0.42354 0.07857
0 0.28335 0.96306 0.41263 0.07887
0 0.59595 0.13281 0.38807 0.08681
0 0.52883 0.18586 0.37657 0.08695
0 0.50179 0.23891 0.41234 0.08023
0 0.55309 0.29196 0.37109 0.08123
0 0.52756 0.34501 0.40552 0.07557
0 0.6026 0.39806 0.37428 0.07904
0 0.46534 0.45111 0.40887 0.07427
0 0.53215 0.50416 0.40567 0.08273
0 0.58735 0.55721 0.37155 0.07306
0 0.59906 0.61026 0.3698 0.08698
0 0.50037 0.66331 0.42289 0.07736
0 0.5643 0.71636 0.4393 0.07464
0 0.5304 0.76941 0.37756 0.08104
0 0.47913 0.82246 0.42454 0.07524
0 0.55857 0.87551 0.38853 0.075
0 0.47214 0.92856 0.40973 0.08232
0 0.68288 0.11953 0.37556 0.07749
0 0.80804 0.16727 0.37899 0.08214
0 0.77971 0.21502 0.43089 0.08102
0 0.82953 0.26276 0.38361 0.07525
0 0.83451 0.31051 0.42585 0.08501
0 0.75689 0.35825 0.42432 0.07312
0 0.80067 0.40600 0.42749 0.08215
0 0.75495 0.45374 0.43782 0.08527
0 0.84313 0.50149 0.39176 0.07467
0 0.72665 0.54923 0.39203 0.08706
0 0.66362 0.59698 0.40848 0.07462
0 0.69779 0.64472 0.40197 0.08651
0 0.76466 0.69247 0.3918 0.08565
0 0.74227 0.74021 0.3783 0.08351
0 0.67955 0.78796 0.43508 0.08357
0 0.73616 0.83571 0.39348 0.07354
0 0.97422 0.13281 0.44022 0.07549
0 0.97984 0.18586 0.40783 0.0782
0 0.9798 0.23891 0.43943 0.07502
0 0.99893 0.34501 0.38979 0.0835
0 0.89414 0.39806 0.4134 0.08462
0 0.88095 0.45111 0.41938 0.08314
0 0.97042 0.50416 0.41315 0.0866
0 0.95078 0.55721 0.3867 0.07442
0 0.86661 0.66331 0.41439 0.08116
0 0.9881 0.71636 0.38517 0.07993
0 0.9759 0.82246 0.38032 0.08584
0 0.99461 0.87551 0.38089 0.07418
0 0.98362 0.92856 0.42749 0.07787