0 0.10501 0.13281 0.3757 0.07365
0 0.10501 0.18586 0.43246 0.07446
0 0.10501 0.23891 0.40523 0.08594
0 0.10501 0.29196 0.39593 0.08503
0 0.10501 0.34501 0.40985 0.07388
0 0.10501 0.39806 0.3715 0.07706
0 0.10501 0.45111 0.41569 0.07794
0 0.10501 0.50416 0.40294 0.08167
0 0.10501 0.55721 0.37542 0.08691
0 0.10501 0.61026 0.41113 0.07641
0 0.10501 0.66331 0.40553 0.08519
0 0.10501 0.71636 0.37122 0.07786
0 0.10501 0.76941 0.37623 0.08163
0 0.10501 0.82246 0.40576 0.08711
0 0.10501 0.87551 0.40229 0.07401
0 0.10501 0.92856 0.43745 0.08045
0 0.3148 0.14609 0.41148 0.08124
0 0.3148 0.20444 0.40266 0.07628
0 0.3148 0.26280 0.39166 0.07849
0 0.3148 0.32115 0.43052 0.07458
0 0.3148 0.37951 0.37213 0.0783
0 0.3148 0.43786 0.38713 0.07732
0 0.3148 0.49622 0.38417 0.07904
0 0.3148 0.55457 0.42807 0.08301
0 0.3148 0.61293 0.40625 0.07792
0 0.3148 0.67129 0.38902 0.07776
0 0.3148 0.72964 0.39441 0.07834
0 0.3148 0.78800 0.37566 0.08662
0 0.3148 0.84635 0.42568 0.07597
0 0.3148 0.90471 0.42681 0.08738
0 0.3148 0.96306 0.39463 0.07903
0 0.52459 0.13281 0.44209 0.07625
0 0.52459 0.18586 0.43036 0.07904
0 0.52459 0.23891 0.41816 0.07598
0 0.52459 0.29196 0.39302 0.08005
0 0.52459 0.34501 0.42863 0.08667
0 0.52459 0.39806 0.41822 0.08497
0 0.52459 0.45111 0.37899 0.08331
0 0.52459 0.50416 0.37159 0.0767
0 0.52459 0.55721 0.37635 0.08592
0 0.52459 0.61026 0.42086 0.08275
0 0.52459 0.66331 0.38617 0.07694
0 0.52459 0.71636 0.41773 0.0771
0 0.52459 0.76941 0.38629 0.0816
0 0.52459 0.82246 0.3975 0.08523
0 0.52459 0.87551 0.4127 0.0843
0 0.52459 0.92856 0.4148 0.07469
0 0.73438 0.11953 0.39613 0.08307
0 0.73438 0.16727 0.40328 0.07904
0 0.73438 0.21502 0.37104 0.07513
0 0.73438 0.26276 0.40824 0.07611
0 0.73438 0.31051 0.42473 0.08268
0 0.73438 0.35825 0.39741 0.08675
0 0.73438 0.40600 0.39741 0.08643
0 0.73438 0.45374 0.40803 0.08756
0 0.73438 0.50149 0.41659 0.08418
0 0.73438 0.54923 0.40016 0.0763
0 0.73438 0.59698 0.42654 0.08274
0 0.73438 0.64472 0.42888 0.0746
0 0.73438 0.69247 0.37226 0.07914
0 0.73438 0.74021 0.3941 0.08554
0 0.73438 0.78796 0.4192 0.07786
0 0.73438 0.83571 0.40331 0.08054
0 0.90921 0.13281 0.40991 0.08607
0 0.90921 0.18586 0.43835 0.08503
0 0.90921 0.23891 0.39276 0.08228
0 0.90921 0.29196 0.40133 0.08328
0 0.90921 0.34501 0.44155 0.07897
0 0.90921 0.39806 0.42516 0.07613
0 0.90921 0.45111 0.39327 0.07455
0 0.90921 0.50416 0.398 0.07829
0 0.90921 0.55721 0.43326 0.08416
0 0.90921 0.61026 0.4162 0.08552
0 0.90921 0.66331 0.39929 0.07765
0 0.90921 0.71636 0.38644 0.08542
0 0.90921 0.76941 0.38941 0.07971
0 0.90921 0.82246 0.41116 0.08244
0 0.90921 0.87551 0.42938 0.08317
0 0.90921 0.92856 0.41847 0.08524