0 0.10184 0.13281 0.24796 0.0489
0 0.10962 0.18586 0.23432 0.04795
0 0.10611 0.23891 0.24071 0.04746
0 0.09607 0.29196 0.22777 0.05239
0 0.10234 0.34501 0.24184 0.04775
0 0.11483 0.39806 0.23875 0.04498
0 0.09703 0.45111 0.25662 0.04746
0 0.09613 0.50416 0.26028 0.05033
0 0.10035 0.55721 0.25794 0.05038
0 0.10643 0.61026 0.24718 0.04472
0 0.10213 0.66331 0.25314 0.05129
0 0.11331 0.71636 0.24914 0.04835
0 0.10627 0.76941 0.26125 0.0495
0 0.10069 0.82246 0.25577 0.04606
0 0.10418 0.87551 0.23896 0.04855
0 0.11526 0.92856 0.24912 0.04784
0 0.33873 0.14609 0.23647 0.04916
0 0.28789 0.20444 0.22962 0.05027
0 0.28771 0.26280 0.25688 0.05127
0 0.31193 0.32115 0.23245 0.04631
0 0.31842 0.37951 0.2287 0.04459
0 0.32522 0.43786 0.23995 0.04888
0 0.29777 0.49622 0.24472 0.04415
0 0.32172 0.55457 0.24876 0.04823
0 0.29992 0.61293 0.26409 0.04896
0 0.28449 0.67129 0.22459 0.04623
0 0.29776 0.72964 0.24326 0.04886
0 0.3297 0.78800 0.23672 0.04445
0 0.28569 0.84635 0.25542 0.04662
0 0.33688 0.90471 0.25327 0.04536
0 0.32773 0.96306 0.22593 0.0455
0 0.52434 0.13281 0.26292 0.0447
0 0.53621 0.18586 0.22389 0.052
0 0.53528 0.23891 0.25311 0.04951
0 0.56829 0.29196 0.23446 0.05165
0 0.5045 0.34501 0.23237 0.04993
0 0.52313 0.39806 0.25779 0.0502
0 0.49267 0.45111 0.22276 0.04839
0 0.57315 0.50416 0.26383 0.04544
0 0.57126 0.55721 0.23788 0.04999
0 0.51375 0.61026 0.25627 0.05
0 0.52093 0.66331 0.23853 0.0458
0 0.53938 0.71636 0.25971 0.0462
0 0.54086 0.76941 0.25576 0.04442
0 0.49525 0.82246 0.23895 0.04594
0 0.53171 0.87551 0.25437 0.04417
0 0.56234 0.92856 0.24349 0.05134
0 0.70755 0.11953 0.22627 0.04632
0 0.66713 0.16727 0.23694 0.04964
0 0.69281 0.21502 0.24667 0.04548
0 0.74406 0.26276 0.23426 0.044
0 0.77856 0.31051 0.22722 0.04893
0 0.72177 0.35825 0.23002 0.05225
0 0.75385 0.40600 0.26062 0.04788
0 0.71965 0.45374 0.2469 0.04819
0 0.67343 0.50149 0.2484 0.0446
0 0.73707 0.54923 0.22541 0.04416
0 0.75382 0.59698 0.24888 0.04609
0 0.77837 0.64472 0.24082 0.05025
0 0.74585 0.69247 0.25088 0.04671
0 0.73139 0.74021 0.25951 0.04403
0 0.79697 0.78796 0.26286 0.0512
0 0.66777 0.83571 0.25505 0.05122
0 0.96626 0.13281 0.24392 0.04413
0 0.82094 0.18586 0.25098 0.04779
0 0.85708 0.23891 0.24358 0.04457
0 0.93557 0.29196 0.23534 0.04864
0 0.89677 0.34501 0.25769 0.04892
0 0.83001 0.39806 0.23119 0.0525
0 0.97045 0.45111 0.22603 0.04758
0 0.85994 0.50416 0.26393 0.05183
0 0.99315 0.55721 0.25547 0.04631
0 0.85967 0.61026 0.2508 0.04554
0 0.91479 0.66331 0.26081 0.05082
0 0.88495 0.71636 0.22766 0.04528
0 0.94395 0.76941 0.24997 0.04704
0 0.95646 0.82246 0.2391 0.04609
0 0.91891 0.87551 0.26187 0.05085
0 0.94884 0.92856 0.25142 0.05219