0 0.1195 0.13281 0.44185 0.0833
0 0.11217 0.18586 0.43619 0.08175
0 0.09752 0.23891 0.39193 0.07612
0 0.11584 0.29196 0.39875 0.07502
0 0.09991 0.34501 0.41461 0.07934
0 0.11348 0.39806 0.42697 0.07795
0 0.10351 0.45111 0.39519 0.08528
0 0.09793 0.50416 0.38956 0.0786
0 0.11517 0.55721 0.42994 0.08313
0 0.09479 0.61026 0.43665 0.07992
0 0.10018 0.66331 0.40007 0.08417
0 0.0962 0.71636 0.42787 0.08406
0 0.09698 0.76941 0.39252 0.07857
0 0.11631 0.82246 0.39512 0.0806
0 0.09737 0.87551 0.39741 0.07927
0 0.11886 0.92856 0.42148 0.08446
0 0.3373 0.14609 0.38727 0.07398
0 0.34261 0.20444 0.40099 0.08397
0 0.33991 0.26280 0.37622 0.07997
0 0.2897 0.32115 0.37846 0.07432
0 0.32016 0.37951 0.41515 0.07518
0 0.27906 0.43786 0.43459 0.07322
0 0.33791 0.49622 0.41985 0.0732
0 0.29162 0.55457 0.40019 0.07571
0 0.3215 0.61293 0.42386 0.07481
0 0.30874 0.67129 0.3967 0.0858
0 0.3161 0.72964 0.41228 0.07796
0 0.35068 0.78800 0.39948 0.08546
0 0.329 0.84635 0.417 0.08534
0 0.30736 0.90471 0.41858 0.0807
0 0.28268 0.96306 0.40618 0.07552
0 0.53977 0.13281 0.37295 0.07704
0 0.60078 0.18586 0.42901 0.07377
0 0.5718 0.23891 0.43588 0.07351
0 0.57579 0.29196 0.42956 0.07357
0 0.52917 0.34501 0.42664 0.07356
0 0.59827 0.39806 0.39386 0.0807
0 0.55545 0.45111 0.4378 0.07954
0 0.51065 0.50416 0.42797 0.08728
0 0.5354 0.55721 0.41131 0.08175
0 0.49226 0.61026 0.43324 0.08039
0 0.48718 0.66331 0.39828 0.07607
0 0.49256 0.71636 0.38149 0.07408
0 0.49543 0.76941 0.38356 0.07699
0 0.49875 0.82246 0.40311 0.07835
0 0.58438 0.87551 0.38046 0.07991
0 0.56165 0.92856 0.42558 0.07976
0 0.64854 0.11953 0.42495 0.08004
0 0.79761 0.16727 0.43231 0.08455
0 0.65435 0.21502 0.40415 0.08055
0 0.71632 0.26276 0.39794 0.07689
0 0.75584 0.31051 0.40129 0.0822
0 0.8131 0.35825 0.37661 0.07426
0 0.74375 0.40600 0.41028 0.08582
0 0.71655 0.45374 0.39171 0.08004
0 0.75553 0.50149 0.40368 0.0779
0 0.71818 0.54923 0.40541 0.07982
0 0.78258 0.59698 0.39165 0.08176
0 0.80201 0.64472 0.42945 0.0852
0 0.68038 0.69247 0.38371 0.0816
0 0.81238 0.74021 0.42091 0.08405
0 0.75895 0.78796 0.42212 0.08286
0 0.67356 0.83571 0.41618 0.08446
0 0.99904 0.13281 0.41085 0.07881
0 0.96215 0.18586 0.42424 0.07846
0 0.98731 0.23891 0.42094 0.08483
0 0.91204 0.29196 0.40607 0.07339
0 0.92895 0.34501 0.42339 0.07552
0 0.90724 0.39806 0.38715 0.08034
0 0.96096 0.45111 0.43293 0.08637
0 0.93288 0.50416 0.38328 0.08631
0 0.86637 0.55721 0.37696 0.08419
0 0.93385 0.61026 0.41446 0.0807
0 0.92165 0.66331 0.43271 0.08674
0 0.93513 0.71636 0.43922 0.08508
0 0.90871 0.76941 0.39652 0.07547
0 0.83334 0.82246 0.3732 0.07615
0 0.84845 0.87551 0.38465 0.075