0 0.09571 0.13281 0.38731 0.08488
0 0.10064 0.18586 0.37375 0.07625
0 0.09936 0.23891 0.41879 0.07343
0 0.09687 0.29196 0.37289 0.07557
0 0.0957 0.34501 0.37595 0.07794
0 0.1056 0.39806 0.43935 0.08703
0 0.10995 0.45111 0.3726 0.08449
0 0.10685 0.50416 0.40518 0.0757
0 0.09631 0.55721 0.37167 0.08703
0 0.10264 0.61026 0.3727 0.08552
0 0.11184 0.66331 0.42688 0.07311
0 0.10847 0.71636 0.3958 0.08096
0 0.09684 0.76941 0.42269 0.07862
0 0.11774 0.82246 0.40672 0.07614
0 0.11011 0.87551 0.37066 0.08404
0 0.10353 0.92856 0.40531 0.08581
0 0.34478 0.14609 0.38196 0.07372
0 0.30702 0.20444 0.4073 0.08333
0 0.28858 0.26280 0.38163 0.07443
0 0.27926 0.32115 0.40235 0.07646
0 0.32421 0.37951 0.37291 0.07908
0 0.3427 0.43786 0.38181 0.07855
0 0.34255 0.49622 0.43433 0.08201
0 0.30561 0.55457 0.39874 0.07601
0 0.29873 0.61293 0.43397 0.08467
0 0.33852 0.67129 0.37692 0.08446
0 0.36105 0.72964 0.42889 0.08667
0 0.3327 0.78800 0.38039 0.07871
0 0.31542 0.84635 0.42445 0.0864
0 0.33709 0.90471 0.43122 0.0856
0 0.35848 0.96306 0.38036 0.07461
0 0.46652 0.13281 0.42316 0.08697
0 0.50432 0.18586 0.4378 0.08057
0 0.56164 0.23891 0.3802 0.07461
0 0.55376 0.29196 0.38344 0.08188
0 0.5495 0.34501 0.41423 0.07405
0 0.50762 0.39806 0.43561 0.0825
0 0.60213 0.45111 0.40046 0.08418
0 0.46268 0.50416 0.42855 0.08201
0 0.47065 0.55721 0.43949 0.0804
0 0.56109 0.61026 0.39604 0.07858
0 0.50065 0.66331 0.42967 0.07328
0 0.46894 0.71636 0.39814 0.0786
0 0.47763 0.76941 0.43936 0.07925
0 0.58117 0.82246 0.43089 0.07833
0 0.58306 0.87551 0.43079 0.07311
0 0.49761 0.92856 0.42951 0.084
0 0.66036 0.11953 0.41157 0.07508
0 0.78856 0.16727 0.40962 0.07391
0 0.67667 0.21502 0.38341 0.08733
0 0.77202 0.26276 0.43278 0.07663
0 0.79027 0.31051 0.41085 0.07472
0 0.7087 0.35825 0.39384 0.07855
0 0.70945 0.40600 0.38161 0.08592
0 0.71796 0.45374 0.40855 0.08485
0 0.80147 0.50149 0.40937 0.07866
0 0.81492 0.54923 0.42877 0.08488
0 0.67971 0.59698 0.40344 0.07564
0 0.81527 0.64472 0.40686 0.07903
0 0.69721 0.69247 0.37157 0.0792
0 0.82258 0.74021 0.37176 0.08282
0 0.84297 0.78796 0.37082 0.0782
0 0.71833 0.83571 0.42108 0.07387
0 0.95175 0.13281 0.38815 0.08069
0 0.9811 0.29196 0.36996 0.0851
0 0.8344 0.34501 0.42365 0.07632
0 0.96698 0.45111 0.38658 0.07923
0 0.89029 0.50416 0.44073 0.08677
0 0.8503 0.55721 0.40196 0.08074
0 0.84621 0.61026 0.39149 0.07704
0 0.94114 0.66331 0.38127 0.08281
0 0.97843 0.71636 0.42502 0.08337
0 0.91416 0.82246 0.38708 0.08565
0 0.98146 0.87551 0.4153 0.08374
0 0.85579 0.92856 0.37218 0.07495