0 0.11276 0.13281 0.42692 0.08535
0 0.1141 0.18586 0.38383 0.08752
0 0.09473 0.23891 0.41888 0.0829
0 0.10462 0.29196 0.38197 0.08597
0 0.10369 0.34501 0.40704 0.07722
0 0.10624 0.39806 0.39235 0.07874
0 0.0967 0.45111 0.41304 0.07536
0 0.11397 0.50416 0.3737 0.08382
0 0.09924 0.55721 0.36973 0.07412
0 0.09663 0.61026 0.40512 0.08176
0 0.09841 0.66331 0.39961 0.08346
0 0.09798 0.71636 0.43887 0.07332
0 0.11286 0.76941 0.39295 0.07737
0 0.09723 0.82246 0.38246 0.07979
0 0.1025 0.87551 0.39234 0.08455
0 0.11129 0.92856 0.38411 0.08153
0 0.33373 0.14609 0.40871 0.07956
0 0.34925 0.20444 0.42248 0.08235
0 0.28742 0.26280 0.43839 0.07611
0 0.35245 0.32115 0.39971 0.08348
0 0.34177 0.37951 0.37736 0.08547
0 0.27705 0.43786 0.40088 0.08603
0 0.29942 0.49622 0.38525 0.07855
0 0.35433 0.55457 0.43877 0.07933
0 0.29356 0.61293 0.43545 0.08046
0 0.29372 0.67129 0.40694 0.08467
0 0.31057 0.72964 0.37087 0.08045
0 0.34527 0.78800 0.37545 0.07562
0 0.31487 0.84635 0.39046 0.07865
0 0.28398 0.90471 0.37161 0.08056
0 0.28813 0.96306 0.38385 0.08225
0 0.46351 0.13281 0.39367 0.08647
0 0.59268 0.18586 0.41599 0.08158
0 0.58577 0.23891 0.37916 0.08261
0 0.49667 0.29196 0.42363 0.07719
0 0.47143 0.34501 0.37181 0.0753
0 0.54295 0.39806 0.37887 0.08524
0 0.58674 0.45111 0.37686 0.08654
0 0.56053 0.50416 0.42694 0.08574
0 0.52391 0.55721 0.37479 0.07597
0 0.47737 0.61026 0.42296 0.07613
0 0.46292 0.66331 0.39329 0.0835
0 0.56856 0.71636 0.39384 0.07526
0 0.53628 0.76941 0.40649 0.07676
0 0.55712 0.82246 0.38486 0.07411
0 0.55662 0.87551 0.40175 0.08276
0 0.46488 0.92856 0.40634 0.07557
0 0.77675 0.11953 0.38451 0.08689
0 0.68001 0.16727 0.43308 0.08329
0 0.73954 0.21502 0.40914 0.08521
0 0.7134 0.26276 0.37041 0.07918
0 0.83258 0.31051 0.3766 0.08473
0 0.67741 0.35825 0.40203 0.07378
0 0.8254 0.40600 0.37481 0.08228
0 0.77821 0.45374 0.38742 0.07412
0 0.82265 0.50149 0.41143 0.07581
0 0.74482 0.54923 0.43399 0.08472
0 0.82977 0.59698 0.39576 0.08419
0 0.73247 0.64472 0.42386 0.07639
0 0.74448 0.69247 0.42711 0.07368
0 0.67889 0.74021 0.37009 0.07919
0 0.68364 0.78796 0.39956 0.07302
0 0.80914 0.83571 0.37374 0.08205
0 0.93356 0.13281 0.40296 0.08089
0 0.88576 0.18586 0.37837 0.0774
0 0.86867 0.29196 0.41493 0.07422
0 0.98564 0.34501 0.37655 0.07651
0 0.95851 0.39806 0.40082 0.08014
0 0.81213 0.50416 0.40649 0.07671
0 0.83987 0.55721 0.43765 0.0802
0 0.9598 0.61026 0.40495 0.07775
0 0.80717 0.66331 0.41585 0.08586
0 0.86145 0.71636 0.40351 0.08668
0 0.80148 0.76941 0.41511 0.07978
0 0.84083 0.92856 0.42404 0.08131