0 0.11072 0.13281 0.25647 0.0467
0 0.11245 0.18586 0.2502 0.0503
0 0.0955 0.23891 0.2636 0.04719
0 0.1085 0.29196 0.24437 0.05114
0 0.10809 0.34501 0.24694 0.05203
0 0.10619 0.39806 0.23444 0.04459
0 0.10197 0.45111 0.24176 0.05131
0 0.11262 0.50416 0.25243 0.04615
0 0.10901 0.55721 0.22671 0.04874
0 0.09491 0.61026 0.24369 0.05125
0 0.11007 0.66331 0.25241 0.05082
0 0.10694 0.71636 0.2624 0.04637
0 0.10023 0.76941 0.25511 0.05161
0 0.10077 0.82246 0.24197 0.04924
0 0.10531 0.87551 0.24637 0.04932
0 0.09753 0.92856 0.22134 0.05248
0 0.31185 0.14609 0.26002 0.05182
0 0.34572 0.20444 0.25442 0.04808
0 0.31684 0.26280 0.26456 0.04829
0 0.29069 0.32115 0.25336 0.0448
0 0.30305 0.37951 0.24164 0.04412
0 0.30536 0.43786 0.26155 0.04631
0 0.30495 0.49622 0.23905 0.05111
0 0.29196 0.55457 0.229 0.04446
0 0.33914 0.61293 0.24352 0.05099
0 0.30128 0.67129 0.24281 0.05104
0 0.31313 0.72964 0.24747 0.04515
0 0.34571 0.78800 0.23451 0.04657
0 0.2956 0.84635 0.25926 0.05185
0 0.28791 0.90471 0.22748 0.04805
0 0.31742 0.96306 0.26079 0.04865
0 0.55867 0.13281 0.2223 0.04507
0 0.48561 0.18586 0.26337 0.04521
0 0.48848 0.23891 0.25393 0.04516
0 0.47241 0.29196 0.25626 0.04809
0 0.49958 0.34501 0.2585 0.04695
0 0.51072 0.39806 0.23392 0.04503
0 0.48862 0.45111 0.23604 0.0485
0 0.50026 0.50416 0.25628 0.04662
0 0.53244 0.55721 0.22301 0.0494
0 0.51471 0.61026 0.22251 0.04984
0 0.53881 0.66331 0.24101 0.04455
0 0.51777 0.71636 0.25758 0.0504
0 0.51229 0.76941 0.23502 0.04956
0 0.56581 0.82246 0.23001 0.04458
0 0.57305 0.87551 0.25659 0.04645
0 0.49222 0.92856 0.24443 0.04567
0 0.69995 0.11953 0.23646 0.05199
0 0.69667 0.16727 0.24547 0.04624
0 0.6737 0.21502 0.24873 0.04617
0 0.67299 0.26276 0.24009 0.044
0 0.79272 0.31051 0.25316 0.04908
0 0.68856 0.35825 0.25481 0.04529
0 0.74613 0.40600 0.24992 0.04895
0 0.79156 0.45374 0.25462 0.04751
0 0.77526 0.50149 0.22351 0.0492
0 0.71479 0.54923 0.25715 0.04612
0 0.76805 0.59698 0.25873 0.04971
0 0.67998 0.64472 0.26499 0.04454
0 0.74963 0.69247 0.23928 0.05126
0 0.66293 0.74021 0.2399 0.04822
0 0.7748 0.78796 0.24344 0.04741
0 0.66406 0.83571 0.22366 0.04717
0 0.83667 0.13281 0.23827 0.05134
0 0.98227 0.18586 0.2569 0.05051
0 0.95671 0.23891 0.23178 0.04978
0 0.86941 0.29196 0.25332 0.04964
0 0.84379 0.34501 0.24908 0.05237
0 0.82974 0.39806 0.25862 0.04751
0 0.81873 0.45111 0.22829 0.05063
0 0.92923 0.50416 0.22658 0.04638
0 0.90023 0.55721 0.25563 0.04663
0 0.97105 0.61026 0.22745 0.05059
0 0.97434 0.66331 0.23782 0.04723
0 0.99927 0.71636 0.24082 0.04907
0 0.94016 0.76941 0.22162 0.05148
0 0.84776 0.82246 0.22958 0.04753
0 0.9125 0.87551 0.22382 0.04628
0 0.82635 0.92856 0.26543 0.04534