0 0.10148 0.13281 0.24087 0.04911
0 0.10429 0.18586 0.25764 0.04876
0 0.10523 0.23891 0.25993 0.05048
0 0.10265 0.29196 0.22435 0.04956
0 0.10593 0.34501 0.26255 0.04908
0 0.09511 0.39806 0.25355 0.04441
0 0.10428 0.45111 0.22375 0.05232
0 0.10952 0.50416 0.24099 0.04505
0 0.1102 0.55721 0.22629 0.04744
0 0.11441 0.61026 0.24897 0.04983
0 0.1152 0.66331 0.22829 0.04919
0 0.11377 0.71636 0.26005 0.04672
0 0.09583 0.76941 0.25367 0.05245
0 0.1127 0.82246 0.23944 0.04771
0 0.11205 0.87551 0.24132 0.04442
0 0.11294 0.92856 0.24959 0.0488
0 0.29211 0.14609 0.24807 0.0447
0 0.29651 0.20444 0.24155 0.05167
0 0.32942 0.26280 0.24718 0.0449
0 0.32049 0.32115 0.23962 0.04849
0 0.29862 0.37951 0.23262 0.04746
0 0.33576 0.43786 0.24709 0.04917
0 0.32011 0.49622 0.24809 0.04561
0 0.33627 0.55457 0.2276 0.04959
0 0.32315 0.61293 0.22937 0.04907
0 0.29417 0.67129 0.23066 0.05006
0 0.30578 0.72964 0.24217 0.04382
0 0.29705 0.78800 0.26204 0.04417
0 0.34178 0.84635 0.25411 0.05038
0 0.31844 0.90471 0.25627 0.04524
0 0.34211 0.96306 0.25507 0.05087
0 0.56567 0.13281 0.25444 0.04515
0 0.57349 0.18586 0.22689 0.0455
0 0.48774 0.23891 0.22562 0.05191
0 0.57074 0.29196 0.25693 0.04938
0 0.51835 0.34501 0.24189 0.05032
0 0.49883 0.39806 0.25675 0.05112
0 0.50395 0.45111 0.22823 0.04876
0 0.54606 0.50416 0.24808 0.04524
0 0.52551 0.55721 0.23854 0.0525
0 0.57533 0.61026 0.23316 0.04451
0 0.54321 0.66331 0.24061 0.05158
0 0.51799 0.71636 0.26294 0.04955
0 0.51157 0.76941 0.22803 0.04609
0 0.55698 0.82246 0.23405 0.05203
0 0.50235 0.87551 0.22817 0.05216
0 0.54604 0.92856 0.26076 0.05086
0 0.69019 0.11953 0.25344 0.0465
0 0.73549 0.16727 0.26411 0.05213
0 0.67057 0.21502 0.2366 0.05009
0 0.71914 0.26276 0.2602 0.04758
0 0.75419 0.31051 0.23382 0.04615
0 0.71619 0.35825 0.24917 0.0452
0 0.6873 0.40600 0.26011 0.052
0 0.73017 0.45374 0.23545 0.04496
0 0.76193 0.50149 0.23359 0.04817
0 0.73538 0.54923 0.22719 0.04976
0 0.70999 0.59698 0.236 0.0504
0 0.7698 0.64472 0.22875 0.0499
0 0.78725 0.69247 0.23764 0.04889
0 0.74463 0.74021 0.24573 0.04713
0 0.74033 0.78796 0.24695 0.05073
0 0.7157 0.83571 0.22785 0.04447
0 0.93101 0.13281 0.25444 0.04722
0 0.94513 0.18586 0.25692 0.05238
0 0.85891 0.23891 0.25033 0.0459
0 0.91471 0.29196 0.22403 0.04559
0 0.92699 0.34501 0.23718 0.04406
0 0.95299 0.39806 0.24398 0.0455
0 0.83726 0.45111 0.22373 0.04469
0 0.95963 0.50416 0.25216 0.04384
0 0.87322 0.55721 0.25895 0.04777
0 0.90191 0.61026 0.23988 0.04571
0 0.96148 0.66331 0.23186 0.04502
0 0.97694 0.71636 0.24493 0.044
0 0.83821 0.76941 0.2542 0.04827
0 0.87443 0.82246 0.24883 0.04709
0 0.95996 0.87551 0.22311 0.04538
0 0.94303 0.92856 0.25717 0.04498