0 0.09958 0.13281 0.25517 0.05005
0 0.11033 0.18586 0.24019 0.04603
0 0.09813 0.23891 0.26199 0.04797
0 0.10301 0.29196 0.26437 0.04488
0 0.10328 0.34501 0.23729 0.04943
0 0.11066 0.39806 0.24977 0.05206
0 0.0947 0.45111 0.23016 0.05088
0 0.10246 0.50416 0.2651 0.04712
0 0.11251 0.55721 0.24985 0.04421
0 0.10266 0.61026 0.24302 0.0519
0 0.11289 0.66331 0.26278 0.04695
0 0.09606 0.71636 0.24073 0.04512
0 0.10868 0.76941 0.23859 0.04629
0 0.10587 0.82246 0.26099 0.04666
0 0.10434 0.87551 0.26543 0.04982
0 0.11544 0.92856 0.22944 0.0469
0 0.34163 0.14609 0.25484 0.05129
0 0.3421 0.20444 0.23098 0.05133
0 0.34329 0.26280 0.23264 0.0457
0 0.33984 0.32115 0.23402 0.04904
0 0.28793 0.37951 0.24175 0.05156
0 0.30725 0.43786 0.22741 0.0483
0 0.33904 0.49622 0.23493 0.04881
0 0.34436 0.55457 0.24673 0.04846
0 0.28482 0.61293 0.23075 0.04399
0 0.32298 0.67129 0.24438 0.04439
0 0.29372 0.72964 0.23161 0.04604
0 0.33413 0.78800 0.22413 0.04531
0 0.32149 0.84635 0.25542 0.04586
0 0.3383 0.90471 0.23928 0.04538
0 0.34239 0.96306 0.25537 0.04964
0 0.48074 0.13281 0.25724 0.05208
0 0.49381 0.18586 0.24046 0.04658
0 0.50969 0.23891 0.25815 0.04625
0 0.52689 0.29196 0.24196 0.04662
0 0.48402 0.34501 0.22692 0.04453
0 0.49489 0.39806 0.22824 0.05235
0 0.49296 0.45111 0.22949 0.05013
0 0.50973 0.50416 0.26076 0.04551
0 0.48047 0.55721 0.24791 0.05215
0 0.56799 0.61026 0.22448 0.04754
0 0.5004 0.66331 0.23703 0.04495
0 0.49888 0.71636 0.2529 0.05116
0 0.47703 0.76941 0.23922 0.04924
0 0.5231 0.82246 0.22419 0.05149
0 0.57174 0.87551 0.25844 0.04422
0 0.54713 0.92856 0.25996 0.04966
0 0.6714 0.11953 0.23553 0.04434
0 0.69581 0.16727 0.24739 0.04707
0 0.71374 0.21502 0.24684 0.05137
0 0.79066 0.26276 0.26013 0.05127
0 0.66207 0.31051 0.25733 0.04744
0 0.70319 0.35825 0.24116 0.05087
0 0.73317 0.40600 0.22446 0.04936
0 0.67753 0.45374 0.25626 0.04535
0 0.72329 0.50149 0.24161 0.04904
0 0.72075 0.54923 0.22177 0.0517
0 0.74874 0.59698 0.24552 0.048
0 0.76962 0.64472 0.25639 0.05221
0 0.71806 0.69247 0.24157 0.05207
0 0.79468 0.74021 0.22681 0.05019
0 0.73322 0.78796 0.23486 0.05231
0 0.67666 0.83571 0.22463 0.04609
0 0.90571 0.13281 0.26241 0.04726
0 0.97769 0.18586 0.25338 0.05007
0 0.86842 0.23891 0.2384 0.04861
0 0.9535 0.29196 0.22802 0.04692
0 0.86741 0.34501 0.25123 0.05178
0 0.99123 0.39806 0.2274 0.04863
0 0.87907 0.45111 0.26441 0.05114
0 0.85238 0.50416 0.23285 0.04653
0 0.88117 0.55721 0.2232 0.04562
0 0.84491 0.61026 0.25681 0.04462
0 0.90671 0.66331 0.22285 0.04467
0 0.92857 0.71636 0.2399 0.05158
0 0.85663 0.76941 0.22194 0.045
0 0.86919 0.82246 0.26451 0.04439
0 0.87905 0.87551 0.22172 0.04634
0 0.83494 0.92856 0.22945 0.04505