0 0.10294 0.13281 0.41401 0.0801
0 0.09682 0.18586 0.39752 0.08006
0 0.11123 0.23891 0.4244 0.07348
0 0.10718 0.29196 0.37852 0.0823
0 0.11128 0.34501 0.40093 0.08437
0 0.11137 0.39806 0.37003 0.08036
0 0.11467 0.45111 0.41422 0.08362
0 0.10622 0.50416 0.42801 0.08717
0 0.09327 0.55721 0.39033 0.0803
0 0.11772 0.61026 0.41215 0.08344
0 0.09417 0.66331 0.41725 0.0843
0 0.10775 0.71636 0.37835 0.08355
0 0.11003 0.76941 0.4225 0.07836
0 0.11451 0.82246 0.38735 0.07373
0 0.1126 0.87551 0.40384 0.07548
0 0.11184 0.92856 0.38598 0.08403
0 0.32321 0.14609 0.37423 0.07577
0 0.35998 0.20444 0.38167 0.07965
0 0.34036 0.26280 0.42641 0.07815
0 0.31744 0.32115 0.42092 0.08667
0 0.35099 0.37951 0.38248 0.07489
0 0.32877 0.43786 0.40311 0.07465
0 0.32372 0.49622 0.39711 0.07681
0 0.27705 0.55457 0.42474 0.08613
0 0.32635 0.61293 0.38256 0.08099
0 0.27802 0.67129 0.37459 0.0873
0 0.3318 0.72964 0.39857 0.07801
0 0.2995 0.78800 0.44238 0.08599
0 0.30984 0.84635 0.38713 0.07491
0 0.33658 0.90471 0.37299 0.08344
0 0.29597 0.96306 0.38162 0.08604
0 0.60285 0.13281 0.40286 0.08235
0 0.57838 0.18586 0.42423 0.07795
0 0.47154 0.23891 0.43167 0.07724
0 0.56088 0.29196 0.38119 0.08358
0 0.60153 0.34501 0.43364 0.08034
0 0.52504 0.39806 0.37836 0.07918
0 0.59618 0.45111 0.38912 0.07456
0 0.51505 0.50416 0.3963 0.07458
0 0.57148 0.55721 0.37867 0.08047
0 0.46448 0.61026 0.3949 0.07834
0 0.52536 0.66331 0.41548 0.07446
0 0.56991 0.71636 0.40699 0.07826
0 0.56101 0.76941 0.40923 0.0823
0 0.53633 0.82246 0.39402 0.0753
0 0.59093 0.87551 0.41779 0.08441
0 0.58236 0.92856 0.41657 0.07298
0 0.75379 0.11953 0.41484 0.08648
0 0.66195 0.16727 0.4036 0.08033
0 0.68596 0.21502 0.38082 0.07411
0 0.6723 0.26276 0.43871 0.08701
0 0.70541 0.31051 0.40526 0.08728
0 0.75057 0.35825 0.38095 0.07486
0 0.73085 0.40600 0.43882 0.08458
0 0.746 0.45374 0.43595 0.07909
0 0.842 0.50149 0.40337 0.0799
0 0.80114 0.54923 0.42358 0.07721
0 0.64725 0.59698 0.37048 0.08711
0 0.65418 0.64472 0.43434 0.08601
0 0.71784 0.69247 0.38776 0.07929
0 0.64826 0.74021 0.40878 0.08523
0 0.68069 0.78796 0.39933 0.08036
0 0.81389 0.83571 0.37374 0.07616
0 0.86377 0.13281 0.38541 0.08412
0 0.82068 0.18586 0.44116 0.08042
0 0.9837 0.23891 0.43109 0.08012
0 0.84408 0.34501 0.40715 0.07423
0 0.82369 0.45111 0.41493 0.08271
0 0.93137 0.61026 0.3882 0.07515
0 0.89641 0.66331 0.40104 0.07998
0 0.86198 0.76941 0.42396 0.07952
0 0.8205 0.82246 0.41496 0.07497
0 0.99334 0.87551 0.43264 0.08389
0 0.82125 0.92856 0.40839 0.07741