0 0.10501 0.14418 0.16336 0.03624
0 0.10501 0.19306 0.21533 0.0392
0 0.10501 0.21985 0.19933 0.03217
0 0.10501 0.31977 0.21242 0.0355
0 0.10501 0.32985 0.20221 0.03359
0 0.10501 0.43302 0.21162 0.0323
0 0.10501 0.44579 0.20059 0.04188
0 0.10501 0.54626 0.21085 0.03604
0 0.10501 0.56686 0.17361 0.03619
0 0.10501 0.55298 0.18124 0.03335
0 0.10501 0.62242 0.17189 0.04114
0 0.10501 0.74101 0.20967 0.03802
0 0.10501 0.72716 0.19219 0.03983
0 0.10501 0.81360 0.20715 0.04224
0 0.10501 0.92608 0.20271 0.03393
0 0.10501 0.88905 0.17977 0.04356
0 0.3148 0.14821 0.2052 0.03909
0 0.3148 0.22235 0.19225 0.03563
0 0.3148 0.28533 0.1645 0.04027
0 0.3148 0.30992 0.17614 0.03213
0 0.3148 0.37373 0.16931 0.03307
0 0.3148 0.45128 0.17862 0.03863
0 0.3148 0.50117 0.19274 0.03682
0 0.3148 0.54063 0.19738 0.04088
0 0.3148 0.62234 0.20138 0.0433
0 0.3148 0.64858 0.2116 0.03477
0 0.3148 0.77038 0.16484 0.04274
0 0.3148 0.75791 0.18827 0.04057
0 0.3148 0.82381 0.1808 0.04369
0 0.3148 0.84893 0.21702 0.03686
0 0.3148 0.96436 0.21966 0.03483
0 0.52459 0.12390 0.21339 0.03436
0 0.52459 0.17041 0.21529 0.03881
0 0.52459 0.26244 0.19843 0.03665
0 0.52459 0.30543 0.18834 0.03281
0 0.52459 0.37204 0.19246 0.03237
0 0.52459 0.42774 0.17162 0.03245
0 0.52459 0.41095 0.18437 0.04254
0 0.52459 0.52087 0.16278 0.03489
0 0.52459 0.60732 0.18876 0.03878
0 0.52459 0.55334 0.16476 0.03598
0 0.52459 0.71876 0.17033 0.03572
0 0.52459 0.75387 0.20524 0.03406
0 0.52459 0.71190 0.18017 0.04356
0 0.52459 0.83688 0.20047 0.03703
0 0.52459 0.84776 0.16928 0.03548
0 0.52459 0.87426 0.20972 0.03926
0 0.73438 0.10844 0.21397 0.03454
0 0.73438 0.18244 0.22062 0.04274
0 0.73438 0.23015 0.18274 0.03441
0 0.73438 0.28205 0.20478 0.03425
0 0.73438 0.34133 0.18721 0.04202
0 0.73438 0.32368 0.21998 0.03691
0 0.73438 0.42258 0.17013 0.04047
0 0.73438 0.47924 0.21411 0.04377
0 0.73438 0.50962 0.21823 0.04029
0 0.73438 0.59796 0.16319 0.04253
0 0.73438 0.54376 0.20238 0.03555
0 0.73438 0.61478 0.21255 0.04139
0 0.73438 0.62349 0.19416 0.03499
0 0.73438 0.79786 0.19676 0.0335
0 0.73438 0.72612 0.20072 0.04029
0 0.73438 0.89511 0.17249 0.03769
0 0.90921 0.12743 0.17814 0.03953
0 0.90921 0.18073 0.17628 0.04164
0 0.90921 0.25548 0.22061 0.03289
0 0.90921 0.29118 0.19686 0.03874
0 0.90921 0.36147 0.18109 0.03441
0 0.90921 0.42293 0.16402 0.03658
0 0.90921 0.44318 0.21973 0.0404
0 0.90921 0.54236 0.1751 0.03945
0 0.90921 0.50529 0.16461 0.04311
0 0.90921 0.64403 0.21749 0.03279
0 0.90921 0.71048 0.16494 0.03678
0 0.90921 0.68510 0.18259 0.0412
0 0.90921 0.71525 0.21181 0.03214
0 0.90921 0.84269 0.17986 0.03441
0 0.90921 0.82456 0.16467 0.03952
0 0.90921 0.91437 0.18497 0.0394