0 0.09767 0.13281 0.25212 0.04722
0 0.10747 0.18586 0.24432 0.04905
0 0.10975 0.23891 0.23391 0.04647
0 0.10063 0.29196 0.25807 0.05174
0 0.09505 0.34501 0.22566 0.04809
0 0.10428 0.39806 0.25862 0.0499
0 0.0986 0.45111 0.25529 0.04855
0 0.11242 0.50416 0.22553 0.04964
0 0.10305 0.55721 0.22742 0.04943
0 0.09656 0.61026 0.26208 0.04661
0 0.10092 0.66331 0.22606 0.05118
0 0.11129 0.71636 0.25846 0.04641
0 0.11001 0.76941 0.25441 0.05087
0 0.10442 0.82246 0.24662 0.04388
0 0.09607 0.87551 0.25289 0.04957
0 0.10172 0.92856 0.25313 0.04567
0 0.3158 0.14609 0.24218 0.04594
0 0.34181 0.20444 0.25043 0.04748
0 0.30235 0.26280 0.22252 0.04408
0 0.31834 0.32115 0.25578 0.05151
0 0.32042 0.37951 0.26549 0.04728
0 0.30548 0.43786 0.23336 0.05063
0 0.31642 0.49622 0.25084 0.04579
0 0.29747 0.55457 0.24927 0.04555
0 0.34397 0.61293 0.23568 0.04812
0 0.29075 0.67129 0.25965 0.04703
0 0.3347 0.72964 0.26492 0.05156
0 0.30157 0.78800 0.225 0.05239
0 0.31723 0.84635 0.26343 0.04457
0 0.28695 0.90471 0.22438 0.04536
0 0.29561 0.96306 0.25172 0.05056
0 0.51686 0.13281 0.24798 0.05122
0 0.49514 0.18586 0.26448 0.04792
0 0.47579 0.23891 0.23331 0.04964
0 0.51987 0.29196 0.23097 0.04802
0 0.5363 0.34501 0.25146 0.04631
0 0.51227 0.39806 0.25211 0.0467
0 0.54764 0.45111 0.23189 0.04641
0 0.53678 0.50416 0.22167 0.05054
0 0.51822 0.55721 0.22346 0.04648
0 0.57241 0.61026 0.25483 0.04435
0 0.49978 0.66331 0.24877 0.04845
0 0.55344 0.71636 0.2516 0.05013
0 0.54768 0.76941 0.22794 0.04796
0 0.50048 0.82246 0.22807 0.04597
0 0.55129 0.87551 0.2483 0.04732
0 0.49282 0.92856 0.23166 0.0523
0 0.76455 0.11953 0.23024 0.05027
0 0.74497 0.16727 0.23363 0.04601
0 0.76939 0.21502 0.26361 0.04634
0 0.77056 0.26276 0.24975 0.04457
0 0.74985 0.31051 0.23795 0.04485
0 0.73665 0.35825 0.24802 0.04393
0 0.69355 0.40600 0.24595 0.05247
0 0.66648 0.45374 0.24805 0.05173
0 0.70977 0.50149 0.22299 0.05174
0 0.7066 0.54923 0.24277 0.04785
0 0.75916 0.59698 0.24076 0.04979
0 0.72728 0.64472 0.22806 0.04413
0 0.70268 0.69247 0.23003 0.05022
0 0.72009 0.74021 0.25488 0.04426
0 0.69652 0.78796 0.26513 0.05189
0 0.73609 0.83571 0.22879 0.04735
0 0.89855 0.13281 0.26468 0.04435
0 0.84091 0.18586 0.26125 0.05176
0 0.88268 0.23891 0.23884 0.04889
0 0.87802 0.29196 0.24052 0.05134
0 0.87619 0.34501 0.23337 0.05006
0 0.89905 0.39806 0.24238 0.05178
0 0.82902 0.45111 0.23391 0.04933
0 0.95624 0.50416 0.25106 0.0498
0 0.86612 0.55721 0.23689 0.04905
0 0.947 0.61026 0.26147 0.0475
0 0.88871 0.66331 0.2649 0.05018
0 0.88108 0.71636 0.26126 0.04755
0 0.83351 0.76941 0.25231 0.04573
0 0.86856 0.82246 0.25108 0.04885
0 0.84744 0.87551 0.26373 0.04444
0 0.91174 0.92856 0.25518 0.05138