0 0.11433 0.13281 0.24766 0.04649
0 0.11514 0.18586 0.25205 0.05247
0 0.09471 0.23891 0.25066 0.05033
0 0.09666 0.29196 0.25199 0.04905
0 0.10285 0.34501 0.24652 0.04959
0 0.11219 0.39806 0.23691 0.04601
0 0.11104 0.45111 0.24874 0.05169
0 0.09746 0.50416 0.22209 0.0502
0 0.0999 0.55721 0.24961 0.04529
0 0.11165 0.61026 0.24332 0.04485
0 0.10288 0.66331 0.25776 0.05183
0 0.10494 0.71636 0.24016 0.04597
0 0.1073 0.76941 0.23352 0.04413
0 0.0964 0.82246 0.24713 0.04888
0 0.11247 0.87551 0.24375 0.0521
0 0.11426 0.92856 0.22868 0.04489
0 0.31924 0.14609 0.25903 0.04999
0 0.34606 0.20444 0.25285 0.04431
0 0.32177 0.26280 0.26157 0.04563
0 0.33087 0.32115 0.25283 0.04612
0 0.31728 0.37951 0.22749 0.04643
0 0.30816 0.43786 0.23315 0.05005
0 0.29432 0.49622 0.23204 0.05197
0 0.30064 0.55457 0.24997 0.04605
0 0.3302 0.61293 0.23298 0.0465
0 0.3332 0.67129 0.22827 0.04568
0 0.33922 0.72964 0.25483 0.04877
0 0.29954 0.78800 0.25931 0.05116
0 0.30746 0.84635 0.22444 0.04459
0 0.32028 0.90471 0.22334 0.04608
0 0.29653 0.96306 0.24643 0.05158
0 0.56408 0.13281 0.26219 0.04391
0 0.57195 0.18586 0.24033 0.05205
0 0.48047 0.23891 0.24173 0.05003
0 0.51339 0.29196 0.24977 0.05093
0 0.50657 0.34501 0.22569 0.04794
0 0.50747 0.39806 0.2539 0.04971
0 0.54745 0.45111 0.25783 0.04409
0 0.47893 0.50416 0.25639 0.04451
0 0.50118 0.55721 0.23381 0.04692
0 0.53211 0.61026 0.23537 0.05098
0 0.55334 0.66331 0.24059 0.04551
0 0.49647 0.71636 0.23779 0.04421
0 0.53916 0.76941 0.25006 0.04463
0 0.57271 0.82246 0.2233 0.04952
0 0.55965 0.87551 0.24869 0.04539
0 0.57496 0.92856 0.2386 0.05153
0 0.7884 0.11953 0.22858 0.04694
0 0.77496 0.16727 0.23812 0.04502
0 0.70863 0.21502 0.22891 0.04424
0 0.71323 0.26276 0.24568 0.04785
0 0.76465 0.31051 0.22585 0.05079
0 0.78693 0.35825 0.26353 0.0473
0 0.70229 0.40600 0.23504 0.05206
0 0.76812 0.45374 0.25042 0.04585
0 0.78227 0.50149 0.22723 0.04707
0 0.7379 0.54923 0.23941 0.05051
0 0.70786 0.59698 0.22479 0.0473
0 0.79266 0.64472 0.24737 0.04504
0 0.76827 0.69247 0.25681 0.04763
0 0.72021 0.74021 0.23121 0.05196
0 0.78239 0.78796 0.2603 0.04657
0 0.72904 0.83571 0.25306 0.05176
0 0.84912 0.13281 0.26467 0.04862
0 0.98333 0.18586 0.26238 0.04951
0 0.99851 0.23891 0.25326 0.05157
0 0.90688 0.29196 0.24534 0.04445
0 0.85494 0.34501 0.24414 0.0487
0 0.87635 0.39806 0.22366 0.04414
0 0.85072 0.45111 0.22582 0.04822
0 0.82281 0.50416 0.22505 0.04646
0 0.90231 0.55721 0.2334 0.04857
0 0.82447 0.61026 0.22234 0.04887
0 0.93875 0.66331 0.24745 0.04572
0 0.95775 0.71636 0.23825 0.04604
0 0.85968 0.76941 0.2217 0.04494
0 0.85267 0.82246 0.26551 0.0514
0 0.99756 0.87551 0.25755 0.04652
0 0.98424 0.92856 0.2458 0.05143