0 0.09772 0.13281 0.24066 0.04621
0 0.09461 0.18586 0.26488 0.04674
0 0.09576 0.23891 0.2431 0.04937
0 0.11535 0.29196 0.26521 0.05207
0 0.10031 0.34501 0.25017 0.0438
0 0.11371 0.39806 0.23556 0.05102
0 0.10899 0.45111 0.24444 0.04568
0 0.11166 0.50416 0.26316 0.04681
0 0.09713 0.55721 0.24617 0.05236
0 0.09935 0.61026 0.26366 0.04699
0 0.09735 0.66331 0.22698 0.04418
0 0.09804 0.71636 0.22166 0.04801
0 0.10268 0.76941 0.26207 0.04721
0 0.11456 0.82246 0.23919 0.05046
0 0.10938 0.87551 0.23122 0.04715
0 0.10621 0.92856 0.23311 0.04825
0 0.28656 0.14609 0.25566 0.04407
0 0.29772 0.20444 0.22731 0.05143
0 0.33992 0.26280 0.23769 0.04747
0 0.34535 0.32115 0.24518 0.04413
0 0.33323 0.37951 0.22684 0.05005
0 0.30973 0.43786 0.24191 0.05179
0 0.28445 0.49622 0.22274 0.04658
0 0.32722 0.55457 0.25306 0.04831
0 0.29291 0.61293 0.25213 0.04878
0 0.32882 0.67129 0.25374 0.04602
0 0.32921 0.72964 0.22271 0.05014
0 0.29814 0.78800 0.24422 0.04636
0 0.30083 0.84635 0.24395 0.05225
0 0.32827 0.90471 0.26469 0.04676
0 0.29617 0.96306 0.22258 0.04456
0 0.54355 0.13281 0.25498 0.04712
0 0.495 0.18586 0.22932 0.05251
0 0.57669 0.23891 0.2484 0.051
0 0.54711 0.29196 0.2343 0.05217
0 0.5236 0.34501 0.22224 0.04839
0 0.56526 0.39806 0.2489 0.04884
0 0.54229 0.45111 0.2629 0.05198
0 0.53325 0.50416 0.26068 0.04552
0 0.57112 0.55721 0.25425 0.05069
0 0.52478 0.61026 0.2307 0.04531
0 0.53541 0.66331 0.22133 0.04561
0 0.5462 0.71636 0.23496 0.04403
0 0.51048 0.76941 0.25781 0.04768
0 0.47581 0.82246 0.23349 0.05204
0 0.50007 0.87551 0.22817 0.04735
0 0.50096 0.92856 0.23634 0.04427
0 0.80117 0.11953 0.22887 0.04627
0 0.80429 0.16727 0.22986 0.05148
0 0.79143 0.21502 0.25558 0.05178
0 0.75565 0.26276 0.25945 0.0481
0 0.6994 0.31051 0.2638 0.04995
0 0.73432 0.35825 0.22661 0.04828
0 0.73865 0.40600 0.26153 0.0463
0 0.69397 0.45374 0.22129 0.04899
0 0.77105 0.50149 0.25066 0.0501
0 0.72514 0.54923 0.23544 0.05189
0 0.72285 0.59698 0.26168 0.04606
0 0.66286 0.64472 0.25286 0.05235
0 0.79344 0.69247 0.24838 0.04855
0 0.68121 0.74021 0.26111 0.04484
0 0.73776 0.78796 0.22538 0.05184
0 0.79013 0.83571 0.23197 0.05241
0 0.8998 0.13281 0.25252 0.04869
0 0.89319 0.18586 0.24457 0.0464
0 0.88206 0.23891 0.22519 0.04471
0 0.86317 0.29196 0.2439 0.0472
0 0.95856 0.34501 0.2364 0.05172
0 0.83543 0.39806 0.24236 0.05208
0 0.93452 0.45111 0.22917 0.045
0 0.87387 0.50416 0.232 0.04772
0 0.82472 0.55721 0.24141 0.052
0 0.9228 0.61026 0.22612 0.04557
0 0.87057 0.66331 0.23623 0.04986
0 0.93102 0.71636 0.24466 0.0466
0 0.95022 0.76941 0.24371 0.04635
0 0.95422 0.82246 0.23101 0.04607
0 0.90175 0.87551 0.24013 0.05014
0 0.85474 0.92856 0.25028 0.04685