0 0.09712 0.13281 0.43276 0.07722
0 0.11345 0.18586 0.43275 0.0764
0 0.10392 0.23891 0.43195 0.07967
0 0.1198 0.29196 0.36895 0.07719
0 0.1069 0.34501 0.37542 0.07717
0 0.09769 0.39806 0.36977 0.07866
0 0.09709 0.45111 0.37207 0.08748
0 0.1142 0.50416 0.38233 0.07379
0 0.10098 0.55721 0.43902 0.07899
0 0.11305 0.61026 0.37069 0.0809
0 0.10473 0.66331 0.40277 0.07903
0 0.10184 0.71636 0.3867 0.07761
0 0.09716 0.76941 0.37407 0.07713
0 0.10689 0.82246 0.4046 0.07819
0 0.1072 0.87551 0.39175 0.0736
0 0.09728 0.92856 0.38566 0.08642
0 0.30846 0.14609 0.40875 0.07745
0 0.28376 0.20444 0.41911 0.07928
0 0.29747 0.26280 0.39348 0.08092
0 0.30835 0.32115 0.39911 0.08575
0 0.29494 0.37951 0.39062 0.07477
0 0.34546 0.43786 0.3696 0.07561
0 0.30925 0.49622 0.41077 0.07738
0 0.32327 0.55457 0.40096 0.08683
0 0.33992 0.61293 0.4159 0.07858
0 0.31084 0.67129 0.43978 0.08566
0 0.28402 0.72964 0.41933 0.08653
0 0.35115 0.78800 0.3934 0.08382
0 0.35201 0.84635 0.3802 0.08742
0 0.34715 0.90471 0.43738 0.08719
0 0.32169 0.96306 0.42535 0.08346
0 0.51562 0.13281 0.38805 0.07449
0 0.46559 0.18586 0.37806 0.07514
0 0.55484 0.23891 0.43824 0.08244
0 0.48763 0.29196 0.39056 0.08485
0 0.47166 0.34501 0.40216 0.08135
0 0.51372 0.39806 0.41031 0.08405
0 0.47118 0.45111 0.41442 0.08473
0 0.56714 0.50416 0.40349 0.08338
0 0.54361 0.55721 0.40451 0.08654
0 0.47218 0.61026 0.39342 0.08726
0 0.49404 0.66331 0.41974 0.08275
0 0.59108 0.71636 0.43181 0.07534
0 0.54291 0.76941 0.41726 0.08133
0 0.58939 0.82246 0.4092 0.07308
0 0.47044 0.87551 0.39335 0.08223
0 0.55187 0.92856 0.3968 0.07405
0 0.82193 0.11953 0.36982 0.07695
0 0.77942 0.16727 0.3833 0.07344
0 0.8249 0.21502 0.40656 0.07905
0 0.79389 0.26276 0.39409 0.0741
0 0.64815 0.31051 0.38894 0.07598
0 0.71899 0.35825 0.41115 0.08661
0 0.80089 0.40600 0.43046 0.07329
0 0.79178 0.45374 0.37576 0.08247
0 0.81122 0.50149 0.39201 0.07497
0 0.78301 0.54923 0.43162 0.08018
0 0.80658 0.59698 0.42125 0.07955
0 0.83227 0.64472 0.37861 0.08558
0 0.83027 0.69247 0.42273 0.07954
0 0.72501 0.74021 0.38369 0.07603
0 0.73293 0.78796 0.40601 0.08504
0 0.71245 0.83571 0.39162 0.08597
0 0.90736 0.18586 0.39465 0.08579
0 0.89785 0.23891 0.41663 0.07333
0 0.93459 0.29196 0.37222 0.07408
0 0.98036 0.34501 0.42237 0.07591
0 0.96443 0.39806 0.41599 0.07994
0 0.90871 0.45111 0.42949 0.08092
0 0.81663 0.55721 0.42264 0.08459
0 0.80316 0.61026 0.40813 0.08004
0 0.9906 0.66331 0.39284 0.07475
0 0.84297 0.71636 0.40259 0.07897
0 0.90989 0.82246 0.37415 0.0793
0 0.92566 0.92856 0.41935 0.07332