0 0.10501 0.13281 0.37847 0.07629
0 0.10501 0.18586 0.39905 0.08652
0 0.10501 0.23891 0.39037 0.08602
0 0.10501 0.29196 0.41088 0.07987
0 0.10501 0.34501 0.42965 0.0837
0 0.10501 0.39806 0.43153 0.07539
0 0.10501 0.45111 0.409 0.07947
0 0.10501 0.50416 0.43811 0.07918
0 0.10501 0.55721 0.3878 0.07634
0 0.10501 0.61026 0.42212 0.0734
0 0.10501 0.66331 0.37885 0.07606
0 0.10501 0.71636 0.3994 0.07812
0 0.10501 0.76941 0.44136 0.0799
0 0.10501 0.82246 0.4079 0.08505
0 0.10501 0.87551 0.43605 0.07613
0 0.10501 0.92856 0.42578 0.07539
0 0.3148 0.14609 0.43003 0.07997
0 0.3148 0.20444 0.39236 0.07998
0 0.3148 0.26280 0.39002 0.07727
0 0.3148 0.32115 0.40301 0.08742
0 0.3148 0.37951 0.43782 0.0873
0 0.3148 0.43786 0.44071 0.07655
0 0.3148 0.49622 0.42443 0.07364
0 0.3148 0.55457 0.44037 0.0738
0 0.3148 0.61293 0.41157 0.07687
0 0.3148 0.67129 0.3813 0.08366
0 0.3148 0.72964 0.37355 0.0865
0 0.3148 0.78800 0.38358 0.08686
0 0.3148 0.84635 0.41562 0.07625
0 0.3148 0.90471 0.41978 0.08323
0 0.3148 0.96306 0.37178 0.08749
0 0.52459 0.13281 0.43809 0.07896
0 0.52459 0.18586 0.40874 0.0814
0 0.52459 0.23891 0.39789 0.07889
0 0.52459 0.29196 0.43645 0.08217
0 0.52459 0.34501 0.39084 0.08154
0 0.52459 0.39806 0.38702 0.07759
0 0.52459 0.45111 0.40806 0.08359
0 0.52459 0.50416 0.42726 0.08738
0 0.52459 0.55721 0.38876 0.08514
0 0.52459 0.61026 0.40239 0.0774
0 0.52459 0.66331 0.43573 0.07327
0 0.52459 0.71636 0.42244 0.08748
0 0.52459 0.76941 0.43436 0.07412
0 0.52459 0.82246 0.42472 0.08436
0 0.52459 0.87551 0.40201 0.0741
0 0.52459 0.92856 0.38406 0.08562
0 0.73438 0.11953 0.39848 0.0834
0 0.73438 0.16727 0.43203 0.08067
0 0.73438 0.21502 0.40441 0.07399
0 0.73438 0.26276 0.39432 0.08187
0 0.73438 0.31051 0.42666 0.07748
0 0.73438 0.35825 0.40995 0.0827
0 0.73438 0.40600 0.4057 0.07444
0 0.73438 0.45374 0.43495 0.07361
0 0.73438 0.50149 0.4005 0.07506
0 0.73438 0.54923 0.41275 0.08498
0 0.73438 0.59698 0.4077 0.08058
0 0.73438 0.64472 0.42019 0.0758
0 0.73438 0.69247 0.41568 0.0794
0 0.73438 0.74021 0.40633 0.0866
0 0.73438 0.78796 0.39618 0.08461
0 0.73438 0.83571 0.37024 0.0804
0 0.90921 0.13281 0.39759 0.08351
0 0.90921 0.18586 0.41347 0.07994
0 0.90921 0.23891 0.39334 0.07888
0 0.90921 0.29196 0.41098 0.07697
0 0.90921 0.34501 0.41289 0.07347
0 0.90921 0.39806 0.41 0.07712
0 0.90921 0.45111 0.43863 0.07686
0 0.90921 0.50416 0.37155 0.07716
0 0.90921 0.55721 0.38131 0.08652
0 0.90921 0.61026 0.39124 0.07844
0 0.90921 0.66331 0.39325 0.08477
0 0.90921 0.71636 0.38002 0.07982
0 0.90921 0.76941 0.42838 0.0843
0 0.90921 0.82246 0.38741 0.07762
0 0.90921 0.87551 0.40505 0.07931
0 0.90921 0.92856 0.39831 0.08142