0 0.0958 0.13281 0.43427 0.07646
0 0.10172 0.18586 0.43173 0.07925
0 0.0929 0.23891 0.40016 0.07492
0 0.10955 0.29196 0.42941 0.08197
0 0.10787 0.34501 0.37984 0.07494
0 0.10229 0.39806 0.37034 0.08516
0 0.10392 0.45111 0.38151 0.07562
0 0.09881 0.50416 0.39038 0.07527
0 0.0925 0.55721 0.40749 0.07681
0 0.09465 0.61026 0.38559 0.07962
0 0.09632 0.66331 0.44164 0.08644
0 0.1197 0.71636 0.42484 0.07298
0 0.11506 0.76941 0.41169 0.08565
0 0.09373 0.82246 0.42248 0.08376
0 0.11489 0.87551 0.42981 0.07467
0 0.1128 0.92856 0.42715 0.07512
0 0.31534 0.14609 0.38248 0.08561
0 0.28929 0.20444 0.42721 0.07814
0 0.34408 0.26280 0.39284 0.08443
0 0.28705 0.32115 0.42822 0.07608
0 0.2799 0.37951 0.39285 0.07464
0 0.29552 0.43786 0.39237 0.07331
0 0.35374 0.49622 0.42652 0.07886
0 0.29189 0.55457 0.39482 0.08618
0 0.33587 0.61293 0.37766 0.07984
0 0.33991 0.67129 0.44135 0.07994
0 0.30133 0.72964 0.3896 0.07381
0 0.29018 0.78800 0.4134 0.07444
0 0.35549 0.84635 0.4292 0.07797
0 0.32652 0.90471 0.37807 0.08064
0 0.31518 0.96306 0.4295 0.08313
0 0.60089 0.13281 0.4339 0.07699
0 0.47564 0.18586 0.42899 0.07978
0 0.58237 0.23891 0.42992 0.08442
0 0.52228 0.29196 0.41629 0.07831
0 0.48744 0.34501 0.37174 0.08628
0 0.55691 0.39806 0.37403 0.08341
0 0.52972 0.45111 0.39125 0.07305
0 0.57776 0.50416 0.4101 0.08412
0 0.51574 0.55721 0.3795 0.0757
0 0.59513 0.61026 0.43189 0.0749
0 0.52589 0.66331 0.41428 0.07991
0 0.46257 0.71636 0.39466 0.08608
0 0.49472 0.76941 0.37209 0.08365
0 0.59054 0.82246 0.38231 0.0804
0 0.54746 0.87551 0.37986 0.0856
0 0.5936 0.92856 0.40217 0.08372
0 0.69287 0.11953 0.40152 0.0736
0 0.74878 0.16727 0.42409 0.08193
0 0.73413 0.21502 0.39593 0.08131
0 0.70705 0.26276 0.39534 0.07534
0 0.72137 0.31051 0.42638 0.08257
0 0.70462 0.35825 0.38946 0.08353
0 0.78716 0.40600 0.39168 0.08726
0 0.8422 0.45374 0.43566 0.07704
0 0.68078 0.50149 0.44174 0.07454
0 0.66666 0.54923 0.40157 0.07899
0 0.71889 0.59698 0.42523 0.07763
0 0.83243 0.64472 0.38411 0.07599
0 0.74527 0.69247 0.37918 0.08322
0 0.64765 0.74021 0.40189 0.07536
0 0.66397 0.78796 0.3909 0.07999
0 0.8442 0.83571 0.43583 0.07802
0 0.92758 0.13281 0.42894 0.07664
0 0.93986 0.18586 0.38651 0.07298
0 0.92171 0.23891 0.38332 0.0755
0 0.8865 0.34501 0.40633 0.07979
0 0.83532 0.45111 0.4045 0.07951
0 0.98483 0.50416 0.41837 0.08466
0 0.8471 0.55721 0.43443 0.07714
0 0.96126 0.61026 0.4295 0.0826
0 0.83832 0.66331 0.37004 0.08418
0 0.91688 0.71636 0.41576 0.08581
0 0.89945 0.76941 0.4049 0.0749
0 0.8906 0.82246 0.38811 0.08114
0 0.83608 0.92856 0.43132 0.08659