0 0.09727 0.13281 0.2388 0.05057
0 0.09493 0.18586 0.25318 0.04479
0 0.1017 0.23891 0.22751 0.05138
0 0.11329 0.29196 0.25114 0.04671
0 0.0997 0.34501 0.23534 0.04855
0 0.1001 0.39806 0.22649 0.04902
0 0.10025 0.45111 0.22654 0.0485
0 0.0952 0.50416 0.2299 0.05091
0 0.1 0.55721 0.23813 0.04992
0 0.10295 0.61026 0.25466 0.05017
0 0.11234 0.66331 0.23149 0.05013
0 0.10281 0.71636 0.22586 0.04816
0 0.11473 0.76941 0.23195 0.04911
0 0.09766 0.82246 0.23465 0.04992
0 0.0972 0.87551 0.2325 0.04384
0 0.11027 0.92856 0.2486 0.04542
0 0.31998 0.14609 0.22156 0.05085
0 0.31719 0.20444 0.2649 0.04972
0 0.31921 0.26280 0.22892 0.05217
0 0.29841 0.32115 0.26377 0.04432
0 0.29756 0.37951 0.2322 0.05209
0 0.34115 0.43786 0.25183 0.04883
0 0.29212 0.49622 0.25968 0.0497
0 0.34294 0.55457 0.2595 0.05019
0 0.30294 0.61293 0.23849 0.04458
0 0.3441 0.67129 0.25312 0.04812
0 0.30559 0.72964 0.22286 0.04954
0 0.29074 0.78800 0.22433 0.05123
0 0.31721 0.84635 0.22851 0.04394
0 0.28911 0.90471 0.22839 0.04944
0 0.34036 0.96306 0.25898 0.04657
0 0.52774 0.13281 0.2424 0.04816
0 0.57415 0.18586 0.24956 0.04416
0 0.50167 0.23891 0.23502 0.04741
0 0.5736 0.29196 0.24327 0.04944
0 0.48634 0.34501 0.24067 0.04919
0 0.55808 0.39806 0.25333 0.04783
0 0.55142 0.45111 0.22397 0.05037
0 0.48575 0.50416 0.22706 0.0508
0 0.49219 0.55721 0.26056 0.04765
0 0.48649 0.61026 0.23159 0.05228
0 0.5363 0.66331 0.24728 0.05237
0 0.54743 0.71636 0.24063 0.05114
0 0.49301 0.76941 0.25662 0.04605
0 0.51613 0.82246 0.25955 0.05241
0 0.52 0.87551 0.23504 0.04433
0 0.56173 0.92856 0.23153 0.05212
0 0.73005 0.11953 0.23543 0.048
0 0.76883 0.16727 0.24262 0.04558
0 0.72483 0.21502 0.2565 0.04652
0 0.72969 0.26276 0.26249 0.05181
0 0.77514 0.31051 0.23572 0.04472
0 0.77531 0.35825 0.2298 0.04783
0 0.73074 0.40600 0.24336 0.0443
0 0.71242 0.45374 0.26476 0.04603
0 0.67746 0.50149 0.26527 0.05242
0 0.74079 0.54923 0.22363 0.04926
0 0.80768 0.59698 0.25709 0.05042
0 0.68652 0.64472 0.25958 0.04937
0 0.77499 0.69247 0.23145 0.04727
0 0.69476 0.74021 0.24883 0.04661
0 0.78084 0.78796 0.24748 0.04994
0 0.69334 0.83571 0.22348 0.04799
0 0.87615 0.13281 0.22465 0.05087
0 0.84561 0.18586 0.25707 0.04795
0 0.98447 0.23891 0.26243 0.04428
0 0.87734 0.29196 0.26146 0.0503
0 0.86504 0.34501 0.25368 0.0495
0 0.99439 0.39806 0.22837 0.04582
0 0.87044 0.45111 0.22951 0.04722
0 0.87771 0.50416 0.25559 0.05147
0 0.93312 0.55721 0.26194 0.04777
0 0.83239 0.61026 0.25149 0.05074
0 0.95115 0.66331 0.25283 0.04517
0 0.81853 0.71636 0.25855 0.04433
0 0.94653 0.76941 0.24483 0.04652
0 0.94559 0.82246 0.24699 0.0473
0 0.97542 0.87551 0.2246 0.04887
0 0.8619 0.92856 0.23601 0.04587