0 0.09492 0.13281 0.43783 0.08275
0 0.10863 0.18586 0.40307 0.07648
0 0.10086 0.23891 0.41072 0.08249
0 0.11929 0.29196 0.38672 0.07381
0 0.11086 0.34501 0.42564 0.079
0 0.10334 0.39806 0.37032 0.08085
0 0.10616 0.45111 0.41468 0.07406
0 0.11216 0.50416 0.40342 0.08204
0 0.10571 0.55721 0.41144 0.08737
0 0.11439 0.61026 0.39432 0.07956
0 0.10831 0.66331 0.39303 0.07445
0 0.10346 0.71636 0.41094 0.07355
0 0.10835 0.76941 0.37264 0.07627
0 0.0965 0.82246 0.39643 0.08532
0 0.11299 0.87551 0.38968 0.08314
0 0.103 0.92856 0.38998 0.08424
0 0.30062 0.14609 0.39615 0.08603
0 0.3391 0.20444 0.37465 0.08093
0 0.29852 0.26280 0.42281 0.08555
0 0.30317 0.32115 0.39353 0.07947
0 0.31313 0.37951 0.37048 0.07854
0 0.35345 0.43786 0.37124 0.08657
0 0.31729 0.49622 0.39955 0.0769
0 0.33382 0.55457 0.38408 0.07442
0 0.34961 0.61293 0.39355 0.0817
0 0.318 0.67129 0.39165 0.0818
0 0.3163 0.72964 0.43461 0.07859
0 0.34835 0.78800 0.40114 0.07791
0 0.31836 0.84635 0.41004 0.07573
0 0.34656 0.90471 0.41095 0.0733
0 0.28616 0.96306 0.39119 0.07848
0 0.49593 0.13281 0.41662 0.07908
0 0.54053 0.18586 0.3727 0.07807
0 0.5482 0.23891 0.39165 0.0815
0 0.5355 0.29196 0.43457 0.08248
0 0.52143 0.34501 0.39536 0.076
0 0.548 0.39806 0.38281 0.07775
0 0.55711 0.45111 0.3915 0.07576
0 0.53995 0.50416 0.39197 0.07609
0 0.55521 0.55721 0.44135 0.08398
0 0.47677 0.61026 0.37425 0.08003
0 0.54555 0.66331 0.39688 0.07811
0 0.5037 0.71636 0.3835 0.07302
0 0.55442 0.76941 0.40888 0.07649
0 0.53661 0.82246 0.4321 0.07533
0 0.50411 0.87551 0.41555 0.08637
0 0.53116 0.92856 0.4201 0.08223
0 0.82474 0.11953 0.38806 0.08263
0 0.77081 0.16727 0.38432 0.07745
0 0.75176 0.21502 0.36933 0.0872
0 0.72259 0.26276 0.40543 0.07325
0 0.72258 0.31051 0.43376 0.08611
0 0.79003 0.35825 0.37312 0.07697
0 0.73945 0.40600 0.38655 0.08722
0 0.78212 0.45374 0.42451 0.08548
0 0.74148 0.50149 0.43775 0.08075
0 0.8269 0.54923 0.39546 0.08746
0 0.84286 0.59698 0.41922 0.07835
0 0.77498 0.64472 0.43395 0.07889
0 0.83942 0.69247 0.37054 0.08434
0 0.82452 0.74021 0.41837 0.0824
0 0.76581 0.78796 0.43984 0.08015
0 0.78514 0.83571 0.40828 0.07682
0 0.93027 0.18586 0.39493 0.07465
0 0.8048 0.23891 0.43687 0.07758
0 0.84674 0.29196 0.42675 0.08683
0 0.98771 0.34501 0.39959 0.08159
0 0.88127 0.39806 0.43101 0.07536
0 0.94089 0.45111 0.4413 0.08378
0 0.93203 0.50416 0.4274 0.07444
0 0.90524 0.55721 0.41812 0.07416
0 0.83544 0.61026 0.40595 0.08293
0 0.88974 0.71636 0.43451 0.08325
0 0.92601 0.76941 0.39036 0.07358
0 0.87161 0.82246 0.37041 0.07371
0 0.88753 0.87551 0.39736 0.08383
0 0.91374 0.92856 0.41502 0.08049