0 0.10501 0.13281 0.43431 0.08048
0 0.10501 0.18586 0.42022 0.08546
0 0.10501 0.23891 0.38955 0.07602
0 0.10501 0.29196 0.41507 0.07789
0 0.10501 0.34501 0.42822 0.08103
0 0.10501 0.39806 0.39384 0.08268
0 0.10501 0.45111 0.38263 0.08355
0 0.10501 0.50416 0.42076 0.08705
0 0.10501 0.55721 0.40205 0.08598
0 0.10501 0.61026 0.37369 0.08089
0 0.10501 0.66331 0.38575 0.08689
0 0.10501 0.71636 0.40166 0.08669
0 0.10501 0.76941 0.38379 0.08192
0 0.10501 0.82246 0.38731 0.08477
0 0.10501 0.87551 0.42144 0.08409
0 0.10501 0.92856 0.39727 0.08666
0 0.3148 0.14609 0.40924 0.0821
0 0.3148 0.20444 0.38497 0.07891
0 0.3148 0.26280 0.42131 0.0746
0 0.3148 0.32115 0.42086 0.08083
0 0.3148 0.37951 0.37208 0.07337
0 0.3148 0.43786 0.39594 0.08621
0 0.3148 0.49622 0.36945 0.07374
0 0.3148 0.55457 0.42006 0.08677
0 0.3148 0.61293 0.38506 0.08744
0 0.3148 0.67129 0.40594 0.07512
0 0.3148 0.72964 0.40606 0.08609
0 0.3148 0.78800 0.38888 0.08181
0 0.3148 0.84635 0.42061 0.08414
0 0.3148 0.90471 0.39938 0.07683
0 0.3148 0.96306 0.41944 0.08196
0 0.52459 0.13281 0.43324 0.08301
0 0.52459 0.18586 0.40225 0.08391
0 0.52459 0.23891 0.42125 0.08069
0 0.52459 0.29196 0.38327 0.07807
0 0.52459 0.34501 0.42705 0.08346
0 0.52459 0.39806 0.43911 0.07449
0 0.52459 0.45111 0.43855 0.08611
0 0.52459 0.50416 0.40929 0.07893
0 0.52459 0.55721 0.43958 0.08605
0 0.52459 0.61026 0.39058 0.08273
0 0.52459 0.66331 0.39397 0.08245
0 0.52459 0.71636 0.41878 0.08024
0 0.52459 0.76941 0.38487 0.08209
0 0.52459 0.82246 0.42494 0.08479
0 0.52459 0.87551 0.43491 0.07401
0 0.52459 0.92856 0.37321 0.08733
0 0.73438 0.11953 0.38347 0.08159
0 0.73438 0.16727 0.43859 0.07628
0 0.73438 0.21502 0.40075 0.08627
0 0.73438 0.26276 0.42273 0.07732
0 0.73438 0.31051 0.38285 0.07438
0 0.73438 0.35825 0.41304 0.07441
0 0.73438 0.40600 0.42406 0.07584
0 0.73438 0.45374 0.40482 0.0802
0 0.73438 0.50149 0.41676 0.07329
0 0.73438 0.54923 0.43362 0.08415
0 0.73438 0.59698 0.37845 0.08397
0 0.73438 0.64472 0.39302 0.07839
0 0.73438 0.69247 0.44154 0.07658
0 0.73438 0.74021 0.38048 0.07757
0 0.73438 0.78796 0.38107 0.08211
0 0.73438 0.83571 0.42402 0.08579
0 0.90921 0.13281 0.38995 0.07708
0 0.90921 0.18586 0.39596 0.08011
0 0.90921 0.23891 0.39081 0.08033
0 0.90921 0.29196 0.41938 0.08305
0 0.90921 0.34501 0.43209 0.08194
0 0.90921 0.39806 0.42077 0.07839
0 0.90921 0.45111 0.40227 0.07527
0 0.90921 0.50416 0.38323 0.07701
0 0.90921 0.55721 0.38769 0.08553
0 0.90921 0.61026 0.40707 0.07751
0 0.90921 0.66331 0.39298 0.08071
0 0.90921 0.71636 0.39671 0.08623
0 0.90921 0.76941 0.4214 0.0772
0 0.90921 0.82246 0.42425 0.07597
0 0.90921 0.87551 0.40748 0.08389
0 0.90921 0.92856 0.38436 0.07455