0 0.09648 0.13281 0.36983 0.07541
0 0.10312 0.18586 0.37907 0.07433
0 0.11983 0.23891 0.42299 0.07427
0 0.10182 0.29196 0.41337 0.0815
0 0.10686 0.34501 0.41881 0.08491
0 0.10525 0.39806 0.43481 0.08154
0 0.10754 0.45111 0.40448 0.08634
0 0.12031 0.50416 0.41683 0.07591
0 0.11612 0.55721 0.37215 0.07981
0 0.10509 0.61026 0.38412 0.07317
0 0.10162 0.66331 0.40407 0.08526
0 0.11168 0.71636 0.42032 0.08299
0 0.10173 0.76941 0.37836 0.07564
0 0.11429 0.82246 0.40822 0.08579
0 0.12027 0.87551 0.42102 0.07771
0 0.12055 0.92856 0.37308 0.07338
0 0.32919 0.14609 0.38405 0.08017
0 0.31729 0.20444 0.39592 0.08722
0 0.31013 0.26280 0.40118 0.08121
0 0.28332 0.32115 0.38575 0.07508
0 0.29494 0.37951 0.40499 0.07675
0 0.30291 0.43786 0.38573 0.08731
0 0.33379 0.49622 0.3784 0.07552
0 0.35272 0.55457 0.43777 0.08033
0 0.30765 0.61293 0.41154 0.0808
0 0.29402 0.67129 0.42653 0.07605
0 0.29343 0.72964 0.37897 0.08437
0 0.33873 0.78800 0.43185 0.08149
0 0.31734 0.84635 0.4339 0.08114
0 0.30808 0.90471 0.41661 0.0825
0 0.33063 0.96306 0.38569 0.0816
0 0.59533 0.13281 0.43458 0.08334
0 0.57141 0.18586 0.41863 0.07573
0 0.46175 0.23891 0.41467 0.08333
0 0.46942 0.29196 0.37025 0.08359
0 0.54343 0.34501 0.3781 0.07777
0 0.51837 0.39806 0.37407 0.07647
0 0.50807 0.45111 0.40933 0.08356
0 0.51466 0.50416 0.3783 0.08288
0 0.48408 0.55721 0.40855 0.08739
0 0.53953 0.61026 0.42676 0.07826
0 0.50711 0.66331 0.42872 0.0757
0 0.54209 0.71636 0.37828 0.07358
0 0.49076 0.76941 0.43368 0.08657
0 0.47468 0.82246 0.3763 0.08538
0 0.50939 0.87551 0.40415 0.08456
0 0.48007 0.92856 0.38658 0.07514
0 0.6919 0.11953 0.40494 0.08398
0 0.74738 0.16727 0.37602 0.07616
0 0.81796 0.21502 0.41697 0.08488
0 0.76937 0.26276 0.41157 0.08754
0 0.65526 0.31051 0.39701 0.07792
0 0.653 0.35825 0.37214 0.08203
0 0.83564 0.40600 0.4144 0.08745
0 0.75854 0.45374 0.40106 0.08413
0 0.70606 0.50149 0.42301 0.08518
0 0.76866 0.54923 0.42122 0.07885
0 0.79041 0.59698 0.43525 0.07934
0 0.66888 0.64472 0.42262 0.08664
0 0.71373 0.69247 0.4222 0.08469
0 0.70631 0.74021 0.40701 0.07799
0 0.68192 0.78796 0.42951 0.08279
0 0.66589 0.83571 0.40528 0.07725
0 0.9954 0.18586 0.39773 0.08744
0 0.81029 0.23891 0.41198 0.08483
0 0.85843 0.29196 0.37421 0.08639
0 0.95096 0.39806 0.38418 0.08556
0 0.96078 0.45111 0.4409 0.08199
0 0.93326 0.50416 0.43235 0.07903
0 0.89343 0.55721 0.3739 0.07806
0 0.8539 0.61026 0.38371 0.0866
0 0.97193 0.66331 0.3749 0.0771
0 0.96971 0.71636 0.43731 0.08116
0 0.93718 0.76941 0.39508 0.07384
0 0.98729 0.87551 0.38029 0.07447