0 0.11733 0.13281 0.39365 0.08639
0 0.10072 0.18586 0.43395 0.08134
0 0.09506 0.23891 0.42769 0.08322
0 0.1121 0.29196 0.39548 0.08593
0 0.10223 0.34501 0.40315 0.07302
0 0.09618 0.39806 0.39119 0.08313
0 0.10604 0.45111 0.37952 0.07846
0 0.099 0.50416 0.42994 0.08227
0 0.09494 0.55721 0.41753 0.07363
0 0.09413 0.61026 0.43091 0.07672
0 0.09462 0.66331 0.37301 0.07371
0 0.10667 0.71636 0.3925 0.08398
0 0.1193 0.76941 0.43635 0.08679
0 0.11453 0.82246 0.42641 0.08213
0 0.10731 0.87551 0.4146 0.08752
0 0.09271 0.92856 0.37178 0.08538
0 0.34886 0.14609 0.38936 0.07564
0 0.32458 0.20444 0.43072 0.07831
0 0.35024 0.26280 0.39674 0.07845
0 0.31422 0.32115 0.43564 0.08668
0 0.35856 0.37951 0.37363 0.08066
0 0.34659 0.43786 0.41317 0.08159
0 0.28604 0.49622 0.42446 0.08391
0 0.33964 0.55457 0.37989 0.08281
0 0.35353 0.61293 0.39899 0.07994
0 0.32171 0.67129 0.37722 0.07516
0 0.31485 0.72964 0.42944 0.08397
0 0.33141 0.78800 0.40163 0.07319
0 0.35757 0.84635 0.38592 0.07603
0 0.35231 0.90471 0.38493 0.08344
0 0.35389 0.96306 0.42624 0.07679
0 0.57192 0.13281 0.4356 0.07941
0 0.55806 0.18586 0.37571 0.07836
0 0.53798 0.23891 0.42376 0.07811
0 0.47821 0.29196 0.39047 0.07678
0 0.49276 0.34501 0.36983 0.07761
0 0.55399 0.39806 0.37188 0.07693
0 0.58713 0.45111 0.42831 0.08305
0 0.51452 0.50416 0.40141 0.07673
0 0.51691 0.55721 0.38973 0.0812
0 0.59626 0.61026 0.44235 0.0851
0 0.52623 0.66331 0.39316 0.07394
0 0.48855 0.71636 0.40352 0.07877
0 0.53565 0.76941 0.43709 0.08181
0 0.52824 0.82246 0.40172 0.08369
0 0.50942 0.87551 0.37294 0.08034
0 0.56693 0.92856 0.37856 0.07977
0 0.69864 0.11953 0.3932 0.08355
0 0.70217 0.16727 0.38869 0.0772
0 0.72481 0.21502 0.37289 0.07868
0 0.70837 0.26276 0.39848 0.07383
0 0.8428 0.31051 0.42191 0.08494
0 0.79468 0.35825 0.39723 0.07383
0 0.69597 0.40600 0.40619 0.07927
0 0.66015 0.45374 0.39251 0.07303
0 0.76823 0.50149 0.43478 0.07304
0 0.68967 0.54923 0.42023 0.07852
0 0.69124 0.59698 0.42736 0.07328
0 0.69494 0.64472 0.41919 0.08553
0 0.75135 0.69247 0.40772 0.07497
0 0.71863 0.74021 0.43657 0.07979
0 0.69965 0.78796 0.4231 0.08288
0 0.72214 0.83571 0.3934 0.07541
0 0.86408 0.13281 0.41819 0.08605
0 0.89714 0.18586 0.43393 0.08746
0 0.84057 0.23891 0.40657 0.08262
0 0.86622 0.29196 0.37732 0.07626
0 0.86597 0.34501 0.39549 0.08371
0 0.8466 0.45111 0.42151 0.07533
0 0.90673 0.50416 0.42344 0.0742
0 0.93463 0.61026 0.39014 0.08306
0 0.90708 0.66331 0.38328 0.07356
0 0.84708 0.71636 0.41743 0.0815
0 0.90685 0.82246 0.41611 0.08284
0 0.9754 0.87551 0.39163 0.0868
0 0.93744 0.92856 0.40308 0.07426