0 0.11879 0.13281 0.37039 0.08475
0 0.10288 0.18586 0.38973 0.07841
0 0.09739 0.23891 0.38655 0.0867
0 0.09341 0.29196 0.43498 0.08573
0 0.10023 0.34501 0.39917 0.08715
0 0.11072 0.39806 0.38591 0.08065
0 0.11846 0.45111 0.42223 0.08065
0 0.11416 0.50416 0.41442 0.0866
0 0.09241 0.55721 0.40198 0.0806
0 0.11521 0.61026 0.43931 0.08139
0 0.10501 0.66331 0.42693 0.07988
0 0.09603 0.71636 0.3787 0.07998
0 0.10124 0.76941 0.42695 0.08211
0 0.09697 0.82246 0.37991 0.0807
0 0.12057 0.87551 0.41152 0.07634
0 0.09758 0.92856 0.38968 0.07391
0 0.33619 0.14609 0.38364 0.07684
0 0.29692 0.20444 0.40514 0.07419
0 0.31382 0.26280 0.37286 0.08553
0 0.31337 0.32115 0.43636 0.07551
0 0.28455 0.37951 0.39965 0.0829
0 0.29957 0.43786 0.44067 0.08277
0 0.32542 0.49622 0.43573 0.07733
0 0.2851 0.55457 0.41187 0.07769
0 0.30362 0.61293 0.37192 0.08159
0 0.35445 0.67129 0.38479 0.08614
0 0.34195 0.72964 0.42547 0.08455
0 0.30929 0.78800 0.43765 0.07674
0 0.31883 0.84635 0.42614 0.08258
0 0.29821 0.90471 0.40484 0.08604
0 0.31747 0.96306 0.41479 0.08608
0 0.59314 0.13281 0.37115 0.07852
0 0.5337 0.18586 0.39304 0.07793
0 0.49941 0.23891 0.40395 0.07599
0 0.47297 0.29196 0.42254 0.07309
0 0.58094 0.34501 0.43753 0.07729
0 0.57871 0.39806 0.39067 0.07909
0 0.60233 0.45111 0.39164 0.07814
0 0.58288 0.50416 0.41076 0.08207
0 0.58922 0.55721 0.40022 0.08714
0 0.57652 0.61026 0.38197 0.08508
0 0.53739 0.66331 0.3878 0.07312
0 0.56745 0.71636 0.41262 0.08528
0 0.59194 0.76941 0.40042 0.08273
0 0.55267 0.82246 0.40404 0.08399
0 0.54229 0.87551 0.44227 0.07489
0 0.57047 0.92856 0.37407 0.0763
0 0.78751 0.11953 0.40936 0.08233
0 0.70118 0.16727 0.40758 0.0787
0 0.83373 0.21502 0.41788 0.07488
0 0.77866 0.26276 0.37851 0.08335
0 0.68469 0.31051 0.43881 0.08041
0 0.80796 0.35825 0.37242 0.0838
0 0.72436 0.40600 0.40074 0.07991
0 0.78433 0.45374 0.38171 0.07868
0 0.82349 0.50149 0.42896 0.07408
0 0.73927 0.54923 0.37922 0.08124
0 0.76672 0.59698 0.39196 0.087
0 0.67865 0.64472 0.41544 0.08401
0 0.78163 0.69247 0.40129 0.07305
0 0.77653 0.74021 0.42326 0.07394
0 0.73531 0.78796 0.37897 0.07859
0 0.67758 0.83571 0.40345 0.08343
0 0.90128 0.13281 0.37182 0.08626
0 0.82086 0.18586 0.37698 0.07747
0 0.86016 0.23891 0.43748 0.08122
0 0.90019 0.29196 0.43837 0.08156
0 0.88593 0.34501 0.39566 0.08339
0 0.92817 0.39806 0.41004 0.07725
0 0.86223 0.45111 0.40014 0.07439
0 0.97549 0.50416 0.43871 0.08547
0 0.87507 0.55721 0.41381 0.08293
0 0.97773 0.61026 0.40921 0.07944
0 0.88654 0.71636 0.41645 0.07898
0 0.80383 0.82246 0.39249 0.08051
0 0.85023 0.87551 0.37382 0.07561
0 0.87038 0.92856 0.37414 0.07671