0 0.09515 0.13281 0.37712 0.0776
0 0.09614 0.18586 0.40167 0.07758
0 0.09512 0.23891 0.42124 0.08611
0 0.09713 0.29196 0.41154 0.08493
0 0.10952 0.34501 0.37869 0.0798
0 0.10553 0.39806 0.43132 0.07363
0 0.09734 0.45111 0.38109 0.07667
0 0.11702 0.50416 0.37237 0.07573
0 0.11639 0.55721 0.38319 0.07878
0 0.09341 0.61026 0.39379 0.08046
0 0.11536 0.66331 0.37959 0.07859
0 0.10705 0.71636 0.40457 0.07734
0 0.11389 0.76941 0.42735 0.0807
0 0.09444 0.82246 0.40884 0.08039
0 0.10894 0.87551 0.38397 0.08173
0 0.09972 0.92856 0.42665 0.07779
0 0.31989 0.14609 0.41377 0.08463
0 0.28641 0.20444 0.41149 0.07847
0 0.33742 0.26280 0.43562 0.07761
0 0.3115 0.32115 0.38073 0.08098
0 0.36025 0.37951 0.43593 0.08378
0 0.30702 0.43786 0.43998 0.08114
0 0.34538 0.49622 0.4047 0.07542
0 0.32861 0.55457 0.42109 0.08477
0 0.30822 0.61293 0.37943 0.07968
0 0.28927 0.67129 0.43929 0.0804
0 0.35135 0.72964 0.4197 0.08039
0 0.33721 0.78800 0.4296 0.07544
0 0.32766 0.84635 0.41135 0.08322
0 0.30711 0.90471 0.38867 0.07597
0 0.30557 0.96306 0.3841 0.07434
0 0.46225 0.13281 0.4313 0.07458
0 0.4932 0.18586 0.4375 0.08333
0 0.58618 0.23891 0.41631 0.08198
0 0.4897 0.29196 0.42233 0.08706
0 0.48243 0.34501 0.37783 0.08125
0 0.51134 0.39806 0.39033 0.07322
0 0.54021 0.45111 0.38513 0.07767
0 0.58827 0.50416 0.44088 0.07933
0 0.5014 0.55721 0.37346 0.08633
0 0.60187 0.61026 0.42164 0.08198
0 0.49431 0.66331 0.42521 0.08147
0 0.47882 0.71636 0.41831 0.07961
0 0.54919 0.76941 0.39467 0.07916
0 0.52047 0.82246 0.43991 0.07834
0 0.56088 0.87551 0.43437 0.08441
0 0.59047 0.92856 0.37231 0.07708
0 0.73856 0.11953 0.4227 0.07953
0 0.7822 0.16727 0.40785 0.0793
0 0.75531 0.21502 0.41275 0.08465
0 0.6814 0.26276 0.40395 0.0754
0 0.80978 0.31051 0.43882 0.07396
0 0.67968 0.35825 0.42901 0.08059
0 0.71333 0.40600 0.43434 0.08639
0 0.75346 0.45374 0.39781 0.07784
0 0.74065 0.50149 0.43772 0.0838
0 0.75516 0.54923 0.40926 0.0776
0 0.77809 0.59698 0.4162 0.07529
0 0.67791 0.64472 0.37581 0.08403
0 0.65692 0.69247 0.42492 0.07795
0 0.74342 0.74021 0.41154 0.0854
0 0.82544 0.78796 0.42462 0.07528
0 0.73477 0.83571 0.37575 0.07413
0 0.97141 0.18586 0.42556 0.07849
0 0.8042 0.23891 0.41336 0.08136
0 0.82317 0.29196 0.42156 0.07333
0 0.90878 0.34501 0.41267 0.08026
0 0.99039 0.39806 0.43567 0.07316
0 0.96609 0.45111 0.41569 0.08174
0 0.84542 0.50416 0.37723 0.08007
0 0.90261 0.61026 0.39815 0.074
0 0.84172 0.66331 0.43878 0.07877
0 0.84633 0.76941 0.43401 0.08297
0 0.88745 0.82246 0.3832 0.08471
0 0.92915 0.87551 0.38903 0.07378
0 0.89241 0.92856 0.41961 0.08425