0 0.1044 0.13281 0.25217 0.0477
0 0.11447 0.18586 0.23971 0.0516
0 0.11119 0.23891 0.25607 0.05065
0 0.11415 0.29196 0.2392 0.04963
0 0.10453 0.34501 0.24613 0.04771
0 0.11019 0.39806 0.25903 0.0495
0 0.10462 0.45111 0.25356 0.05005
0 0.10963 0.50416 0.24503 0.05227
0 0.09502 0.55721 0.23905 0.0472
0 0.09533 0.61026 0.2245 0.04587
0 0.10288 0.66331 0.26185 0.0493
0 0.10379 0.71636 0.26061 0.04701
0 0.11124 0.76941 0.22312 0.0509
0 0.09962 0.82246 0.22631 0.05045
0 0.09907 0.87551 0.2617 0.04964
0 0.10601 0.92856 0.25218 0.04739
0 0.29094 0.14609 0.2638 0.04558
0 0.31187 0.20444 0.24603 0.04848
0 0.28901 0.26280 0.24176 0.04769
0 0.33971 0.32115 0.22774 0.04442
0 0.31536 0.37951 0.229 0.04773
0 0.28754 0.43786 0.2632 0.04981
0 0.28494 0.49622 0.24367 0.04434
0 0.30544 0.55457 0.22933 0.04977
0 0.28723 0.61293 0.26002 0.04933
0 0.32025 0.67129 0.22519 0.04805
0 0.3113 0.72964 0.26494 0.04581
0 0.29092 0.78800 0.22266 0.05171
0 0.28416 0.84635 0.2277 0.05103
0 0.30015 0.90471 0.24678 0.04936
0 0.30343 0.96306 0.25083 0.04785
0 0.48015 0.13281 0.25758 0.05117
0 0.50402 0.18586 0.22551 0.04819
0 0.47286 0.23891 0.25183 0.05007
0 0.48828 0.29196 0.22421 0.04883
0 0.52985 0.34501 0.26419 0.05214
0 0.51496 0.39806 0.23466 0.04925
0 0.542 0.45111 0.25412 0.04569
0 0.48858 0.50416 0.25896 0.05155
0 0.56547 0.55721 0.25353 0.0438
0 0.53151 0.61026 0.26488 0.04552
0 0.48428 0.66331 0.25376 0.05197
0 0.50069 0.71636 0.22385 0.05206
0 0.47771 0.76941 0.24414 0.04565
0 0.53583 0.82246 0.24982 0.04557
0 0.53243 0.87551 0.23866 0.05189
0 0.52675 0.92856 0.24009 0.04563
0 0.66637 0.11953 0.25985 0.04877
0 0.80561 0.16727 0.23072 0.04746
0 0.76774 0.21502 0.24304 0.05233
0 0.73027 0.26276 0.23998 0.04474
0 0.7706 0.31051 0.2578 0.04938
0 0.75655 0.35825 0.22199 0.05242
0 0.78976 0.40600 0.23672 0.04552
0 0.78495 0.45374 0.25752 0.04875
0 0.75599 0.50149 0.23366 0.0452
0 0.67202 0.54923 0.24754 0.04977
0 0.70234 0.59698 0.26354 0.04889
0 0.7811 0.64472 0.23063 0.04542
0 0.71585 0.69247 0.22247 0.04652
0 0.74977 0.74021 0.24525 0.05028
0 0.70396 0.78796 0.25695 0.05083
0 0.76695 0.83571 0.25584 0.05105
0 0.9144 0.13281 0.24667 0.04974
0 0.88142 0.18586 0.23132 0.04553
0 0.99691 0.23891 0.25693 0.04679
0 0.98933 0.29196 0.23173 0.04428
0 0.90551 0.34501 0.2312 0.05249
0 0.87698 0.39806 0.23642 0.04842
0 0.8644 0.45111 0.23908 0.04848
0 0.82258 0.50416 0.26182 0.04641
0 0.81973 0.55721 0.22179 0.04779
0 0.9736 0.61026 0.23804 0.0491
0 0.98963 0.66331 0.24534 0.04854
0 0.94707 0.71636 0.2609 0.04954
0 0.83783 0.76941 0.23093 0.047
0 0.83852 0.82246 0.2496 0.04485
0 0.91252 0.87551 0.24012 0.04562
0 0.85963 0.92856 0.24576 0.04662