0 0.12066 0.13281 0.42812 0.07854
0 0.09632 0.18586 0.40031 0.0868
0 0.10993 0.23891 0.40205 0.07485
0 0.09904 0.29196 0.39252 0.075
0 0.10327 0.34501 0.43345 0.07731
0 0.11423 0.39806 0.4029 0.0832
0 0.10323 0.45111 0.41653 0.08237
0 0.09377 0.50416 0.41515 0.08347
0 0.11314 0.55721 0.41566 0.08283
0 0.11934 0.61026 0.37274 0.08601
0 0.11899 0.66331 0.4183 0.08698
0 0.12044 0.71636 0.38999 0.08468
0 0.10014 0.76941 0.42317 0.07644
0 0.11238 0.82246 0.43216 0.07969
0 0.10812 0.87551 0.40398 0.0873
0 0.10673 0.92856 0.37373 0.07683
0 0.35075 0.14609 0.42148 0.07723
0 0.34666 0.20444 0.36891 0.08055
0 0.29989 0.26280 0.37606 0.08584
0 0.3134 0.32115 0.4154 0.07699
0 0.29439 0.37951 0.41078 0.07841
0 0.34299 0.43786 0.38845 0.08594
0 0.32743 0.49622 0.43491 0.0742
0 0.28583 0.55457 0.42644 0.08547
0 0.33483 0.61293 0.37702 0.08666
0 0.34399 0.67129 0.37982 0.07302
0 0.28243 0.72964 0.39372 0.07369
0 0.32561 0.78800 0.42469 0.07403
0 0.28146 0.84635 0.41156 0.07814
0 0.30823 0.90471 0.38308 0.0784
0 0.28542 0.96306 0.41415 0.08543
0 0.53853 0.13281 0.39551 0.07954
0 0.46353 0.18586 0.39821 0.07409
0 0.4901 0.23891 0.39063 0.08694
0 0.48798 0.29196 0.42274 0.07552
0 0.51761 0.34501 0.39319 0.0808
0 0.56478 0.39806 0.42559 0.08473
0 0.4735 0.45111 0.41847 0.07479
0 0.54435 0.50416 0.37345 0.07964
0 0.54277 0.55721 0.38639 0.08196
0 0.5737 0.61026 0.41432 0.07615
0 0.57328 0.66331 0.42586 0.07404
0 0.51747 0.71636 0.38802 0.08735
0 0.57898 0.76941 0.40059 0.08035
0 0.49256 0.82246 0.43798 0.07768
0 0.56858 0.87551 0.39519 0.07569
0 0.49996 0.92856 0.39181 0.07985
0 0.69821 0.11953 0.40013 0.08
0 0.84382 0.16727 0.42254 0.07901
0 0.83762 0.21502 0.44204 0.07412
0 0.73765 0.26276 0.4261 0.07301
0 0.66953 0.31051 0.40554 0.07973
0 0.66229 0.35825 0.43208 0.08616
0 0.79048 0.40600 0.38417 0.0752
0 0.83855 0.45374 0.39029 0.08541
0 0.66135 0.50149 0.42076 0.08463
0 0.65231 0.54923 0.38588 0.0757
0 0.69816 0.59698 0.4202 0.08003
0 0.7683 0.64472 0.43338 0.08621
0 0.70926 0.69247 0.40328 0.0759
0 0.67022 0.74021 0.39651 0.07753
0 0.72543 0.78796 0.38176 0.07395
0 0.75533 0.83571 0.39236 0.07453
0 0.83235 0.13281 0.432 0.07998
0 0.89777 0.18586 0.41042 0.08298
0 0.9644 0.23891 0.4405 0.08598
0 0.84494 0.34501 0.41852 0.07426
0 0.81482 0.39806 0.41075 0.07533
0 0.94109 0.45111 0.4378 0.07791
0 0.9308 0.50416 0.36899 0.07991
0 0.8742 0.55721 0.41139 0.07502
0 0.98843 0.61026 0.40769 0.08296
0 0.80937 0.66331 0.38986 0.08336
0 0.85107 0.71636 0.42322 0.08414
0 0.96172 0.82246 0.38743 0.0788
0 0.93009 0.87551 0.40732 0.0752
0 0.931 0.92856 0.41785 0.08516