0 0.11313 0.13281 0.3977 0.0802
0 0.09899 0.18586 0.39726 0.08541
0 0.10222 0.23891 0.38778 0.07307
0 0.11426 0.29196 0.4117 0.08052
0 0.11155 0.34501 0.4332 0.07477
0 0.09807 0.39806 0.39511 0.07593
0 0.09769 0.45111 0.41625 0.0855
0 0.11332 0.50416 0.43828 0.08431
0 0.09761 0.55721 0.41221 0.07649
0 0.10015 0.61026 0.44185 0.08745
0 0.099 0.66331 0.37282 0.0777
0 0.10731 0.71636 0.39056 0.07953
0 0.10292 0.76941 0.42361 0.08058
0 0.10217 0.82246 0.39673 0.08602
0 0.10718 0.87551 0.39646 0.07613
0 0.09595 0.92856 0.42574 0.08753
0 0.3115 0.14609 0.3867 0.08579
0 0.33646 0.20444 0.41035 0.08472
0 0.35301 0.26280 0.39219 0.08079
0 0.33406 0.32115 0.37618 0.08728
0 0.30259 0.37951 0.42425 0.08039
0 0.35483 0.43786 0.40597 0.08543
0 0.28922 0.49622 0.39451 0.07596
0 0.35228 0.55457 0.37481 0.07347
0 0.31744 0.61293 0.44011 0.07931
0 0.31978 0.67129 0.39696 0.08531
0 0.3008 0.72964 0.38255 0.07521
0 0.30603 0.78800 0.38858 0.08418
0 0.31641 0.84635 0.43945 0.08639
0 0.31659 0.90471 0.37198 0.08
0 0.31481 0.96306 0.41691 0.0868
0 0.49539 0.13281 0.4132 0.0872
0 0.50709 0.18586 0.436 0.07537
0 0.47542 0.23891 0.41624 0.08107
0 0.53118 0.29196 0.41624 0.08176
0 0.53274 0.34501 0.43485 0.08422
0 0.47914 0.39806 0.41907 0.0807
0 0.46414 0.45111 0.42871 0.07909
0 0.54512 0.50416 0.40615 0.08512
0 0.55979 0.55721 0.4306 0.0747
0 0.52728 0.61026 0.43223 0.07512
0 0.51919 0.66331 0.37873 0.08435
0 0.4966 0.71636 0.41425 0.08165
0 0.51141 0.76941 0.4097 0.08058
0 0.5007 0.82246 0.42456 0.0788
0 0.47484 0.87551 0.39596 0.08347
0 0.59805 0.92856 0.39521 0.07494
0 0.65926 0.11953 0.37157 0.08604
0 0.71109 0.16727 0.4182 0.07604
0 0.65484 0.21502 0.39326 0.08284
0 0.7416 0.26276 0.43618 0.07313
0 0.67717 0.31051 0.42832 0.08345
0 0.78405 0.35825 0.39177 0.08691
0 0.78729 0.40600 0.42768 0.07921
0 0.67847 0.45374 0.39935 0.08567
0 0.83667 0.50149 0.39177 0.07808
0 0.6505 0.54923 0.38473 0.08656
0 0.81074 0.59698 0.40172 0.07629
0 0.71928 0.64472 0.43578 0.08174
0 0.71835 0.69247 0.42827 0.0814
0 0.76298 0.74021 0.42894 0.08581
0 0.67953 0.78796 0.3937 0.07629
0 0.83417 0.83571 0.41767 0.08351
0 0.99381 0.13281 0.39919 0.08084
0 0.85793 0.18586 0.40139 0.08683
0 0.82075 0.23891 0.37806 0.08659
0 0.87309 0.29196 0.37829 0.07802
0 0.99917 0.34501 0.43252 0.08643
0 0.92983 0.45111 0.43413 0.08243
0 0.96035 0.50416 0.39831 0.08351
0 0.82378 0.55721 0.41301 0.07716
0 0.98855 0.61026 0.41675 0.07472
0 0.90586 0.66331 0.4186 0.07766
0 0.86627 0.71636 0.3876 0.08169
0 0.80374 0.82246 0.44232 0.08227
0 0.85657 0.87551 0.41899 0.08148
0 0.85877 0.92856 0.42459 0.07874