0 0.10501 0.13536 0.17951 0.03775
0 0.10501 0.19000 0.19037 0.03994
0 0.10501 0.22163 0.20834 0.03942
0 0.10501 0.30932 0.21725 0.03357
0 0.10501 0.31929 0.19055 0.04221
0 0.10501 0.37434 0.2137 0.03784
0 0.10501 0.42513 0.17242 0.03809
0 0.10501 0.46808 0.18676 0.04152
0 0.10501 0.57135 0.21703 0.03318
0 0.10501 0.63988 0.19141 0.03966
0 0.10501 0.72937 0.17347 0.04236
0 0.10501 0.66585 0.18327 0.03272
0 0.10501 0.79015 0.17271 0.03758
0 0.10501 0.76582 0.16731 0.0416
0 0.10501 0.83692 0.17218 0.03917
0 0.10501 0.96812 0.16588 0.03688
0 0.3148 0.13771 0.20077 0.03369
0 0.3148 0.19142 0.183 0.03926
0 0.3148 0.25187 0.2179 0.03749
0 0.3148 0.31213 0.18632 0.03806
0 0.3148 0.40868 0.17573 0.04126
0 0.3148 0.43324 0.21704 0.03704
0 0.3148 0.45969 0.21824 0.04133
0 0.3148 0.51008 0.16351 0.03952
0 0.3148 0.61553 0.21517 0.03762
0 0.3148 0.66289 0.19064 0.03929
0 0.3148 0.75809 0.19879 0.03826
0 0.3148 0.75047 0.19876 0.03952
0 0.3148 0.80986 0.21451 0.04121
0 0.3148 0.83121 0.1833 0.03728
0 0.3148 0.96531 0.2185 0.03739
0 0.52459 0.13246 0.1656 0.03342
0 0.52459 0.16934 0.16988 0.04143
0 0.52459 0.23873 0.17258 0.03988
0 0.52459 0.29773 0.17711 0.03379
0 0.52459 0.32965 0.20273 0.03897
0 0.52459 0.37019 0.18561 0.04022
0 0.52459 0.48399 0.18958 0.04203
0 0.52459 0.52962 0.18379 0.03461
0 0.52459 0.52860 0.17301 0.04106
0 0.52459 0.62089 0.19687 0.03317
0 0.52459 0.70648 0.17844 0.0406
0 0.52459 0.69106 0.18168 0.03487
0 0.52459 0.79424 0.21302 0.0323
0 0.52459 0.86919 0.2024 0.03402
0 0.52459 0.80655 0.16504 0.04017
0 0.52459 0.91206 0.17489 0.03698
0 0.73438 0.12984 0.21639 0.03822
0 0.73438 0.15571 0.20722 0.03923
0 0.73438 0.19358 0.19333 0.03862
0 0.73438 0.28315 0.21403 0.03886
0 0.73438 0.30040 0.20932 0.0393
0 0.73438 0.37468 0.17909 0.03442
0 0.73438 0.41575 0.20096 0.04129
0 0.73438 0.46754 0.22116 0.04224
0 0.73438 0.48065 0.18368 0.03391
0 0.73438 0.52044 0.20787 0.0333
0 0.73438 0.62839 0.20126 0.035
0 0.73438 0.59822 0.20499 0.03655
0 0.73438 0.75853 0.20852 0.03718
0 0.73438 0.72286 0.17532 0.0343
0 0.73438 0.76869 0.17548 0.03439
0 0.73438 0.83267 0.18387 0.04156
0 0.90921 0.12401 0.21061 0.0387
0 0.90921 0.19894 0.18297 0.03374
0 0.90921 0.25426 0.19724 0.03547
0 0.90921 0.31099 0.18547 0.03747
0 0.90921 0.36901 0.20469 0.03313
0 0.90921 0.38922 0.18276 0.04224
0 0.90921 0.47580 0.18318 0.03947
0 0.90921 0.46299 0.17772 0.03833
0 0.90921 0.58671 0.19332 0.03568
0 0.90921 0.63482 0.18783 0.03796
0 0.90921 0.64869 0.19372 0.04345
0 0.90921 0.67691 0.19873 0.04178
0 0.90921 0.77468 0.19076 0.04135
0 0.90921 0.80687 0.17649 0.0333
0 0.90921 0.93759 0.20547 0.04106
0 0.90921 0.87797 0.18416 0.04244