0 0.10501 0.13194 0.1644 0.0406
0 0.10501 0.18625 0.17513 0.04095
0 0.10501 0.24022 0.17239 0.04099
0 0.10501 0.26320 0.19827 0.04098
0 0.10501 0.33304 0.16965 0.03855
0 0.10501 0.38940 0.16799 0.03674
0 0.10501 0.41147 0.19693 0.04188
0 0.10501 0.49077 0.19914 0.03571
0 0.10501 0.59635 0.21166 0.04104
0 0.10501 0.64302 0.19426 0.04122
0 0.10501 0.72687 0.21372 0.03412
0 0.10501 0.76323 0.17817 0.03261
0 0.10501 0.69547 0.21826 0.0401
0 0.10501 0.75937 0.20504 0.03682
0 0.10501 0.88510 0.19155 0.03924
0 0.10501 0.94371 0.19312 0.03435
0 0.3148 0.15325 0.21784 0.03534
0 0.3148 0.19100 0.16499 0.03653
0 0.3148 0.26424 0.17437 0.0435
0 0.3148 0.31432 0.22065 0.03613
0 0.3148 0.38997 0.19037 0.03401
0 0.3148 0.45969 0.18668 0.04038
0 0.3148 0.47139 0.16366 0.04286
0 0.3148 0.50829 0.17728 0.03455
0 0.3148 0.62911 0.22006 0.04271
0 0.3148 0.71383 0.19546 0.04252
0 0.3148 0.79921 0.17479 0.03801
0 0.3148 0.72645 0.20236 0.03593
0 0.3148 0.90398 0.2179 0.03595
0 0.3148 0.88562 0.19154 0.03854
0 0.3148 0.90060 0.18574 0.04059
0 0.3148 0.92349 0.16718 0.03614
0 0.52459 0.13710 0.17451 0.03247
0 0.52459 0.18006 0.17841 0.04369
0 0.52459 0.22122 0.18215 0.03737
0 0.52459 0.31166 0.19809 0.03655
0 0.52459 0.33005 0.17783 0.03401
0 0.52459 0.42105 0.17421 0.03292
0 0.52459 0.47335 0.19303 0.03405
0 0.52459 0.48347 0.1977 0.0418
0 0.52459 0.60843 0.20901 0.03596
0 0.52459 0.58752 0.19812 0.04158
0 0.52459 0.72736 0.21927 0.03849
0 0.52459 0.70059 0.16717 0.0343
0 0.52459 0.73868 0.20693 0.03619
0 0.52459 0.82334 0.2062 0.04067
0 0.52459 0.87317 0.21327 0.043
0 0.52459 0.87895 0.20074 0.03371
0 0.73438 0.11619 0.20156 0.03776
0 0.73438 0.15675 0.21047 0.04112
0 0.73438 0.19624 0.19939 0.04054
0 0.73438 0.27756 0.20144 0.04055
0 0.73438 0.33656 0.1984 0.03613
0 0.73438 0.35485 0.17589 0.0372
0 0.73438 0.40839 0.16827 0.04349
0 0.73438 0.48723 0.18735 0.04025
0 0.73438 0.45898 0.19491 0.038
0 0.73438 0.50365 0.17168 0.03221
0 0.73438 0.55130 0.20733 0.03317
0 0.73438 0.64768 0.21374 0.03386
0 0.73438 0.68123 0.18438 0.03951
0 0.73438 0.76158 0.21405 0.04198
0 0.73438 0.74112 0.16733 0.033
0 0.73438 0.77993 0.17813 0.041
0 0.90921 0.13700 0.20873 0.03282
0 0.90921 0.18522 0.16986 0.04103
0 0.90921 0.25914 0.19789 0.04053
0 0.90921 0.28066 0.20853 0.0397
0 0.90921 0.32625 0.19877 0.0382
0 0.90921 0.38770 0.20126 0.03294
0 0.90921 0.45031 0.17193 0.03267
0 0.90921 0.53541 0.16947 0.03439
0 0.90921 0.53106 0.17891 0.03846
0 0.90921 0.61937 0.1881 0.0387
0 0.90921 0.66398 0.17568 0.04208
0 0.90921 0.70170 0.17854 0.03546
0 0.90921 0.75011 0.20416 0.03817
0 0.90921 0.86269 0.1818 0.03872
0 0.90921 0.88300 0.17196 0.04376
0 0.90921 0.86477 0.20459 0.0413