0 0.10747 0.13281 0.23957 0.04819
0 0.10048 0.18586 0.26524 0.04883
0 0.10237 0.23891 0.22976 0.0507
0 0.10307 0.29196 0.25123 0.05053
0 0.0972 0.34501 0.23512 0.04435
0 0.09924 0.39806 0.26448 0.04546
0 0.09734 0.45111 0.25617 0.04768
0 0.10236 0.50416 0.23314 0.04864
0 0.09458 0.55721 0.2536 0.04664
0 0.11325 0.61026 0.23484 0.04679
0 0.109 0.66331 0.22857 0.04736
0 0.11169 0.71636 0.23509 0.04426
0 0.11238 0.76941 0.24678 0.05118
0 0.1096 0.82246 0.25025 0.04547
0 0.10392 0.87551 0.22842 0.05036
0 0.10494 0.92856 0.24761 0.045
0 0.30076 0.14609 0.24792 0.04631
0 0.30755 0.20444 0.2221 0.04638
0 0.28614 0.26280 0.25908 0.04683
0 0.31268 0.32115 0.26385 0.04947
0 0.33565 0.37951 0.25833 0.0512
0 0.33808 0.43786 0.22899 0.04453
0 0.31509 0.49622 0.2265 0.04829
0 0.28901 0.55457 0.24014 0.04447
0 0.31152 0.61293 0.23962 0.05051
0 0.29038 0.67129 0.2432 0.05109
0 0.32565 0.72964 0.23406 0.04804
0 0.28479 0.78800 0.24171 0.05234
0 0.29568 0.84635 0.24048 0.04424
0 0.32336 0.90471 0.25357 0.04676
0 0.28793 0.96306 0.25121 0.04967
0 0.51381 0.13281 0.2421 0.04622
0 0.56518 0.18586 0.24746 0.04697
0 0.51573 0.23891 0.24929 0.05049
0 0.47264 0.29196 0.25358 0.04603
0 0.57569 0.34501 0.22463 0.04561
0 0.53453 0.39806 0.24067 0.05225
0 0.55925 0.45111 0.24729 0.04755
0 0.56011 0.50416 0.25194 0.05162
0 0.56628 0.55721 0.23453 0.04889
0 0.47704 0.61026 0.22563 0.04708
0 0.56483 0.66331 0.25518 0.04678
0 0.4739 0.71636 0.22721 0.05083
0 0.48682 0.76941 0.2299 0.05243
0 0.48603 0.82246 0.23996 0.04727
0 0.56364 0.87551 0.22672 0.05149
0 0.52982 0.92856 0.26406 0.05102
0 0.6847 0.11953 0.24057 0.05144
0 0.68301 0.16727 0.25876 0.04584
0 0.75386 0.21502 0.26123 0.05006
0 0.7396 0.26276 0.23408 0.05018
0 0.66096 0.31051 0.23686 0.0499
0 0.66327 0.35825 0.24512 0.04564
0 0.70126 0.40600 0.24567 0.04381
0 0.67072 0.45374 0.23862 0.04482
0 0.78936 0.50149 0.24086 0.04835
0 0.70608 0.54923 0.25893 0.04463
0 0.80533 0.59698 0.24693 0.04838
0 0.79599 0.64472 0.26379 0.05004
0 0.70211 0.69247 0.24053 0.04871
0 0.73122 0.74021 0.26498 0.04624
0 0.80041 0.78796 0.25823 0.04644
0 0.72978 0.83571 0.25343 0.04911
0 0.85893 0.13281 0.23019 0.04643
0 0.93447 0.18586 0.26227 0.04501
0 0.92049 0.23891 0.25704 0.04599
0 0.92328 0.29196 0.22561 0.0488
0 0.84139 0.34501 0.23848 0.04566
0 0.8211 0.39806 0.22961 0.05235
0 0.99854 0.45111 0.2285 0.04446
0 0.87845 0.50416 0.25609 0.05223
0 0.93617 0.55721 0.23831 0.04537
0 0.85897 0.61026 0.23001 0.05058
0 0.9955 0.66331 0.25874 0.04874
0 0.85343 0.71636 0.26344 0.04978
0 0.96748 0.76941 0.24844 0.04809
0 0.95059 0.82246 0.23059 0.05065
0 0.81854 0.87551 0.23732 0.04962
0 0.99157 0.92856 0.25442 0.05245