0 0.10501 0.14588 0.21041 0.03956
0 0.10501 0.19116 0.21437 0.036
0 0.10501 0.22097 0.18212 0.03768
0 0.10501 0.29704 0.18074 0.03269
0 0.10501 0.36236 0.21384 0.04308
0 0.10501 0.39987 0.17268 0.03563
0 0.10501 0.45488 0.1696 0.04068
0 0.10501 0.45596 0.22062 0.03241
0 0.10501 0.55387 0.18753 0.04198
0 0.10501 0.64345 0.16981 0.03236
0 0.10501 0.64849 0.20864 0.03396
0 0.10501 0.71232 0.19191 0.04262
0 0.10501 0.81815 0.18269 0.03849
0 0.10501 0.74853 0.1727 0.03839
0 0.10501 0.81249 0.1932 0.04152
0 0.10501 0.89819 0.20022 0.03977
0 0.3148 0.15251 0.16968 0.03322
0 0.3148 0.19875 0.16239 0.03629
0 0.3148 0.26904 0.16909 0.03616
0 0.3148 0.29222 0.17503 0.03279
0 0.3148 0.41578 0.21629 0.04328
0 0.3148 0.40375 0.16719 0.04243
0 0.3148 0.46368 0.21724 0.03599
0 0.3148 0.52780 0.21848 0.0364
0 0.3148 0.59639 0.19944 0.04101
0 0.3148 0.69841 0.21267 0.03585
0 0.3148 0.79336 0.21841 0.0437
0 0.3148 0.84329 0.16749 0.0338
0 0.3148 0.84430 0.18676 0.04121
0 0.3148 0.90811 0.18589 0.03412
0 0.3148 0.92385 0.16434 0.03855
0 0.52459 0.13655 0.17936 0.03544
0 0.52459 0.18654 0.2093 0.04019
0 0.52459 0.23870 0.1847 0.03237
0 0.52459 0.31579 0.1967 0.03218
0 0.52459 0.37672 0.22117 0.03448
0 0.52459 0.43740 0.19217 0.041
0 0.52459 0.43367 0.20788 0.0396
0 0.52459 0.52848 0.18669 0.04373
0 0.52459 0.54281 0.16854 0.03895
0 0.52459 0.61355 0.17843 0.03841
0 0.52459 0.60795 0.16316 0.03221
0 0.52459 0.78220 0.17607 0.03342
0 0.52459 0.82470 0.21376 0.03454
0 0.52459 0.77407 0.2029 0.03441
0 0.52459 0.87774 0.22117 0.04318
0 0.52459 0.93403 0.20821 0.03817
0 0.73438 0.11601 0.17147 0.03745
0 0.73438 0.16719 0.17728 0.04106
0 0.73438 0.23381 0.18239 0.03953
0 0.73438 0.25233 0.17939 0.03391
0 0.73438 0.28546 0.21277 0.04355
0 0.73438 0.34607 0.17828 0.0342
0 0.73438 0.44078 0.17758 0.03333
0 0.73438 0.42032 0.17433 0.04302
0 0.73438 0.45258 0.19953 0.03706
0 0.73438 0.54477 0.20995 0.03728
0 0.73438 0.57023 0.21035 0.03609
0 0.73438 0.69194 0.19067 0.03685
0 0.73438 0.72109 0.1933 0.04115
0 0.73438 0.72892 0.21082 0.04206
0 0.73438 0.77706 0.1805 0.03952
0 0.73438 0.84665 0.202 0.03562
0 0.90921 0.13434 0.21785 0.04177
0 0.90921 0.20340 0.21454 0.03894
0 0.90921 0.21824 0.19611 0.04133
0 0.90921 0.31031 0.21984 0.03493
0 0.90921 0.31529 0.18107 0.03764
0 0.90921 0.43229 0.17046 0.03587
0 0.90921 0.47165 0.21654 0.04122
0 0.90921 0.46546 0.19106 0.03318
0 0.90921 0.53236 0.21468 0.0362
0 0.90921 0.56984 0.19141 0.03953
0 0.90921 0.64751 0.17988 0.03585
0 0.90921 0.74815 0.16588 0.03576
0 0.90921 0.75825 0.18911 0.03774
0 0.90921 0.84284 0.17786 0.04163
0 0.90921 0.91485 0.17127 0.03939
0 0.90921 0.88052 0.18353 0.03228