0 0.10501 0.13281 0.3772 0.08533
0 0.10501 0.18586 0.43741 0.07454
0 0.10501 0.23891 0.37653 0.08717
0 0.10501 0.29196 0.44077 0.0805
0 0.10501 0.34501 0.40041 0.08217
0 0.10501 0.39806 0.44074 0.07299
0 0.10501 0.45111 0.38241 0.07959
0 0.10501 0.50416 0.42174 0.0735
0 0.10501 0.55721 0.39984 0.08303
0 0.10501 0.61026 0.41249 0.07614
0 0.10501 0.66331 0.42028 0.07869
0 0.10501 0.71636 0.43668 0.08004
0 0.10501 0.76941 0.43409 0.07776
0 0.10501 0.82246 0.37798 0.08534
0 0.10501 0.87551 0.38165 0.0803
0 0.10501 0.92856 0.43572 0.07461
0 0.3148 0.14609 0.44026 0.07359
0 0.3148 0.20444 0.36923 0.0741
0 0.3148 0.26280 0.40202 0.07504
0 0.3148 0.32115 0.3933 0.07943
0 0.3148 0.37951 0.40789 0.07384
0 0.3148 0.43786 0.44041 0.07629
0 0.3148 0.49622 0.41779 0.0793
0 0.3148 0.55457 0.41035 0.0784
0 0.3148 0.61293 0.39665 0.07643
0 0.3148 0.67129 0.43916 0.08526
0 0.3148 0.72964 0.42871 0.08218
0 0.3148 0.78800 0.43749 0.0812
0 0.3148 0.84635 0.41863 0.0833
0 0.3148 0.90471 0.39129 0.07573
0 0.3148 0.96306 0.40041 0.07323
0 0.52459 0.13281 0.40609 0.07394
0 0.52459 0.18586 0.42467 0.08317
0 0.52459 0.23891 0.38805 0.0869
0 0.52459 0.29196 0.39302 0.07518
0 0.52459 0.34501 0.42442 0.07882
0 0.52459 0.39806 0.3848 0.08727
0 0.52459 0.45111 0.38052 0.07456
0 0.52459 0.50416 0.40215 0.08746
0 0.52459 0.55721 0.39487 0.07955
0 0.52459 0.61026 0.38067 0.07382
0 0.52459 0.66331 0.39543 0.08434
0 0.52459 0.71636 0.38116 0.08069
0 0.52459 0.76941 0.40508 0.0782
0 0.52459 0.82246 0.41884 0.08102
0 0.52459 0.87551 0.40131 0.07668
0 0.52459 0.92856 0.42079 0.07931
0 0.73438 0.11953 0.42382 0.0753
0 0.73438 0.16727 0.40581 0.0783
0 0.73438 0.21502 0.38944 0.07892
0 0.73438 0.26276 0.37215 0.07299
0 0.73438 0.31051 0.43366 0.0859
0 0.73438 0.35825 0.42498 0.08116
0 0.73438 0.40600 0.40328 0.07788
0 0.73438 0.45374 0.43131 0.0808
0 0.73438 0.50149 0.3809 0.08523
0 0.73438 0.54923 0.43388 0.08438
0 0.73438 0.59698 0.37196 0.07686
0 0.73438 0.64472 0.37839 0.07741
0 0.73438 0.69247 0.41756 0.08155
0 0.73438 0.74021 0.41872 0.07793
0 0.73438 0.78796 0.37394 0.08021
0 0.73438 0.83571 0.41365 0.0827
0 0.90921 0.13281 0.38461 0.07863
0 0.90921 0.18586 0.40305 0.07525
0 0.90921 0.23891 0.38618 0.07831
0 0.90921 0.29196 0.38696 0.07928
0 0.90921 0.34501 0.3817 0.0758
0 0.90921 0.39806 0.39694 0.0829
0 0.90921 0.45111 0.40615 0.08258
0 0.90921 0.50416 0.41478 0.07895
0 0.90921 0.55721 0.4191 0.07948
0 0.90921 0.61026 0.39507 0.08432
0 0.90921 0.66331 0.37885 0.07652
0 0.90921 0.71636 0.40794 0.07941
0 0.90921 0.76941 0.41541 0.07889
0 0.90921 0.82246 0.37481 0.0833
0 0.90921 0.87551 0.39198 0.07569
0 0.90921 0.92856 0.38739 0.08648