0 0.11221 0.13281 0.3772 0.08742
0 0.09283 0.18586 0.40908 0.07323
0 0.11472 0.23891 0.44211 0.07461
0 0.10876 0.29196 0.44083 0.07902
0 0.10566 0.34501 0.40335 0.08212
0 0.11749 0.39806 0.37945 0.07614
0 0.09286 0.45111 0.39504 0.07941
0 0.11713 0.50416 0.37366 0.07544
0 0.09465 0.55721 0.42715 0.07944
0 0.0969 0.61026 0.37294 0.08493
0 0.09871 0.66331 0.41982 0.08351
0 0.11334 0.71636 0.37264 0.07463
0 0.11396 0.76941 0.41502 0.07336
0 0.10412 0.82246 0.39771 0.07461
0 0.10085 0.87551 0.38526 0.07395
0 0.10214 0.92856 0.41833 0.082
0 0.32132 0.14609 0.40769 0.07826
0 0.29103 0.20444 0.39519 0.08538
0 0.32166 0.26280 0.42021 0.07662
0 0.33758 0.32115 0.42099 0.08566
0 0.28573 0.37951 0.38457 0.08059
0 0.31676 0.43786 0.43584 0.08254
0 0.27885 0.49622 0.3702 0.07452
0 0.3464 0.55457 0.41408 0.08448
0 0.33126 0.61293 0.37344 0.07363
0 0.30496 0.67129 0.42266 0.07756
0 0.28598 0.72964 0.39881 0.08561
0 0.35014 0.78800 0.37278 0.08451
0 0.29077 0.84635 0.42817 0.07567
0 0.324 0.90471 0.39847 0.08325
0 0.3229 0.96306 0.39663 0.07813
0 0.60033 0.13281 0.38596 0.07377
0 0.48227 0.18586 0.39742 0.08113
0 0.53506 0.23891 0.41635 0.08624
0 0.50698 0.29196 0.42167 0.08441
0 0.47719 0.34501 0.4091 0.08722
0 0.48251 0.39806 0.39322 0.08266
0 0.51796 0.45111 0.40357 0.08314
0 0.54285 0.50416 0.38021 0.07808
0 0.47094 0.55721 0.42723 0.08456
0 0.51015 0.61026 0.4176 0.0872
0 0.50529 0.66331 0.37911 0.08267
0 0.55578 0.71636 0.37358 0.07538
0 0.55504 0.76941 0.42292 0.07417
0 0.58093 0.82246 0.37138 0.08561
0 0.57609 0.87551 0.43028 0.07974
0 0.56398 0.92856 0.43491 0.07323
0 0.69956 0.11953 0.42289 0.07494
0 0.81305 0.16727 0.38545 0.07643
0 0.83215 0.21502 0.42835 0.07859
0 0.69586 0.26276 0.37721 0.07364
0 0.72246 0.31051 0.39127 0.08731
0 0.72421 0.35825 0.36936 0.07646
0 0.73911 0.40600 0.3931 0.07495
0 0.72009 0.45374 0.4332 0.07674
0 0.65787 0.50149 0.39207 0.07714
0 0.76848 0.54923 0.37615 0.08137
0 0.6713 0.59698 0.37088 0.08249
0 0.81026 0.64472 0.41927 0.07698
0 0.81498 0.69247 0.41999 0.08326
0 0.79543 0.74021 0.37218 0.0828
0 0.83187 0.78796 0.37572 0.0832
0 0.73657 0.83571 0.43587 0.07635
0 0.80313 0.13281 0.36891 0.0839
0 0.974 0.23891 0.36992 0.08262
0 0.94823 0.29196 0.36948 0.08234
0 0.82029 0.34501 0.42178 0.08118
0 0.86538 0.39806 0.44022 0.08
0 0.99603 0.45111 0.43378 0.07405
0 0.87859 0.50416 0.41429 0.07546
0 0.89866 0.55721 0.37688 0.07757
0 0.92226 0.61026 0.4134 0.08272
0 0.82243 0.66331 0.39829 0.08547
0 0.99932 0.71636 0.396 0.08638
0 0.86381 0.76941 0.42785 0.07849
0 0.93104 0.82246 0.4417 0.07471
0 0.84541 0.87551 0.42046 0.07702
0 0.8732 0.92856 0.36978 0.07725