0 0.10597 0.13281 0.39672 0.07817
0 0.09721 0.18586 0.38799 0.07719
0 0.09382 0.23891 0.41367 0.07697
0 0.10707 0.29196 0.38254 0.07873
0 0.0938 0.34501 0.38748 0.07731
0 0.11609 0.39806 0.37318 0.08732
0 0.12055 0.45111 0.41521 0.07544
0 0.1169 0.50416 0.44121 0.07393
0 0.10111 0.55721 0.37143 0.08613
0 0.11046 0.61026 0.40252 0.07764
0 0.09711 0.66331 0.41745 0.08329
0 0.11529 0.71636 0.42901 0.07419
0 0.09792 0.76941 0.39227 0.07338
0 0.10851 0.82246 0.36994 0.08411
0 0.09661 0.87551 0.37985 0.08732
0 0.09572 0.92856 0.43012 0.07374
0 0.28484 0.14609 0.41012 0.0798
0 0.29025 0.20444 0.43814 0.07994
0 0.33231 0.26280 0.38027 0.07576
0 0.34778 0.32115 0.4069 0.0744
0 0.28963 0.37951 0.41207 0.08134
0 0.34989 0.43786 0.37248 0.08705
0 0.35506 0.49622 0.43983 0.08307
0 0.31099 0.55457 0.38618 0.08663
0 0.2989 0.61293 0.43084 0.08005
0 0.35157 0.67129 0.38835 0.07933
0 0.35973 0.72964 0.39076 0.08284
0 0.33735 0.78800 0.41235 0.0754
0 0.3536 0.84635 0.43245 0.0744
0 0.28025 0.90471 0.43767 0.0799
0 0.2968 0.96306 0.38882 0.08215
0 0.49503 0.13281 0.41313 0.07981
0 0.59376 0.18586 0.38707 0.07299
0 0.48172 0.23891 0.3826 0.07951
0 0.56292 0.29196 0.39073 0.07715
0 0.56684 0.34501 0.42865 0.07446
0 0.59269 0.39806 0.38951 0.08362
0 0.59626 0.45111 0.41229 0.07876
0 0.47821 0.50416 0.38018 0.08657
0 0.58184 0.55721 0.43699 0.07332
0 0.52547 0.61026 0.37763 0.08455
0 0.57234 0.66331 0.38427 0.07376
0 0.50154 0.71636 0.3812 0.07432
0 0.555 0.76941 0.40275 0.08752
0 0.49357 0.82246 0.38086 0.07892
0 0.50332 0.87551 0.39221 0.07523
0 0.59013 0.92856 0.40446 0.07374
0 0.81982 0.11953 0.38308 0.08744
0 0.79042 0.16727 0.42816 0.08672
0 0.80961 0.21502 0.42146 0.07822
0 0.74652 0.26276 0.39513 0.07794
0 0.70295 0.31051 0.41747 0.08676
0 0.76802 0.35825 0.39909 0.08108
0 0.84261 0.40600 0.39769 0.0775
0 0.80313 0.45374 0.38759 0.07541
0 0.8131 0.50149 0.37482 0.07499
0 0.74352 0.54923 0.37694 0.07551
0 0.68901 0.59698 0.43068 0.07872
0 0.76016 0.64472 0.38967 0.08518
0 0.66841 0.69247 0.37396 0.07845
0 0.78386 0.74021 0.37693 0.07559
0 0.83323 0.78796 0.38922 0.08397
0 0.80424 0.83571 0.38169 0.0842
0 0.91393 0.13281 0.41664 0.0742
0 0.94647 0.18586 0.40184 0.08078
0 0.87077 0.23891 0.38882 0.08584
0 0.90078 0.29196 0.38126 0.07366
0 0.85191 0.34501 0.3909 0.07363
0 0.98475 0.39806 0.41336 0.07937
0 0.82875 0.55721 0.38114 0.07834
0 0.89886 0.61026 0.41684 0.07746
0 0.82471 0.66331 0.38906 0.08563
0 0.85608 0.71636 0.37545 0.08259
0 0.92089 0.76941 0.38268 0.08737
0 0.90218 0.82246 0.39321 0.07595
0 0.96991 0.87551 0.40876 0.08438
0 0.98287 0.92856 0.37361 0.07969