0 0.10501 0.13327 0.17292 0.03657
0 0.10501 0.17653 0.19259 0.03938
0 0.10501 0.24299 0.21329 0.04164
0 0.10501 0.27284 0.18481 0.04
0 0.10501 0.36224 0.18567 0.0344
0 0.10501 0.36239 0.19357 0.03811
0 0.10501 0.42844 0.169 0.03312
0 0.10501 0.51486 0.18407 0.0418
0 0.10501 0.55786 0.20131 0.0337
0 0.10501 0.60939 0.16426 0.03428
0 0.10501 0.62914 0.17234 0.03931
0 0.10501 0.71618 0.20414 0.03913
0 0.10501 0.80915 0.18983 0.03619
0 0.10501 0.78137 0.20358 0.04349
0 0.10501 0.88499 0.17394 0.04138
0 0.10501 0.97043 0.2078 0.03393
0 0.3148 0.14528 0.20755 0.03359
0 0.3148 0.21614 0.19458 0.03431
0 0.3148 0.25883 0.20072 0.03938
0 0.3148 0.31283 0.17743 0.03464
0 0.3148 0.37223 0.19738 0.03619
0 0.3148 0.47262 0.22065 0.04126
0 0.3148 0.48772 0.17249 0.04069
0 0.3148 0.52105 0.21546 0.04272
0 0.3148 0.55594 0.16448 0.03398
0 0.3148 0.65523 0.17533 0.03927
0 0.3148 0.73759 0.20875 0.04071
0 0.3148 0.73689 0.1878 0.03505
0 0.3148 0.80709 0.2114 0.04144
0 0.3148 0.84778 0.21951 0.0343
0 0.3148 0.89631 0.21804 0.03313
0 0.3148 0.97172 0.18291 0.03823
0 0.52459 0.13766 0.20341 0.03955
0 0.52459 0.20407 0.20243 0.03836
0 0.52459 0.26055 0.20125 0.03944
0 0.52459 0.30346 0.17579 0.03452
0 0.52459 0.35280 0.18579 0.03348
0 0.52459 0.42278 0.21037 0.04112
0 0.52459 0.48932 0.2131 0.03505
0 0.52459 0.53812 0.19153 0.03364
0 0.52459 0.52156 0.17562 0.0344
0 0.52459 0.59352 0.17197 0.03832
0 0.52459 0.64985 0.20088 0.03427
0 0.52459 0.65643 0.18214 0.03374
0 0.52459 0.83169 0.1967 0.03461
0 0.52459 0.87662 0.22054 0.03316
0 0.52459 0.92737 0.16228 0.0411
0 0.52459 0.93207 0.20457 0.03336
0 0.73438 0.11861 0.16521 0.03588
0 0.73438 0.15810 0.18366 0.03484
0 0.73438 0.21774 0.17143 0.03458
0 0.73438 0.23922 0.19036 0.03989
0 0.73438 0.31142 0.16895 0.03441
0 0.73438 0.35339 0.2023 0.03518
0 0.73438 0.37586 0.16527 0.04342
0 0.73438 0.49799 0.18004 0.03663
0 0.73438 0.50364 0.16793 0.03693
0 0.73438 0.50501 0.18912 0.04122
0 0.73438 0.63550 0.1657 0.03907
0 0.73438 0.58307 0.17423 0.03377
0 0.73438 0.63482 0.17038 0.03839
0 0.73438 0.73548 0.20379 0.03725
0 0.73438 0.71686 0.2029 0.03418
0 0.73438 0.88029 0.2026 0.03834
0 0.90921 0.14075 0.18982 0.03608
0 0.90921 0.20131 0.20993 0.04035
0 0.90921 0.23049 0.20067 0.03664
0 0.90921 0.27799 0.19597 0.0369
0 0.90921 0.32623 0.16774 0.03765
0 0.90921 0.40517 0.19958 0.03336
0 0.90921 0.41341 0.19511 0.03522
0 0.90921 0.52876 0.21001 0.03954
0 0.90921 0.55534 0.21114 0.03519
0 0.90921 0.66531 0.20619 0.03732
0 0.90921 0.60954 0.18115 0.04224
0 0.90921 0.70439 0.1711 0.03697
0 0.90921 0.73075 0.17585 0.0402
0 0.90921 0.90177 0.20301 0.03525
0 0.90921 0.82743 0.17387 0.03507
0 0.90921 0.91123 0.19118 0.03624