0 0.10501 0.13281 0.41604 0.07674
0 0.10501 0.18586 0.41898 0.08646
0 0.10501 0.23891 0.39781 0.07538
0 0.10501 0.29196 0.378 0.07488
0 0.10501 0.34501 0.37875 0.08298
0 0.10501 0.39806 0.39096 0.07621
0 0.10501 0.45111 0.38669 0.07644
0 0.10501 0.50416 0.43606 0.08115
0 0.10501 0.55721 0.42312 0.08214
0 0.10501 0.61026 0.39227 0.08252
0 0.10501 0.66331 0.43053 0.08192
0 0.10501 0.71636 0.43847 0.08143
0 0.10501 0.76941 0.42541 0.07965
0 0.10501 0.82246 0.38526 0.0797
0 0.10501 0.87551 0.43 0.07929
0 0.10501 0.92856 0.40901 0.07982
0 0.3148 0.14609 0.41153 0.07986
0 0.3148 0.20444 0.40486 0.08343
0 0.3148 0.26280 0.36965 0.07834
0 0.3148 0.32115 0.42114 0.08202
0 0.3148 0.37951 0.37937 0.0735
0 0.3148 0.43786 0.43993 0.07897
0 0.3148 0.49622 0.40405 0.08494
0 0.3148 0.55457 0.40757 0.07507
0 0.3148 0.61293 0.40018 0.08667
0 0.3148 0.67129 0.39809 0.07434
0 0.3148 0.72964 0.41995 0.08473
0 0.3148 0.78800 0.41409 0.08227
0 0.3148 0.84635 0.39993 0.08639
0 0.3148 0.90471 0.3806 0.08699
0 0.3148 0.96306 0.42638 0.08089
0 0.52459 0.13281 0.40684 0.08159
0 0.52459 0.18586 0.42 0.07881
0 0.52459 0.23891 0.39417 0.07471
0 0.52459 0.29196 0.38937 0.08176
0 0.52459 0.34501 0.42631 0.08201
0 0.52459 0.39806 0.40534 0.08685
0 0.52459 0.45111 0.42618 0.08592
0 0.52459 0.50416 0.41427 0.08479
0 0.52459 0.55721 0.4055 0.08748
0 0.52459 0.61026 0.40095 0.07689
0 0.52459 0.66331 0.38889 0.07576
0 0.52459 0.71636 0.42732 0.07769
0 0.52459 0.76941 0.43361 0.0828
0 0.52459 0.82246 0.41904 0.07397
0 0.52459 0.87551 0.43388 0.08065
0 0.52459 0.92856 0.4319 0.0867
0 0.73438 0.11953 0.37194 0.08471
0 0.73438 0.16727 0.4274 0.08065
0 0.73438 0.21502 0.4157 0.07976
0 0.73438 0.26276 0.41317 0.07401
0 0.73438 0.31051 0.40027 0.07297
0 0.73438 0.35825 0.39364 0.08704
0 0.73438 0.40600 0.40042 0.07689
0 0.73438 0.45374 0.42779 0.07795
0 0.73438 0.50149 0.43253 0.0847
0 0.73438 0.54923 0.39477 0.07365
0 0.73438 0.59698 0.39387 0.08178
0 0.73438 0.64472 0.39989 0.07505
0 0.73438 0.69247 0.37753 0.08079
0 0.73438 0.74021 0.41961 0.08055
0 0.73438 0.78796 0.43282 0.07577
0 0.73438 0.83571 0.3738 0.08326
0 0.90921 0.13281 0.38328 0.07651
0 0.90921 0.18586 0.38259 0.08245
0 0.90921 0.23891 0.40069 0.07879
0 0.90921 0.29196 0.37032 0.0761
0 0.90921 0.34501 0.40814 0.08086
0 0.90921 0.39806 0.41722 0.07976
0 0.90921 0.45111 0.42531 0.07466
0 0.90921 0.50416 0.40285 0.08422
0 0.90921 0.55721 0.42798 0.07332
0 0.90921 0.61026 0.42849 0.08386
0 0.90921 0.66331 0.38243 0.08717
0 0.90921 0.71636 0.38516 0.07646
0 0.90921 0.76941 0.41071 0.0791
0 0.90921 0.82246 0.43427 0.07825
0 0.90921 0.87551 0.40354 0.08221
0 0.90921 0.92856 0.42259 0.0849