0 0.10501 0.13281 0.37031 0.07879
0 0.10501 0.18586 0.37672 0.0795
0 0.10501 0.23891 0.43761 0.07397
0 0.10501 0.29196 0.38301 0.08243
0 0.10501 0.34501 0.38338 0.085
0 0.10501 0.39806 0.38953 0.0853
0 0.10501 0.45111 0.43698 0.08225
0 0.10501 0.50416 0.38816 0.073
0 0.10501 0.55721 0.41801 0.08498
0 0.10501 0.61026 0.37683 0.08346
0 0.10501 0.66331 0.43517 0.07988
0 0.10501 0.71636 0.42002 0.08028
0 0.10501 0.76941 0.39314 0.07551
0 0.10501 0.82246 0.37256 0.08398
0 0.10501 0.87551 0.42538 0.07644
0 0.10501 0.92856 0.37591 0.08208
0 0.3148 0.14609 0.43164 0.08004
0 0.3148 0.20444 0.4233 0.0784
0 0.3148 0.26280 0.38241 0.08556
0 0.3148 0.32115 0.41234 0.07627
0 0.3148 0.37951 0.40841 0.08548
0 0.3148 0.43786 0.38287 0.08616
0 0.3148 0.49622 0.42618 0.07321
0 0.3148 0.55457 0.38694 0.08004
0 0.3148 0.61293 0.41303 0.07477
0 0.3148 0.67129 0.4321 0.08216
0 0.3148 0.72964 0.38971 0.08086
0 0.3148 0.78800 0.4044 0.08624
0 0.3148 0.84635 0.39601 0.07782
0 0.3148 0.90471 0.39326 0.07343
0 0.3148 0.96306 0.38059 0.07378
0 0.52459 0.13281 0.39886 0.08167
0 0.52459 0.18586 0.42699 0.08481
0 0.52459 0.23891 0.40486 0.0761
0 0.52459 0.29196 0.37864 0.08131
0 0.52459 0.34501 0.42264 0.07684
0 0.52459 0.39806 0.41767 0.08648
0 0.52459 0.45111 0.37612 0.08474
0 0.52459 0.50416 0.39119 0.07908
0 0.52459 0.55721 0.41337 0.07624
0 0.52459 0.61026 0.397 0.08069
0 0.52459 0.66331 0.3898 0.07757
0 0.52459 0.71636 0.43427 0.08218
0 0.52459 0.76941 0.41843 0.08066
0 0.52459 0.82246 0.38339 0.07788
0 0.52459 0.87551 0.3878 0.08713
0 0.52459 0.92856 0.37793 0.08205
0 0.73438 0.11953 0.43455 0.08158
0 0.73438 0.16727 0.39732 0.076
0 0.73438 0.21502 0.40898 0.08493
0 0.73438 0.26276 0.40121 0.07392
0 0.73438 0.31051 0.41465 0.08425
0 0.73438 0.35825 0.40759 0.08658
0 0.73438 0.40600 0.43324 0.08321
0 0.73438 0.45374 0.4054 0.07734
0 0.73438 0.50149 0.42171 0.0842
0 0.73438 0.54923 0.37844 0.07528
0 0.73438 0.59698 0.37438 0.07915
0 0.73438 0.64472 0.415 0.07565
0 0.73438 0.69247 0.43077 0.08655
0 0.73438 0.74021 0.40262 0.08151
0 0.73438 0.78796 0.39268 0.07566
0 0.73438 0.83571 0.42631 0.08036
0 0.90921 0.13281 0.43627 0.08322
0 0.90921 0.18586 0.37816 0.07575
0 0.90921 0.23891 0.43047 0.07495
0 0.90921 0.29196 0.40967 0.08382
0 0.90921 0.34501 0.42035 0.07505
0 0.90921 0.39806 0.38075 0.07758
0 0.90921 0.45111 0.41651 0.08214
0 0.90921 0.50416 0.43838 0.08452
0 0.90921 0.55721 0.39417 0.0756
0 0.90921 0.61026 0.40132 0.07922
0 0.90921 0.66331 0.43725 0.07912
0 0.90921 0.71636 0.43993 0.07798
0 0.90921 0.76941 0.44078 0.07496
0 0.90921 0.82246 0.38129 0.08606
0 0.90921 0.87551 0.4029 0.0781
0 0.90921 0.92856 0.41223 0.08329