0 0.11641 0.13281 0.44248 0.07352
0 0.11575 0.18586 0.43569 0.08114
0 0.1087 0.23891 0.37824 0.07855
0 0.0969 0.29196 0.41863 0.08652
0 0.1023 0.34501 0.39039 0.07497
0 0.11086 0.39806 0.3897 0.08687
0 0.11789 0.45111 0.4044 0.07543
0 0.10068 0.50416 0.36965 0.07492
0 0.09415 0.55721 0.39939 0.07364
0 0.09619 0.61026 0.43144 0.08307
0 0.09933 0.66331 0.4402 0.07805
0 0.11909 0.71636 0.37088 0.08141
0 0.11864 0.76941 0.38886 0.07503
0 0.1118 0.82246 0.40037 0.07343
0 0.11314 0.87551 0.40844 0.07755
0 0.10394 0.92856 0.38004 0.07343
0 0.33576 0.14609 0.38521 0.07849
0 0.34942 0.20444 0.38237 0.08316
0 0.27919 0.26280 0.40133 0.079
0 0.33384 0.32115 0.41258 0.08694
0 0.34539 0.37951 0.39622 0.07697
0 0.28463 0.43786 0.40007 0.08273
0 0.28501 0.49622 0.4135 0.08503
0 0.34816 0.55457 0.40328 0.0755
0 0.27767 0.61293 0.39871 0.0834
0 0.35882 0.67129 0.37906 0.07626
0 0.35358 0.72964 0.4319 0.08693
0 0.35679 0.78800 0.37495 0.08067
0 0.33065 0.84635 0.43418 0.07723
0 0.3105 0.90471 0.41113 0.0829
0 0.34954 0.96306 0.385 0.08109
0 0.50939 0.13281 0.41155 0.0839
0 0.50789 0.18586 0.438 0.07593
0 0.57433 0.23891 0.42269 0.07339
0 0.5912 0.29196 0.37671 0.07529
0 0.56512 0.34501 0.39675 0.07414
0 0.46882 0.39806 0.38036 0.07775
0 0.5275 0.45111 0.4259 0.08604
0 0.49603 0.50416 0.41556 0.0793
0 0.58405 0.55721 0.39174 0.08254
0 0.57123 0.61026 0.3878 0.08024
0 0.55534 0.66331 0.38968 0.07457
0 0.57606 0.71636 0.40113 0.07936
0 0.53277 0.76941 0.43763 0.07694
0 0.50153 0.82246 0.41992 0.08174
0 0.56594 0.87551 0.37033 0.08355
0 0.47789 0.92856 0.43058 0.07595
0 0.78111 0.11953 0.38983 0.07506
0 0.80836 0.16727 0.4164 0.08485
0 0.71614 0.21502 0.37055 0.08528
0 0.67055 0.26276 0.43786 0.08176
0 0.80144 0.31051 0.41472 0.08021
0 0.831 0.35825 0.38718 0.08625
0 0.6593 0.40600 0.39078 0.07976
0 0.74099 0.45374 0.40243 0.07713
0 0.79188 0.50149 0.39546 0.08753
0 0.81644 0.54923 0.41265 0.08489
0 0.71027 0.59698 0.39153 0.07816
0 0.70049 0.64472 0.4066 0.07427
0 0.69212 0.69247 0.43423 0.08656
0 0.7071 0.74021 0.37023 0.07726
0 0.74033 0.78796 0.38478 0.08572
0 0.73982 0.83571 0.3773 0.0738
0 0.81439 0.18586 0.42559 0.0772
0 0.99056 0.23891 0.41607 0.07798
0 0.84764 0.34501 0.39642 0.07783
0 0.93309 0.45111 0.39271 0.07339
0 0.91153 0.50416 0.42277 0.07783
0 0.82362 0.55721 0.42116 0.0797
0 0.85804 0.61026 0.37028 0.08168
0 0.88864 0.66331 0.37267 0.07565
0 0.91975 0.71636 0.41215 0.07445
0 0.88282 0.76941 0.43506 0.07702
0 0.82437 0.82246 0.38608 0.08005
0 0.88527 0.87551 0.40782 0.08207
0 0.96248 0.92856 0.39731 0.08574