0 0.1089 0.13281 0.41545 0.08258
0 0.09521 0.18586 0.43948 0.07581
0 0.11197 0.23891 0.3699 0.07473
0 0.09827 0.29196 0.38063 0.08054
0 0.09422 0.34501 0.41911 0.07813
0 0.10468 0.39806 0.41667 0.08247
0 0.10186 0.45111 0.42668 0.0826
0 0.11411 0.50416 0.38687 0.07444
0 0.11165 0.55721 0.38034 0.08503
0 0.12066 0.61026 0.41813 0.07472
0 0.09342 0.66331 0.43869 0.08082
0 0.10279 0.71636 0.4369 0.08622
0 0.10991 0.76941 0.37921 0.08472
0 0.10912 0.82246 0.38258 0.08265
0 0.11031 0.87551 0.41262 0.08482
0 0.09717 0.92856 0.42498 0.08271
0 0.28232 0.14609 0.40533 0.07702
0 0.31227 0.20444 0.37985 0.0793
0 0.31663 0.26280 0.43496 0.08349
0 0.30782 0.32115 0.39516 0.08097
0 0.31798 0.37951 0.4317 0.08629
0 0.33362 0.43786 0.37703 0.08518
0 0.29898 0.49622 0.39028 0.08465
0 0.32241 0.55457 0.37936 0.07319
0 0.3399 0.61293 0.42692 0.08272
0 0.35177 0.67129 0.40321 0.08754
0 0.32701 0.72964 0.43804 0.07427
0 0.29281 0.78800 0.41626 0.07873
0 0.31364 0.84635 0.36958 0.07805
0 0.32308 0.90471 0.41193 0.08038
0 0.3325 0.96306 0.4131 0.0765
0 0.56899 0.13281 0.38638 0.07964
0 0.53928 0.18586 0.43788 0.08549
0 0.57542 0.23891 0.43778 0.07388
0 0.51043 0.29196 0.37455 0.07859
0 0.56951 0.34501 0.44133 0.08367
0 0.48171 0.39806 0.41203 0.08174
0 0.50477 0.45111 0.39887 0.08569
0 0.48273 0.50416 0.40063 0.07374
0 0.57003 0.55721 0.43257 0.08536
0 0.51743 0.61026 0.39971 0.07808
0 0.5639 0.66331 0.37851 0.08251
0 0.47287 0.71636 0.40193 0.0844
0 0.54842 0.76941 0.37291 0.08483
0 0.50647 0.82246 0.42679 0.07858
0 0.55529 0.87551 0.43049 0.08183
0 0.52864 0.92856 0.38343 0.07882
0 0.7007 0.11953 0.39141 0.07354
0 0.70412 0.16727 0.39841 0.07767
0 0.71445 0.21502 0.40152 0.07952
0 0.79389 0.26276 0.43382 0.08726
0 0.68785 0.31051 0.37715 0.07873
0 0.7208 0.35825 0.42023 0.08636
0 0.79521 0.40600 0.37725 0.08378
0 0.74121 0.45374 0.43802 0.07419
0 0.81728 0.50149 0.42143 0.07501
0 0.84437 0.54923 0.37268 0.08466
0 0.72478 0.59698 0.43859 0.08713
0 0.64909 0.64472 0.39484 0.07772
0 0.64942 0.69247 0.39271 0.08388
0 0.82463 0.74021 0.43553 0.07521
0 0.65842 0.78796 0.42358 0.07954
0 0.72263 0.83571 0.40244 0.07988
0 0.87501 0.13281 0.38559 0.08683
0 0.841 0.18586 0.3697 0.07451
0 0.99331 0.23891 0.41386 0.08324
0 0.86203 0.29196 0.38851 0.07972
0 0.9745 0.34501 0.37401 0.07723
0 0.91467 0.39806 0.43547 0.08745
0 0.907 0.50416 0.42864 0.08014
0 0.84622 0.55721 0.42935 0.08258
0 0.8581 0.61026 0.41533 0.08058
0 0.88017 0.66331 0.4268 0.0866
0 0.84278 0.71636 0.37588 0.07329
0 0.91278 0.76941 0.39666 0.07457
0 0.97014 0.82246 0.4344 0.07614
0 0.83398 0.87551 0.43552 0.07945
0 0.99125 0.92856 0.37661 0.08657