0 0.10501 0.14341 0.16662 0.04096
0 0.10501 0.19392 0.19731 0.03952
0 0.10501 0.25564 0.1852 0.03283
0 0.10501 0.26646 0.17538 0.04296
0 0.10501 0.36796 0.17556 0.03388
0 0.10501 0.43545 0.17171 0.03968
0 0.10501 0.48534 0.16789 0.0348
0 0.10501 0.50147 0.17886 0.03245
0 0.10501 0.51529 0.16612 0.03428
0 0.10501 0.60168 0.21158 0.0434
0 0.10501 0.65290 0.18394 0.03886
0 0.10501 0.78775 0.17222 0.03605
0 0.10501 0.74401 0.19742 0.04012
0 0.10501 0.76818 0.19151 0.03525
0 0.10501 0.86355 0.17264 0.04211
0 0.10501 0.94759 0.17398 0.03434
0 0.3148 0.15601 0.181 0.03236
0 0.3148 0.20812 0.16678 0.04191
0 0.3148 0.24169 0.184 0.03369
0 0.3148 0.30911 0.19704 0.04092
0 0.3148 0.36224 0.19435 0.04293
0 0.3148 0.47778 0.17591 0.03473
0 0.3148 0.51686 0.18217 0.03544
0 0.3148 0.52807 0.1821 0.03326
0 0.3148 0.60060 0.16711 0.03638
0 0.3148 0.67411 0.20426 0.04336
0 0.3148 0.71203 0.17788 0.03365
0 0.3148 0.84007 0.18001 0.04089
0 0.3148 0.87662 0.16344 0.03968
0 0.3148 0.88933 0.20893 0.0381
0 0.52459 0.12084 0.18953 0.0398
0 0.52459 0.17298 0.2156 0.03806
0 0.52459 0.25055 0.20062 0.03575
0 0.52459 0.31588 0.19626 0.03856
0 0.52459 0.37932 0.17619 0.03755
0 0.52459 0.43749 0.17869 0.0365
0 0.52459 0.42088 0.21211 0.03425
0 0.52459 0.47396 0.18034 0.04305
0 0.52459 0.55268 0.1963 0.03977
0 0.52459 0.57256 0.17983 0.04338
0 0.52459 0.63780 0.19458 0.04327
0 0.52459 0.66362 0.21613 0.03268
0 0.52459 0.79848 0.21517 0.043
0 0.52459 0.76562 0.18052 0.04342
0 0.52459 0.79705 0.16947 0.04204
0 0.52459 0.92073 0.17514 0.04323
0 0.73438 0.11421 0.20627 0.04025
0 0.73438 0.15834 0.20381 0.03251
0 0.73438 0.21287 0.21895 0.04063
0 0.73438 0.27981 0.21184 0.03835
0 0.73438 0.30983 0.20121 0.04093
0 0.73438 0.37280 0.19834 0.03479
0 0.73438 0.37089 0.18385 0.0351
0 0.73438 0.42336 0.21488 0.04253
0 0.73438 0.45572 0.16727 0.04271
0 0.73438 0.52686 0.18222 0.03692
0 0.73438 0.57553 0.17335 0.03469
0 0.73438 0.68360 0.17097 0.04023
0 0.73438 0.71770 0.21809 0.03258
0 0.73438 0.75770 0.21082 0.03635
0 0.73438 0.80107 0.165 0.04016
0 0.73438 0.77013 0.16609 0.03816
0 0.90921 0.14422 0.18758 0.03506
0 0.90921 0.16949 0.19739 0.03773
0 0.90921 0.23822 0.20679 0.04018
0 0.90921 0.30577 0.20398 0.042
0 0.90921 0.33073 0.2041 0.03254
0 0.90921 0.42605 0.19659 0.03642
0 0.90921 0.43173 0.16471 0.04049
0 0.90921 0.53274 0.17564 0.0425
0 0.90921 0.54091 0.21677 0.03979
0 0.90921 0.58987 0.19602 0.03607
0 0.90921 0.62670 0.1784 0.03905
0 0.90921 0.66851 0.18458 0.03846
0 0.90921 0.69542 0.16904 0.04175
0 0.90921 0.76704 0.2197 0.03236
0 0.90921 0.84804 0.18195 0.03407
0 0.90921 0.99032 0.21662 0.04196