0 0.10501 0.13281 0.44141 0.07566
0 0.10501 0.18586 0.40156 0.07902
0 0.10501 0.23891 0.39604 0.07853
0 0.10501 0.29196 0.42359 0.08044
0 0.10501 0.34501 0.37851 0.07641
0 0.10501 0.39806 0.42435 0.08513
0 0.10501 0.45111 0.39394 0.07369
0 0.10501 0.50416 0.39501 0.07476
0 0.10501 0.55721 0.37364 0.08002
0 0.10501 0.61026 0.37757 0.08486
0 0.10501 0.66331 0.41127 0.07502
0 0.10501 0.71636 0.40876 0.07596
0 0.10501 0.76941 0.37971 0.08501
0 0.10501 0.82246 0.37168 0.0748
0 0.10501 0.87551 0.38639 0.07519
0 0.10501 0.92856 0.42666 0.07546
0 0.3148 0.14609 0.43828 0.07425
0 0.3148 0.20444 0.395 0.07571
0 0.3148 0.26280 0.3784 0.0875
0 0.3148 0.32115 0.39369 0.08727
0 0.3148 0.37951 0.41737 0.07587
0 0.3148 0.43786 0.36924 0.08594
0 0.3148 0.49622 0.405 0.07476
0 0.3148 0.55457 0.37276 0.07497
0 0.3148 0.61293 0.43542 0.07374
0 0.3148 0.67129 0.39916 0.08591
0 0.3148 0.72964 0.38946 0.08599
0 0.3148 0.78800 0.42734 0.08631
0 0.3148 0.84635 0.42839 0.0804
0 0.3148 0.90471 0.40824 0.08033
0 0.3148 0.96306 0.42824 0.07696
0 0.52459 0.13281 0.39821 0.08372
0 0.52459 0.18586 0.40513 0.08218
0 0.52459 0.23891 0.42575 0.08415
0 0.52459 0.29196 0.4155 0.08345
0 0.52459 0.34501 0.4215 0.07897
0 0.52459 0.39806 0.39541 0.07732
0 0.52459 0.45111 0.40042 0.07993
0 0.52459 0.50416 0.40422 0.07411
0 0.52459 0.55721 0.41357 0.07812
0 0.52459 0.61026 0.41151 0.0853
0 0.52459 0.66331 0.37729 0.07852
0 0.52459 0.71636 0.42901 0.08197
0 0.52459 0.76941 0.41672 0.07993
0 0.52459 0.82246 0.44245 0.08079
0 0.52459 0.87551 0.40663 0.07606
0 0.52459 0.92856 0.3743 0.07618
0 0.73438 0.11953 0.43256 0.07771
0 0.73438 0.16727 0.3991 0.08384
0 0.73438 0.21502 0.37022 0.0752
0 0.73438 0.26276 0.4292 0.08639
0 0.73438 0.31051 0.41609 0.07986
0 0.73438 0.35825 0.43623 0.08741
0 0.73438 0.40600 0.43201 0.08715
0 0.73438 0.45374 0.43502 0.08602
0 0.73438 0.50149 0.43004 0.07795
0 0.73438 0.54923 0.40377 0.08493
0 0.73438 0.59698 0.38318 0.07648
0 0.73438 0.64472 0.39908 0.0795
0 0.73438 0.69247 0.38663 0.08728
0 0.73438 0.74021 0.37634 0.07501
0 0.73438 0.78796 0.44062 0.07842
0 0.73438 0.83571 0.43372 0.08608
0 0.90921 0.13281 0.44162 0.08678
0 0.90921 0.18586 0.39106 0.08672
0 0.90921 0.23891 0.4344 0.07881
0 0.90921 0.29196 0.44244 0.08118
0 0.90921 0.34501 0.42438 0.07958
0 0.90921 0.39806 0.43728 0.07838
0 0.90921 0.45111 0.37275 0.08733
0 0.90921 0.50416 0.37547 0.07566
0 0.90921 0.55721 0.37749 0.08002
0 0.90921 0.61026 0.426 0.07908
0 0.90921 0.66331 0.43014 0.08554
0 0.90921 0.71636 0.37339 0.08332
0 0.90921 0.76941 0.43931 0.0745
0 0.90921 0.82246 0.41749 0.07798
0 0.90921 0.87551 0.37357 0.08248
0 0.90921 0.92856 0.40339 0.07393