0 0.11246 0.13281 0.24405 0.04742
0 0.11128 0.18586 0.26269 0.04611
0 0.10536 0.23891 0.22667 0.04671
0 0.10079 0.29196 0.22962 0.04398
0 0.10288 0.34501 0.26442 0.04766
0 0.11098 0.39806 0.22695 0.05238
0 0.09996 0.45111 0.2605 0.04768
0 0.09654 0.50416 0.2434 0.04682
0 0.10435 0.55721 0.23851 0.04409
0 0.10928 0.61026 0.23345 0.05022
0 0.10611 0.66331 0.22589 0.04534
0 0.11179 0.71636 0.26118 0.0515
0 0.11109 0.76941 0.22346 0.05194
0 0.09887 0.82246 0.24141 0.04422
0 0.09986 0.87551 0.23358 0.04873
0 0.1123 0.92856 0.22586 0.04854
0 0.32196 0.14609 0.26126 0.05149
0 0.31647 0.20444 0.23024 0.04758
0 0.34153 0.26280 0.23479 0.0513
0 0.3061 0.32115 0.22781 0.0485
0 0.28603 0.37951 0.22342 0.04676
0 0.30555 0.43786 0.23225 0.04712
0 0.31861 0.49622 0.25775 0.04615
0 0.32821 0.55457 0.25815 0.04454
0 0.30328 0.61293 0.23209 0.05174
0 0.32279 0.67129 0.25085 0.0515
0 0.32777 0.72964 0.24782 0.04876
0 0.29062 0.78800 0.25097 0.04696
0 0.29014 0.84635 0.24658 0.04463
0 0.29067 0.90471 0.24948 0.04592
0 0.31287 0.96306 0.25077 0.04812
0 0.57188 0.13281 0.23803 0.04738
0 0.53108 0.18586 0.26012 0.04493
0 0.5643 0.23891 0.24946 0.0521
0 0.56395 0.29196 0.23143 0.04962
0 0.50953 0.34501 0.25841 0.05208
0 0.5633 0.39806 0.23158 0.04518
0 0.50762 0.45111 0.2588 0.04613
0 0.54592 0.50416 0.25762 0.04594
0 0.47336 0.55721 0.25912 0.04915
0 0.5217 0.61026 0.23697 0.04971
0 0.56613 0.66331 0.24385 0.0501
0 0.49725 0.71636 0.2313 0.05001
0 0.5754 0.76941 0.23394 0.05016
0 0.56002 0.82246 0.2317 0.04538
0 0.5704 0.87551 0.2372 0.05187
0 0.5081 0.92856 0.22315 0.04461
0 0.76922 0.11953 0.24442 0.04617
0 0.71168 0.16727 0.25602 0.04938
0 0.78355 0.21502 0.23776 0.04648
0 0.68911 0.26276 0.25067 0.0474
0 0.71985 0.31051 0.22865 0.05109
0 0.75856 0.35825 0.23202 0.05009
0 0.80048 0.40600 0.24999 0.05151
0 0.68783 0.45374 0.22778 0.05142
0 0.75508 0.50149 0.25339 0.0516
0 0.72845 0.54923 0.25928 0.04956
0 0.74923 0.59698 0.25656 0.04857
0 0.75948 0.64472 0.23317 0.04669
0 0.78463 0.69247 0.23855 0.05175
0 0.7286 0.74021 0.23428 0.04923
0 0.6927 0.78796 0.26424 0.04958
0 0.77189 0.83571 0.25818 0.04636
0 0.85316 0.13281 0.24284 0.04401
0 0.92131 0.18586 0.24268 0.05148
0 0.84695 0.23891 0.24096 0.05084
0 0.84271 0.29196 0.26444 0.04782
0 0.97865 0.34501 0.22145 0.04756
0 0.8419 0.39806 0.23526 0.04825
0 0.8492 0.45111 0.2509 0.04674
0 0.8274 0.50416 0.26403 0.05129
0 0.82368 0.55721 0.22667 0.0444
0 0.97216 0.61026 0.24862 0.04689
0 0.9806 0.66331 0.23314 0.04697
0 0.95074 0.71636 0.24 0.0457
0 0.89536 0.76941 0.2472 0.04503
0 0.86322 0.82246 0.25994 0.04726
0 0.88873 0.87551 0.24541 0.0477
0 0.9451 0.92856 0.22575 0.0439