0 0.10519 0.13281 0.25427 0.05211
0 0.10273 0.18586 0.25716 0.0457
0 0.09844 0.23891 0.2218 0.05227
0 0.10721 0.29196 0.2457 0.04973
0 0.10689 0.34501 0.25248 0.04546
0 0.09772 0.39806 0.25933 0.04462
0 0.11485 0.45111 0.24861 0.05089
0 0.10133 0.50416 0.22162 0.04629
0 0.1142 0.55721 0.26533 0.05004
0 0.10086 0.61026 0.24334 0.04476
0 0.10482 0.66331 0.25685 0.04882
0 0.10605 0.71636 0.2633 0.04772
0 0.1132 0.76941 0.22777 0.04781
0 0.11278 0.82246 0.24979 0.05228
0 0.09735 0.87551 0.23472 0.05028
0 0.11399 0.92856 0.25819 0.04549
0 0.29859 0.14609 0.24222 0.04416
0 0.28582 0.20444 0.2515 0.04908
0 0.32441 0.26280 0.25771 0.04803
0 0.31659 0.32115 0.23869 0.04522
0 0.28366 0.37951 0.24432 0.04493
0 0.28544 0.43786 0.25654 0.04776
0 0.32494 0.49622 0.25567 0.04687
0 0.32588 0.55457 0.25615 0.04651
0 0.29107 0.61293 0.22397 0.0518
0 0.32706 0.67129 0.25664 0.04821
0 0.324 0.72964 0.22667 0.05176
0 0.29457 0.78800 0.23608 0.04444
0 0.30818 0.84635 0.22833 0.04917
0 0.32505 0.90471 0.26532 0.04876
0 0.30224 0.96306 0.23829 0.05055
0 0.49777 0.13281 0.23378 0.04984
0 0.49834 0.18586 0.24125 0.05126
0 0.53535 0.23891 0.24824 0.04444
0 0.52676 0.29196 0.22308 0.04809
0 0.50132 0.34501 0.23758 0.05153
0 0.52295 0.39806 0.24376 0.0488
0 0.52969 0.45111 0.2301 0.04578
0 0.56054 0.50416 0.23278 0.04864
0 0.48842 0.55721 0.25773 0.04693
0 0.49577 0.61026 0.25811 0.05234
0 0.52893 0.66331 0.24039 0.04822
0 0.52018 0.71636 0.22862 0.04538
0 0.53589 0.76941 0.23377 0.04969
0 0.57283 0.82246 0.22589 0.04386
0 0.52821 0.87551 0.23102 0.05143
0 0.51214 0.92856 0.26031 0.04731
0 0.79861 0.11953 0.25576 0.04953
0 0.66504 0.16727 0.25742 0.04826
0 0.69711 0.21502 0.24101 0.04963
0 0.79961 0.26276 0.23065 0.0446
0 0.71392 0.31051 0.2351 0.04761
0 0.80261 0.35825 0.26297 0.04731
0 0.7348 0.40600 0.23239 0.04912
0 0.74697 0.45374 0.22881 0.04449
0 0.66476 0.50149 0.24384 0.05165
0 0.71045 0.54923 0.26193 0.04689
0 0.79121 0.59698 0.24222 0.05152
0 0.71449 0.64472 0.26397 0.0505
0 0.73179 0.69247 0.24211 0.04906
0 0.74928 0.74021 0.26254 0.0438
0 0.791 0.78796 0.24059 0.05198
0 0.74127 0.83571 0.26406 0.0481
0 0.95635 0.13281 0.25897 0.04671
0 0.95132 0.18586 0.23512 0.04673
0 0.98025 0.23891 0.22539 0.04431
0 0.87014 0.29196 0.23647 0.05152
0 0.8289 0.34501 0.26289 0.04827
0 0.8825 0.39806 0.25447 0.05014
0 0.86394 0.45111 0.24675 0.04907
0 0.85732 0.50416 0.25228 0.05073
0 0.932 0.55721 0.22268 0.04798
0 0.86414 0.61026 0.2496 0.05098
0 0.98899 0.66331 0.26269 0.04505
0 0.96459 0.71636 0.23647 0.04451
0 0.9571 0.76941 0.25882 0.04752
0 0.84941 0.82246 0.22228 0.05218
0 0.91407 0.87551 0.24096 0.0468
0 0.83041 0.92856 0.25112 0.04963