0 0.10501 0.13281 0.43454 0.07774
0 0.10501 0.18586 0.37298 0.07882
0 0.10501 0.23891 0.37014 0.08019
0 0.10501 0.29196 0.40921 0.08196
0 0.10501 0.34501 0.37189 0.07686
0 0.10501 0.39806 0.42527 0.08679
0 0.10501 0.45111 0.39743 0.08046
0 0.10501 0.50416 0.3919 0.08324
0 0.10501 0.55721 0.41838 0.07825
0 0.10501 0.61026 0.37164 0.0838
0 0.10501 0.66331 0.39357 0.07478
0 0.10501 0.71636 0.40406 0.08689
0 0.10501 0.76941 0.44122 0.0808
0 0.10501 0.82246 0.37695 0.07521
0 0.10501 0.87551 0.41565 0.08005
0 0.10501 0.92856 0.39437 0.07558
0 0.3148 0.14609 0.37416 0.08489
0 0.3148 0.20444 0.38795 0.08177
0 0.3148 0.26280 0.42925 0.08075
0 0.3148 0.32115 0.40183 0.08056
0 0.3148 0.37951 0.37 0.08122
0 0.3148 0.43786 0.43315 0.08394
0 0.3148 0.49622 0.41061 0.0812
0 0.3148 0.55457 0.37575 0.08539
0 0.3148 0.61293 0.37154 0.08641
0 0.3148 0.67129 0.42307 0.07611
0 0.3148 0.72964 0.43388 0.08713
0 0.3148 0.78800 0.39318 0.07957
0 0.3148 0.84635 0.42362 0.07908
0 0.3148 0.90471 0.41325 0.07494
0 0.3148 0.96306 0.43084 0.07578
0 0.52459 0.13281 0.41571 0.07811
0 0.52459 0.18586 0.37174 0.08594
0 0.52459 0.23891 0.41729 0.07696
0 0.52459 0.29196 0.42903 0.08471
0 0.52459 0.34501 0.44189 0.08756
0 0.52459 0.39806 0.44064 0.07604
0 0.52459 0.45111 0.39369 0.08415
0 0.52459 0.50416 0.43723 0.07662
0 0.52459 0.55721 0.4359 0.08606
0 0.52459 0.61026 0.39909 0.07433
0 0.52459 0.66331 0.4083 0.07979
0 0.52459 0.71636 0.43653 0.0794
0 0.52459 0.76941 0.38009 0.07763
0 0.52459 0.82246 0.39868 0.07922
0 0.52459 0.87551 0.43157 0.08283
0 0.52459 0.92856 0.40789 0.07986
0 0.73438 0.11953 0.39581 0.0787
0 0.73438 0.16727 0.40444 0.08633
0 0.73438 0.21502 0.38634 0.08727
0 0.73438 0.26276 0.4265 0.07853
0 0.73438 0.31051 0.39858 0.07416
0 0.73438 0.35825 0.37494 0.08197
0 0.73438 0.40600 0.41182 0.08373
0 0.73438 0.45374 0.40518 0.07322
0 0.73438 0.50149 0.42221 0.0741
0 0.73438 0.54923 0.36993 0.07616
0 0.73438 0.59698 0.38672 0.07669
0 0.73438 0.64472 0.38913 0.07758
0 0.73438 0.69247 0.37482 0.0825
0 0.73438 0.74021 0.37999 0.08657
0 0.73438 0.78796 0.42246 0.07869
0 0.73438 0.83571 0.38517 0.08323
0 0.90921 0.13281 0.41729 0.08349
0 0.90921 0.18586 0.41356 0.0852
0 0.90921 0.23891 0.39027 0.08392
0 0.90921 0.29196 0.41841 0.08238
0 0.90921 0.34501 0.41902 0.08498
0 0.90921 0.39806 0.42598 0.08561
0 0.90921 0.45111 0.42108 0.07638
0 0.90921 0.50416 0.3827 0.07927
0 0.90921 0.55721 0.40393 0.07821
0 0.90921 0.61026 0.40616 0.08448
0 0.90921 0.66331 0.41763 0.07649
0 0.90921 0.71636 0.39037 0.08563
0 0.90921 0.76941 0.39706 0.08393
0 0.90921 0.82246 0.43788 0.08082
0 0.90921 0.87551 0.38968 0.0789
0 0.90921 0.92856 0.41786 0.08215