0 0.10782 0.13281 0.42003 0.07345
0 0.10574 0.18586 0.40265 0.07538
0 0.11923 0.23891 0.38551 0.0748
0 0.11293 0.29196 0.40097 0.0788
0 0.11467 0.34501 0.43994 0.08238
0 0.09976 0.39806 0.38468 0.07504
0 0.09456 0.45111 0.38721 0.0768
0 0.11885 0.50416 0.39177 0.07761
0 0.11192 0.55721 0.4152 0.08062
0 0.11482 0.61026 0.40254 0.08748
0 0.10055 0.66331 0.42511 0.08726
0 0.1133 0.71636 0.39273 0.08662
0 0.10805 0.76941 0.39377 0.07792
0 0.09786 0.82246 0.39433 0.07597
0 0.11437 0.87551 0.38816 0.07412
0 0.11834 0.92856 0.40753 0.07958
0 0.27765 0.14609 0.44089 0.08216
0 0.28423 0.20444 0.3836 0.07599
0 0.31872 0.26280 0.4082 0.08434
0 0.33893 0.32115 0.3755 0.08005
0 0.28198 0.37951 0.41626 0.08689
0 0.30522 0.43786 0.38277 0.08216
0 0.33226 0.49622 0.40338 0.07511
0 0.34355 0.55457 0.42481 0.08748
0 0.29944 0.61293 0.41859 0.07533
0 0.33899 0.67129 0.41968 0.07417
0 0.306 0.72964 0.37648 0.0731
0 0.30958 0.78800 0.4056 0.0746
0 0.33661 0.84635 0.39277 0.07523
0 0.33478 0.90471 0.42135 0.08188
0 0.34896 0.96306 0.3977 0.07544
0 0.56802 0.13281 0.37286 0.08155
0 0.55009 0.18586 0.42282 0.08482
0 0.5367 0.23891 0.43432 0.07637
0 0.52491 0.29196 0.38155 0.0788
0 0.5595 0.34501 0.41812 0.08537
0 0.47323 0.39806 0.40113 0.07348
0 0.48249 0.45111 0.41346 0.08014
0 0.52691 0.50416 0.41525 0.0809
0 0.48772 0.55721 0.41467 0.07792
0 0.4734 0.61026 0.40494 0.07794
0 0.46418 0.66331 0.41711 0.07758
0 0.5636 0.71636 0.38047 0.08706
0 0.58127 0.76941 0.41101 0.08497
0 0.59585 0.82246 0.38469 0.07692
0 0.48956 0.87551 0.4088 0.08309
0 0.57415 0.92856 0.42712 0.07698
0 0.8086 0.11953 0.42081 0.08704
0 0.66447 0.16727 0.43385 0.07309
0 0.82872 0.21502 0.3729 0.08717
0 0.65927 0.26276 0.41524 0.07519
0 0.67336 0.31051 0.40207 0.08387
0 0.7562 0.35825 0.44007 0.08149
0 0.76074 0.40600 0.40935 0.07867
0 0.67677 0.45374 0.38028 0.07369
0 0.81754 0.50149 0.41445 0.07859
0 0.7144 0.54923 0.42239 0.07703
0 0.7947 0.59698 0.43385 0.07962
0 0.74707 0.64472 0.38172 0.08296
0 0.66078 0.69247 0.3902 0.08331
0 0.695 0.74021 0.39374 0.07991
0 0.81818 0.78796 0.36977 0.07971
0 0.65314 0.83571 0.39257 0.07665
0 0.82878 0.13281 0.40838 0.07347
0 0.92733 0.18586 0.43003 0.07923
0 0.82489 0.23891 0.4076 0.08391
0 0.9249 0.34501 0.37726 0.07374
0 0.81956 0.45111 0.43985 0.08016
0 0.89625 0.50416 0.39815 0.08216
0 0.83015 0.55721 0.38394 0.08265
0 0.80386 0.61026 0.37406 0.07451
0 0.9543 0.66331 0.38137 0.07936
0 0.80637 0.71636 0.40954 0.08015
0 0.91168 0.82246 0.38834 0.08313
0 0.9702 0.87551 0.40175 0.07745
0 0.88055 0.92856 0.43318 0.08537