0 0.10501 0.13281 0.39319 0.08554
0 0.10501 0.18586 0.41672 0.07304
0 0.10501 0.23891 0.37149 0.08597
0 0.10501 0.29196 0.42614 0.08627
0 0.10501 0.34501 0.43513 0.07893
0 0.10501 0.39806 0.40095 0.08427
0 0.10501 0.45111 0.38503 0.0754
0 0.10501 0.50416 0.38177 0.08319
0 0.10501 0.55721 0.37161 0.07719
0 0.10501 0.61026 0.37084 0.08491
0 0.10501 0.66331 0.37503 0.08138
0 0.10501 0.71636 0.40648 0.07748
0 0.10501 0.76941 0.43212 0.07779
0 0.10501 0.82246 0.3735 0.07552
0 0.10501 0.87551 0.38588 0.08221
0 0.10501 0.92856 0.39809 0.07614
0 0.3148 0.14609 0.37093 0.07525
0 0.3148 0.20444 0.37013 0.07462
0 0.3148 0.26280 0.42355 0.07461
0 0.3148 0.32115 0.40469 0.08044
0 0.3148 0.37951 0.38154 0.0781
0 0.3148 0.43786 0.3891 0.08056
0 0.3148 0.49622 0.3924 0.07348
0 0.3148 0.55457 0.41142 0.08319
0 0.3148 0.61293 0.42472 0.07463
0 0.3148 0.67129 0.42285 0.07306
0 0.3148 0.72964 0.37316 0.07955
0 0.3148 0.78800 0.38273 0.07515
0 0.3148 0.84635 0.3827 0.08658
0 0.3148 0.90471 0.42723 0.07464
0 0.3148 0.96306 0.43063 0.08279
0 0.52459 0.13281 0.37945 0.0863
0 0.52459 0.18586 0.40368 0.07417
0 0.52459 0.23891 0.37602 0.07783
0 0.52459 0.29196 0.42177 0.08504
0 0.52459 0.34501 0.44141 0.08553
0 0.52459 0.39806 0.4299 0.077
0 0.52459 0.45111 0.39982 0.07701
0 0.52459 0.50416 0.39795 0.07923
0 0.52459 0.55721 0.40968 0.0825
0 0.52459 0.61026 0.41196 0.08719
0 0.52459 0.66331 0.37298 0.07901
0 0.52459 0.71636 0.38464 0.08327
0 0.52459 0.76941 0.37023 0.0851
0 0.52459 0.82246 0.41065 0.07347
0 0.52459 0.87551 0.38562 0.08469
0 0.52459 0.92856 0.40255 0.0741
0 0.73438 0.11953 0.38414 0.07988
0 0.73438 0.16727 0.37835 0.08155
0 0.73438 0.21502 0.43023 0.07601
0 0.73438 0.26276 0.43108 0.07565
0 0.73438 0.31051 0.39097 0.07531
0 0.73438 0.35825 0.42303 0.08539
0 0.73438 0.40600 0.4278 0.07679
0 0.73438 0.45374 0.42112 0.07863
0 0.73438 0.50149 0.41712 0.07578
0 0.73438 0.54923 0.39672 0.07627
0 0.73438 0.59698 0.43836 0.08415
0 0.73438 0.64472 0.42398 0.08741
0 0.73438 0.69247 0.38918 0.07453
0 0.73438 0.74021 0.37109 0.0873
0 0.73438 0.78796 0.42539 0.08731
0 0.73438 0.83571 0.3882 0.07431
0 0.90921 0.13281 0.42595 0.07814
0 0.90921 0.18586 0.44089 0.07732
0 0.90921 0.23891 0.41613 0.07629
0 0.90921 0.29196 0.37118 0.08062
0 0.90921 0.34501 0.42121 0.08335
0 0.90921 0.39806 0.38567 0.08022
0 0.90921 0.45111 0.37921 0.086
0 0.90921 0.50416 0.37626 0.08176
0 0.90921 0.55721 0.42043 0.08219
0 0.90921 0.61026 0.3755 0.08193
0 0.90921 0.66331 0.39909 0.08236
0 0.90921 0.71636 0.41169 0.08554
0 0.90921 0.76941 0.43636 0.07521
0 0.90921 0.82246 0.39998 0.07592
0 0.90921 0.87551 0.38085 0.08096
0 0.90921 0.92856 0.41531 0.07773