0 0.10501 0.12249 0.21705 0.03827
0 0.10501 0.18730 0.20483 0.03742
0 0.10501 0.22645 0.16332 0.0388
0 0.10501 0.30527 0.18393 0.03679
0 0.10501 0.31345 0.20652 0.03395
0 0.10501 0.37558 0.1771 0.03712
0 0.10501 0.41353 0.21792 0.03539
0 0.10501 0.46152 0.21864 0.04094
0 0.10501 0.59882 0.19149 0.03381
0 0.10501 0.64401 0.17124 0.03225
0 0.10501 0.65619 0.17465 0.04323
0 0.10501 0.65734 0.16907 0.03867
0 0.10501 0.77630 0.17987 0.03756
0 0.10501 0.84261 0.17727 0.04121
0 0.10501 0.92868 0.1949 0.03265
0 0.10501 0.98949 0.18435 0.03894
0 0.3148 0.14307 0.18861 0.03415
0 0.3148 0.21216 0.21402 0.03392
0 0.3148 0.24904 0.20621 0.04324
0 0.3148 0.34451 0.20467 0.03916
0 0.3148 0.41673 0.20995 0.04341
0 0.3148 0.47671 0.16267 0.04265
0 0.3148 0.46528 0.17783 0.04323
0 0.3148 0.52520 0.19936 0.03445
0 0.3148 0.61086 0.16255 0.04363
0 0.3148 0.69079 0.19022 0.03424
0 0.3148 0.68506 0.16485 0.0373
0 0.3148 0.73782 0.18391 0.04197
0 0.3148 0.79067 0.20306 0.04171
0 0.3148 0.98613 0.1701 0.03985
0 0.3148 0.98656 0.19026 0.04301
0 0.52459 0.14580 0.21038 0.03843
0 0.52459 0.20130 0.17445 0.03224
0 0.52459 0.23241 0.19125 0.03227
0 0.52459 0.30896 0.21362 0.04219
0 0.52459 0.34905 0.22034 0.03753
0 0.52459 0.40935 0.17886 0.03526
0 0.52459 0.44246 0.18027 0.03629
0 0.52459 0.50138 0.18089 0.03411
0 0.52459 0.52159 0.17944 0.03778
0 0.52459 0.65440 0.21882 0.03856
0 0.52459 0.72946 0.20194 0.03273
0 0.52459 0.75278 0.21776 0.04005
0 0.52459 0.82638 0.17272 0.03729
0 0.52459 0.89348 0.19818 0.04352
0 0.52459 0.87792 0.21792 0.03702
0 0.52459 0.91085 0.20564 0.04297
0 0.73438 0.11988 0.18019 0.03435
0 0.73438 0.18180 0.22022 0.03344
0 0.73438 0.23513 0.2102 0.03912
0 0.73438 0.24458 0.17695 0.03368
0 0.73438 0.32932 0.17566 0.04146
0 0.73438 0.35949 0.20931 0.03376
0 0.73438 0.43595 0.18478 0.03727
0 0.73438 0.43143 0.16912 0.03298
0 0.73438 0.50546 0.21118 0.03283
0 0.73438 0.59293 0.19743 0.04168
0 0.73438 0.55292 0.20082 0.03595
0 0.73438 0.63423 0.19633 0.03851
0 0.73438 0.72273 0.1729 0.03332
0 0.73438 0.67682 0.18499 0.03726
0 0.73438 0.79891 0.21011 0.03486
0 0.73438 0.89846 0.19454 0.03417
0 0.90921 0.14129 0.18977 0.04133
0 0.90921 0.20426 0.18027 0.04319
0 0.90921 0.26033 0.17339 0.04206
0 0.90921 0.28585 0.17169 0.04271
0 0.90921 0.33131 0.16322 0.03982
0 0.90921 0.41990 0.19128 0.03433
0 0.90921 0.48901 0.19754 0.03552
0 0.90921 0.49512 0.21394 0.03228
0 0.90921 0.56265 0.16938 0.04104
0 0.90921 0.55877 0.20234 0.04335
0 0.90921 0.61719 0.18344 0.0322
0 0.90921 0.68489 0.17912 0.0347
0 0.90921 0.70169 0.20259 0.04202
0 0.90921 0.81670 0.18234 0.04056
0 0.90921 0.80764 0.18264 0.03722
0 0.90921 0.99537 0.18987 0.03413