0 0.10501 0.12590 0.2129 0.03765
0 0.10501 0.19409 0.20683 0.04158
0 0.10501 0.25782 0.16756 0.0345
0 0.10501 0.30797 0.17766 0.04204
0 0.10501 0.37935 0.20932 0.04228
0 0.10501 0.41470 0.18241 0.0355
0 0.10501 0.43210 0.1779 0.03928
0 0.10501 0.53913 0.18897 0.04037
0 0.10501 0.54655 0.17032 0.04051
0 0.10501 0.55037 0.19497 0.036
0 0.10501 0.69534 0.19887 0.03295
0 0.10501 0.76720 0.18856 0.0388
0 0.10501 0.73565 0.18963 0.03569
0 0.10501 0.76002 0.17073 0.03945
0 0.10501 0.83011 0.1871 0.03752
0 0.10501 0.95640 0.20634 0.03498
0 0.3148 0.14066 0.19634 0.03949
0 0.3148 0.20126 0.1737 0.03419
0 0.3148 0.28570 0.2194 0.03649
0 0.3148 0.29563 0.19125 0.04205
0 0.3148 0.37458 0.17995 0.04214
0 0.3148 0.42338 0.19244 0.03885
0 0.3148 0.45419 0.20995 0.04196
0 0.3148 0.58155 0.19009 0.03376
0 0.3148 0.62734 0.18917 0.04134
0 0.3148 0.66395 0.20518 0.03321
0 0.3148 0.77106 0.18464 0.03507
0 0.3148 0.86237 0.1731 0.03683
0 0.3148 0.87221 0.20904 0.03762
0 0.3148 0.91667 0.18069 0.04217
0 0.3148 0.98331 0.22027 0.04272
0 0.52459 0.13447 0.18459 0.04243
0 0.52459 0.17806 0.20771 0.03571
0 0.52459 0.26035 0.20227 0.03652
0 0.52459 0.28417 0.20153 0.03366
0 0.52459 0.31101 0.20727 0.04335
0 0.52459 0.38844 0.21489 0.03784
0 0.52459 0.48854 0.1784 0.04273
0 0.52459 0.54648 0.17378 0.04058
0 0.52459 0.51143 0.18645 0.03804
0 0.52459 0.65714 0.20609 0.03804
0 0.52459 0.68757 0.19143 0.04158
0 0.52459 0.71522 0.16261 0.04325
0 0.52459 0.79691 0.17072 0.03684
0 0.52459 0.76988 0.16566 0.03211
0 0.52459 0.87483 0.18199 0.04122
0 0.52459 0.99168 0.16602 0.04325
0 0.73438 0.12331 0.17577 0.03867
0 0.73438 0.17013 0.17129 0.035
0 0.73438 0.21140 0.2119 0.04056
0 0.73438 0.26486 0.16445 0.03609
0 0.73438 0.30034 0.17222 0.03707
0 0.73438 0.35605 0.16762 0.0422
0 0.73438 0.37216 0.21831 0.03237
0 0.73438 0.41538 0.20178 0.03274
0 0.73438 0.53023 0.16609 0.03738
0 0.73438 0.58388 0.18618 0.0331
0 0.73438 0.55716 0.19321 0.03878
0 0.73438 0.61623 0.21899 0.03649
0 0.73438 0.65880 0.16668 0.03497
0 0.73438 0.80311 0.16693 0.03775
0 0.73438 0.71012 0.1969 0.04149
0 0.73438 0.89399 0.20454 0.04195
0 0.90921 0.14243 0.17836 0.03243
0 0.90921 0.17021 0.17206 0.03356
0 0.90921 0.25876 0.21778 0.04357
0 0.90921 0.30902 0.20588 0.03469
0 0.90921 0.35089 0.20385 0.03909
0 0.90921 0.36786 0.20765 0.04044
0 0.90921 0.47901 0.18433 0.04372
0 0.90921 0.46663 0.21526 0.03722
0 0.90921 0.57371 0.17762 0.03599
0 0.90921 0.62728 0.18899 0.03214
0 0.90921 0.71691 0.22064 0.03865
0 0.90921 0.77569 0.17958 0.04146
0 0.90921 0.69422 0.19785 0.04352
0 0.90921 0.81277 0.19984 0.03457
0 0.90921 0.82716 0.17003 0.03378
0 0.90921 0.87294 0.16706 0.0327