0 0.09459 0.13281 0.43571 0.07511
0 0.09862 0.18586 0.37673 0.0764
0 0.11331 0.23891 0.42126 0.0761
0 0.11583 0.29196 0.40329 0.07543
0 0.11685 0.34501 0.4316 0.08683
0 0.11415 0.39806 0.41946 0.07546
0 0.09546 0.45111 0.40421 0.07794
0 0.09655 0.50416 0.39021 0.07667
0 0.11697 0.55721 0.38698 0.07589
0 0.09395 0.61026 0.42909 0.07357
0 0.10526 0.66331 0.42918 0.07461
0 0.10186 0.71636 0.42454 0.07881
0 0.11358 0.76941 0.41982 0.08112
0 0.11557 0.82246 0.41446 0.08203
0 0.1137 0.87551 0.43061 0.08361
0 0.1175 0.92856 0.41328 0.08138
0 0.34673 0.14609 0.39665 0.08018
0 0.28833 0.20444 0.37112 0.07554
0 0.35484 0.26280 0.38493 0.08568
0 0.31022 0.32115 0.43892 0.08395
0 0.32813 0.37951 0.43431 0.07682
0 0.30025 0.43786 0.40993 0.08133
0 0.32951 0.49622 0.42115 0.07427
0 0.31979 0.55457 0.37895 0.07357
0 0.30274 0.61293 0.39268 0.08041
0 0.32305 0.67129 0.38295 0.0745
0 0.34822 0.72964 0.43002 0.07788
0 0.32228 0.78800 0.37792 0.08315
0 0.33854 0.84635 0.4251 0.07992
0 0.27803 0.90471 0.41064 0.07727
0 0.3352 0.96306 0.4389 0.08048
0 0.51464 0.13281 0.40624 0.07303
0 0.59706 0.18586 0.40011 0.07541
0 0.50827 0.23891 0.43489 0.07466
0 0.5953 0.29196 0.4138 0.07412
0 0.51792 0.34501 0.37627 0.0752
0 0.46383 0.39806 0.4125 0.08218
0 0.46578 0.45111 0.43606 0.08209
0 0.54636 0.50416 0.43041 0.07507
0 0.55662 0.55721 0.39136 0.08518
0 0.52653 0.61026 0.38265 0.07332
0 0.58433 0.66331 0.40243 0.07691
0 0.51046 0.71636 0.3727 0.07988
0 0.55389 0.76941 0.43811 0.07701
0 0.50074 0.82246 0.39543 0.08677
0 0.55661 0.87551 0.43139 0.07723
0 0.46868 0.92856 0.39367 0.0766
0 0.76624 0.11953 0.42539 0.08501
0 0.7513 0.16727 0.39136 0.08586
0 0.76515 0.21502 0.41563 0.07936
0 0.7831 0.26276 0.41042 0.08471
0 0.73068 0.31051 0.40533 0.07568
0 0.70872 0.35825 0.4396 0.08492
0 0.65328 0.40600 0.38958 0.08202
0 0.69275 0.45374 0.37826 0.08086
0 0.71595 0.50149 0.43283 0.08047
0 0.71644 0.54923 0.39163 0.07347
0 0.84251 0.59698 0.37041 0.07656
0 0.81028 0.64472 0.43782 0.08447
0 0.66992 0.69247 0.38015 0.08269
0 0.78187 0.74021 0.38225 0.08359
0 0.744 0.78796 0.39121 0.08274
0 0.81844 0.83571 0.37742 0.07417
0 0.90524 0.18586 0.38999 0.08184
0 0.85713 0.23891 0.39076 0.08696
0 0.95979 0.34501 0.43007 0.07942
0 0.8232 0.39806 0.39413 0.07983
0 0.83182 0.45111 0.38985 0.0751
0 0.86179 0.50416 0.42041 0.08187
0 0.86741 0.55721 0.37588 0.08484
0 0.96092 0.61026 0.39881 0.07892
0 0.89503 0.66331 0.41075 0.07354
0 0.87314 0.82246 0.38866 0.08077
0 0.88317 0.87551 0.38434 0.07572
0 0.85371 0.92856 0.43925 0.07533