0 0.10831 0.13281 0.41177 0.07714
0 0.116 0.18586 0.37902 0.08124
0 0.10154 0.23891 0.37661 0.08648
0 0.10151 0.29196 0.40676 0.08096
0 0.10268 0.34501 0.37369 0.07982
0 0.11658 0.39806 0.40949 0.08023
0 0.11984 0.45111 0.43961 0.07661
0 0.11918 0.50416 0.3743 0.08502
0 0.11499 0.55721 0.42518 0.08176
0 0.11576 0.61026 0.40143 0.08011
0 0.11781 0.66331 0.36995 0.08563
0 0.10493 0.71636 0.37141 0.07396
0 0.10547 0.76941 0.38196 0.07597
0 0.11565 0.82246 0.38343 0.07654
0 0.10514 0.87551 0.42421 0.08703
0 0.11427 0.92856 0.44108 0.07793
0 0.354 0.14609 0.4215 0.07817
0 0.3422 0.20444 0.39703 0.0748
0 0.34204 0.26280 0.41641 0.07846
0 0.30377 0.32115 0.39607 0.08365
0 0.29635 0.37951 0.38648 0.08317
0 0.28701 0.43786 0.37372 0.08668
0 0.33396 0.49622 0.38413 0.07865
0 0.33925 0.55457 0.41735 0.08252
0 0.28744 0.61293 0.42742 0.08356
0 0.30513 0.67129 0.43189 0.08571
0 0.30244 0.72964 0.41076 0.08033
0 0.32032 0.78800 0.39023 0.08309
0 0.32358 0.84635 0.41222 0.08673
0 0.31998 0.90471 0.43753 0.07668
0 0.32436 0.96306 0.42144 0.07852
0 0.55529 0.13281 0.39094 0.08284
0 0.56777 0.18586 0.42754 0.0857
0 0.58404 0.23891 0.39173 0.08205
0 0.53155 0.29196 0.39898 0.07689
0 0.48308 0.34501 0.42441 0.08445
0 0.5949 0.39806 0.37742 0.07309
0 0.5933 0.45111 0.40724 0.08086
0 0.53731 0.50416 0.42059 0.07698
0 0.50788 0.55721 0.43628 0.07792
0 0.47497 0.61026 0.37521 0.07608
0 0.53359 0.66331 0.38205 0.08668
0 0.53521 0.71636 0.41857 0.07691
0 0.59634 0.76941 0.41213 0.07319
0 0.47907 0.82246 0.39366 0.08326
0 0.59077 0.87551 0.42445 0.08205
0 0.50282 0.92856 0.40451 0.07505
0 0.73965 0.11953 0.40817 0.07691
0 0.66206 0.16727 0.38246 0.07838
0 0.74967 0.21502 0.41821 0.08221
0 0.83981 0.26276 0.39587 0.07354
0 0.82925 0.31051 0.43428 0.07947
0 0.76066 0.35825 0.43674 0.08282
0 0.73147 0.40600 0.37337 0.07969
0 0.65952 0.45374 0.4262 0.0845
0 0.78822 0.50149 0.39452 0.07837
0 0.74454 0.54923 0.4418 0.08742
0 0.72581 0.59698 0.43267 0.07418
0 0.66066 0.64472 0.43709 0.08674
0 0.78029 0.69247 0.37413 0.07337
0 0.80352 0.74021 0.41297 0.0831
0 0.74493 0.78796 0.40213 0.08243
0 0.70312 0.83571 0.42851 0.0742
0 0.82824 0.13281 0.39551 0.07814
0 0.9866 0.18586 0.41353 0.07654
0 0.96635 0.23891 0.43037 0.07358
0 0.82243 0.29196 0.37522 0.08347
0 0.84616 0.34501 0.41156 0.0864
0 0.98524 0.39806 0.36952 0.08736
0 0.83998 0.45111 0.41004 0.08648
0 0.89019 0.50416 0.42351 0.08523
0 0.91642 0.55721 0.37275 0.08268
0 0.87827 0.66331 0.43227 0.08575
0 0.98393 0.71636 0.43645 0.08467
0 0.88581 0.76941 0.37215 0.07337
0 0.85222 0.92856 0.40324 0.07918