0 0.11774 0.13281 0.41012 0.07345
0 0.0937 0.18586 0.40891 0.07429
0 0.11182 0.23891 0.38407 0.08577
0 0.12022 0.29196 0.4059 0.08574
0 0.09594 0.34501 0.41802 0.08123
0 0.09475 0.39806 0.38142 0.08644
0 0.11176 0.45111 0.43908 0.08157
0 0.11557 0.50416 0.43537 0.07874
0 0.11133 0.55721 0.40512 0.08194
0 0.11705 0.61026 0.39661 0.08369
0 0.10366 0.66331 0.37528 0.08282
0 0.11029 0.71636 0.41146 0.08193
0 0.09859 0.76941 0.44212 0.07659
0 0.10179 0.82246 0.4259 0.07587
0 0.10124 0.87551 0.37368 0.08031
0 0.10927 0.92856 0.40285 0.07341
0 0.35965 0.14609 0.37475 0.0799
0 0.29178 0.20444 0.382 0.0792
0 0.3124 0.26280 0.42175 0.078
0 0.29322 0.32115 0.42393 0.08166
0 0.35629 0.37951 0.43203 0.07464
0 0.28272 0.43786 0.41566 0.0738
0 0.35243 0.49622 0.40131 0.07569
0 0.28084 0.55457 0.43866 0.08619
0 0.35019 0.61293 0.40847 0.07645
0 0.33129 0.67129 0.40733 0.07656
0 0.3473 0.72964 0.39808 0.08221
0 0.28135 0.78800 0.38849 0.08656
0 0.31886 0.84635 0.40426 0.08179
0 0.34333 0.90471 0.43618 0.08693
0 0.33962 0.96306 0.41913 0.08446
0 0.47106 0.13281 0.39459 0.07559
0 0.48266 0.18586 0.4 0.07703
0 0.47122 0.23891 0.37433 0.07536
0 0.57372 0.29196 0.4268 0.08545
0 0.58489 0.34501 0.42413 0.08106
0 0.58038 0.39806 0.37417 0.07615
0 0.48564 0.45111 0.38169 0.08537
0 0.59427 0.50416 0.38546 0.08049
0 0.565 0.55721 0.43423 0.07803
0 0.50893 0.61026 0.39338 0.07357
0 0.49958 0.66331 0.37424 0.07994
0 0.46808 0.71636 0.39502 0.08479
0 0.58786 0.76941 0.38616 0.08134
0 0.59681 0.82246 0.39706 0.08063
0 0.53954 0.87551 0.44238 0.08544
0 0.58086 0.92856 0.37776 0.08549
0 0.6884 0.11953 0.41751 0.08422
0 0.78628 0.16727 0.39646 0.08213
0 0.7671 0.21502 0.42686 0.08122
0 0.70816 0.26276 0.3732 0.07758
0 0.72117 0.31051 0.4394 0.07423
0 0.72431 0.35825 0.38838 0.07752
0 0.77391 0.40600 0.44205 0.087
0 0.66712 0.45374 0.38758 0.07467
0 0.75269 0.50149 0.37928 0.08371
0 0.77713 0.54923 0.37067 0.0752
0 0.76004 0.59698 0.43677 0.08456
0 0.67669 0.64472 0.43727 0.07845
0 0.83009 0.69247 0.38919 0.07499
0 0.80422 0.74021 0.40206 0.08534
0 0.67258 0.78796 0.38054 0.07884
0 0.67087 0.83571 0.42388 0.08628
0 0.92523 0.13281 0.4221 0.08564
0 0.98465 0.18586 0.39452 0.07561
0 0.98465 0.34501 0.4278 0.07783
0 0.84098 0.39806 0.43707 0.08081
0 0.84704 0.55721 0.41335 0.07368
0 0.93755 0.61026 0.36924 0.08409
0 0.83199 0.71636 0.3966 0.08015
0 0.9632 0.76941 0.37929 0.07873
0 0.95174 0.87551 0.424 0.08607
0 0.94956 0.92856 0.43142 0.08477