0 0.1064 0.13281 0.23311 0.04408
0 0.10209 0.18586 0.25273 0.05119
0 0.1128 0.23891 0.25525 0.05188
0 0.1086 0.29196 0.24828 0.04897
0 0.11474 0.34501 0.25912 0.04454
0 0.11067 0.39806 0.2565 0.0502
0 0.11504 0.45111 0.23796 0.04993
0 0.11246 0.50416 0.25165 0.04955
0 0.10351 0.55721 0.24789 0.04403
0 0.09939 0.61026 0.25909 0.04673
0 0.09955 0.66331 0.22573 0.05207
0 0.10203 0.71636 0.23265 0.04484
0 0.1052 0.76941 0.23125 0.04787
0 0.09951 0.82246 0.24979 0.04541
0 0.10613 0.87551 0.2479 0.04701
0 0.10479 0.92856 0.23361 0.04887
0 0.33494 0.14609 0.23627 0.05082
0 0.28958 0.20444 0.23199 0.05222
0 0.28531 0.26280 0.25207 0.05174
0 0.29561 0.32115 0.24445 0.05174
0 0.31968 0.37951 0.24919 0.04535
0 0.29387 0.43786 0.22709 0.05133
0 0.29412 0.49622 0.24457 0.04729
0 0.32818 0.55457 0.23467 0.04853
0 0.30514 0.61293 0.2514 0.04669
0 0.32966 0.67129 0.22315 0.04727
0 0.3336 0.72964 0.23825 0.05081
0 0.29552 0.78800 0.25357 0.04628
0 0.30923 0.84635 0.24954 0.04642
0 0.32239 0.90471 0.22755 0.04796
0 0.32706 0.96306 0.22879 0.04976
0 0.56401 0.13281 0.24844 0.04873
0 0.50544 0.18586 0.22861 0.05001
0 0.57106 0.23891 0.22609 0.04951
0 0.51667 0.29196 0.25969 0.05151
0 0.51047 0.34501 0.2549 0.04604
0 0.56126 0.39806 0.25937 0.0459
0 0.51144 0.45111 0.23741 0.04852
0 0.54456 0.50416 0.24587 0.05198
0 0.56076 0.55721 0.25173 0.04827
0 0.55727 0.61026 0.24559 0.05192
0 0.52025 0.66331 0.2243 0.05175
0 0.55747 0.71636 0.25686 0.04951
0 0.48025 0.76941 0.22385 0.05253
0 0.57575 0.82246 0.25521 0.0512
0 0.50505 0.87551 0.25169 0.04978
0 0.54986 0.92856 0.2436 0.04742
0 0.73716 0.11953 0.26019 0.05185
0 0.66129 0.16727 0.22678 0.04903
0 0.77484 0.21502 0.22592 0.0501
0 0.70122 0.26276 0.22399 0.05217
0 0.70246 0.31051 0.24588 0.04612
0 0.66822 0.35825 0.2382 0.04589
0 0.72417 0.40600 0.24567 0.04775
0 0.72166 0.45374 0.25249 0.04445
0 0.67551 0.50149 0.25376 0.04776
0 0.7622 0.54923 0.24203 0.04822
0 0.79712 0.59698 0.2277 0.04588
0 0.79029 0.64472 0.22365 0.04464
0 0.76009 0.69247 0.22421 0.05071
0 0.80224 0.74021 0.22506 0.04494
0 0.74311 0.78796 0.24888 0.045
0 0.73044 0.83571 0.26212 0.04426
0 0.86396 0.13281 0.24248 0.04727
0 0.8444 0.18586 0.23442 0.0477
0 0.9177 0.23891 0.22363 0.04736
0 0.87529 0.29196 0.2549 0.05046
0 0.90193 0.34501 0.22391 0.05199
0 0.84035 0.39806 0.22474 0.04734
0 0.83206 0.45111 0.23507 0.05163
0 0.97306 0.50416 0.26417 0.04689
0 0.82696 0.55721 0.2588 0.04999
0 0.90161 0.61026 0.2419 0.04909
0 0.96834 0.66331 0.26519 0.05214
0 0.99229 0.71636 0.25829 0.04467
0 0.9237 0.76941 0.2365 0.04511
0 0.95967 0.82246 0.23105 0.0468
0 0.84196 0.87551 0.23087 0.05241
0 0.88899 0.92856 0.25054 0.04783