0 0.10501 0.13281 0.43407 0.08021
0 0.10501 0.18586 0.39009 0.07584
0 0.10501 0.23891 0.39145 0.08351
0 0.10501 0.29196 0.40129 0.08569
0 0.10501 0.34501 0.38877 0.08116
0 0.10501 0.39806 0.38927 0.07932
0 0.10501 0.45111 0.44101 0.07409
0 0.10501 0.50416 0.44044 0.07469
0 0.10501 0.55721 0.42074 0.07965
0 0.10501 0.61026 0.39795 0.08511
0 0.10501 0.66331 0.42742 0.07949
0 0.10501 0.71636 0.38228 0.08638
0 0.10501 0.76941 0.42498 0.07783
0 0.10501 0.82246 0.41487 0.07353
0 0.10501 0.87551 0.43004 0.08104
0 0.10501 0.92856 0.37408 0.07419
0 0.3148 0.14609 0.42455 0.08451
0 0.3148 0.20444 0.43882 0.08401
0 0.3148 0.26280 0.40504 0.08206
0 0.3148 0.32115 0.43094 0.07854
0 0.3148 0.37951 0.38872 0.07583
0 0.3148 0.43786 0.43939 0.08396
0 0.3148 0.49622 0.40294 0.07754
0 0.3148 0.55457 0.38983 0.08374
0 0.3148 0.61293 0.4 0.0797
0 0.3148 0.67129 0.40658 0.07671
0 0.3148 0.72964 0.42203 0.07828
0 0.3148 0.78800 0.42315 0.07961
0 0.3148 0.84635 0.37209 0.08613
0 0.3148 0.90471 0.43479 0.07973
0 0.3148 0.96306 0.39566 0.08535
0 0.52459 0.13281 0.37665 0.07816
0 0.52459 0.18586 0.40616 0.07982
0 0.52459 0.23891 0.4151 0.07453
0 0.52459 0.29196 0.37903 0.07711
0 0.52459 0.34501 0.38309 0.07631
0 0.52459 0.39806 0.43178 0.07959
0 0.52459 0.45111 0.40817 0.07514
0 0.52459 0.50416 0.44164 0.08265
0 0.52459 0.55721 0.39287 0.08469
0 0.52459 0.61026 0.37798 0.08588
0 0.52459 0.66331 0.43982 0.07822
0 0.52459 0.71636 0.43698 0.07495
0 0.52459 0.76941 0.398 0.07491
0 0.52459 0.82246 0.43247 0.07496
0 0.52459 0.87551 0.40146 0.07438
0 0.52459 0.92856 0.43043 0.08287
0 0.73438 0.11953 0.43763 0.07602
0 0.73438 0.16727 0.37345 0.07327
0 0.73438 0.21502 0.37243 0.07558
0 0.73438 0.26276 0.43217 0.08402
0 0.73438 0.31051 0.40021 0.07575
0 0.73438 0.35825 0.42207 0.07298
0 0.73438 0.40600 0.43944 0.08133
0 0.73438 0.45374 0.39757 0.08061
0 0.73438 0.50149 0.40196 0.08242
0 0.73438 0.54923 0.43849 0.07421
0 0.73438 0.59698 0.41095 0.0804
0 0.73438 0.64472 0.41752 0.07494
0 0.73438 0.69247 0.40759 0.07951
0 0.73438 0.74021 0.43466 0.07754
0 0.73438 0.78796 0.40823 0.08094
0 0.73438 0.83571 0.38137 0.08273
0 0.90921 0.13281 0.42601 0.07974
0 0.90921 0.18586 0.38603 0.08105
0 0.90921 0.23891 0.41568 0.08732
0 0.90921 0.29196 0.3775 0.07827
0 0.90921 0.34501 0.40868 0.07553
0 0.90921 0.39806 0.43793 0.08009
0 0.90921 0.45111 0.38928 0.08549
0 0.90921 0.50416 0.42841 0.07907
0 0.90921 0.55721 0.40816 0.08528
0 0.90921 0.61026 0.43702 0.07937
0 0.90921 0.66331 0.3929 0.07311
0 0.90921 0.71636 0.3722 0.07832
0 0.90921 0.76941 0.3823 0.0734
0 0.90921 0.82246 0.41046 0.08549
0 0.90921 0.87551 0.42093 0.08524
0 0.90921 0.92856 0.40364 0.07606