0 0.10045 0.13281 0.22767 0.04598
0 0.09722 0.18586 0.24972 0.04899
0 0.1021 0.23891 0.22647 0.04604
0 0.10649 0.29196 0.26226 0.0516
0 0.0989 0.34501 0.24859 0.04862
0 0.11529 0.39806 0.26369 0.04971
0 0.10274 0.45111 0.25057 0.04595
0 0.09647 0.50416 0.25082 0.04509
0 0.10161 0.55721 0.22986 0.04532
0 0.10286 0.61026 0.25266 0.04892
0 0.10423 0.66331 0.25981 0.04566
0 0.09929 0.71636 0.24779 0.04652
0 0.09756 0.76941 0.26527 0.05035
0 0.10335 0.82246 0.24553 0.04425
0 0.0965 0.87551 0.25844 0.04463
0 0.10631 0.92856 0.22201 0.04969
0 0.34034 0.14609 0.2477 0.05048
0 0.3041 0.20444 0.2242 0.04498
0 0.33005 0.26280 0.2437 0.05034
0 0.32717 0.32115 0.23043 0.0494
0 0.31153 0.37951 0.26461 0.04579
0 0.28391 0.43786 0.26312 0.04381
0 0.30133 0.49622 0.22355 0.04652
0 0.33595 0.55457 0.26212 0.0475
0 0.3368 0.61293 0.2259 0.04509
0 0.33583 0.67129 0.24414 0.04666
0 0.32679 0.72964 0.2228 0.04968
0 0.31568 0.78800 0.23606 0.04628
0 0.2894 0.84635 0.24425 0.04864
0 0.33222 0.90471 0.23682 0.04721
0 0.31598 0.96306 0.22684 0.05022
0 0.49479 0.13281 0.26357 0.04843
0 0.5294 0.18586 0.23627 0.04698
0 0.491 0.23891 0.23888 0.04488
0 0.50155 0.29196 0.25683 0.05077
0 0.51493 0.34501 0.25431 0.04905
0 0.57547 0.39806 0.22308 0.04685
0 0.47877 0.45111 0.23394 0.05193
0 0.53912 0.50416 0.2538 0.04971
0 0.53096 0.55721 0.23933 0.0481
0 0.49302 0.61026 0.22616 0.04513
0 0.48743 0.66331 0.25383 0.05041
0 0.53593 0.71636 0.24064 0.0511
0 0.57257 0.76941 0.22788 0.04951
0 0.56879 0.82246 0.24431 0.05199
0 0.49255 0.87551 0.22591 0.04447
0 0.54823 0.92856 0.26131 0.04677
0 0.80224 0.11953 0.24795 0.05122
0 0.69707 0.16727 0.26096 0.0478
0 0.77163 0.21502 0.25694 0.04729
0 0.71912 0.26276 0.23219 0.04853
0 0.71843 0.31051 0.22242 0.04759
0 0.71484 0.35825 0.24848 0.04677
0 0.75941 0.40600 0.2367 0.04526
0 0.71777 0.45374 0.24231 0.04881
0 0.689 0.50149 0.22893 0.0457
0 0.68965 0.54923 0.2264 0.0451
0 0.78402 0.59698 0.23982 0.04814
0 0.79323 0.64472 0.26123 0.04982
0 0.79709 0.69247 0.22528 0.04522
0 0.70433 0.74021 0.23942 0.05234
0 0.77366 0.78796 0.2555 0.04991
0 0.73145 0.83571 0.24553 0.04991
0 0.96711 0.13281 0.26059 0.05237
0 0.90332 0.18586 0.24615 0.05216
0 0.98494 0.23891 0.24015 0.0449
0 0.87413 0.29196 0.22272 0.05097
0 0.90895 0.34501 0.23277 0.04941
0 0.84473 0.39806 0.26348 0.05231
0 0.97535 0.45111 0.24424 0.04515
0 0.88659 0.50416 0.22254 0.04982
0 0.97798 0.55721 0.2653 0.04598
0 0.84643 0.61026 0.25007 0.04899
0 0.95091 0.66331 0.26398 0.0511
0 0.93492 0.71636 0.24068 0.05022
0 0.92229 0.76941 0.26094 0.04585
0 0.92115 0.82246 0.2497 0.05184
0 0.87033 0.87551 0.23511 0.04641
0 0.85466 0.92856 0.22564 0.05091