0 0.10816 0.13281 0.4105 0.08006
0 0.10199 0.18586 0.40985 0.07934
0 0.09461 0.23891 0.37297 0.07321
0 0.09951 0.29196 0.42267 0.0833
0 0.09823 0.34501 0.38829 0.07686
0 0.09543 0.39806 0.39126 0.07627
0 0.11507 0.45111 0.39643 0.07332
0 0.11731 0.50416 0.3957 0.08513
0 0.0938 0.55721 0.3956 0.0793
0 0.11382 0.61026 0.37975 0.07615
0 0.11759 0.66331 0.42084 0.08716
0 0.10452 0.71636 0.42425 0.08547
0 0.10167 0.76941 0.38157 0.08303
0 0.11958 0.82246 0.43811 0.08697
0 0.0992 0.87551 0.43062 0.0738
0 0.09984 0.92856 0.43118 0.07786
0 0.28934 0.14609 0.37617 0.0843
0 0.34641 0.20444 0.37922 0.08732
0 0.3142 0.26280 0.41688 0.07662
0 0.28929 0.32115 0.38207 0.0786
0 0.29593 0.37951 0.37183 0.07391
0 0.34487 0.43786 0.43609 0.08403
0 0.33934 0.49622 0.40346 0.08379
0 0.34707 0.55457 0.38982 0.08593
0 0.34368 0.61293 0.4044 0.0767
0 0.33228 0.67129 0.39008 0.07386
0 0.29841 0.72964 0.43511 0.08317
0 0.28282 0.78800 0.43133 0.0753
0 0.34778 0.84635 0.40073 0.08335
0 0.28849 0.90471 0.40638 0.08151
0 0.33517 0.96306 0.40009 0.08207
0 0.55783 0.13281 0.42346 0.08249
0 0.5508 0.18586 0.40379 0.07394
0 0.60058 0.23891 0.39403 0.07933
0 0.50915 0.29196 0.39909 0.0758
0 0.59542 0.34501 0.37873 0.08368
0 0.60205 0.39806 0.37273 0.08539
0 0.5761 0.45111 0.44234 0.08204
0 0.57888 0.50416 0.37459 0.08422
0 0.54024 0.55721 0.40353 0.08424
0 0.55551 0.61026 0.38916 0.07345
0 0.48475 0.66331 0.36951 0.08367
0 0.50688 0.71636 0.38159 0.07686
0 0.51252 0.76941 0.42487 0.08543
0 0.59651 0.82246 0.38849 0.08018
0 0.55174 0.87551 0.40783 0.08308
0 0.5479 0.92856 0.40509 0.07301
0 0.79833 0.11953 0.3937 0.07483
0 0.80016 0.16727 0.36998 0.07385
0 0.64941 0.21502 0.40042 0.07843
0 0.73732 0.26276 0.42286 0.08433
0 0.79165 0.31051 0.37339 0.08371
0 0.78009 0.35825 0.40447 0.08192
0 0.76821 0.40600 0.42248 0.08623
0 0.68281 0.45374 0.38722 0.08012
0 0.68235 0.50149 0.43547 0.08253
0 0.79736 0.54923 0.41826 0.08541
0 0.65712 0.59698 0.39476 0.08246
0 0.76247 0.64472 0.43523 0.07696
0 0.78906 0.69247 0.43174 0.07996
0 0.83994 0.74021 0.39895 0.08272
0 0.78384 0.78796 0.42915 0.08017
0 0.75021 0.83571 0.40326 0.08654
0 0.98675 0.13281 0.38973 0.07522
0 0.85156 0.18586 0.44142 0.07892
0 0.90743 0.23891 0.42424 0.0852
0 0.85855 0.39806 0.43152 0.08558
0 0.92435 0.45111 0.38299 0.08673
0 0.83943 0.50416 0.42084 0.0824
0 0.83007 0.55721 0.42855 0.08595
0 0.81284 0.61026 0.41477 0.08378
0 0.88193 0.66331 0.44167 0.08116
0 0.80475 0.76941 0.43116 0.07444
0 0.81066 0.82246 0.43731 0.08518