0 0.10936 0.13281 0.43165 0.07571
0 0.10184 0.18586 0.43805 0.07766
0 0.10157 0.23891 0.41309 0.07649
0 0.11007 0.29196 0.3913 0.07902
0 0.11126 0.34501 0.388 0.08742
0 0.09424 0.39806 0.41816 0.07305
0 0.09924 0.45111 0.42971 0.08631
0 0.10178 0.50416 0.39176 0.08076
0 0.12033 0.55721 0.42998 0.07335
0 0.09329 0.61026 0.42124 0.08287
0 0.11101 0.66331 0.40001 0.07752
0 0.0941 0.71636 0.40836 0.08701
0 0.10839 0.76941 0.41873 0.07964
0 0.09889 0.82246 0.3957 0.07851
0 0.12061 0.87551 0.37998 0.0788
0 0.12008 0.92856 0.39947 0.07821
0 0.2943 0.14609 0.38491 0.08598
0 0.30549 0.20444 0.41532 0.08049
0 0.29464 0.26280 0.43738 0.07508
0 0.28922 0.32115 0.41707 0.07599
0 0.32716 0.37951 0.44104 0.08632
0 0.35854 0.43786 0.38604 0.07454
0 0.30958 0.49622 0.41579 0.0818
0 0.30965 0.55457 0.41695 0.07606
0 0.35107 0.61293 0.39465 0.08061
0 0.33944 0.67129 0.4074 0.08051
0 0.36134 0.72964 0.40216 0.0816
0 0.30669 0.78800 0.37789 0.07378
0 0.32803 0.84635 0.39747 0.07589
0 0.32532 0.90471 0.41768 0.08399
0 0.30829 0.96306 0.38916 0.08528
0 0.56482 0.13281 0.43545 0.07892
0 0.48973 0.18586 0.39973 0.08551
0 0.54067 0.23891 0.39804 0.07722
0 0.55057 0.29196 0.40428 0.08062
0 0.54083 0.34501 0.39688 0.07594
0 0.46976 0.39806 0.42993 0.07875
0 0.46812 0.45111 0.37486 0.08527
0 0.53743 0.50416 0.43991 0.08188
0 0.59728 0.55721 0.43506 0.08443
0 0.5401 0.61026 0.42091 0.08112
0 0.49762 0.66331 0.39042 0.0744
0 0.56127 0.71636 0.37992 0.08566
0 0.46487 0.76941 0.42246 0.08071
0 0.5921 0.82246 0.42892 0.0797
0 0.46683 0.87551 0.36946 0.08448
0 0.58922 0.92856 0.40147 0.07718
0 0.76742 0.11953 0.40057 0.07441
0 0.78552 0.16727 0.41602 0.08305
0 0.65417 0.21502 0.44033 0.07492
0 0.67113 0.26276 0.39124 0.07675
0 0.74767 0.31051 0.37246 0.08385
0 0.71619 0.35825 0.44046 0.08067
0 0.82727 0.40600 0.37161 0.08444
0 0.84204 0.45374 0.39521 0.08347
0 0.83022 0.50149 0.43971 0.08671
0 0.84059 0.54923 0.40504 0.08247
0 0.70069 0.59698 0.39775 0.08638
0 0.78374 0.64472 0.39203 0.07412
0 0.66072 0.69247 0.40344 0.07985
0 0.70378 0.74021 0.42769 0.08168
0 0.83137 0.78796 0.37473 0.08612
0 0.65894 0.83571 0.43294 0.08132
0 0.8956 0.13281 0.39952 0.08742
0 0.8237 0.23891 0.41965 0.07752
0 0.81949 0.29196 0.38655 0.07506
0 0.93856 0.34501 0.431 0.07776
0 0.95033 0.45111 0.39673 0.07535
0 0.95662 0.50416 0.37312 0.0819
0 0.83679 0.55721 0.42771 0.07545
0 0.93889 0.61026 0.41541 0.08256
0 0.97797 0.66331 0.42256 0.08158
0 0.99002 0.71636 0.43837 0.08661
0 0.81805 0.76941 0.40933 0.08218
0 0.86215 0.87551 0.3841 0.07548
0 0.92113 0.92856 0.39006 0.07941