0 0.10501 0.13714 0.20808 0.03986
0 0.10501 0.18972 0.20534 0.0358
0 0.10501 0.24300 0.17917 0.03762
0 0.10501 0.27628 0.19747 0.03961
0 0.10501 0.35224 0.19707 0.03965
0 0.10501 0.37884 0.17953 0.03316
0 0.10501 0.48768 0.21936 0.03876
0 0.10501 0.50105 0.21027 0.03263
0 0.10501 0.59566 0.21329 0.03285
0 0.10501 0.61525 0.1626 0.03979
0 0.10501 0.70404 0.16243 0.0392
0 0.10501 0.74510 0.19372 0.04201
0 0.10501 0.71149 0.17739 0.03741
0 0.10501 0.83843 0.16902 0.03742
0 0.10501 0.91168 0.20767 0.04256
0 0.10501 0.93373 0.21695 0.03717
0 0.3148 0.13687 0.16868 0.03634
0 0.3148 0.19596 0.17745 0.03291
0 0.3148 0.28687 0.21976 0.04354
0 0.3148 0.30895 0.17844 0.03633
0 0.3148 0.40047 0.20425 0.04073
0 0.3148 0.39438 0.17847 0.03751
0 0.3148 0.48546 0.18702 0.0431
0 0.3148 0.55246 0.21791 0.03457
0 0.3148 0.57876 0.21676 0.03501
0 0.3148 0.72523 0.17223 0.04231
0 0.3148 0.75481 0.21102 0.03365
0 0.3148 0.79467 0.18182 0.0378
0 0.3148 0.86934 0.17254 0.04275
0 0.3148 0.89012 0.16274 0.03797
0 0.3148 0.99836 0.18125 0.03615
0 0.3148 0.93632 0.17463 0.03998
0 0.52459 0.13812 0.1969 0.0368
0 0.52459 0.17913 0.17425 0.03689
0 0.52459 0.24181 0.18576 0.04165
0 0.52459 0.29944 0.1634 0.04062
0 0.52459 0.35720 0.18435 0.03507
0 0.52459 0.38544 0.21512 0.03954
0 0.52459 0.41480 0.16326 0.04056
0 0.52459 0.52335 0.17085 0.0413
0 0.52459 0.60884 0.17098 0.03996
0 0.52459 0.66246 0.20934 0.03674
0 0.52459 0.66886 0.16945 0.0356
0 0.52459 0.78702 0.21551 0.03527
0 0.52459 0.84332 0.19775 0.04242
0 0.52459 0.80052 0.2116 0.03965
0 0.52459 0.90626 0.16611 0.03749
0 0.52459 0.91867 0.17799 0.03476
0 0.73438 0.10957 0.16656 0.03894
0 0.73438 0.17791 0.16772 0.04065
0 0.73438 0.20764 0.16358 0.04199
0 0.73438 0.25661 0.1926 0.03709
0 0.73438 0.32160 0.19113 0.04137
0 0.73438 0.38678 0.20155 0.03661
0 0.73438 0.42504 0.21249 0.03221
0 0.73438 0.45542 0.20276 0.04192
0 0.73438 0.49698 0.19417 0.04017
0 0.73438 0.55754 0.20037 0.03476
0 0.73438 0.65426 0.19405 0.03552
0 0.73438 0.67071 0.18833 0.04281
0 0.73438 0.63093 0.17376 0.03608
0 0.73438 0.72399 0.19436 0.03724
0 0.73438 0.78699 0.17697 0.03335
0 0.73438 0.90385 0.19023 0.03663
0 0.90921 0.12505 0.17276 0.03279
0 0.90921 0.16801 0.21096 0.04288
0 0.90921 0.21632 0.18668 0.04233
0 0.90921 0.28237 0.20349 0.0392
0 0.90921 0.36835 0.17883 0.03568
0 0.90921 0.41778 0.19374 0.04271
0 0.90921 0.42969 0.18514 0.04169
0 0.90921 0.48914 0.16471 0.03408
0 0.90921 0.52865 0.17934 0.03381
0 0.90921 0.66283 0.21528 0.03836
0 0.90921 0.71745 0.16873 0.03757
0 0.90921 0.73933 0.1871 0.04021
0 0.90921 0.84232 0.21372 0.03329
0 0.90921 0.81054 0.20816 0.03359
0 0.90921 0.90221 0.20581 0.04342
0 0.90921 0.87695 0.20712 0.03858