0 0.10501 0.13281 0.43666 0.08608
0 0.10501 0.18586 0.39112 0.07791
0 0.10501 0.23891 0.42467 0.08174
0 0.10501 0.29196 0.40117 0.07952
0 0.10501 0.34501 0.43951 0.08235
0 0.10501 0.39806 0.41689 0.08692
0 0.10501 0.45111 0.38748 0.07729
0 0.10501 0.50416 0.42981 0.08738
0 0.10501 0.55721 0.44036 0.07455
0 0.10501 0.61026 0.40515 0.07814
0 0.10501 0.66331 0.44075 0.07798
0 0.10501 0.71636 0.42109 0.074
0 0.10501 0.76941 0.39711 0.08123
0 0.10501 0.82246 0.41607 0.07833
0 0.10501 0.87551 0.44114 0.08501
0 0.10501 0.92856 0.41834 0.0823
0 0.3148 0.14609 0.41679 0.0868
0 0.3148 0.20444 0.43418 0.08567
0 0.3148 0.26280 0.42911 0.08436
0 0.3148 0.32115 0.43976 0.08565
0 0.3148 0.37951 0.43603 0.07735
0 0.3148 0.43786 0.40482 0.08467
0 0.3148 0.49622 0.41495 0.08721
0 0.3148 0.55457 0.40371 0.07346
0 0.3148 0.61293 0.39801 0.0742
0 0.3148 0.67129 0.44238 0.08179
0 0.3148 0.72964 0.38232 0.07373
0 0.3148 0.78800 0.40603 0.07608
0 0.3148 0.84635 0.3909 0.08529
0 0.3148 0.90471 0.39055 0.08134
0 0.3148 0.96306 0.42062 0.08336
0 0.52459 0.13281 0.41727 0.08416
0 0.52459 0.18586 0.41292 0.07314
0 0.52459 0.23891 0.39283 0.08637
0 0.52459 0.29196 0.39094 0.07678
0 0.52459 0.34501 0.41372 0.07758
0 0.52459 0.39806 0.40798 0.07901
0 0.52459 0.45111 0.4281 0.07787
0 0.52459 0.50416 0.43699 0.08556
0 0.52459 0.55721 0.42612 0.08211
0 0.52459 0.61026 0.40039 0.07728
0 0.52459 0.66331 0.40585 0.08611
0 0.52459 0.71636 0.41719 0.08259
0 0.52459 0.76941 0.41181 0.07462
0 0.52459 0.82246 0.4041 0.08245
0 0.52459 0.87551 0.43775 0.08232
0 0.52459 0.92856 0.4099 0.07795
0 0.73438 0.11953 0.40867 0.07428
0 0.73438 0.16727 0.39206 0.07432
0 0.73438 0.21502 0.40281 0.07825
0 0.73438 0.26276 0.43589 0.07375
0 0.73438 0.31051 0.38371 0.07874
0 0.73438 0.35825 0.38136 0.0767
0 0.73438 0.40600 0.37031 0.08729
0 0.73438 0.45374 0.43768 0.07725
0 0.73438 0.50149 0.41516 0.07877
0 0.73438 0.54923 0.39564 0.08295
0 0.73438 0.59698 0.41329 0.08379
0 0.73438 0.64472 0.38072 0.08618
0 0.73438 0.69247 0.38889 0.08646
0 0.73438 0.74021 0.42946 0.07434
0 0.73438 0.78796 0.41265 0.08197
0 0.73438 0.83571 0.38153 0.08423
0 0.90921 0.13281 0.39268 0.07671
0 0.90921 0.18586 0.42083 0.08009
0 0.90921 0.23891 0.43651 0.08382
0 0.90921 0.29196 0.43977 0.07367
0 0.90921 0.34501 0.43206 0.0781
0 0.90921 0.39806 0.40415 0.0731
0 0.90921 0.45111 0.40257 0.08573
0 0.90921 0.50416 0.38001 0.07472
0 0.90921 0.55721 0.43813 0.07612
0 0.90921 0.61026 0.437 0.07679
0 0.90921 0.66331 0.37923 0.0734
0 0.90921 0.71636 0.43059 0.08336
0 0.90921 0.76941 0.37252 0.07415
0 0.90921 0.82246 0.41952 0.08692
0 0.90921 0.87551 0.41219 0.07868
0 0.90921 0.92856 0.41148 0.08347