0 0.10927 0.13281 0.40495 0.08287
0 0.11182 0.18586 0.3882 0.07755
0 0.1201 0.23891 0.42573 0.07406
0 0.09464 0.29196 0.39609 0.07613
0 0.09903 0.34501 0.37051 0.08443
0 0.09741 0.39806 0.41045 0.07469
0 0.1142 0.45111 0.41543 0.08259
0 0.09623 0.50416 0.42534 0.08218
0 0.11835 0.55721 0.43764 0.07762
0 0.10661 0.61026 0.37143 0.07843
0 0.09422 0.66331 0.42246 0.07566
0 0.09536 0.71636 0.38736 0.07351
0 0.09734 0.76941 0.38363 0.08272
0 0.0945 0.82246 0.37913 0.08565
0 0.11916 0.87551 0.419 0.07761
0 0.09939 0.92856 0.43728 0.08646
0 0.33007 0.14609 0.41683 0.08507
0 0.3079 0.20444 0.43345 0.08245
0 0.34147 0.26280 0.38062 0.08676
0 0.28288 0.32115 0.43334 0.07917
0 0.27883 0.37951 0.41561 0.07895
0 0.28564 0.43786 0.38358 0.0774
0 0.32812 0.49622 0.42554 0.081
0 0.35463 0.55457 0.41627 0.07683
0 0.28172 0.61293 0.38715 0.08263
0 0.30999 0.67129 0.38232 0.08509
0 0.29487 0.72964 0.37245 0.07405
0 0.33825 0.78800 0.39721 0.0759
0 0.34731 0.84635 0.41521 0.07565
0 0.28755 0.90471 0.37016 0.08338
0 0.33989 0.96306 0.43322 0.07633
0 0.52897 0.13281 0.43929 0.08444
0 0.59898 0.18586 0.41197 0.07864
0 0.51576 0.23891 0.41561 0.07577
0 0.49891 0.29196 0.38279 0.0768
0 0.48864 0.34501 0.38539 0.07534
0 0.54031 0.39806 0.42225 0.07964
0 0.56211 0.45111 0.37787 0.08425
0 0.46612 0.50416 0.42587 0.08116
0 0.47314 0.55721 0.3846 0.08646
0 0.59701 0.61026 0.37251 0.07454
0 0.56805 0.66331 0.40419 0.08283
0 0.5405 0.71636 0.43182 0.08385
0 0.54838 0.76941 0.40703 0.08288
0 0.49755 0.82246 0.41067 0.08447
0 0.54691 0.87551 0.42234 0.08555
0 0.46841 0.92856 0.42007 0.08159
0 0.74924 0.11953 0.42717 0.07985
0 0.78059 0.16727 0.39219 0.08083
0 0.68659 0.21502 0.39873 0.0779
0 0.70549 0.26276 0.4378 0.07944
0 0.7834 0.31051 0.43163 0.08648
0 0.78233 0.35825 0.41032 0.08182
0 0.65424 0.40600 0.40296 0.07936
0 0.7566 0.45374 0.39005 0.07985
0 0.71408 0.50149 0.43635 0.0864
0 0.69233 0.54923 0.43183 0.08707
0 0.70064 0.59698 0.40579 0.07701
0 0.68177 0.64472 0.38733 0.08458
0 0.77115 0.69247 0.3855 0.07406
0 0.81461 0.74021 0.37701 0.08232
0 0.64828 0.78796 0.39248 0.07872
0 0.79654 0.83571 0.42401 0.07814
0 0.84642 0.13281 0.41833 0.08546
0 0.94911 0.18586 0.43182 0.07602
0 0.81305 0.23891 0.43642 0.08305
0 0.89011 0.34501 0.43321 0.08705
0 0.9268 0.39806 0.39406 0.08701
0 0.94034 0.50416 0.42564 0.07435
0 0.90385 0.55721 0.41157 0.07597
0 0.91408 0.61026 0.40651 0.08721
0 0.82114 0.66331 0.42093 0.08295
0 0.94387 0.76941 0.43474 0.08655
0 0.84764 0.82246 0.3925 0.08138
0 0.88137 0.87551 0.42967 0.08118
0 0.95278 0.92856 0.4302 0.08025