0 0.09733 0.13281 0.38202 0.08226
0 0.10498 0.18586 0.39422 0.07672
0 0.1026 0.23891 0.42701 0.07579
0 0.10858 0.29196 0.40504 0.08745
0 0.09656 0.34501 0.36935 0.08424
0 0.10554 0.39806 0.43252 0.08685
0 0.09986 0.45111 0.41631 0.07786
0 0.09987 0.50416 0.37536 0.08257
0 0.10277 0.55721 0.43132 0.08352
0 0.1003 0.61026 0.37607 0.07531
0 0.12062 0.66331 0.38233 0.07337
0 0.10579 0.71636 0.40747 0.08266
0 0.09847 0.76941 0.42998 0.0779
0 0.10194 0.82246 0.40698 0.07989
0 0.11253 0.87551 0.43932 0.08463
0 0.1193 0.92856 0.3693 0.07634
0 0.29888 0.14609 0.42953 0.08149
0 0.29985 0.20444 0.40794 0.08132
0 0.30317 0.26280 0.37616 0.0867
0 0.28276 0.32115 0.3887 0.08672
0 0.33296 0.37951 0.42303 0.0756
0 0.28662 0.43786 0.39617 0.07444
0 0.35952 0.49622 0.37616 0.08135
0 0.34292 0.55457 0.43229 0.08742
0 0.28605 0.61293 0.37329 0.07798
0 0.31 0.67129 0.39239 0.0801
0 0.34414 0.72964 0.38137 0.07571
0 0.33108 0.78800 0.40293 0.08348
0 0.34186 0.84635 0.40013 0.07569
0 0.3006 0.90471 0.40401 0.0756
0 0.30014 0.96306 0.37193 0.07898
0 0.52986 0.13281 0.38619 0.08332
0 0.49201 0.18586 0.43391 0.07924
0 0.46983 0.23891 0.43308 0.07752
0 0.51851 0.29196 0.40788 0.07829
0 0.58869 0.34501 0.44248 0.08199
0 0.46264 0.39806 0.41794 0.08022
0 0.53606 0.45111 0.41954 0.0734
0 0.52941 0.50416 0.40821 0.08547
0 0.57705 0.55721 0.39094 0.08259
0 0.52415 0.61026 0.38555 0.08718
0 0.52964 0.66331 0.44213 0.07856
0 0.50464 0.71636 0.41831 0.0742
0 0.46478 0.76941 0.41621 0.08513
0 0.54836 0.82246 0.39499 0.08342
0 0.54004 0.87551 0.37583 0.0768
0 0.50161 0.92856 0.41599 0.08645
0 0.81226 0.11953 0.41018 0.08309
0 0.82169 0.16727 0.39525 0.07415
0 0.74166 0.21502 0.37951 0.07514
0 0.83121 0.26276 0.43887 0.07871
0 0.7743 0.31051 0.3728 0.07535
0 0.67236 0.35825 0.41564 0.08283
0 0.82557 0.40600 0.42272 0.07649
0 0.67706 0.45374 0.40918 0.08589
0 0.7164 0.50149 0.37498 0.08239
0 0.79962 0.54923 0.38596 0.08107
0 0.81125 0.59698 0.43045 0.07688
0 0.79934 0.64472 0.42178 0.07869
0 0.81515 0.69247 0.41733 0.07924
0 0.73724 0.74021 0.39245 0.07983
0 0.64696 0.78796 0.40248 0.07423
0 0.81244 0.83571 0.37532 0.08609
0 0.98279 0.18586 0.38837 0.07436
0 0.93609 0.29196 0.36942 0.08438
0 0.80964 0.34501 0.40813 0.07522
0 0.99629 0.45111 0.39324 0.08002
0 0.97989 0.50416 0.43687 0.07729
0 0.96157 0.55721 0.39256 0.07401
0 0.97048 0.61026 0.39588 0.07711
0 0.97103 0.66331 0.43885 0.07643
0 0.97627 0.71636 0.36962 0.08183
0 0.83038 0.76941 0.41615 0.08194
0 0.94994 0.87551 0.42382 0.07796
0 0.8603 0.92856 0.40937 0.08168