0 0.10501 0.13281 0.39648 0.08658
0 0.10501 0.18586 0.40158 0.0785
0 0.10501 0.23891 0.4271 0.07433
0 0.10501 0.29196 0.43768 0.078
0 0.10501 0.34501 0.37188 0.08421
0 0.10501 0.39806 0.43709 0.08234
0 0.10501 0.45111 0.41888 0.08698
0 0.10501 0.50416 0.40873 0.07519
0 0.10501 0.55721 0.41499 0.07532
0 0.10501 0.61026 0.44203 0.08003
0 0.10501 0.66331 0.43318 0.08732
0 0.10501 0.71636 0.42329 0.08312
0 0.10501 0.76941 0.43559 0.08551
0 0.10501 0.82246 0.40217 0.07443
0 0.10501 0.87551 0.41923 0.07539
0 0.10501 0.92856 0.43096 0.08315
0 0.3148 0.14609 0.40841 0.08147
0 0.3148 0.20444 0.43916 0.07514
0 0.3148 0.26280 0.43357 0.07454
0 0.3148 0.32115 0.40521 0.08401
0 0.3148 0.37951 0.39182 0.0836
0 0.3148 0.43786 0.40358 0.08344
0 0.3148 0.49622 0.42864 0.07401
0 0.3148 0.55457 0.42583 0.08434
0 0.3148 0.61293 0.37796 0.08009
0 0.3148 0.67129 0.37211 0.0754
0 0.3148 0.72964 0.42662 0.08096
0 0.3148 0.78800 0.38447 0.08056
0 0.3148 0.84635 0.4168 0.08118
0 0.3148 0.90471 0.39752 0.07711
0 0.3148 0.96306 0.42024 0.083
0 0.52459 0.13281 0.40178 0.08707
0 0.52459 0.18586 0.37642 0.08146
0 0.52459 0.23891 0.36992 0.07854
0 0.52459 0.29196 0.43034 0.07476
0 0.52459 0.34501 0.42128 0.08329
0 0.52459 0.39806 0.3866 0.07827
0 0.52459 0.45111 0.42589 0.07445
0 0.52459 0.50416 0.42596 0.08112
0 0.52459 0.55721 0.37258 0.07715
0 0.52459 0.61026 0.39761 0.08702
0 0.52459 0.66331 0.42839 0.08614
0 0.52459 0.71636 0.42051 0.08055
0 0.52459 0.76941 0.4202 0.08748
0 0.52459 0.82246 0.43297 0.08536
0 0.52459 0.87551 0.43984 0.07649
0 0.52459 0.92856 0.38256 0.07449
0 0.73438 0.11953 0.37936 0.08366
0 0.73438 0.16727 0.44025 0.08698
0 0.73438 0.21502 0.41502 0.08606
0 0.73438 0.26276 0.38698 0.08355
0 0.73438 0.31051 0.42277 0.08613
0 0.73438 0.35825 0.40183 0.0854
0 0.73438 0.40600 0.38909 0.07734
0 0.73438 0.45374 0.41496 0.08577
0 0.73438 0.50149 0.40202 0.08493
0 0.73438 0.54923 0.42044 0.07519
0 0.73438 0.59698 0.42745 0.08551
0 0.73438 0.64472 0.37462 0.07642
0 0.73438 0.69247 0.42614 0.0766
0 0.73438 0.74021 0.43462 0.07741
0 0.73438 0.78796 0.38824 0.08175
0 0.73438 0.83571 0.3967 0.08254
0 0.90921 0.13281 0.42776 0.08126
0 0.90921 0.18586 0.39025 0.07621
0 0.90921 0.23891 0.44211 0.07503
0 0.90921 0.29196 0.42016 0.0821
0 0.90921 0.34501 0.41134 0.08081
0 0.90921 0.39806 0.43606 0.08496
0 0.90921 0.45111 0.43113 0.07911
0 0.90921 0.50416 0.39484 0.07546
0 0.90921 0.55721 0.43979 0.08694
0 0.90921 0.61026 0.41963 0.07981
0 0.90921 0.66331 0.40527 0.08552
0 0.90921 0.71636 0.44158 0.08519
0 0.90921 0.76941 0.37812 0.07816
0 0.90921 0.82246 0.43683 0.08157
0 0.90921 0.87551 0.37377 0.07484
0 0.90921 0.92856 0.40259 0.07473