0 0.1049 0.13281 0.24131 0.05139
0 0.11043 0.18586 0.24049 0.05101
0 0.10518 0.23891 0.22978 0.04951
0 0.09954 0.29196 0.2524 0.05045
0 0.11374 0.34501 0.22971 0.04662
0 0.09515 0.39806 0.24297 0.04921
0 0.09912 0.45111 0.25016 0.04493
0 0.0978 0.50416 0.23034 0.05109
0 0.11054 0.55721 0.2496 0.04747
0 0.11449 0.61026 0.22372 0.04812
0 0.1129 0.66331 0.24721 0.05
0 0.10668 0.71636 0.25636 0.05052
0 0.11008 0.76941 0.26278 0.04609
0 0.10689 0.82246 0.22215 0.04475
0 0.10861 0.87551 0.26106 0.04565
0 0.11211 0.92856 0.23293 0.04413
0 0.33057 0.14609 0.26303 0.04633
0 0.32335 0.20444 0.24582 0.04588
0 0.2902 0.26280 0.26002 0.05127
0 0.30433 0.32115 0.23857 0.0453
0 0.29031 0.37951 0.26021 0.0488
0 0.32736 0.43786 0.24735 0.05155
0 0.31517 0.49622 0.26096 0.04765
0 0.29933 0.55457 0.22902 0.04853
0 0.31059 0.61293 0.25149 0.04846
0 0.32495 0.67129 0.23649 0.0524
0 0.29635 0.72964 0.2338 0.0442
0 0.29104 0.78800 0.23446 0.04857
0 0.30466 0.84635 0.23159 0.04503
0 0.34392 0.90471 0.22325 0.04986
0 0.30484 0.96306 0.23282 0.04588
0 0.50513 0.13281 0.23516 0.04465
0 0.48698 0.18586 0.22256 0.04941
0 0.47757 0.23891 0.24861 0.04794
0 0.47842 0.29196 0.24136 0.04973
0 0.49333 0.34501 0.23019 0.05136
0 0.50197 0.39806 0.24196 0.04796
0 0.4785 0.45111 0.2417 0.04574
0 0.55575 0.50416 0.25508 0.04536
0 0.51397 0.55721 0.25158 0.04784
0 0.50789 0.61026 0.23524 0.04616
0 0.5518 0.66331 0.23198 0.04425
0 0.51104 0.71636 0.25794 0.04594
0 0.51446 0.76941 0.25712 0.046
0 0.54605 0.82246 0.25864 0.05252
0 0.53476 0.87551 0.22402 0.0497
0 0.48793 0.92856 0.22946 0.04565
0 0.68497 0.11953 0.2278 0.04993
0 0.73231 0.16727 0.22354 0.04495
0 0.74233 0.21502 0.26427 0.05
0 0.67364 0.26276 0.24135 0.04759
0 0.68572 0.31051 0.22765 0.04476
0 0.73508 0.35825 0.23746 0.0514
0 0.7305 0.40600 0.22654 0.04544
0 0.72497 0.45374 0.22447 0.04946
0 0.74443 0.50149 0.22881 0.04729
0 0.78682 0.54923 0.25311 0.05186
0 0.7783 0.59698 0.22495 0.0475
0 0.75792 0.64472 0.24799 0.04756
0 0.77266 0.69247 0.23531 0.05151
0 0.78044 0.74021 0.22727 0.05049
0 0.75762 0.78796 0.25006 0.04627
0 0.78496 0.83571 0.22746 0.05125
0 0.86107 0.13281 0.26477 0.0493
0 0.90733 0.18586 0.22842 0.04594
0 0.82595 0.23891 0.24638 0.04549
0 0.85701 0.29196 0.2244 0.04423
0 0.99361 0.34501 0.24826 0.04815
0 0.92786 0.39806 0.26345 0.04817
0 0.92482 0.45111 0.23024 0.04905
0 0.85713 0.50416 0.22947 0.04666
0 0.93374 0.55721 0.23462 0.05094
0 0.92687 0.61026 0.25931 0.0459
0 0.91994 0.66331 0.26363 0.04675
0 0.92825 0.71636 0.2602 0.04712
0 0.94657 0.76941 0.24099 0.04858
0 0.83278 0.82246 0.23548 0.04532
0 0.85225 0.87551 0.24672 0.04879
0 0.90071 0.92856 0.26342 0.05084