0 0.09696 0.13281 0.25437 0.05043
0 0.10631 0.18586 0.24242 0.0454
0 0.09745 0.23891 0.24396 0.04417
0 0.09501 0.29196 0.23425 0.04431
0 0.11057 0.34501 0.26286 0.04514
0 0.10962 0.39806 0.22532 0.04891
0 0.09891 0.45111 0.25714 0.05208
0 0.0983 0.50416 0.25451 0.0489
0 0.09939 0.55721 0.25787 0.04456
0 0.10296 0.61026 0.23503 0.04447
0 0.10946 0.66331 0.23782 0.04473
0 0.10134 0.71636 0.25245 0.04382
0 0.09837 0.76941 0.25688 0.0463
0 0.11195 0.82246 0.22415 0.04793
0 0.10999 0.87551 0.22635 0.04485
0 0.11348 0.92856 0.22941 0.04929
0 0.30955 0.14609 0.22534 0.04777
0 0.34224 0.20444 0.25402 0.05024
0 0.31354 0.26280 0.2606 0.04804
0 0.34201 0.32115 0.24181 0.04521
0 0.29785 0.37951 0.26307 0.04812
0 0.28397 0.43786 0.26327 0.04916
0 0.29529 0.49622 0.26425 0.05236
0 0.31353 0.55457 0.26152 0.04682
0 0.32941 0.61293 0.22589 0.04428
0 0.33109 0.67129 0.25953 0.04668
0 0.3002 0.72964 0.25553 0.04881
0 0.33762 0.78800 0.22842 0.0524
0 0.32778 0.84635 0.25235 0.04893
0 0.33571 0.90471 0.26478 0.04407
0 0.28838 0.96306 0.22214 0.04877
0 0.47651 0.13281 0.25088 0.04905
0 0.54953 0.18586 0.26016 0.04399
0 0.48393 0.23891 0.24529 0.04387
0 0.50423 0.29196 0.24882 0.05036
0 0.54323 0.34501 0.24818 0.04549
0 0.49885 0.39806 0.262 0.04499
0 0.52563 0.45111 0.25674 0.05017
0 0.48112 0.50416 0.22311 0.04871
0 0.57147 0.55721 0.25886 0.05216
0 0.49897 0.61026 0.26465 0.05164
0 0.49201 0.66331 0.25758 0.04662
0 0.53812 0.71636 0.25594 0.0453
0 0.57418 0.76941 0.2367 0.04739
0 0.52206 0.82246 0.24776 0.04702
0 0.55879 0.87551 0.23812 0.0473
0 0.56169 0.92856 0.24647 0.04584
0 0.66399 0.11953 0.24352 0.05204
0 0.79362 0.16727 0.22613 0.04527
0 0.78983 0.21502 0.24117 0.04448
0 0.69615 0.26276 0.24459 0.05025
0 0.72912 0.31051 0.23913 0.04796
0 0.80504 0.35825 0.24548 0.04569
0 0.77422 0.40600 0.23202 0.04738
0 0.76794 0.45374 0.2248 0.05234
0 0.76826 0.50149 0.24164 0.04444
0 0.80519 0.54923 0.25299 0.04544
0 0.69452 0.59698 0.23529 0.04602
0 0.70891 0.64472 0.24382 0.04738
0 0.72716 0.69247 0.25611 0.05173
0 0.78616 0.74021 0.25552 0.0442
0 0.68761 0.78796 0.25354 0.04868
0 0.7868 0.83571 0.26189 0.04488
0 0.91305 0.13281 0.24859 0.05248
0 0.99079 0.18586 0.24714 0.05142
0 0.82723 0.23891 0.24332 0.04949
0 0.90826 0.29196 0.24704 0.04822
0 0.89722 0.34501 0.24624 0.05062
0 0.86938 0.39806 0.22292 0.04793
0 0.85406 0.45111 0.25083 0.05039
0 0.98985 0.50416 0.23243 0.04797
0 0.99097 0.55721 0.23953 0.0442
0 0.88775 0.61026 0.2551 0.05116
0 0.94892 0.66331 0.22874 0.05173
0 0.84 0.71636 0.2397 0.05023
0 0.85731 0.76941 0.23246 0.04909
0 0.82823 0.82246 0.26363 0.05137
0 0.90745 0.87551 0.22447 0.04662
0 0.9679 0.92856 0.2335 0.05109