0 0.11319 0.13281 0.25481 0.04608
0 0.10405 0.18586 0.25679 0.04455
0 0.09855 0.23891 0.25646 0.04867
0 0.1115 0.29196 0.26312 0.04959
0 0.10172 0.34501 0.25531 0.04517
0 0.09963 0.39806 0.22847 0.05183
0 0.09571 0.45111 0.23103 0.04478
0 0.10323 0.50416 0.25712 0.04742
0 0.11252 0.55721 0.24996 0.05173
0 0.10067 0.61026 0.24209 0.04639
0 0.1082 0.66331 0.24147 0.04618
0 0.1057 0.71636 0.26443 0.04505
0 0.101 0.76941 0.22836 0.04715
0 0.09795 0.82246 0.24886 0.04515
0 0.10079 0.87551 0.22944 0.04586
0 0.09885 0.92856 0.24567 0.05111
0 0.33817 0.14609 0.24884 0.05033
0 0.33699 0.20444 0.26035 0.04697
0 0.3144 0.26280 0.25426 0.05202
0 0.31012 0.32115 0.23719 0.04444
0 0.31787 0.37951 0.26071 0.0521
0 0.30473 0.43786 0.2524 0.04763
0 0.34221 0.49622 0.25479 0.05096
0 0.34392 0.55457 0.24294 0.04674
0 0.32839 0.61293 0.24336 0.0507
0 0.28878 0.67129 0.24001 0.05078
0 0.34185 0.72964 0.24184 0.04791
0 0.30176 0.78800 0.26243 0.04868
0 0.31081 0.84635 0.2606 0.04726
0 0.30466 0.90471 0.25805 0.04845
0 0.32851 0.96306 0.22403 0.04936
0 0.56139 0.13281 0.25403 0.04522
0 0.5554 0.18586 0.22375 0.05232
0 0.52107 0.23891 0.2629 0.05157
0 0.5039 0.29196 0.23849 0.04988
0 0.49176 0.34501 0.24464 0.04518
0 0.56452 0.39806 0.24395 0.04787
0 0.52223 0.45111 0.253 0.04769
0 0.48998 0.50416 0.24308 0.04887
0 0.48171 0.55721 0.22683 0.04461
0 0.54976 0.61026 0.25409 0.04877
0 0.50659 0.66331 0.23961 0.04897
0 0.55343 0.71636 0.25431 0.05113
0 0.50212 0.76941 0.23133 0.0468
0 0.55888 0.82246 0.24113 0.04573
0 0.56098 0.87551 0.2616 0.04678
0 0.51438 0.92856 0.23913 0.04456
0 0.75921 0.11953 0.25943 0.0455
0 0.67183 0.16727 0.24834 0.04509
0 0.68873 0.21502 0.24949 0.0452
0 0.71096 0.26276 0.22386 0.0517
0 0.70794 0.31051 0.25093 0.04837
0 0.76593 0.35825 0.24752 0.04541
0 0.74945 0.40600 0.22663 0.04936
0 0.73768 0.45374 0.25469 0.04876
0 0.76516 0.50149 0.22796 0.04902
0 0.80375 0.54923 0.25127 0.04572
0 0.66963 0.59698 0.23727 0.04441
0 0.72993 0.64472 0.22935 0.04943
0 0.79976 0.69247 0.236 0.05118
0 0.8052 0.74021 0.22972 0.04761
0 0.71901 0.78796 0.23589 0.04857
0 0.75084 0.83571 0.2326 0.0511
0 0.9349 0.13281 0.23709 0.05196
0 0.90767 0.18586 0.23777 0.04929
0 0.84601 0.23891 0.23138 0.04579
0 0.99048 0.29196 0.2612 0.04428
0 0.98548 0.34501 0.23417 0.04465
0 0.91495 0.39806 0.22244 0.04692
0 0.81858 0.45111 0.23844 0.04575
0 0.92161 0.50416 0.25308 0.04559
0 0.93099 0.55721 0.23729 0.05033
0 0.96935 0.61026 0.25507 0.04794
0 0.99454 0.66331 0.25602 0.05215
0 0.95702 0.71636 0.22299 0.04405
0 0.99411 0.76941 0.23523 0.05049
0 0.91454 0.82246 0.2468 0.04444
0 0.92149 0.87551 0.23161 0.04807
0 0.91033 0.92856 0.24602 0.04487