0 0.10208 0.13281 0.38978 0.0764
0 0.11551 0.18586 0.4128 0.07464
0 0.10891 0.23891 0.37137 0.07783
0 0.11684 0.29196 0.42294 0.07396
0 0.11181 0.34501 0.3822 0.08736
0 0.11603 0.39806 0.39749 0.07779
0 0.1051 0.45111 0.41617 0.08678
0 0.10878 0.50416 0.4068 0.08645
0 0.10279 0.55721 0.41586 0.07898
0 0.10779 0.61026 0.41315 0.07934
0 0.10105 0.66331 0.41516 0.07305
0 0.10356 0.71636 0.41833 0.08561
0 0.11539 0.76941 0.41188 0.08727
0 0.11331 0.82246 0.40847 0.08536
0 0.12044 0.87551 0.38775 0.08478
0 0.1005 0.92856 0.40949 0.08073
0 0.35763 0.14609 0.40729 0.08544
0 0.28319 0.20444 0.43667 0.07849
0 0.35806 0.26280 0.37247 0.08646
0 0.31482 0.32115 0.39096 0.07962
0 0.29972 0.37951 0.40575 0.08305
0 0.35931 0.43786 0.43665 0.07721
0 0.27763 0.49622 0.37315 0.07808
0 0.34893 0.55457 0.39909 0.08463
0 0.33526 0.61293 0.3947 0.07668
0 0.32589 0.67129 0.3757 0.08502
0 0.35095 0.72964 0.36886 0.07655
0 0.28595 0.78800 0.39025 0.07326
0 0.35772 0.84635 0.37993 0.07723
0 0.29709 0.90471 0.41814 0.07816
0 0.34799 0.96306 0.40948 0.07426
0 0.49358 0.13281 0.38601 0.07459
0 0.50302 0.18586 0.43164 0.07334
0 0.54145 0.23891 0.44141 0.07592
0 0.51793 0.29196 0.38718 0.07918
0 0.51223 0.34501 0.37627 0.08627
0 0.46975 0.39806 0.3932 0.08118
0 0.51443 0.45111 0.41569 0.07755
0 0.54595 0.50416 0.42318 0.0795
0 0.4997 0.55721 0.38008 0.08423
0 0.48049 0.61026 0.40106 0.079
0 0.60068 0.66331 0.39645 0.07722
0 0.53784 0.71636 0.43712 0.07586
0 0.57025 0.76941 0.4189 0.07323
0 0.53635 0.82246 0.40926 0.08077
0 0.50613 0.87551 0.42139 0.08217
0 0.51299 0.92856 0.43169 0.07754
0 0.64838 0.11953 0.42535 0.08086
0 0.8336 0.16727 0.41302 0.08457
0 0.75705 0.21502 0.42223 0.07492
0 0.76457 0.26276 0.37892 0.08561
0 0.83671 0.31051 0.44147 0.08496
0 0.64968 0.35825 0.36881 0.0795
0 0.81309 0.40600 0.39797 0.08256
0 0.81249 0.45374 0.38125 0.08563
0 0.71157 0.50149 0.4183 0.07318
0 0.66051 0.54923 0.39968 0.07389
0 0.84129 0.59698 0.40032 0.0874
0 0.6573 0.64472 0.43438 0.08185
0 0.71576 0.69247 0.40969 0.07968
0 0.80795 0.74021 0.38129 0.07369
0 0.73419 0.78796 0.38128 0.0821
0 0.65866 0.83571 0.42557 0.0873
0 0.93868 0.13281 0.43721 0.0829
0 0.8396 0.23891 0.39199 0.08025
0 0.82867 0.29196 0.38025 0.08514
0 0.93877 0.34501 0.43425 0.08158
0 0.94336 0.39806 0.43732 0.08439
0 0.93408 0.45111 0.37661 0.07763
0 0.82714 0.55721 0.3896 0.07927
0 0.82454 0.61026 0.41216 0.07479
0 0.81446 0.66331 0.44176 0.07479
0 0.83292 0.71636 0.40244 0.08007
0 0.842 0.76941 0.3955 0.08755
0 0.83185 0.82246 0.39122 0.0827
0 0.92646 0.87551 0.43057 0.08599
0 0.93425 0.92856 0.39473 0.08072