0 0.11599 0.13281 0.42595 0.07384
0 0.10542 0.18586 0.42166 0.07745
0 0.11653 0.23891 0.42212 0.08695
0 0.09796 0.29196 0.39327 0.07551
0 0.09665 0.34501 0.36958 0.07527
0 0.10473 0.39806 0.38691 0.08244
0 0.09771 0.45111 0.43915 0.07711
0 0.10581 0.50416 0.38406 0.08452
0 0.09448 0.55721 0.41572 0.07647
0 0.1091 0.61026 0.40044 0.08176
0 0.11551 0.66331 0.37825 0.08472
0 0.09614 0.71636 0.37136 0.07355
0 0.11136 0.76941 0.39205 0.08269
0 0.11229 0.82246 0.40419 0.08736
0 0.10606 0.87551 0.41532 0.07768
0 0.09923 0.92856 0.43782 0.0733
0 0.31714 0.14609 0.39432 0.08106
0 0.30329 0.20444 0.37619 0.07551
0 0.30854 0.26280 0.41764 0.07618
0 0.33989 0.32115 0.36967 0.08154
0 0.31225 0.37951 0.42002 0.07568
0 0.33341 0.43786 0.40725 0.07405
0 0.30315 0.49622 0.4004 0.08348
0 0.29447 0.55457 0.39825 0.07456
0 0.32863 0.61293 0.44196 0.08716
0 0.31574 0.67129 0.39035 0.08396
0 0.3027 0.72964 0.40598 0.07597
0 0.29666 0.78800 0.37053 0.07464
0 0.32728 0.84635 0.37941 0.07966
0 0.2886 0.90471 0.441 0.08513
0 0.35903 0.96306 0.41988 0.08141
0 0.51545 0.13281 0.43517 0.08266
0 0.47385 0.18586 0.42942 0.07595
0 0.55002 0.23891 0.39544 0.08214
0 0.50339 0.29196 0.37187 0.08421
0 0.59463 0.34501 0.43651 0.08215
0 0.47023 0.39806 0.41683 0.07858
0 0.57754 0.45111 0.378 0.08637
0 0.505 0.50416 0.38189 0.07923
0 0.47031 0.55721 0.41446 0.08573
0 0.4923 0.61026 0.40601 0.08594
0 0.50301 0.66331 0.39934 0.08381
0 0.53667 0.71636 0.42574 0.07696
0 0.54478 0.76941 0.41017 0.08118
0 0.57403 0.82246 0.38868 0.08504
0 0.54322 0.87551 0.37867 0.07357
0 0.57568 0.92856 0.43239 0.08085
0 0.70526 0.11953 0.38702 0.08483
0 0.67172 0.16727 0.4238 0.08164
0 0.84131 0.21502 0.40363 0.08134
0 0.80847 0.26276 0.43775 0.07481
0 0.67187 0.31051 0.43428 0.08614
0 0.71109 0.35825 0.41547 0.0794
0 0.68581 0.40600 0.42457 0.07953
0 0.83957 0.45374 0.42568 0.07616
0 0.72944 0.50149 0.37688 0.0758
0 0.75865 0.54923 0.41275 0.07863
0 0.70086 0.59698 0.44009 0.08037
0 0.82364 0.64472 0.4355 0.08558
0 0.83501 0.69247 0.39413 0.0819
0 0.71767 0.74021 0.38892 0.08196
0 0.82992 0.78796 0.38015 0.08163
0 0.73074 0.83571 0.4147 0.07908
0 0.83601 0.13281 0.40808 0.08126
0 0.86284 0.18586 0.41673 0.07918
0 0.99578 0.23891 0.39789 0.08622
0 0.85351 0.29196 0.41754 0.07582
0 0.90567 0.34501 0.43829 0.07492
0 0.89308 0.39806 0.4346 0.08033
0 0.84695 0.50416 0.44146 0.07887
0 0.8209 0.71636 0.40735 0.07381
0 0.97271 0.82246 0.42771 0.08571
0 0.80295 0.87551 0.41696 0.07368
0 0.86099 0.92856 0.37422 0.08417