0 0.10501 0.13281 0.4225 0.07943
0 0.10501 0.18586 0.43822 0.08341
0 0.10501 0.23891 0.40315 0.08253
0 0.10501 0.29196 0.40133 0.08449
0 0.10501 0.34501 0.44096 0.07538
0 0.10501 0.39806 0.39491 0.0798
0 0.10501 0.45111 0.39236 0.07827
0 0.10501 0.50416 0.43215 0.0863
0 0.10501 0.55721 0.4018 0.0808
0 0.10501 0.61026 0.43122 0.07525
0 0.10501 0.66331 0.37419 0.07652
0 0.10501 0.71636 0.383 0.08505
0 0.10501 0.76941 0.42101 0.08379
0 0.10501 0.82246 0.41143 0.07497
0 0.10501 0.87551 0.43529 0.07759
0 0.10501 0.92856 0.43145 0.07978
0 0.3148 0.14609 0.42047 0.08461
0 0.3148 0.20444 0.39776 0.07377
0 0.3148 0.26280 0.41682 0.07886
0 0.3148 0.32115 0.4206 0.08553
0 0.3148 0.37951 0.43072 0.07871
0 0.3148 0.43786 0.37277 0.08223
0 0.3148 0.49622 0.3783 0.07633
0 0.3148 0.55457 0.38142 0.07636
0 0.3148 0.61293 0.38627 0.07676
0 0.3148 0.67129 0.40042 0.08495
0 0.3148 0.72964 0.41673 0.07984
0 0.3148 0.78800 0.43415 0.0796
0 0.3148 0.84635 0.42924 0.08676
0 0.3148 0.90471 0.41922 0.07903
0 0.3148 0.96306 0.41451 0.07329
0 0.52459 0.13281 0.38487 0.08359
0 0.52459 0.18586 0.39722 0.07445
0 0.52459 0.23891 0.42937 0.0862
0 0.52459 0.29196 0.44 0.07769
0 0.52459 0.34501 0.42384 0.07959
0 0.52459 0.39806 0.40617 0.07704
0 0.52459 0.45111 0.38536 0.07602
0 0.52459 0.50416 0.40824 0.07781
0 0.52459 0.55721 0.42352 0.076
0 0.52459 0.61026 0.3698 0.08242
0 0.52459 0.66331 0.39177 0.08074
0 0.52459 0.71636 0.3883 0.07767
0 0.52459 0.76941 0.41439 0.08004
0 0.52459 0.82246 0.40806 0.07886
0 0.52459 0.87551 0.42375 0.07316
0 0.52459 0.92856 0.39757 0.08264
0 0.73438 0.11953 0.42612 0.07404
0 0.73438 0.16727 0.41278 0.07765
0 0.73438 0.21502 0.37877 0.08438
0 0.73438 0.26276 0.40614 0.07388
0 0.73438 0.31051 0.39492 0.08329
0 0.73438 0.35825 0.41295 0.08177
0 0.73438 0.40600 0.44172 0.0741
0 0.73438 0.45374 0.37064 0.08203
0 0.73438 0.50149 0.37614 0.08641
0 0.73438 0.54923 0.37002 0.07894
0 0.73438 0.59698 0.42485 0.08101
0 0.73438 0.64472 0.39272 0.08586
0 0.73438 0.69247 0.40621 0.07601
0 0.73438 0.74021 0.41289 0.07814
0 0.73438 0.78796 0.40623 0.08382
0 0.73438 0.83571 0.44013 0.08053
0 0.90921 0.13281 0.38403 0.07702
0 0.90921 0.18586 0.43758 0.07443
0 0.90921 0.23891 0.38764 0.08296
0 0.90921 0.29196 0.41599 0.07748
0 0.90921 0.34501 0.403 0.08579
0 0.90921 0.39806 0.43096 0.08677
0 0.90921 0.45111 0.37233 0.08473
0 0.90921 0.50416 0.4149 0.08443
0 0.90921 0.55721 0.37588 0.07756
0 0.90921 0.61026 0.44121 0.08238
0 0.90921 0.66331 0.41101 0.07473
0 0.90921 0.71636 0.41539 0.07823
0 0.90921 0.76941 0.38818 0.08223
0 0.90921 0.82246 0.36961 0.08257
0 0.90921 0.87551 0.40685 0.07777
0 0.90921 0.92856 0.40908 0.08008