0 0.10199 0.13281 0.23487 0.04638
0 0.11261 0.18586 0.23381 0.04664
0 0.10311 0.23891 0.22959 0.05064
0 0.09818 0.29196 0.23016 0.04812
0 0.09528 0.34501 0.25583 0.0513
0 0.1089 0.39806 0.25234 0.04585
0 0.10678 0.45111 0.2368 0.04434
0 0.11468 0.50416 0.23057 0.04664
0 0.11447 0.55721 0.2293 0.05103
0 0.108 0.61026 0.26092 0.0461
0 0.10988 0.66331 0.25073 0.04562
0 0.10402 0.71636 0.23914 0.05152
0 0.10375 0.76941 0.22724 0.04818
0 0.10224 0.82246 0.24778 0.04701
0 0.11439 0.87551 0.24268 0.04931
0 0.11465 0.92856 0.23591 0.05123
0 0.28758 0.14609 0.23889 0.04403
0 0.3453 0.20444 0.22829 0.0501
0 0.29708 0.26280 0.22269 0.04467
0 0.29916 0.32115 0.25597 0.04893
0 0.29239 0.37951 0.2239 0.04861
0 0.33791 0.43786 0.26498 0.04397
0 0.29049 0.49622 0.23022 0.05183
0 0.29271 0.55457 0.25764 0.04853
0 0.30594 0.61293 0.23681 0.04769
0 0.32153 0.67129 0.2269 0.04564
0 0.33269 0.72964 0.25678 0.04948
0 0.34159 0.78800 0.23918 0.04727
0 0.31666 0.84635 0.2563 0.04659
0 0.30157 0.90471 0.25121 0.0447
0 0.28856 0.96306 0.22183 0.04421
0 0.53439 0.13281 0.26044 0.05145
0 0.52249 0.18586 0.22594 0.05165
0 0.55147 0.23891 0.24584 0.0452
0 0.55759 0.29196 0.23386 0.04519
0 0.53548 0.34501 0.24189 0.04914
0 0.51878 0.39806 0.22469 0.04843
0 0.5168 0.45111 0.24095 0.04394
0 0.53977 0.50416 0.2514 0.04714
0 0.50604 0.55721 0.26551 0.04993
0 0.55488 0.61026 0.24997 0.04776
0 0.54795 0.66331 0.26063 0.05194
0 0.56019 0.71636 0.24956 0.04417
0 0.51161 0.76941 0.22385 0.05176
0 0.48609 0.82246 0.25659 0.04895
0 0.50924 0.87551 0.2268 0.04634
0 0.57338 0.92856 0.2475 0.05169
0 0.76809 0.11953 0.24912 0.04515
0 0.79423 0.16727 0.24689 0.04402
0 0.78449 0.21502 0.26032 0.04857
0 0.74194 0.26276 0.2306 0.04906
0 0.76715 0.31051 0.23164 0.04979
0 0.6975 0.35825 0.2281 0.04587
0 0.79567 0.40600 0.24618 0.04803
0 0.6999 0.45374 0.26344 0.04929
0 0.72143 0.50149 0.24171 0.04931
0 0.72983 0.54923 0.24228 0.04855
0 0.78348 0.59698 0.23454 0.05177
0 0.76952 0.64472 0.25732 0.04396
0 0.79575 0.69247 0.24433 0.04667
0 0.71825 0.74021 0.22565 0.044
0 0.77643 0.78796 0.22139 0.05202
0 0.68678 0.83571 0.24374 0.04688
0 0.82474 0.13281 0.24198 0.05232
0 0.98028 0.18586 0.23149 0.0523
0 0.97908 0.23891 0.23045 0.04656
0 0.97322 0.29196 0.25379 0.05056
0 0.90107 0.34501 0.25736 0.04654
0 0.96365 0.39806 0.26343 0.05143
0 0.97286 0.45111 0.23617 0.04492
0 0.91936 0.50416 0.23413 0.0506
0 0.85112 0.55721 0.24778 0.05219
0 0.9608 0.61026 0.22377 0.04824
0 0.99249 0.66331 0.22351 0.04664
0 0.89178 0.71636 0.22174 0.0467
0 0.94577 0.76941 0.25876 0.0519
0 0.98971 0.82246 0.23377 0.052
0 0.92793 0.87551 0.25247 0.04952
0 0.83882 0.92856 0.26268 0.05188