0 0.11079 0.13281 0.25664 0.04808
0 0.09547 0.18586 0.26461 0.04815
0 0.11331 0.23891 0.25439 0.04458
0 0.09875 0.29196 0.24011 0.04498
0 0.09925 0.34501 0.24615 0.04504
0 0.10103 0.39806 0.25992 0.0477
0 0.1097 0.45111 0.25589 0.05246
0 0.09452 0.50416 0.23703 0.05085
0 0.11211 0.55721 0.25407 0.04751
0 0.09813 0.61026 0.26298 0.04783
0 0.1025 0.66331 0.23744 0.04981
0 0.10767 0.71636 0.26323 0.04597
0 0.10789 0.76941 0.22972 0.04426
0 0.11336 0.82246 0.22939 0.04798
0 0.11343 0.87551 0.24887 0.04906
0 0.11406 0.92856 0.23165 0.05238
0 0.31508 0.14609 0.23044 0.04595
0 0.29197 0.20444 0.25279 0.04549
0 0.34367 0.26280 0.25815 0.0452
0 0.32803 0.32115 0.23608 0.04734
0 0.32569 0.37951 0.26512 0.04496
0 0.28685 0.43786 0.22422 0.04907
0 0.29151 0.49622 0.22751 0.04464
0 0.31484 0.55457 0.23595 0.04619
0 0.33325 0.61293 0.24571 0.04817
0 0.30952 0.67129 0.22737 0.0468
0 0.32077 0.72964 0.22487 0.04811
0 0.34067 0.78800 0.24154 0.0505
0 0.301 0.84635 0.24007 0.04475
0 0.33872 0.90471 0.25237 0.04789
0 0.32219 0.96306 0.25888 0.05068
0 0.50524 0.13281 0.23662 0.05059
0 0.54449 0.18586 0.26522 0.04412
0 0.56554 0.23891 0.22975 0.05214
0 0.51815 0.29196 0.22409 0.05242
0 0.56336 0.34501 0.26508 0.05128
0 0.55788 0.39806 0.2469 0.04552
0 0.47326 0.45111 0.26271 0.04867
0 0.47628 0.50416 0.24711 0.04403
0 0.54588 0.55721 0.25027 0.04878
0 0.52809 0.61026 0.25337 0.05195
0 0.50271 0.66331 0.24671 0.05242
0 0.50663 0.71636 0.2362 0.04751
0 0.54348 0.76941 0.24939 0.05097
0 0.56113 0.82246 0.24664 0.04977
0 0.5344 0.87551 0.2522 0.05204
0 0.50428 0.92856 0.231 0.0462
0 0.73957 0.11953 0.26011 0.04864
0 0.69063 0.16727 0.25481 0.05233
0 0.77516 0.21502 0.22317 0.04448
0 0.75084 0.26276 0.25764 0.05097
0 0.78114 0.31051 0.25074 0.04826
0 0.75206 0.35825 0.22395 0.05104
0 0.78511 0.40600 0.25929 0.05046
0 0.79847 0.45374 0.22279 0.05171
0 0.71683 0.50149 0.25532 0.05108
0 0.7975 0.54923 0.23246 0.05095
0 0.80742 0.59698 0.25244 0.05189
0 0.77232 0.64472 0.22471 0.04791
0 0.77627 0.69247 0.25069 0.04807
0 0.6697 0.74021 0.23394 0.04653
0 0.7454 0.78796 0.24146 0.04748
0 0.69267 0.83571 0.22982 0.04563
0 0.86369 0.13281 0.2321 0.0451
0 0.86247 0.18586 0.25514 0.05204
0 0.91331 0.23891 0.2304 0.04808
0 0.86093 0.29196 0.23243 0.05152
0 0.92457 0.34501 0.22229 0.04988
0 0.99061 0.39806 0.24482 0.04439
0 0.97017 0.45111 0.25623 0.04521
0 0.9344 0.50416 0.2326 0.04709
0 0.9939 0.55721 0.24641 0.05219
0 0.9113 0.61026 0.24952 0.05149
0 0.83045 0.66331 0.25174 0.04612
0 0.91889 0.71636 0.22932 0.05074
0 0.88481 0.76941 0.2618 0.04447
0 0.96034 0.82246 0.24374 0.04892
0 0.91923 0.87551 0.24588 0.05091
0 0.87042 0.92856 0.23335 0.04401