0 0.10501 0.13281 0.43844 0.0847
0 0.10501 0.18586 0.43984 0.07949
0 0.10501 0.23891 0.42779 0.07692
0 0.10501 0.29196 0.44125 0.08598
0 0.10501 0.34501 0.42731 0.08752
0 0.10501 0.39806 0.39501 0.07691
0 0.10501 0.45111 0.41857 0.08303
0 0.10501 0.50416 0.41249 0.07637
0 0.10501 0.55721 0.41776 0.0769
0 0.10501 0.61026 0.4139 0.08185
0 0.10501 0.66331 0.40319 0.07536
0 0.10501 0.71636 0.38888 0.0764
0 0.10501 0.76941 0.3775 0.08702
0 0.10501 0.82246 0.38778 0.07812
0 0.10501 0.87551 0.43149 0.07755
0 0.10501 0.92856 0.42475 0.0842
0 0.3148 0.14609 0.40587 0.08306
0 0.3148 0.20444 0.43302 0.0867
0 0.3148 0.26280 0.38379 0.08088
0 0.3148 0.32115 0.41959 0.0753
0 0.3148 0.37951 0.41287 0.08306
0 0.3148 0.43786 0.40391 0.07969
0 0.3148 0.49622 0.43901 0.08504
0 0.3148 0.55457 0.38786 0.08414
0 0.3148 0.61293 0.37342 0.08651
0 0.3148 0.67129 0.43691 0.08242
0 0.3148 0.72964 0.42102 0.07956
0 0.3148 0.78800 0.40492 0.08369
0 0.3148 0.84635 0.4072 0.08609
0 0.3148 0.90471 0.41107 0.08597
0 0.3148 0.96306 0.39856 0.08751
0 0.52459 0.13281 0.43898 0.07466
0 0.52459 0.18586 0.41287 0.07476
0 0.52459 0.23891 0.36944 0.08419
0 0.52459 0.29196 0.43161 0.07391
0 0.52459 0.34501 0.39357 0.07765
0 0.52459 0.39806 0.37313 0.07675
0 0.52459 0.45111 0.41379 0.08691
0 0.52459 0.50416 0.43016 0.08208
0 0.52459 0.55721 0.37625 0.07972
0 0.52459 0.61026 0.38839 0.07931
0 0.52459 0.66331 0.37906 0.08223
0 0.52459 0.71636 0.37268 0.08672
0 0.52459 0.76941 0.42079 0.07976
0 0.52459 0.82246 0.42638 0.08131
0 0.52459 0.87551 0.36969 0.08291
0 0.52459 0.92856 0.42389 0.08286
0 0.73438 0.11953 0.37993 0.08594
0 0.73438 0.16727 0.40009 0.08452
0 0.73438 0.21502 0.43691 0.07794
0 0.73438 0.26276 0.3764 0.07713
0 0.73438 0.31051 0.4403 0.08676
0 0.73438 0.35825 0.37686 0.0812
0 0.73438 0.40600 0.38843 0.07911
0 0.73438 0.45374 0.36968 0.08066
0 0.73438 0.50149 0.43561 0.07838
0 0.73438 0.54923 0.38691 0.07761
0 0.73438 0.59698 0.38368 0.08604
0 0.73438 0.64472 0.41637 0.07949
0 0.73438 0.69247 0.37583 0.08151
0 0.73438 0.74021 0.37604 0.08344
0 0.73438 0.78796 0.38203 0.07736
0 0.73438 0.83571 0.38816 0.0826
0 0.90921 0.13281 0.36901 0.07365
0 0.90921 0.18586 0.40361 0.08103
0 0.90921 0.23891 0.42106 0.08714
0 0.90921 0.29196 0.37413 0.0733
0 0.90921 0.34501 0.377 0.07314
0 0.90921 0.39806 0.42176 0.07915
0 0.90921 0.45111 0.37154 0.0787
0 0.90921 0.50416 0.36942 0.08688
0 0.90921 0.55721 0.41804 0.0761
0 0.90921 0.61026 0.43594 0.08284
0 0.90921 0.66331 0.40514 0.07495
0 0.90921 0.71636 0.42521 0.0819
0 0.90921 0.76941 0.39007 0.08511
0 0.90921 0.82246 0.40655 0.07856
0 0.90921 0.87551 0.39197 0.08691
0 0.90921 0.92856 0.44208 0.0799