0 0.10501 0.13281 0.37536 0.08539
0 0.10501 0.18586 0.37367 0.07385
0 0.10501 0.23891 0.39665 0.07566
0 0.10501 0.29196 0.37076 0.07701
0 0.10501 0.34501 0.37712 0.08704
0 0.10501 0.39806 0.38662 0.07856
0 0.10501 0.45111 0.38146 0.08042
0 0.10501 0.50416 0.40716 0.08059
0 0.10501 0.55721 0.41584 0.07344
0 0.10501 0.61026 0.42703 0.07812
0 0.10501 0.66331 0.38883 0.07951
0 0.10501 0.71636 0.39932 0.07474
0 0.10501 0.76941 0.42439 0.07972
0 0.10501 0.82246 0.37458 0.08429
0 0.10501 0.87551 0.43335 0.08077
0 0.10501 0.92856 0.42049 0.07434
0 0.3148 0.14609 0.37337 0.08559
0 0.3148 0.20444 0.43967 0.07804
0 0.3148 0.26280 0.41321 0.08133
0 0.3148 0.32115 0.3893 0.07306
0 0.3148 0.37951 0.40001 0.08193
0 0.3148 0.43786 0.43886 0.08341
0 0.3148 0.49622 0.39894 0.08449
0 0.3148 0.55457 0.43896 0.08523
0 0.3148 0.61293 0.41807 0.08221
0 0.3148 0.67129 0.42722 0.07965
0 0.3148 0.72964 0.43809 0.08638
0 0.3148 0.78800 0.40845 0.0818
0 0.3148 0.84635 0.4045 0.07543
0 0.3148 0.90471 0.372 0.07455
0 0.3148 0.96306 0.40314 0.08365
0 0.52459 0.13281 0.43143 0.08075
0 0.52459 0.18586 0.42565 0.07903
0 0.52459 0.23891 0.41288 0.0759
0 0.52459 0.29196 0.42362 0.07591
0 0.52459 0.34501 0.43281 0.08295
0 0.52459 0.39806 0.42588 0.08469
0 0.52459 0.45111 0.43787 0.08226
0 0.52459 0.50416 0.42312 0.07335
0 0.52459 0.55721 0.37013 0.07977
0 0.52459 0.61026 0.42068 0.07892
0 0.52459 0.66331 0.39616 0.08165
0 0.52459 0.71636 0.39267 0.07917
0 0.52459 0.76941 0.36927 0.08158
0 0.52459 0.82246 0.38911 0.07439
0 0.52459 0.87551 0.41993 0.0742
0 0.52459 0.92856 0.38891 0.07945
0 0.73438 0.11953 0.42957 0.0822
0 0.73438 0.16727 0.43729 0.08439
0 0.73438 0.21502 0.4146 0.07538
0 0.73438 0.26276 0.37724 0.08005
0 0.73438 0.31051 0.42573 0.08236
0 0.73438 0.35825 0.37685 0.08681
0 0.73438 0.40600 0.41707 0.07583
0 0.73438 0.45374 0.42998 0.07378
0 0.73438 0.50149 0.4156 0.07979
0 0.73438 0.54923 0.42294 0.07473
0 0.73438 0.59698 0.3707 0.07662
0 0.73438 0.64472 0.40765 0.07772
0 0.73438 0.69247 0.41325 0.08476
0 0.73438 0.74021 0.37965 0.07981
0 0.73438 0.78796 0.39593 0.08231
0 0.73438 0.83571 0.41403 0.07676
0 0.90921 0.13281 0.41237 0.08608
0 0.90921 0.18586 0.43218 0.08487
0 0.90921 0.23891 0.38049 0.08662
0 0.90921 0.29196 0.39081 0.07598
0 0.90921 0.34501 0.39642 0.07606
0 0.90921 0.39806 0.4363 0.07868
0 0.90921 0.45111 0.38559 0.07688
0 0.90921 0.50416 0.41979 0.07446
0 0.90921 0.55721 0.37993 0.08699
0 0.90921 0.61026 0.42799 0.07988
0 0.90921 0.66331 0.39839 0.08676
0 0.90921 0.71636 0.42526 0.07322
0 0.90921 0.76941 0.41495 0.08487
0 0.90921 0.82246 0.41422 0.07412
0 0.90921 0.87551 0.3788 0.08127
0 0.90921 0.92856 0.43443 0.08519