0 0.11101 0.13281 0.25946 0.04661
0 0.10737 0.18586 0.24989 0.05231
0 0.11154 0.23891 0.24824 0.05173
0 0.09678 0.29196 0.25466 0.04629
0 0.09851 0.34501 0.2248 0.04922
0 0.1101 0.39806 0.22937 0.05137
0 0.10157 0.45111 0.23326 0.04451
0 0.11198 0.50416 0.26344 0.04413
0 0.09934 0.55721 0.22171 0.04823
0 0.1014 0.61026 0.24831 0.04572
0 0.09975 0.66331 0.24475 0.04383
0 0.1045 0.71636 0.22955 0.05047
0 0.0983 0.76941 0.25405 0.04391
0 0.10553 0.82246 0.23576 0.04564
0 0.10586 0.87551 0.25903 0.04718
0 0.10731 0.92856 0.25687 0.0438
0 0.28597 0.14609 0.2608 0.0469
0 0.28416 0.20444 0.22568 0.05041
0 0.32455 0.26280 0.24492 0.04906
0 0.29829 0.32115 0.22642 0.05205
0 0.31087 0.37951 0.25875 0.05007
0 0.28893 0.43786 0.22129 0.04962
0 0.28348 0.49622 0.22181 0.0447
0 0.32609 0.55457 0.25589 0.04509
0 0.31564 0.61293 0.24629 0.0456
0 0.33013 0.67129 0.24337 0.04738
0 0.30338 0.72964 0.25248 0.04588
0 0.28718 0.78800 0.22474 0.04668
0 0.28736 0.84635 0.25761 0.05218
0 0.32232 0.90471 0.23753 0.04673
0 0.32885 0.96306 0.2398 0.0487
0 0.54946 0.13281 0.24453 0.04584
0 0.51253 0.18586 0.25188 0.04503
0 0.50705 0.23891 0.23035 0.05247
0 0.53508 0.29196 0.22791 0.0506
0 0.54125 0.34501 0.25515 0.05106
0 0.55677 0.39806 0.22261 0.0476
0 0.56349 0.45111 0.23184 0.04986
0 0.5758 0.50416 0.23533 0.04828
0 0.5507 0.55721 0.23539 0.05099
0 0.56331 0.61026 0.24 0.04746
0 0.55336 0.66331 0.2286 0.05205
0 0.53612 0.71636 0.24256 0.04468
0 0.54829 0.76941 0.25223 0.04668
0 0.49233 0.82246 0.23512 0.04724
0 0.48468 0.87551 0.24464 0.05218
0 0.54777 0.92856 0.23282 0.05067
0 0.68605 0.11953 0.23963 0.0441
0 0.78796 0.16727 0.22871 0.05021
0 0.72921 0.21502 0.25801 0.04953
0 0.71998 0.26276 0.25295 0.04447
0 0.66462 0.31051 0.23829 0.04933
0 0.66697 0.35825 0.22411 0.05101
0 0.72195 0.40600 0.22158 0.0512
0 0.74642 0.45374 0.2309 0.04875
0 0.66995 0.50149 0.23563 0.05098
0 0.68383 0.54923 0.26054 0.04635
0 0.7 0.59698 0.25849 0.04528
0 0.6888 0.64472 0.23501 0.04713
0 0.77271 0.69247 0.24546 0.04398
0 0.72444 0.74021 0.25255 0.04524
0 0.78388 0.78796 0.22391 0.04395
0 0.73685 0.83571 0.24008 0.04871
0 0.85945 0.13281 0.25948 0.04922
0 0.93438 0.18586 0.26344 0.04437
0 0.83004 0.23891 0.22956 0.04496
0 0.8787 0.29196 0.23295 0.04883
0 0.9978 0.34501 0.24958 0.04799
0 0.89829 0.39806 0.24017 0.04693
0 0.85257 0.45111 0.22293 0.04687
0 0.86564 0.50416 0.24479 0.05051
0 0.93326 0.55721 0.26337 0.04718
0 0.94737 0.61026 0.22913 0.04501
0 0.88835 0.66331 0.25782 0.04812
0 0.92197 0.71636 0.25125 0.04663
0 0.91201 0.76941 0.23845 0.04875
0 0.9264 0.82246 0.22503 0.04668
0 0.87171 0.87551 0.25085 0.05093
0 0.89766 0.92856 0.22688 0.05208