0 0.10501 0.12431 0.20701 0.03756
0 0.10501 0.19695 0.20366 0.03522
0 0.10501 0.24930 0.1989 0.03338
0 0.10501 0.27820 0.19381 0.03662
0 0.10501 0.36016 0.18077 0.04273
0 0.10501 0.37532 0.1812 0.04307
0 0.10501 0.40978 0.17727 0.04281
0 0.10501 0.45998 0.20171 0.04191
0 0.10501 0.54707 0.18403 0.03582
0 0.10501 0.63789 0.16533 0.03528
0 0.10501 0.68262 0.16414 0.03772
0 0.10501 0.68188 0.20706 0.03399
0 0.10501 0.79750 0.19209 0.03735
0 0.10501 0.86324 0.19018 0.04133
0 0.10501 0.95251 0.18526 0.03313
0 0.10501 0.91785 0.21882 0.0374
0 0.3148 0.14299 0.20959 0.03652
0 0.3148 0.20692 0.17821 0.03855
0 0.3148 0.24897 0.19934 0.03923
0 0.3148 0.30141 0.2147 0.04297
0 0.3148 0.40887 0.16888 0.03838
0 0.3148 0.45827 0.18339 0.03534
0 0.3148 0.54199 0.19423 0.04249
0 0.3148 0.57169 0.16773 0.04227
0 0.3148 0.60709 0.19193 0.0392
0 0.3148 0.66745 0.19582 0.04021
0 0.3148 0.76511 0.22084 0.03602
0 0.3148 0.84272 0.18968 0.04104
0 0.3148 0.92426 0.18693 0.03393
0 0.3148 0.87445 0.17382 0.03327
0 0.3148 0.97273 0.16944 0.03745
0 0.3148 0.98777 0.1902 0.03312
0 0.52459 0.13499 0.20034 0.0367
0 0.52459 0.19255 0.18864 0.03374
0 0.52459 0.25322 0.21965 0.0353
0 0.52459 0.27157 0.16686 0.03522
0 0.52459 0.37369 0.19114 0.03823
0 0.52459 0.40246 0.19197 0.04267
0 0.52459 0.40958 0.21588 0.04259
0 0.52459 0.48158 0.18052 0.03419
0 0.52459 0.61149 0.16514 0.03352
0 0.52459 0.60842 0.1944 0.04016
0 0.52459 0.59773 0.17689 0.04329
0 0.52459 0.68917 0.19365 0.04082
0 0.52459 0.74486 0.17315 0.03913
0 0.52459 0.81501 0.16881 0.04086
0 0.52459 0.95257 0.19499 0.04244
0 0.52459 0.87939 0.20432 0.03793
0 0.73438 0.11032 0.18698 0.03755
0 0.73438 0.17808 0.18193 0.04188
0 0.73438 0.19374 0.20272 0.03919
0 0.73438 0.24346 0.22 0.04375
0 0.73438 0.30467 0.18301 0.03558
0 0.73438 0.37562 0.18895 0.039
0 0.73438 0.38019 0.18521 0.03445
0 0.73438 0.43162 0.19779 0.03412
0 0.73438 0.53739 0.18756 0.04277
0 0.73438 0.58346 0.1974 0.04312
0 0.73438 0.61716 0.16846 0.03895
0 0.73438 0.63780 0.18972 0.04051
0 0.73438 0.65252 0.17252 0.04198
0 0.73438 0.69520 0.17638 0.04323
0 0.73438 0.77960 0.19361 0.03869
0 0.73438 0.88625 0.18363 0.04139
0 0.90921 0.14158 0.16678 0.03367
0 0.90921 0.16849 0.17256 0.03543
0 0.90921 0.24219 0.2198 0.03796
0 0.90921 0.31832 0.2077 0.04139
0 0.90921 0.32420 0.19436 0.04158
0 0.90921 0.38671 0.21555 0.03439
0 0.90921 0.48475 0.18841 0.03539
0 0.90921 0.48728 0.19616 0.03667
0 0.90921 0.54094 0.21384 0.03748
0 0.90921 0.58529 0.20849 0.0348
0 0.90921 0.66596 0.17372 0.03823
0 0.90921 0.75738 0.19971 0.04034
0 0.90921 0.72018 0.16859 0.03536
0 0.90921 0.81732 0.19546 0.03292
0 0.90921 0.93277 0.18073 0.03352
0 0.90921 0.98608 0.18402 0.03482