0 0.10711 0.13281 0.23786 0.0516
0 0.10655 0.18586 0.2626 0.04911
0 0.10976 0.23891 0.23999 0.0451
0 0.10203 0.29196 0.25713 0.05059
0 0.11439 0.34501 0.25063 0.04865
0 0.09958 0.39806 0.26487 0.04429
0 0.10279 0.45111 0.23079 0.04896
0 0.10353 0.50416 0.23887 0.04793
0 0.1015 0.55721 0.26143 0.04611
0 0.11191 0.61026 0.22463 0.0447
0 0.11344 0.66331 0.22771 0.04925
0 0.11401 0.71636 0.23145 0.05218
0 0.09531 0.76941 0.2404 0.04645
0 0.11108 0.82246 0.2599 0.04752
0 0.10621 0.87551 0.26312 0.04997
0 0.10006 0.92856 0.26248 0.04645
0 0.33851 0.14609 0.25281 0.04983
0 0.31798 0.20444 0.26531 0.0486
0 0.316 0.26280 0.25422 0.05124
0 0.32131 0.32115 0.24003 0.04755
0 0.30151 0.37951 0.23359 0.04627
0 0.32167 0.43786 0.2633 0.04382
0 0.30981 0.49622 0.23993 0.05168
0 0.30207 0.55457 0.25461 0.05011
0 0.31671 0.61293 0.24578 0.04887
0 0.3086 0.67129 0.26314 0.04933
0 0.31604 0.72964 0.26436 0.04708
0 0.28602 0.78800 0.22633 0.0492
0 0.3377 0.84635 0.24987 0.04778
0 0.3178 0.90471 0.22653 0.05182
0 0.29855 0.96306 0.26099 0.05224
0 0.53902 0.13281 0.23269 0.05204
0 0.53564 0.18586 0.22199 0.05021
0 0.53209 0.23891 0.25756 0.05181
0 0.57186 0.29196 0.22194 0.05068
0 0.49251 0.34501 0.25444 0.04504
0 0.57533 0.39806 0.22669 0.04412
0 0.52683 0.45111 0.22662 0.04568
0 0.52244 0.50416 0.25127 0.04827
0 0.49784 0.55721 0.25474 0.05187
0 0.53514 0.61026 0.25654 0.04396
0 0.54844 0.66331 0.26323 0.04379
0 0.56945 0.71636 0.2547 0.05252
0 0.51048 0.76941 0.2462 0.04517
0 0.55796 0.82246 0.22434 0.04928
0 0.5182 0.87551 0.25187 0.04999
0 0.49559 0.92856 0.25405 0.04677
0 0.73659 0.11953 0.24534 0.04759
0 0.73757 0.16727 0.2491 0.04808
0 0.70668 0.21502 0.26504 0.0506
0 0.7006 0.26276 0.25755 0.04433
0 0.78968 0.31051 0.25262 0.046
0 0.78075 0.35825 0.24852 0.05075
0 0.7635 0.40600 0.26135 0.04411
0 0.78008 0.45374 0.25136 0.04847
0 0.71687 0.50149 0.23038 0.04571
0 0.78984 0.54923 0.25263 0.04535
0 0.71349 0.59698 0.26383 0.04427
0 0.72704 0.64472 0.22487 0.04837
0 0.73424 0.69247 0.25459 0.04421
0 0.79042 0.74021 0.24227 0.05112
0 0.73041 0.78796 0.22157 0.04972
0 0.67758 0.83571 0.22948 0.04676
0 0.96807 0.13281 0.22173 0.04858
0 0.88655 0.18586 0.25907 0.04931
0 0.92196 0.23891 0.22327 0.05235
0 0.8526 0.29196 0.2528 0.05211
0 0.93456 0.34501 0.25578 0.04421
0 0.9607 0.39806 0.25302 0.04761
0 0.89776 0.45111 0.24148 0.04565
0 0.91095 0.50416 0.25101 0.04574
0 0.85077 0.55721 0.26318 0.05127
0 0.95833 0.61026 0.23799 0.04993
0 0.89377 0.66331 0.2621 0.0473
0 0.87919 0.71636 0.22297 0.05223
0 0.85819 0.76941 0.25418 0.04878
0 0.91632 0.82246 0.24954 0.04829
0 0.86438 0.87551 0.23884 0.05175
0 0.9148 0.92856 0.24075 0.04822