0 0.10501 0.13828 0.19534 0.03434
0 0.10501 0.18567 0.21327 0.04275
0 0.10501 0.23003 0.17545 0.04203
0 0.10501 0.29966 0.17624 0.03491
0 0.10501 0.36948 0.17969 0.03225
0 0.10501 0.36777 0.19426 0.03868
0 0.10501 0.48827 0.17145 0.03621
0 0.10501 0.51893 0.17999 0.03943
0 0.10501 0.53661 0.21616 0.03469
0 0.10501 0.60547 0.18444 0.03807
0 0.10501 0.62217 0.16494 0.03419
0 0.10501 0.72561 0.20028 0.0428
0 0.10501 0.72423 0.20039 0.03534
0 0.10501 0.82853 0.22028 0.04347
0 0.10501 0.79508 0.20706 0.03244
0 0.10501 0.90646 0.19766 0.03426
0 0.3148 0.14392 0.19454 0.03804
0 0.3148 0.22046 0.20123 0.03714
0 0.3148 0.24315 0.21456 0.04346
0 0.3148 0.32398 0.21499 0.04324
0 0.3148 0.36786 0.2121 0.04052
0 0.3148 0.47107 0.19554 0.03996
0 0.3148 0.46289 0.21021 0.03731
0 0.3148 0.54537 0.19318 0.03292
0 0.3148 0.63224 0.17569 0.03868
0 0.3148 0.67846 0.19262 0.03618
0 0.3148 0.72630 0.16547 0.03769
0 0.3148 0.78552 0.19264 0.03422
0 0.3148 0.83153 0.20394 0.0322
0 0.3148 0.89635 0.16947 0.04195
0 0.52459 0.13013 0.18875 0.03668
0 0.52459 0.18917 0.17515 0.03652
0 0.52459 0.24941 0.20878 0.03413
0 0.52459 0.31830 0.16557 0.04353
0 0.52459 0.36370 0.16988 0.04095
0 0.52459 0.41091 0.20882 0.04358
0 0.52459 0.42618 0.21488 0.04181
0 0.52459 0.47093 0.21959 0.04372
0 0.52459 0.60503 0.19264 0.03944
0 0.52459 0.63297 0.21815 0.0323
0 0.52459 0.70533 0.20486 0.04259
0 0.52459 0.76084 0.17488 0.03913
0 0.52459 0.84564 0.20058 0.0401
0 0.52459 0.76652 0.2126 0.04185
0 0.52459 0.85900 0.16563 0.04001
0 0.52459 0.99312 0.19273 0.03316
0 0.73438 0.12416 0.18424 0.03488
0 0.73438 0.16175 0.16279 0.04319
0 0.73438 0.19950 0.16522 0.03676
0 0.73438 0.27797 0.16931 0.03419
0 0.73438 0.33172 0.2045 0.0356
0 0.73438 0.35522 0.18622 0.04038
0 0.73438 0.38164 0.17856 0.03783
0 0.73438 0.41723 0.20671 0.03745
0 0.73438 0.52443 0.20095 0.04231
0 0.73438 0.54362 0.19479 0.03904
0 0.73438 0.60949 0.18804 0.04004
0 0.73438 0.65565 0.17266 0.04346
0 0.73438 0.68079 0.20151 0.04011
0 0.73438 0.67094 0.21972 0.03358
0 0.73438 0.86557 0.17602 0.03586
0 0.73438 0.86987 0.16525 0.04182
0 0.90921 0.12496 0.17766 0.03389
0 0.90921 0.18593 0.19178 0.03664
0 0.90921 0.21660 0.17698 0.03519
0 0.90921 0.28731 0.17378 0.04286
0 0.90921 0.31461 0.19765 0.03213
0 0.90921 0.42959 0.21038 0.04228
0 0.90921 0.49576 0.20675 0.03427
0 0.90921 0.48749 0.22125 0.03996
0 0.90921 0.56338 0.17261 0.03841
0 0.90921 0.59499 0.19875 0.03799
0 0.90921 0.70758 0.19601 0.03432
0 0.90921 0.64559 0.17058 0.03671
0 0.90921 0.78288 0.18239 0.03792
0 0.90921 0.81991 0.18332 0.03566
0 0.90921 0.84898 0.22121 0.03385
0 0.90921 0.99015 0.20247 0.03797