0 0.11146 0.13281 0.41879 0.083
0 0.11163 0.18586 0.42289 0.08187
0 0.1054 0.23891 0.4216 0.08442
0 0.10655 0.29196 0.38459 0.08548
0 0.10171 0.34501 0.40889 0.07579
0 0.106 0.39806 0.42435 0.0812
0 0.10836 0.45111 0.39952 0.08355
0 0.10454 0.50416 0.42429 0.08156
0 0.11888 0.55721 0.40409 0.07599
0 0.10767 0.61026 0.43952 0.07642
0 0.11096 0.66331 0.44027 0.08726
0 0.11976 0.71636 0.37082 0.08362
0 0.09681 0.76941 0.40068 0.07743
0 0.10015 0.82246 0.4267 0.08347
0 0.09708 0.87551 0.39692 0.07311
0 0.10865 0.92856 0.39827 0.08406
0 0.30088 0.14609 0.3851 0.08115
0 0.3392 0.20444 0.43104 0.07682
0 0.27739 0.26280 0.43222 0.08525
0 0.30878 0.32115 0.37479 0.07664
0 0.34155 0.37951 0.41535 0.08703
0 0.35909 0.43786 0.42144 0.07439
0 0.34864 0.49622 0.44158 0.08459
0 0.29696 0.55457 0.3783 0.07816
0 0.3291 0.61293 0.39602 0.07919
0 0.28033 0.67129 0.38514 0.08603
0 0.33139 0.72964 0.39505 0.0824
0 0.36 0.78800 0.42255 0.07543
0 0.31137 0.84635 0.42077 0.07352
0 0.35383 0.90471 0.41223 0.08643
0 0.31931 0.96306 0.39669 0.07977
0 0.46799 0.13281 0.39521 0.07839
0 0.54882 0.18586 0.39592 0.08183
0 0.5025 0.23891 0.4105 0.0759
0 0.60065 0.29196 0.41527 0.07373
0 0.48518 0.34501 0.42705 0.08061
0 0.48826 0.39806 0.42994 0.08099
0 0.50061 0.45111 0.39836 0.07713
0 0.49644 0.50416 0.43691 0.07844
0 0.58509 0.55721 0.37905 0.08244
0 0.58605 0.61026 0.43994 0.07375
0 0.48324 0.66331 0.40814 0.07918
0 0.54679 0.71636 0.37534 0.07313
0 0.59351 0.76941 0.37003 0.07556
0 0.60075 0.82246 0.42622 0.08026
0 0.55828 0.87551 0.37481 0.08306
0 0.53455 0.92856 0.37677 0.07796
0 0.72626 0.11953 0.43279 0.07585
0 0.7433 0.16727 0.37482 0.07942
0 0.67656 0.21502 0.41617 0.07564
0 0.8146 0.26276 0.435 0.08624
0 0.79476 0.31051 0.43476 0.0863
0 0.78589 0.35825 0.40624 0.08614
0 0.67026 0.40600 0.40228 0.08383
0 0.65467 0.45374 0.44177 0.07863
0 0.80588 0.50149 0.37233 0.07588
0 0.73638 0.54923 0.41764 0.0777
0 0.81171 0.59698 0.38278 0.07792
0 0.70361 0.64472 0.37051 0.07789
0 0.78095 0.69247 0.3796 0.08242
0 0.83979 0.74021 0.38384 0.08145
0 0.82382 0.78796 0.37465 0.07831
0 0.68076 0.83571 0.40545 0.07958
0 0.80728 0.13281 0.4258 0.07943
0 0.94989 0.18586 0.39701 0.08204
0 0.91943 0.23891 0.41618 0.07744
0 0.85341 0.29196 0.41196 0.0744
0 0.96105 0.39806 0.42717 0.07871
0 0.98521 0.55721 0.39725 0.08526
0 0.83517 0.61026 0.39025 0.07717
0 0.97362 0.71636 0.43034 0.07541
0 0.95007 0.76941 0.41414 0.0767
0 0.8602 0.82246 0.41222 0.08656
0 0.85458 0.92856 0.38397 0.07617