0 0.09516 0.13281 0.239 0.05077
0 0.10066 0.18586 0.23127 0.05046
0 0.09712 0.23891 0.22967 0.04819
0 0.10953 0.29196 0.24693 0.04857
0 0.11004 0.34501 0.26106 0.05008
0 0.09464 0.39806 0.26321 0.04728
0 0.09696 0.45111 0.2238 0.04619
0 0.10443 0.50416 0.22377 0.05196
0 0.10388 0.55721 0.22717 0.04889
0 0.10835 0.61026 0.23661 0.04793
0 0.10066 0.66331 0.24895 0.05213
0 0.1135 0.71636 0.26124 0.05183
0 0.1151 0.76941 0.22958 0.05016
0 0.1105 0.82246 0.25363 0.04537
0 0.10655 0.87551 0.23029 0.04634
0 0.09623 0.92856 0.23113 0.0472
0 0.30735 0.14609 0.26231 0.05189
0 0.30996 0.20444 0.26294 0.05137
0 0.31014 0.26280 0.22453 0.04459
0 0.30641 0.32115 0.25723 0.0489
0 0.32747 0.37951 0.22708 0.05003
0 0.2929 0.43786 0.22611 0.04984
0 0.33853 0.49622 0.25996 0.04594
0 0.29928 0.55457 0.22757 0.05071
0 0.29426 0.61293 0.24108 0.05084
0 0.29994 0.67129 0.23227 0.05054
0 0.32561 0.72964 0.255 0.04496
0 0.30789 0.78800 0.22709 0.04969
0 0.31898 0.84635 0.2406 0.047
0 0.33274 0.90471 0.24642 0.04888
0 0.30019 0.96306 0.23802 0.04827
0 0.55061 0.13281 0.22197 0.05006
0 0.47449 0.18586 0.23035 0.04614
0 0.53017 0.23891 0.24231 0.04972
0 0.53775 0.29196 0.24167 0.05131
0 0.56107 0.34501 0.22575 0.04571
0 0.56256 0.39806 0.24563 0.04823
0 0.50218 0.45111 0.26058 0.04762
0 0.47806 0.50416 0.26178 0.05246
0 0.49714 0.55721 0.25355 0.05087
0 0.56254 0.61026 0.25539 0.04506
0 0.48619 0.66331 0.22166 0.0444
0 0.48824 0.71636 0.23701 0.04844
0 0.55352 0.76941 0.23779 0.05086
0 0.52223 0.82246 0.22718 0.04497
0 0.56136 0.87551 0.23147 0.04615
0 0.55714 0.92856 0.26099 0.04853
0 0.70402 0.11953 0.25136 0.04503
0 0.76344 0.16727 0.24566 0.04435
0 0.75315 0.21502 0.26253 0.05253
0 0.71057 0.26276 0.23945 0.04925
0 0.68687 0.31051 0.23919 0.04528
0 0.79778 0.35825 0.25062 0.04458
0 0.79033 0.40600 0.25652 0.04561
0 0.68174 0.45374 0.23142 0.05023
0 0.71276 0.50149 0.23067 0.04801
0 0.78242 0.54923 0.24074 0.05067
0 0.78344 0.59698 0.23069 0.04713
0 0.68622 0.64472 0.22936 0.04973
0 0.70721 0.69247 0.25851 0.05252
0 0.67443 0.74021 0.22279 0.05044
0 0.73353 0.78796 0.24394 0.04589
0 0.78264 0.83571 0.24485 0.04993
0 0.85997 0.13281 0.22876 0.04835
0 0.93933 0.18586 0.26478 0.04578
0 0.96986 0.23891 0.25843 0.04805
0 0.8509 0.29196 0.26157 0.04821
0 0.86618 0.34501 0.25084 0.04697
0 0.94666 0.39806 0.23403 0.05157
0 0.91425 0.45111 0.25235 0.05111
0 0.94301 0.50416 0.25145 0.04591
0 0.91434 0.55721 0.22505 0.0438
0 0.9828 0.61026 0.26504 0.04422
0 0.90824 0.66331 0.23898 0.04754
0 0.9155 0.71636 0.22244 0.04468
0 0.8807 0.76941 0.23453 0.0524
0 0.84922 0.82246 0.24908 0.05016
0 0.99811 0.87551 0.26 0.05187
0 0.88729 0.92856 0.23733 0.04887