0 0.10501 0.13281 0.41485 0.08538
0 0.10501 0.18586 0.43253 0.07854
0 0.10501 0.23891 0.42967 0.08087
0 0.10501 0.29196 0.39841 0.08547
0 0.10501 0.34501 0.40568 0.08121
0 0.10501 0.39806 0.4107 0.07971
0 0.10501 0.45111 0.43192 0.08091
0 0.10501 0.50416 0.4112 0.07799
0 0.10501 0.55721 0.41908 0.08415
0 0.10501 0.61026 0.43874 0.08183
0 0.10501 0.66331 0.41279 0.07629
0 0.10501 0.71636 0.43312 0.08281
0 0.10501 0.76941 0.38271 0.08044
0 0.10501 0.82246 0.42253 0.08042
0 0.10501 0.87551 0.41104 0.07615
0 0.10501 0.92856 0.43154 0.07723
0 0.3148 0.14609 0.39604 0.07567
0 0.3148 0.20444 0.40295 0.07823
0 0.3148 0.26280 0.39423 0.08473
0 0.3148 0.32115 0.42392 0.08714
0 0.3148 0.37951 0.38729 0.07392
0 0.3148 0.43786 0.43124 0.07856
0 0.3148 0.49622 0.43878 0.08649
0 0.3148 0.55457 0.37113 0.0786
0 0.3148 0.61293 0.38878 0.07433
0 0.3148 0.67129 0.41329 0.08187
0 0.3148 0.72964 0.43034 0.08174
0 0.3148 0.78800 0.39904 0.07623
0 0.3148 0.84635 0.41421 0.07617
0 0.3148 0.90471 0.37024 0.07935
0 0.3148 0.96306 0.37917 0.08131
0 0.52459 0.13281 0.37995 0.08417
0 0.52459 0.18586 0.38344 0.08598
0 0.52459 0.23891 0.41557 0.07425
0 0.52459 0.29196 0.38395 0.07709
0 0.52459 0.34501 0.38654 0.08069
0 0.52459 0.39806 0.44195 0.07452
0 0.52459 0.45111 0.41941 0.07654
0 0.52459 0.50416 0.39298 0.08174
0 0.52459 0.55721 0.42174 0.07403
0 0.52459 0.61026 0.44068 0.08017
0 0.52459 0.66331 0.43853 0.07473
0 0.52459 0.71636 0.40934 0.08616
0 0.52459 0.76941 0.40135 0.07458
0 0.52459 0.82246 0.37191 0.08619
0 0.52459 0.87551 0.38222 0.08038
0 0.52459 0.92856 0.41099 0.07834
0 0.73438 0.11953 0.44165 0.08106
0 0.73438 0.16727 0.38448 0.07494
0 0.73438 0.21502 0.39616 0.0869
0 0.73438 0.26276 0.42793 0.0764
0 0.73438 0.31051 0.3919 0.07823
0 0.73438 0.35825 0.41951 0.08452
0 0.73438 0.40600 0.37582 0.08488
0 0.73438 0.45374 0.40982 0.08361
0 0.73438 0.50149 0.38439 0.07884
0 0.73438 0.54923 0.41531 0.07333
0 0.73438 0.59698 0.40849 0.07976
0 0.73438 0.64472 0.41353 0.08139
0 0.73438 0.69247 0.41697 0.08175
0 0.73438 0.74021 0.40625 0.0829
0 0.73438 0.78796 0.41054 0.07524
0 0.73438 0.83571 0.41035 0.07309
0 0.90921 0.13281 0.40826 0.08334
0 0.90921 0.18586 0.44081 0.07457
0 0.90921 0.23891 0.37196 0.0826
0 0.90921 0.29196 0.38879 0.07335
0 0.90921 0.34501 0.42847 0.08594
0 0.90921 0.39806 0.38216 0.0748
0 0.90921 0.45111 0.42456 0.08684
0 0.90921 0.50416 0.3907 0.07857
0 0.90921 0.55721 0.41234 0.08228
0 0.90921 0.61026 0.41811 0.08609
0 0.90921 0.66331 0.36997 0.07381
0 0.90921 0.71636 0.4121 0.07964
0 0.90921 0.76941 0.43431 0.07342
0 0.90921 0.82246 0.41724 0.07727
0 0.90921 0.87551 0.43219 0.08745
0 0.90921 0.92856 0.40596 0.07744