0 0.10501 0.13281 0.37661 0.08625
0 0.10501 0.18586 0.41577 0.07695
0 0.10501 0.23891 0.4359 0.08632
0 0.10501 0.29196 0.37243 0.08624
0 0.10501 0.34501 0.39914 0.0812
0 0.10501 0.39806 0.36918 0.08557
0 0.10501 0.45111 0.37303 0.07457
0 0.10501 0.50416 0.44094 0.08036
0 0.10501 0.55721 0.39655 0.075
0 0.10501 0.61026 0.37545 0.07323
0 0.10501 0.66331 0.4221 0.08623
0 0.10501 0.71636 0.40101 0.07544
0 0.10501 0.76941 0.39188 0.08624
0 0.10501 0.82246 0.42182 0.08522
0 0.10501 0.87551 0.38519 0.07976
0 0.10501 0.92856 0.3946 0.07948
0 0.3148 0.14609 0.42476 0.07682
0 0.3148 0.20444 0.37369 0.07986
0 0.3148 0.26280 0.3838 0.08172
0 0.3148 0.32115 0.43865 0.07407
0 0.3148 0.37951 0.43649 0.07933
0 0.3148 0.43786 0.38936 0.07466
0 0.3148 0.49622 0.36976 0.08619
0 0.3148 0.55457 0.43938 0.07512
0 0.3148 0.61293 0.40112 0.08458
0 0.3148 0.67129 0.38652 0.08444
0 0.3148 0.72964 0.38486 0.08618
0 0.3148 0.78800 0.37043 0.07942
0 0.3148 0.84635 0.40218 0.07796
0 0.3148 0.90471 0.41887 0.07875
0 0.3148 0.96306 0.3778 0.084
0 0.52459 0.13281 0.3733 0.07311
0 0.52459 0.18586 0.3841 0.07658
0 0.52459 0.23891 0.38702 0.07555
0 0.52459 0.29196 0.38494 0.085
0 0.52459 0.34501 0.39174 0.07343
0 0.52459 0.39806 0.42752 0.07463
0 0.52459 0.45111 0.39504 0.08507
0 0.52459 0.50416 0.38141 0.08317
0 0.52459 0.55721 0.4389 0.07953
0 0.52459 0.61026 0.38394 0.08682
0 0.52459 0.66331 0.37246 0.0811
0 0.52459 0.71636 0.37888 0.0836
0 0.52459 0.76941 0.41639 0.08648
0 0.52459 0.82246 0.43199 0.07987
0 0.52459 0.87551 0.43434 0.07359
0 0.52459 0.92856 0.4038 0.07918
0 0.73438 0.11953 0.42134 0.08102
0 0.73438 0.16727 0.36915 0.07953
0 0.73438 0.21502 0.4149 0.08572
0 0.73438 0.26276 0.44101 0.08747
0 0.73438 0.31051 0.42666 0.08007
0 0.73438 0.35825 0.38649 0.08346
0 0.73438 0.40600 0.42769 0.08646
0 0.73438 0.45374 0.43516 0.08385
0 0.73438 0.50149 0.38308 0.07581
0 0.73438 0.54923 0.42901 0.07771
0 0.73438 0.59698 0.43616 0.07948
0 0.73438 0.64472 0.38756 0.08573
0 0.73438 0.69247 0.43706 0.08297
0 0.73438 0.74021 0.41507 0.0831
0 0.73438 0.78796 0.41193 0.08599
0 0.73438 0.83571 0.3827 0.07897
0 0.90921 0.13281 0.39002 0.08502
0 0.90921 0.18586 0.43818 0.07369
0 0.90921 0.23891 0.39471 0.08719
0 0.90921 0.29196 0.44141 0.08118
0 0.90921 0.34501 0.42663 0.08328
0 0.90921 0.39806 0.42394 0.07488
0 0.90921 0.45111 0.38336 0.08699
0 0.90921 0.50416 0.41042 0.08265
0 0.90921 0.55721 0.43449 0.08258
0 0.90921 0.61026 0.39833 0.08419
0 0.90921 0.66331 0.40272 0.08155
0 0.90921 0.71636 0.4155 0.08215
0 0.90921 0.76941 0.43118 0.07833
0 0.90921 0.82246 0.41648 0.07515
0 0.90921 0.87551 0.38194 0.08454
0 0.90921 0.92856 0.3693 0.07925