0 0.10501 0.12884 0.20923 0.03278
0 0.10501 0.17895 0.19569 0.0416
0 0.10501 0.24744 0.19962 0.04242
0 0.10501 0.28569 0.19973 0.04177
0 0.10501 0.37421 0.196 0.03736
0 0.10501 0.35914 0.19635 0.04268
0 0.10501 0.41293 0.18466 0.04326
0 0.10501 0.46701 0.19154 0.03332
0 0.10501 0.52073 0.17541 0.03659
0 0.10501 0.64976 0.17127 0.03719
0 0.10501 0.60313 0.16777 0.04214
0 0.10501 0.65051 0.20272 0.03486
0 0.10501 0.74358 0.19006 0.04035
0 0.10501 0.82364 0.1758 0.03247
0 0.10501 0.92833 0.17726 0.04362
0 0.10501 0.90023 0.21513 0.04279
0 0.3148 0.13920 0.16311 0.0326
0 0.3148 0.19878 0.17735 0.04106
0 0.3148 0.28315 0.21735 0.03668
0 0.3148 0.31605 0.21137 0.04244
0 0.3148 0.41218 0.21498 0.03504
0 0.3148 0.46904 0.20385 0.04059
0 0.3148 0.46398 0.21046 0.04298
0 0.3148 0.50514 0.18107 0.04291
0 0.3148 0.66373 0.21795 0.03523
0 0.3148 0.67428 0.18038 0.04079
0 0.3148 0.72073 0.17683 0.041
0 0.3148 0.73374 0.19119 0.04373
0 0.3148 0.85525 0.20864 0.03591
0 0.3148 0.91576 0.20128 0.03711
0 0.3148 0.90640 0.16968 0.03496
0 0.3148 0.97837 0.17202 0.03721
0 0.52459 0.13856 0.18317 0.04057
0 0.52459 0.18974 0.18145 0.0403
0 0.52459 0.25282 0.21421 0.0407
0 0.52459 0.28684 0.16576 0.04181
0 0.52459 0.34840 0.16603 0.04294
0 0.52459 0.40755 0.16406 0.03807
0 0.52459 0.45002 0.21026 0.04161
0 0.52459 0.45376 0.17496 0.03713
0 0.52459 0.53577 0.20146 0.03804
0 0.52459 0.55237 0.17604 0.04151
0 0.52459 0.61069 0.17708 0.0333
0 0.52459 0.77167 0.19427 0.04051
0 0.52459 0.72426 0.17932 0.0335
0 0.52459 0.74086 0.20995 0.03852
0 0.52459 0.92841 0.18134 0.03526
0 0.52459 0.83839 0.21831 0.03755
0 0.73438 0.12979 0.20091 0.03442
0 0.73438 0.16213 0.17187 0.0324
0 0.73438 0.23024 0.2157 0.03803
0 0.73438 0.26163 0.20254 0.03925
0 0.73438 0.28893 0.20337 0.04281
0 0.73438 0.35934 0.17163 0.04334
0 0.73438 0.40691 0.20433 0.03665
0 0.73438 0.45313 0.19319 0.03264
0 0.73438 0.53493 0.18607 0.03574
0 0.73438 0.51901 0.16707 0.03348
0 0.73438 0.59969 0.19493 0.03972
0 0.73438 0.62830 0.21618 0.04088
0 0.73438 0.62810 0.19189 0.03253
0 0.73438 0.76931 0.17807 0.03736
0 0.73438 0.71704 0.17364 0.03601
0 0.73438 0.85482 0.20042 0.04369
0 0.90921 0.13132 0.17976 0.03966
0 0.90921 0.20186 0.18697 0.04116
0 0.90921 0.24360 0.18028 0.03337
0 0.90921 0.28412 0.17269 0.03634
0 0.90921 0.33915 0.17862 0.03403
0 0.90921 0.38411 0.21331 0.03497
0 0.90921 0.45976 0.18395 0.0386
0 0.90921 0.46878 0.18092 0.03777
0 0.90921 0.52754 0.16375 0.03479
0 0.90921 0.56143 0.1849 0.03978
0 0.90921 0.59735 0.20299 0.0339
0 0.90921 0.69940 0.21934 0.03458
0 0.90921 0.74609 0.20435 0.04307
0 0.90921 0.74636 0.21069 0.04156
0 0.90921 0.90739 0.19914 0.03264
0 0.90921 0.84695 0.16362 0.04106