0 0.10761 0.13281 0.41893 0.07351
0 0.11334 0.18586 0.39452 0.07799
0 0.1084 0.23891 0.37082 0.07875
0 0.09566 0.29196 0.37644 0.08672
0 0.0979 0.34501 0.43265 0.07542
0 0.10194 0.39806 0.41794 0.08691
0 0.11652 0.45111 0.41053 0.08229
0 0.09412 0.50416 0.37773 0.07591
0 0.09425 0.55721 0.41702 0.07666
0 0.10322 0.61026 0.37179 0.07941
0 0.11863 0.66331 0.42817 0.08586
0 0.09864 0.71636 0.43416 0.07948
0 0.09583 0.76941 0.42301 0.08508
0 0.11553 0.82246 0.39179 0.07424
0 0.11995 0.87551 0.38946 0.07406
0 0.11777 0.92856 0.40082 0.08146
0 0.34417 0.14609 0.42112 0.07514
0 0.2859 0.20444 0.3778 0.08222
0 0.32149 0.26280 0.43295 0.08491
0 0.28822 0.32115 0.43656 0.07786
0 0.33095 0.37951 0.43841 0.08388
0 0.27994 0.43786 0.37418 0.07681
0 0.35678 0.49622 0.4057 0.08041
0 0.31777 0.55457 0.43816 0.08755
0 0.31382 0.61293 0.39286 0.07804
0 0.29715 0.67129 0.39083 0.07602
0 0.36079 0.72964 0.40896 0.08071
0 0.30386 0.78800 0.3737 0.08146
0 0.33503 0.84635 0.43503 0.08314
0 0.35496 0.90471 0.43145 0.07942
0 0.2937 0.96306 0.42621 0.07395
0 0.58601 0.13281 0.39794 0.08749
0 0.46606 0.18586 0.43512 0.08581
0 0.55323 0.23891 0.38891 0.0758
0 0.53831 0.29196 0.4328 0.07966
0 0.53715 0.34501 0.41142 0.0791
0 0.5031 0.39806 0.37514 0.07362
0 0.49784 0.45111 0.38686 0.07951
0 0.50347 0.50416 0.41204 0.08099
0 0.58877 0.55721 0.39842 0.08413
0 0.55961 0.61026 0.38803 0.08292
0 0.56335 0.66331 0.4123 0.07582
0 0.56598 0.71636 0.40769 0.07477
0 0.54959 0.76941 0.37943 0.07829
0 0.48485 0.82246 0.41768 0.08104
0 0.50068 0.87551 0.39499 0.08208
0 0.53268 0.92856 0.39092 0.07825
0 0.76844 0.11953 0.38416 0.08197
0 0.67148 0.16727 0.41834 0.0737
0 0.76207 0.21502 0.41893 0.08175
0 0.76179 0.26276 0.38434 0.07678
0 0.75161 0.31051 0.40813 0.08133
0 0.81883 0.35825 0.38668 0.07371
0 0.71314 0.40600 0.40383 0.07644
0 0.74803 0.45374 0.4397 0.08032
0 0.78288 0.50149 0.39024 0.07945
0 0.76487 0.54923 0.39764 0.07319
0 0.83014 0.59698 0.40149 0.07891
0 0.64814 0.64472 0.39781 0.07354
0 0.77361 0.69247 0.38232 0.07693
0 0.77152 0.74021 0.40241 0.07692
0 0.76033 0.78796 0.40164 0.07595
0 0.67397 0.83571 0.37712 0.07646
0 0.95341 0.13281 0.43117 0.08318
0 0.80982 0.23891 0.42727 0.0826
0 0.97888 0.29196 0.40809 0.08508
0 0.92669 0.34501 0.37693 0.0734
0 0.80995 0.39806 0.37918 0.07935
0 0.94058 0.45111 0.4215 0.07736
0 0.96586 0.50416 0.38066 0.07415
0 0.97337 0.66331 0.38676 0.08622
0 0.95748 0.71636 0.38396 0.08105
0 0.9704 0.76941 0.38814 0.07453
0 0.92324 0.82246 0.37498 0.07992
0 0.95276 0.87551 0.42738 0.07994