0 0.10501 0.13281 0.3883 0.07625
0 0.10501 0.18586 0.37847 0.07983
0 0.10501 0.23891 0.43151 0.08418
0 0.10501 0.29196 0.39558 0.07941
0 0.10501 0.34501 0.41328 0.07614
0 0.10501 0.39806 0.3822 0.07309
0 0.10501 0.45111 0.41925 0.07814
0 0.10501 0.50416 0.4108 0.07928
0 0.10501 0.55721 0.42097 0.082
0 0.10501 0.61026 0.41515 0.0828
0 0.10501 0.66331 0.43554 0.08221
0 0.10501 0.71636 0.43386 0.08246
0 0.10501 0.76941 0.39084 0.07613
0 0.10501 0.82246 0.39545 0.07696
0 0.10501 0.87551 0.37415 0.07915
0 0.10501 0.92856 0.41448 0.07674
0 0.3148 0.14609 0.42446 0.08028
0 0.3148 0.20444 0.4051 0.08495
0 0.3148 0.26280 0.4159 0.07355
0 0.3148 0.32115 0.44204 0.08438
0 0.3148 0.37951 0.37239 0.08673
0 0.3148 0.43786 0.42615 0.08388
0 0.3148 0.49622 0.38016 0.07337
0 0.3148 0.55457 0.38523 0.08161
0 0.3148 0.61293 0.42141 0.0756
0 0.3148 0.67129 0.42418 0.08385
0 0.3148 0.72964 0.41729 0.07702
0 0.3148 0.78800 0.43511 0.07943
0 0.3148 0.84635 0.40872 0.0756
0 0.3148 0.90471 0.40297 0.08689
0 0.3148 0.96306 0.37553 0.08289
0 0.52459 0.13281 0.43399 0.08442
0 0.52459 0.18586 0.40185 0.07565
0 0.52459 0.23891 0.42929 0.07455
0 0.52459 0.29196 0.42162 0.0777
0 0.52459 0.34501 0.43905 0.08673
0 0.52459 0.39806 0.41088 0.07957
0 0.52459 0.45111 0.38181 0.08074
0 0.52459 0.50416 0.41594 0.07768
0 0.52459 0.55721 0.37368 0.08391
0 0.52459 0.61026 0.39209 0.0804
0 0.52459 0.66331 0.42063 0.08257
0 0.52459 0.71636 0.38135 0.0798
0 0.52459 0.76941 0.37013 0.08222
0 0.52459 0.82246 0.42287 0.07779
0 0.52459 0.87551 0.37252 0.07803
0 0.52459 0.92856 0.4341 0.07303
0 0.73438 0.11953 0.43115 0.08167
0 0.73438 0.16727 0.42374 0.08493
0 0.73438 0.21502 0.44168 0.07958
0 0.73438 0.26276 0.41674 0.07732
0 0.73438 0.31051 0.39155 0.08686
0 0.73438 0.35825 0.4205 0.08748
0 0.73438 0.40600 0.37342 0.08601
0 0.73438 0.45374 0.39379 0.08231
0 0.73438 0.50149 0.41142 0.07616
0 0.73438 0.54923 0.40274 0.08589
0 0.73438 0.59698 0.41159 0.07776
0 0.73438 0.64472 0.37159 0.08528
0 0.73438 0.69247 0.39206 0.08691
0 0.73438 0.74021 0.37182 0.08196
0 0.73438 0.78796 0.39471 0.07791
0 0.73438 0.83571 0.42042 0.07774
0 0.90921 0.13281 0.39899 0.07993
0 0.90921 0.18586 0.4109 0.08394
0 0.90921 0.23891 0.39002 0.07496
0 0.90921 0.29196 0.42174 0.07644
0 0.90921 0.34501 0.39668 0.07987
0 0.90921 0.39806 0.44214 0.08509
0 0.90921 0.45111 0.40389 0.08385
0 0.90921 0.50416 0.42103 0.07316
0 0.90921 0.55721 0.37969 0.07855
0 0.90921 0.61026 0.42231 0.08005
0 0.90921 0.66331 0.41996 0.08285
0 0.90921 0.71636 0.41972 0.08227
0 0.90921 0.76941 0.43132 0.0857
0 0.90921 0.82246 0.43216 0.08372
0 0.90921 0.87551 0.39753 0.08755
0 0.90921 0.92856 0.40522 0.08452