0 0.10501 0.13097 0.18801 0.03656
0 0.10501 0.17476 0.17842 0.03227
0 0.10501 0.23128 0.16255 0.03718
0 0.10501 0.29330 0.20146 0.03448
0 0.10501 0.32875 0.21824 0.03615
0 0.10501 0.41350 0.20615 0.0348
0 0.10501 0.44281 0.19657 0.04327
0 0.10501 0.46909 0.16265 0.0378
0 0.10501 0.58720 0.1993 0.04152
0 0.10501 0.57228 0.20301 0.03624
0 0.10501 0.70630 0.18879 0.0396
0 0.10501 0.66194 0.17231 0.03814
0 0.10501 0.72869 0.2026 0.04272
0 0.10501 0.79157 0.18757 0.03295
0 0.10501 0.92393 0.19229 0.03294
0 0.10501 0.98949 0.1761 0.04173
0 0.3148 0.13177 0.1804 0.04348
0 0.3148 0.21903 0.17287 0.03771
0 0.3148 0.26909 0.2154 0.03762
0 0.3148 0.34781 0.18366 0.04193
0 0.3148 0.41303 0.16745 0.03431
0 0.3148 0.42261 0.1642 0.04019
0 0.3148 0.47629 0.17024 0.04181
0 0.3148 0.60082 0.21503 0.03686
0 0.3148 0.66549 0.2064 0.03347
0 0.3148 0.64768 0.20938 0.03762
0 0.3148 0.71316 0.17541 0.03549
0 0.3148 0.82002 0.16929 0.03683
0 0.3148 0.79179 0.167 0.04116
0 0.3148 0.90243 0.20365 0.03989
0 0.3148 0.97409 0.1651 0.03213
0 0.3148 0.93475 0.21143 0.03589
0 0.52459 0.12120 0.17443 0.03415
0 0.52459 0.17115 0.20088 0.03256
0 0.52459 0.22220 0.21325 0.03677
0 0.52459 0.31807 0.1687 0.03915
0 0.52459 0.34069 0.16521 0.03826
0 0.52459 0.37973 0.19982 0.03541
0 0.52459 0.47012 0.17504 0.04219
0 0.52459 0.54229 0.20268 0.0436
0 0.52459 0.56809 0.1974 0.04373
0 0.52459 0.59921 0.21494 0.03417
0 0.52459 0.59816 0.19978 0.03732
0 0.52459 0.68830 0.18476 0.0431
0 0.52459 0.81586 0.20632 0.03649
0 0.52459 0.78485 0.16931 0.03829
0 0.52459 0.81088 0.18245 0.03686
0 0.73438 0.11244 0.17417 0.04036
0 0.73438 0.17055 0.21205 0.03579
0 0.73438 0.20374 0.20914 0.0384
0 0.73438 0.27235 0.20212 0.04252
0 0.73438 0.28131 0.18673 0.04371
0 0.73438 0.37832 0.17392 0.03634
0 0.73438 0.42147 0.18153 0.03312
0 0.73438 0.49910 0.19517 0.03843
0 0.73438 0.49637 0.19363 0.03593
0 0.73438 0.57067 0.17032 0.04146
0 0.73438 0.61900 0.16288 0.04321
0 0.73438 0.70719 0.19268 0.04261
0 0.73438 0.73746 0.19014 0.03284
0 0.73438 0.72774 0.21093 0.04099
0 0.73438 0.78668 0.21894 0.03853
0 0.73438 0.88104 0.1885 0.03316
0 0.90921 0.13588 0.16366 0.04059
0 0.90921 0.18411 0.18289 0.03876
0 0.90921 0.22815 0.2082 0.04333
0 0.90921 0.26644 0.18578 0.03305
0 0.90921 0.37175 0.17435 0.0331
0 0.90921 0.37697 0.19334 0.03634
0 0.90921 0.46051 0.19515 0.03362
0 0.90921 0.45494 0.17755 0.0347
0 0.90921 0.57916 0.21747 0.04198
0 0.90921 0.56365 0.18913 0.04267
0 0.90921 0.59729 0.17349 0.03302
0 0.90921 0.73477 0.17687 0.03357
0 0.90921 0.71385 0.19841 0.0357
0 0.90921 0.88748 0.19646 0.03534
0 0.90921 0.94264 0.20143 0.03942
0 0.90921 0.86267 0.20474 0.03955