0 0.09287 0.13281 0.3794 0.08177
0 0.1048 0.18586 0.37078 0.0798
0 0.11676 0.23891 0.4072 0.08295
0 0.09367 0.29196 0.41141 0.08625
0 0.09962 0.34501 0.41372 0.07532
0 0.11826 0.39806 0.41757 0.08484
0 0.09964 0.45111 0.43275 0.07331
0 0.10734 0.50416 0.44177 0.07468
0 0.09853 0.55721 0.44009 0.07643
0 0.09959 0.61026 0.3885 0.07574
0 0.09943 0.66331 0.41373 0.08594
0 0.09408 0.71636 0.38095 0.08711
0 0.10022 0.76941 0.39618 0.07444
0 0.10178 0.82246 0.42919 0.07491
0 0.11605 0.87551 0.43306 0.08235
0 0.09809 0.92856 0.37318 0.07833
0 0.35741 0.14609 0.37705 0.08701
0 0.34779 0.20444 0.42414 0.0755
0 0.34937 0.26280 0.37638 0.08154
0 0.2856 0.32115 0.3908 0.08155
0 0.30266 0.37951 0.37423 0.07793
0 0.34904 0.43786 0.37587 0.07578
0 0.31846 0.49622 0.41511 0.07379
0 0.28995 0.55457 0.43298 0.07418
0 0.33485 0.61293 0.38476 0.07598
0 0.32641 0.67129 0.37066 0.08409
0 0.29629 0.72964 0.42865 0.0803
0 0.33932 0.78800 0.41687 0.08464
0 0.28475 0.84635 0.41919 0.08552
0 0.34721 0.90471 0.39509 0.07625
0 0.28342 0.96306 0.41411 0.07437
0 0.57658 0.13281 0.42077 0.08427
0 0.52487 0.18586 0.39242 0.07808
0 0.55911 0.23891 0.42008 0.0792
0 0.50926 0.29196 0.3963 0.08655
0 0.49313 0.34501 0.38133 0.08356
0 0.53833 0.39806 0.39481 0.08084
0 0.59709 0.45111 0.37571 0.08487
0 0.54766 0.50416 0.38633 0.08416
0 0.58337 0.55721 0.40252 0.08127
0 0.49742 0.61026 0.39306 0.07759
0 0.5193 0.66331 0.38861 0.08474
0 0.59541 0.71636 0.43886 0.07709
0 0.56916 0.76941 0.40339 0.08072
0 0.52104 0.82246 0.38878 0.08748
0 0.49217 0.87551 0.40579 0.07743
0 0.51657 0.92856 0.40926 0.08484
0 0.79693 0.11953 0.42795 0.08316
0 0.7289 0.16727 0.37657 0.08203
0 0.81225 0.21502 0.41355 0.07692
0 0.71096 0.26276 0.39013 0.0742
0 0.8173 0.31051 0.40747 0.07383
0 0.6562 0.35825 0.43954 0.07355
0 0.75942 0.40600 0.39734 0.07552
0 0.77823 0.45374 0.42924 0.08706
0 0.65365 0.50149 0.3921 0.07511
0 0.74786 0.54923 0.4409 0.07461
0 0.7317 0.59698 0.38326 0.08272
0 0.67819 0.64472 0.37727 0.08064
0 0.78656 0.69247 0.39148 0.07891
0 0.70673 0.74021 0.40054 0.08301
0 0.82154 0.78796 0.39889 0.07318
0 0.73352 0.83571 0.41417 0.08351
0 0.97697 0.13281 0.41154 0.07923
0 0.80328 0.18586 0.41916 0.08474
0 0.98417 0.23891 0.44102 0.07442
0 0.8263 0.29196 0.40486 0.0831
0 0.99759 0.34501 0.42225 0.0847
0 0.98607 0.45111 0.40758 0.07344
0 0.93315 0.50416 0.43639 0.08235
0 0.91044 0.55721 0.3916 0.08126
0 0.89172 0.61026 0.43309 0.07929
0 0.96641 0.66331 0.42158 0.08018
0 0.84958 0.71636 0.40475 0.07472
0 0.95432 0.76941 0.43839 0.08216
0 0.91517 0.87551 0.38772 0.08376
0 0.99226 0.92856 0.40563 0.08261