0 0.10501 0.12850 0.1971 0.03501
0 0.10501 0.18364 0.21174 0.04112
0 0.10501 0.22160 0.17946 0.0405
0 0.10501 0.29061 0.16466 0.03295
0 0.10501 0.35689 0.18449 0.0425
0 0.10501 0.42428 0.20003 0.04187
0 0.10501 0.42779 0.18268 0.03506
0 0.10501 0.48499 0.16827 0.03318
0 0.10501 0.58287 0.18206 0.03704
0 0.10501 0.56842 0.20657 0.03273
0 0.10501 0.60045 0.21313 0.03312
0 0.10501 0.72601 0.21058 0.03368
0 0.10501 0.82510 0.1841 0.04088
0 0.10501 0.78285 0.19564 0.04288
0 0.10501 0.95453 0.20857 0.04235
0 0.10501 0.90585 0.20088 0.04205
0 0.3148 0.15873 0.17662 0.03657
0 0.3148 0.21825 0.21762 0.03505
0 0.3148 0.28106 0.2049 0.03782
0 0.3148 0.29234 0.16697 0.03974
0 0.3148 0.36732 0.18683 0.03496
0 0.3148 0.44979 0.21629 0.03596
0 0.3148 0.47249 0.17571 0.04042
0 0.3148 0.52396 0.16587 0.03763
0 0.3148 0.63488 0.21105 0.0394
0 0.3148 0.69229 0.16911 0.03804
0 0.3148 0.71256 0.17559 0.03876
0 0.3148 0.79655 0.16393 0.03951
0 0.3148 0.77436 0.188 0.03265
0 0.3148 0.96124 0.1818 0.03289
0 0.3148 0.95928 0.2177 0.03885
0 0.52459 0.13150 0.19811 0.0433
0 0.52459 0.18274 0.16496 0.0371
0 0.52459 0.22145 0.20821 0.03845
0 0.52459 0.32036 0.18289 0.03261
0 0.52459 0.34564 0.16251 0.03215
0 0.52459 0.43312 0.19381 0.04161
0 0.52459 0.45961 0.18751 0.03621
0 0.52459 0.48046 0.2181 0.03567
0 0.52459 0.60679 0.21506 0.03214
0 0.52459 0.61847 0.21866 0.03485
0 0.52459 0.61032 0.1801 0.04288
0 0.52459 0.72064 0.18404 0.03785
0 0.52459 0.80633 0.16412 0.03703
0 0.52459 0.88635 0.20644 0.03312
0 0.52459 0.96251 0.16932 0.03398
0 0.52459 0.97327 0.17671 0.03374
0 0.73438 0.12083 0.181 0.03497
0 0.73438 0.16593 0.17643 0.03699
0 0.73438 0.20929 0.17029 0.03573
0 0.73438 0.23988 0.22078 0.03654
0 0.73438 0.31762 0.21064 0.03449
0 0.73438 0.36621 0.17337 0.03619
0 0.73438 0.42156 0.21368 0.03222
0 0.73438 0.49661 0.19248 0.04062
0 0.73438 0.50886 0.16772 0.03736
0 0.73438 0.52698 0.21719 0.03379
0 0.73438 0.62198 0.20812 0.04354
0 0.73438 0.67353 0.20974 0.04105
0 0.73438 0.72908 0.18945 0.03898
0 0.73438 0.67314 0.21277 0.03895
0 0.73438 0.73268 0.20715 0.04259
0 0.73438 0.80595 0.21311 0.0397
0 0.90921 0.13342 0.16548 0.03676
0 0.90921 0.17933 0.1813 0.03923
0 0.90921 0.25434 0.16568 0.03756
0 0.90921 0.26844 0.1849 0.04009
0 0.90921 0.33623 0.20172 0.03823
0 0.90921 0.39263 0.19739 0.03869
0 0.90921 0.42143 0.17814 0.03563
0 0.90921 0.55100 0.20022 0.03382
0 0.90921 0.50674 0.19066 0.0375
0 0.90921 0.60810 0.2105 0.04037
0 0.90921 0.64127 0.20927 0.0324
0 0.90921 0.77758 0.21221 0.03732
0 0.90921 0.80637 0.21388 0.04288
0 0.90921 0.89066 0.16866 0.04305
0 0.90921 0.88734 0.21326 0.04134
0 0.90921 0.98724 0.18928 0.03543