0 0.10501 0.14033 0.18048 0.04193
0 0.10501 0.19419 0.2107 0.03846
0 0.10501 0.24119 0.19225 0.03804
0 0.10501 0.30742 0.21914 0.0322
0 0.10501 0.37870 0.19118 0.03429
0 0.10501 0.42185 0.21863 0.04324
0 0.10501 0.46799 0.19053 0.03322
0 0.10501 0.46123 0.19621 0.0341
0 0.10501 0.54034 0.21793 0.03373
0 0.10501 0.60582 0.21209 0.03766
0 0.10501 0.63028 0.22097 0.04308
0 0.10501 0.64999 0.2095 0.03462
0 0.10501 0.84391 0.19907 0.03862
0 0.10501 0.81022 0.19801 0.03367
0 0.10501 0.89016 0.16306 0.03875
0 0.3148 0.14164 0.19598 0.04115
0 0.3148 0.19417 0.16816 0.03782
0 0.3148 0.26592 0.20534 0.04019
0 0.3148 0.34928 0.21412 0.03391
0 0.3148 0.39925 0.17303 0.04247
0 0.3148 0.40189 0.20881 0.03253
0 0.3148 0.45931 0.17102 0.03707
0 0.3148 0.57730 0.20524 0.0426
0 0.3148 0.67096 0.19116 0.03447
0 0.3148 0.63366 0.17206 0.03237
0 0.3148 0.73128 0.17569 0.0326
0 0.3148 0.80452 0.1646 0.0423
0 0.3148 0.87245 0.18229 0.03237
0 0.3148 0.95425 0.20467 0.04118
0 0.3148 0.98079 0.18516 0.04292
0 0.52459 0.12075 0.18127 0.04169
0 0.52459 0.16861 0.21829 0.03677
0 0.52459 0.22833 0.17888 0.03671
0 0.52459 0.28095 0.17677 0.04014
0 0.52459 0.35423 0.20668 0.04205
0 0.52459 0.36615 0.20304 0.03838
0 0.52459 0.47776 0.16637 0.0354
0 0.52459 0.45434 0.19926 0.0367
0 0.52459 0.53869 0.19134 0.04286
0 0.52459 0.63733 0.1834 0.04268
0 0.52459 0.66688 0.20804 0.04223
0 0.52459 0.75713 0.20536 0.03907
0 0.52459 0.78828 0.20776 0.03307
0 0.52459 0.88838 0.20533 0.03854
0 0.52459 0.84306 0.19738 0.03387
0 0.52459 0.98878 0.21368 0.04346
0 0.73438 0.10923 0.17357 0.03839
0 0.73438 0.15294 0.19594 0.03689
0 0.73438 0.20443 0.16959 0.03937
0 0.73438 0.27745 0.18406 0.03339
0 0.73438 0.33924 0.21633 0.04359
0 0.73438 0.38171 0.21428 0.04016
0 0.73438 0.43157 0.20878 0.03398
0 0.73438 0.49407 0.19702 0.03544
0 0.73438 0.52132 0.22089 0.04001
0 0.73438 0.57121 0.17955 0.03308
0 0.73438 0.56235 0.18152 0.03325
0 0.73438 0.61572 0.1992 0.03787
0 0.73438 0.68771 0.19083 0.03812
0 0.73438 0.72217 0.19105 0.0418
0 0.73438 0.75336 0.20346 0.0398
0 0.73438 0.91457 0.2051 0.03771
0 0.90921 0.12409 0.17462 0.03492
0 0.90921 0.17440 0.21 0.03773
0 0.90921 0.24336 0.19544 0.03851
0 0.90921 0.26921 0.19098 0.03852
0 0.90921 0.31173 0.20067 0.03258
0 0.90921 0.37032 0.21531 0.03941
0 0.90921 0.41874 0.19802 0.033
0 0.90921 0.53352 0.17847 0.03557
0 0.90921 0.58824 0.21617 0.04266
0 0.90921 0.65270 0.20582 0.03966
0 0.90921 0.62846 0.18118 0.04286
0 0.90921 0.73601 0.18796 0.04377
0 0.90921 0.74378 0.19525 0.04188
0 0.90921 0.77744 0.16658 0.04063
0 0.90921 0.81531 0.19383 0.04176
0 0.90921 0.97200 0.18542 0.03829