0 0.11805 0.13281 0.42173 0.08245
0 0.1167 0.18586 0.42814 0.07628
0 0.10812 0.23891 0.42611 0.07383
0 0.0988 0.29196 0.36931 0.08665
0 0.11448 0.34501 0.41604 0.08358
0 0.09679 0.39806 0.43853 0.0772
0 0.11908 0.45111 0.39548 0.07589
0 0.1178 0.50416 0.43598 0.0802
0 0.10374 0.55721 0.40961 0.0855
0 0.09653 0.61026 0.39064 0.08645
0 0.11209 0.66331 0.39423 0.08538
0 0.09469 0.71636 0.43694 0.07576
0 0.11245 0.76941 0.4425 0.08488
0 0.11913 0.82246 0.38924 0.08302
0 0.10288 0.87551 0.38481 0.07619
0 0.09243 0.92856 0.38282 0.08074
0 0.27842 0.14609 0.37471 0.07806
0 0.34802 0.20444 0.39271 0.07983
0 0.34579 0.26280 0.39319 0.08425
0 0.2988 0.32115 0.37532 0.07568
0 0.28571 0.37951 0.40863 0.08641
0 0.35764 0.43786 0.38606 0.08383
0 0.29081 0.49622 0.3799 0.07901
0 0.33734 0.55457 0.3795 0.07925
0 0.28977 0.61293 0.41592 0.07417
0 0.29623 0.67129 0.38144 0.07968
0 0.3276 0.72964 0.39645 0.07611
0 0.35844 0.78800 0.3971 0.07538
0 0.30877 0.84635 0.4265 0.08594
0 0.28564 0.90471 0.43887 0.07761
0 0.34483 0.96306 0.38475 0.0809
0 0.58959 0.13281 0.39946 0.07785
0 0.54271 0.18586 0.38683 0.07536
0 0.53653 0.23891 0.40556 0.08068
0 0.48425 0.29196 0.42018 0.0848
0 0.54747 0.34501 0.43933 0.07577
0 0.46361 0.39806 0.41975 0.08148
0 0.51408 0.45111 0.38961 0.08504
0 0.50841 0.50416 0.42935 0.07721
0 0.55469 0.55721 0.43565 0.08431
0 0.56788 0.61026 0.41679 0.07376
0 0.56107 0.66331 0.38667 0.07534
0 0.51303 0.71636 0.38183 0.08408
0 0.46528 0.76941 0.41897 0.07687
0 0.50048 0.82246 0.41734 0.07315
0 0.46233 0.87551 0.3696 0.07815
0 0.52125 0.92856 0.44138 0.08446
0 0.75197 0.11953 0.40822 0.08683
0 0.68169 0.16727 0.39335 0.08492
0 0.7213 0.21502 0.38973 0.08517
0 0.65965 0.26276 0.37097 0.08568
0 0.66658 0.31051 0.43107 0.0835
0 0.79475 0.35825 0.41437 0.07854
0 0.7671 0.40600 0.36938 0.08573
0 0.73408 0.45374 0.40599 0.07923
0 0.81147 0.50149 0.42479 0.07817
0 0.83685 0.54923 0.41165 0.07986
0 0.82557 0.59698 0.40237 0.08308
0 0.81037 0.64472 0.4107 0.07299
0 0.81426 0.69247 0.43778 0.07612
0 0.84251 0.74021 0.41017 0.08033
0 0.81338 0.78796 0.43851 0.07742
0 0.70156 0.83571 0.42456 0.08276
0 0.88255 0.13281 0.40889 0.08226
0 0.85853 0.18586 0.40594 0.07315
0 0.89445 0.23891 0.39597 0.07512
0 0.84676 0.29196 0.40651 0.08166
0 0.96696 0.34501 0.41436 0.08279
0 0.92038 0.39806 0.42755 0.08313
0 0.9007 0.45111 0.39006 0.08738
0 0.88087 0.50416 0.39045 0.07427
0 0.93181 0.55721 0.39425 0.08716
0 0.96726 0.61026 0.3862 0.08092
0 0.98971 0.71636 0.38496 0.07914
0 0.85297 0.76941 0.40141 0.08598
0 0.81258 0.87551 0.43722 0.08503