0 0.10501 0.13281 0.43916 0.07654
0 0.10501 0.18586 0.40658 0.08479
0 0.10501 0.23891 0.36944 0.08011
0 0.10501 0.29196 0.41575 0.08108
0 0.10501 0.34501 0.40596 0.07816
0 0.10501 0.39806 0.42818 0.08383
0 0.10501 0.45111 0.39439 0.07817
0 0.10501 0.50416 0.38572 0.07727
0 0.10501 0.55721 0.41685 0.08375
0 0.10501 0.61026 0.41916 0.073
0 0.10501 0.66331 0.43262 0.07318
0 0.10501 0.71636 0.3808 0.08397
0 0.10501 0.76941 0.43438 0.08661
0 0.10501 0.82246 0.41665 0.07978
0 0.10501 0.87551 0.37964 0.08475
0 0.10501 0.92856 0.40741 0.07508
0 0.3148 0.14609 0.38662 0.08419
0 0.3148 0.20444 0.37315 0.08442
0 0.3148 0.26280 0.39776 0.07351
0 0.3148 0.32115 0.39587 0.07901
0 0.3148 0.37951 0.43835 0.08729
0 0.3148 0.43786 0.44084 0.08348
0 0.3148 0.49622 0.39077 0.07413
0 0.3148 0.55457 0.37456 0.08639
0 0.3148 0.61293 0.43871 0.07393
0 0.3148 0.67129 0.37207 0.08544
0 0.3148 0.72964 0.38596 0.08661
0 0.3148 0.78800 0.41095 0.08738
0 0.3148 0.84635 0.38188 0.0776
0 0.3148 0.90471 0.42063 0.08574
0 0.3148 0.96306 0.37968 0.07421
0 0.52459 0.13281 0.42215 0.08346
0 0.52459 0.18586 0.4292 0.0748
0 0.52459 0.23891 0.38631 0.07552
0 0.52459 0.29196 0.37831 0.07651
0 0.52459 0.34501 0.40886 0.08148
0 0.52459 0.39806 0.42993 0.0784
0 0.52459 0.45111 0.38813 0.08097
0 0.52459 0.50416 0.42849 0.08361
0 0.52459 0.55721 0.40103 0.08391
0 0.52459 0.61026 0.42831 0.07941
0 0.52459 0.66331 0.39637 0.08665
0 0.52459 0.71636 0.42853 0.0732
0 0.52459 0.76941 0.38267 0.0786
0 0.52459 0.82246 0.42807 0.07477
0 0.52459 0.87551 0.3823 0.07858
0 0.52459 0.92856 0.38512 0.08019
0 0.73438 0.11953 0.38784 0.08557
0 0.73438 0.16727 0.40227 0.08177
0 0.73438 0.21502 0.39451 0.07605
0 0.73438 0.26276 0.413 0.08361
0 0.73438 0.31051 0.41684 0.07545
0 0.73438 0.35825 0.37545 0.07307
0 0.73438 0.40600 0.41831 0.07706
0 0.73438 0.45374 0.37033 0.08675
0 0.73438 0.50149 0.38122 0.08351
0 0.73438 0.54923 0.42938 0.07365
0 0.73438 0.59698 0.41373 0.07548
0 0.73438 0.64472 0.37659 0.08201
0 0.73438 0.69247 0.39802 0.07618
0 0.73438 0.74021 0.41536 0.07774
0 0.73438 0.78796 0.37841 0.07916
0 0.73438 0.83571 0.41455 0.08403
0 0.90921 0.13281 0.38443 0.08385
0 0.90921 0.18586 0.42681 0.07436
0 0.90921 0.23891 0.43211 0.0772
0 0.90921 0.29196 0.37841 0.07486
0 0.90921 0.34501 0.40096 0.08747
0 0.90921 0.39806 0.40352 0.08556
0 0.90921 0.45111 0.41279 0.08131
0 0.90921 0.50416 0.43277 0.07297
0 0.90921 0.55721 0.39894 0.0868
0 0.90921 0.61026 0.40914 0.07465
0 0.90921 0.66331 0.38386 0.08323
0 0.90921 0.71636 0.4011 0.07693
0 0.90921 0.76941 0.43026 0.0736
0 0.90921 0.82246 0.38626 0.08393
0 0.90921 0.87551 0.43822 0.0771
0 0.90921 0.92856 0.44109 0.08713