0 0.10501 0.12050 0.16303 0.03988
0 0.10501 0.17825 0.1685 0.04159
0 0.10501 0.23448 0.21372 0.03546
0 0.10501 0.30895 0.20611 0.04321
0 0.10501 0.31171 0.19257 0.03988
0 0.10501 0.35872 0.18702 0.03601
0 0.10501 0.43278 0.19824 0.03897
0 0.10501 0.54518 0.18953 0.03829
0 0.10501 0.50169 0.17026 0.03869
0 0.10501 0.62862 0.16627 0.03323
0 0.10501 0.71637 0.20544 0.04297
0 0.10501 0.72313 0.21276 0.03589
0 0.10501 0.83188 0.16627 0.03801
0 0.10501 0.85482 0.21382 0.03989
0 0.10501 0.89116 0.16747 0.03847
0 0.10501 0.92208 0.20647 0.03728
0 0.3148 0.14122 0.16794 0.04361
0 0.3148 0.20627 0.17157 0.04315
0 0.3148 0.26329 0.21167 0.04061
0 0.3148 0.30261 0.21015 0.03813
0 0.3148 0.34941 0.169 0.04274
0 0.3148 0.43152 0.19266 0.03697
0 0.3148 0.51633 0.20936 0.04364
0 0.3148 0.56828 0.1846 0.03934
0 0.3148 0.60337 0.16846 0.03891
0 0.3148 0.64620 0.19698 0.04037
0 0.3148 0.79234 0.21235 0.03923
0 0.3148 0.73867 0.18706 0.04272
0 0.3148 0.88443 0.20764 0.03759
0 0.3148 0.87330 0.21946 0.04332
0 0.3148 0.89267 0.17587 0.03591
0 0.52459 0.12505 0.18757 0.03664
0 0.52459 0.17094 0.20489 0.0392
0 0.52459 0.25950 0.20057 0.04062
0 0.52459 0.30751 0.1704 0.04233
0 0.52459 0.36637 0.20938 0.03515
0 0.52459 0.38225 0.20702 0.04235
0 0.52459 0.43496 0.21769 0.03354
0 0.52459 0.45614 0.18486 0.03712
0 0.52459 0.56805 0.18873 0.04217
0 0.52459 0.59131 0.21478 0.03535
0 0.52459 0.70247 0.17746 0.03485
0 0.52459 0.69834 0.18991 0.03896
0 0.52459 0.83773 0.17847 0.03486
0 0.52459 0.78395 0.18837 0.03881
0 0.52459 0.88664 0.18261 0.03891
0 0.52459 0.99547 0.16998 0.04326
0 0.73438 0.12278 0.167 0.03916
0 0.73438 0.18016 0.16807 0.04131
0 0.73438 0.22506 0.1929 0.04171
0 0.73438 0.26227 0.21324 0.03591
0 0.73438 0.32003 0.1624 0.03238
0 0.73438 0.34680 0.214 0.04353
0 0.73438 0.39303 0.18433 0.03577
0 0.73438 0.45550 0.22117 0.04198
0 0.73438 0.51548 0.19806 0.03786
0 0.73438 0.55066 0.21334 0.03608
0 0.73438 0.62882 0.20961 0.03829
0 0.73438 0.61594 0.18306 0.03502
0 0.73438 0.75834 0.2202 0.04135
0 0.73438 0.66833 0.19693 0.03358
0 0.73438 0.74161 0.18772 0.0352
0 0.73438 0.76998 0.21036 0.04068
0 0.90921 0.13931 0.16976 0.04138
0 0.90921 0.18042 0.19699 0.0391
0 0.90921 0.22342 0.16557 0.03772
0 0.90921 0.29199 0.16636 0.03803
0 0.90921 0.36721 0.21731 0.03229
0 0.90921 0.40605 0.18301 0.03935
0 0.90921 0.44826 0.17051 0.03268
0 0.90921 0.47793 0.17225 0.03357
0 0.90921 0.60204 0.20568 0.03338
0 0.90921 0.58215 0.19249 0.03684
0 0.90921 0.72730 0.20143 0.03552
0 0.90921 0.77467 0.19948 0.04196
0 0.90921 0.80854 0.21351 0.04134
0 0.90921 0.82484 0.1909 0.0323
0 0.90921 0.83592 0.16886 0.04116