0 0.10501 0.13292 0.17804 0.04176
0 0.10501 0.16878 0.22026 0.04071
0 0.10501 0.24056 0.20469 0.03765
0 0.10501 0.29784 0.16771 0.0392
0 0.10501 0.36030 0.17568 0.03451
0 0.10501 0.36789 0.16851 0.03592
0 0.10501 0.43273 0.21634 0.03653
0 0.10501 0.53745 0.20358 0.03627
0 0.10501 0.58643 0.17721 0.04354
0 0.10501 0.56675 0.21779 0.03571
0 0.10501 0.60799 0.18081 0.0434
0 0.10501 0.67278 0.1631 0.03433
0 0.10501 0.70083 0.20063 0.04353
0 0.10501 0.85676 0.17285 0.03909
0 0.10501 0.79039 0.17335 0.03538
0 0.10501 0.91663 0.21835 0.03987
0 0.3148 0.15088 0.21066 0.03824
0 0.3148 0.18604 0.18662 0.04222
0 0.3148 0.28216 0.20645 0.03221
0 0.3148 0.31443 0.17288 0.0408
0 0.3148 0.37102 0.19737 0.04213
0 0.3148 0.40394 0.20758 0.0425
0 0.3148 0.45827 0.21955 0.03469
0 0.3148 0.58689 0.20028 0.04366
0 0.3148 0.62850 0.16518 0.04221
0 0.3148 0.68069 0.18906 0.04011
0 0.3148 0.65753 0.18527 0.0358
0 0.3148 0.78233 0.18162 0.04234
0 0.3148 0.92291 0.17485 0.04154
0 0.3148 0.94183 0.17075 0.04347
0 0.3148 0.98636 0.21583 0.04201
0 0.52459 0.13844 0.16849 0.03503
0 0.52459 0.18815 0.20696 0.03507
0 0.52459 0.24752 0.18966 0.03831
0 0.52459 0.27523 0.19596 0.04369
0 0.52459 0.35060 0.22105 0.03466
0 0.52459 0.35865 0.2189 0.03985
0 0.52459 0.48956 0.20664 0.03538
0 0.52459 0.50889 0.16618 0.04007
0 0.52459 0.50759 0.19409 0.03557
0 0.52459 0.55500 0.18502 0.03581
0 0.52459 0.60684 0.16459 0.03434
0 0.52459 0.66449 0.18551 0.04064
0 0.52459 0.71365 0.17586 0.03824
0 0.52459 0.81458 0.20111 0.03545
0 0.52459 0.91095 0.17795 0.0342
0 0.52459 0.94681 0.19359 0.03512
0 0.73438 0.11913 0.19102 0.0419
0 0.73438 0.17682 0.16532 0.04092
0 0.73438 0.23339 0.21378 0.03694
0 0.73438 0.26615 0.17604 0.04106
0 0.73438 0.30544 0.19745 0.03904
0 0.73438 0.33665 0.21926 0.04152
0 0.73438 0.40952 0.19217 0.03299
0 0.73438 0.45259 0.20625 0.03598
0 0.73438 0.54248 0.21815 0.04119
0 0.73438 0.59897 0.21187 0.03859
0 0.73438 0.54749 0.20762 0.04263
0 0.73438 0.64796 0.1789 0.03557
0 0.73438 0.76131 0.21161 0.03476
0 0.73438 0.72241 0.16701 0.03849
0 0.73438 0.81393 0.21724 0.0389
0 0.73438 0.78667 0.20636 0.04365
0 0.90921 0.13943 0.21595 0.04124
0 0.90921 0.18642 0.17895 0.03268
0 0.90921 0.25709 0.22127 0.03859
0 0.90921 0.29678 0.17344 0.04008
0 0.90921 0.31149 0.1906 0.03292
0 0.90921 0.40005 0.18405 0.04203
0 0.90921 0.43909 0.17871 0.03821
0 0.90921 0.49027 0.17288 0.04168
0 0.90921 0.54474 0.19313 0.03847
0 0.90921 0.63009 0.20361 0.03595
0 0.90921 0.72378 0.21518 0.03813
0 0.90921 0.76102 0.16776 0.04336
0 0.90921 0.78362 0.18281 0.03451
0 0.90921 0.79920 0.16782 0.03919
0 0.90921 0.93048 0.19405 0.0363
0 0.90921 0.92692 0.19799 0.0356