0 0.10501 0.13281 0.37295 0.08487
0 0.10501 0.18586 0.4272 0.08251
0 0.10501 0.23891 0.42112 0.07411
0 0.10501 0.29196 0.43958 0.0842
0 0.10501 0.34501 0.37338 0.08014
0 0.10501 0.39806 0.39242 0.08239
0 0.10501 0.45111 0.41607 0.07391
0 0.10501 0.50416 0.41878 0.07403
0 0.10501 0.55721 0.41938 0.08147
0 0.10501 0.61026 0.42173 0.07579
0 0.10501 0.66331 0.37276 0.07836
0 0.10501 0.71636 0.40784 0.07666
0 0.10501 0.76941 0.38064 0.0754
0 0.10501 0.82246 0.41757 0.0737
0 0.10501 0.87551 0.37014 0.075
0 0.10501 0.92856 0.41464 0.0795
0 0.3148 0.14609 0.41198 0.07404
0 0.3148 0.20444 0.39547 0.08629
0 0.3148 0.26280 0.41006 0.07846
0 0.3148 0.32115 0.40034 0.08676
0 0.3148 0.37951 0.41958 0.07628
0 0.3148 0.43786 0.43672 0.08587
0 0.3148 0.49622 0.37577 0.07462
0 0.3148 0.55457 0.40473 0.0828
0 0.3148 0.61293 0.39011 0.08708
0 0.3148 0.67129 0.36932 0.08574
0 0.3148 0.72964 0.3815 0.07472
0 0.3148 0.78800 0.40941 0.08025
0 0.3148 0.84635 0.4225 0.0828
0 0.3148 0.90471 0.38153 0.08735
0 0.3148 0.96306 0.38023 0.0816
0 0.52459 0.13281 0.38131 0.07971
0 0.52459 0.18586 0.42726 0.08607
0 0.52459 0.23891 0.42174 0.07356
0 0.52459 0.29196 0.43122 0.0813
0 0.52459 0.34501 0.41607 0.07874
0 0.52459 0.39806 0.37867 0.08472
0 0.52459 0.45111 0.43449 0.08485
0 0.52459 0.50416 0.39109 0.08577
0 0.52459 0.55721 0.38149 0.08284
0 0.52459 0.61026 0.40285 0.08473
0 0.52459 0.66331 0.38677 0.08418
0 0.52459 0.71636 0.39194 0.08438
0 0.52459 0.76941 0.43802 0.07349
0 0.52459 0.82246 0.41501 0.07881
0 0.52459 0.87551 0.37721 0.07393
0 0.52459 0.92856 0.42424 0.07336
0 0.73438 0.11953 0.43711 0.08209
0 0.73438 0.16727 0.38756 0.08348
0 0.73438 0.21502 0.42243 0.08419
0 0.73438 0.26276 0.43808 0.08402
0 0.73438 0.31051 0.43974 0.0767
0 0.73438 0.35825 0.43053 0.0849
0 0.73438 0.40600 0.39404 0.07888
0 0.73438 0.45374 0.42459 0.08358
0 0.73438 0.50149 0.39155 0.0816
0 0.73438 0.54923 0.4 0.07849
0 0.73438 0.59698 0.38228 0.08573
0 0.73438 0.64472 0.38283 0.08126
0 0.73438 0.69247 0.43671 0.07813
0 0.73438 0.74021 0.40624 0.07473
0 0.73438 0.78796 0.43377 0.0749
0 0.73438 0.83571 0.37995 0.08216
0 0.90921 0.13281 0.38832 0.07653
0 0.90921 0.18586 0.39033 0.08114
0 0.90921 0.23891 0.38174 0.07695
0 0.90921 0.29196 0.41607 0.08259
0 0.90921 0.34501 0.37992 0.08378
0 0.90921 0.39806 0.41896 0.08082
0 0.90921 0.45111 0.40339 0.08043
0 0.90921 0.50416 0.43225 0.08189
0 0.90921 0.55721 0.39939 0.0812
0 0.90921 0.61026 0.37193 0.07899
0 0.90921 0.66331 0.42644 0.07847
0 0.90921 0.71636 0.42184 0.07461
0 0.90921 0.76941 0.43387 0.07569
0 0.90921 0.82246 0.3737 0.07455
0 0.90921 0.87551 0.39732 0.07748
0 0.90921 0.92856 0.43721 0.08484