0 0.10501 0.13546 0.21187 0.03566
0 0.10501 0.19891 0.20605 0.04348
0 0.10501 0.22010 0.1802 0.0367
0 0.10501 0.31813 0.16324 0.03621
0 0.10501 0.35979 0.21178 0.03591
0 0.10501 0.39936 0.20722 0.03429
0 0.10501 0.49159 0.17624 0.03532
0 0.10501 0.48580 0.17267 0.03788
0 0.10501 0.57184 0.18533 0.04282
0 0.10501 0.63000 0.2116 0.04317
0 0.10501 0.61083 0.17982 0.03259
0 0.10501 0.77590 0.20643 0.04309
0 0.10501 0.72810 0.20991 0.0367
0 0.10501 0.82113 0.18468 0.04345
0 0.10501 0.82412 0.20061 0.03926
0 0.10501 0.84059 0.17505 0.043
0 0.3148 0.15917 0.17985 0.03565
0 0.3148 0.22081 0.175 0.03742
0 0.3148 0.24783 0.21112 0.0417
0 0.3148 0.34994 0.2033 0.03308
0 0.3148 0.35047 0.19801 0.03758
0 0.3148 0.46587 0.20866 0.03772
0 0.3148 0.46741 0.17818 0.04029
0 0.3148 0.56882 0.20553 0.04044
0 0.3148 0.55677 0.22003 0.04053
0 0.3148 0.60634 0.19219 0.04194
0 0.3148 0.70809 0.2137 0.03476
0 0.3148 0.75139 0.20407 0.03718
0 0.3148 0.87232 0.17375 0.03981
0 0.3148 0.96255 0.19208 0.04046
0 0.3148 0.98142 0.21976 0.03402
0 0.52459 0.12422 0.19078 0.03357
0 0.52459 0.19107 0.18679 0.03724
0 0.52459 0.23091 0.20112 0.0434
0 0.52459 0.28174 0.1787 0.04288
0 0.52459 0.37433 0.21456 0.04111
0 0.52459 0.41669 0.20283 0.03587
0 0.52459 0.45021 0.18217 0.04092
0 0.52459 0.47805 0.17089 0.04108
0 0.52459 0.50739 0.16647 0.04158
0 0.52459 0.62330 0.21928 0.03739
0 0.52459 0.68600 0.17724 0.03525
0 0.52459 0.71430 0.19409 0.03336
0 0.52459 0.72372 0.16244 0.03425
0 0.52459 0.79425 0.18415 0.03686
0 0.52459 0.79774 0.16344 0.03847
0 0.52459 0.91934 0.19547 0.04062
0 0.73438 0.12873 0.20176 0.03754
0 0.73438 0.16989 0.18179 0.03699
0 0.73438 0.22530 0.1629 0.03286
0 0.73438 0.24224 0.19999 0.04264
0 0.73438 0.29811 0.17589 0.04116
0 0.73438 0.33863 0.20453 0.03918
0 0.73438 0.40694 0.2071 0.03833
0 0.73438 0.45948 0.22041 0.03948
0 0.73438 0.54439 0.21518 0.04285
0 0.73438 0.54408 0.21917 0.03489
0 0.73438 0.59354 0.17126 0.03942
0 0.73438 0.63140 0.18142 0.03694
0 0.73438 0.68827 0.18358 0.03268
0 0.73438 0.76304 0.18685 0.0423
0 0.73438 0.80233 0.19728 0.0406
0 0.73438 0.77766 0.21251 0.04311
0 0.90921 0.14495 0.16578 0.03274
0 0.90921 0.19860 0.17408 0.03771
0 0.90921 0.25555 0.2134 0.03218
0 0.90921 0.30338 0.18456 0.04098
0 0.90921 0.36817 0.17687 0.03396
0 0.90921 0.36839 0.20533 0.03401
0 0.90921 0.43905 0.20061 0.03814
0 0.90921 0.51517 0.17527 0.04136
0 0.90921 0.52081 0.22094 0.03358
0 0.90921 0.65780 0.16859 0.03574
0 0.90921 0.72076 0.18316 0.03923
0 0.90921 0.77603 0.20789 0.04267
0 0.90921 0.82889 0.16931 0.04018
0 0.90921 0.90123 0.20375 0.03292
0 0.90921 0.93919 0.21775 0.03675
0 0.90921 0.88036 0.18133 0.04231