0 0.10501 0.13281 0.41697 0.08327
0 0.10501 0.18586 0.38913 0.07581
0 0.10501 0.23891 0.36996 0.08645
0 0.10501 0.29196 0.43216 0.07581
0 0.10501 0.34501 0.40718 0.0767
0 0.10501 0.39806 0.4116 0.08307
0 0.10501 0.45111 0.42235 0.08013
0 0.10501 0.50416 0.417 0.08516
0 0.10501 0.55721 0.39334 0.08216
0 0.10501 0.61026 0.39005 0.08181
0 0.10501 0.66331 0.40809 0.08725
0 0.10501 0.71636 0.42745 0.08233
0 0.10501 0.76941 0.41849 0.08668
0 0.10501 0.82246 0.41399 0.08302
0 0.10501 0.87551 0.3857 0.08568
0 0.10501 0.92856 0.36917 0.08481
0 0.3148 0.14609 0.42654 0.08374
0 0.3148 0.20444 0.41491 0.07952
0 0.3148 0.26280 0.42133 0.07752
0 0.3148 0.32115 0.44189 0.07539
0 0.3148 0.37951 0.43977 0.07972
0 0.3148 0.43786 0.42439 0.08213
0 0.3148 0.49622 0.37708 0.0818
0 0.3148 0.55457 0.42415 0.07457
0 0.3148 0.61293 0.42297 0.08199
0 0.3148 0.67129 0.40548 0.08237
0 0.3148 0.72964 0.36995 0.07655
0 0.3148 0.78800 0.42933 0.08051
0 0.3148 0.84635 0.44201 0.08579
0 0.3148 0.90471 0.38287 0.08221
0 0.3148 0.96306 0.39352 0.08212
0 0.52459 0.13281 0.38771 0.07917
0 0.52459 0.18586 0.39109 0.07794
0 0.52459 0.23891 0.41501 0.08696
0 0.52459 0.29196 0.42167 0.08389
0 0.52459 0.34501 0.40665 0.07653
0 0.52459 0.39806 0.42769 0.0859
0 0.52459 0.45111 0.41149 0.08049
0 0.52459 0.50416 0.40688 0.07305
0 0.52459 0.55721 0.44243 0.08752
0 0.52459 0.61026 0.40702 0.07511
0 0.52459 0.66331 0.41897 0.07548
0 0.52459 0.71636 0.424 0.08494
0 0.52459 0.76941 0.43265 0.07518
0 0.52459 0.82246 0.42468 0.08207
0 0.52459 0.87551 0.36935 0.07902
0 0.52459 0.92856 0.40017 0.07369
0 0.73438 0.11953 0.41601 0.07306
0 0.73438 0.16727 0.42917 0.07333
0 0.73438 0.21502 0.41787 0.07372
0 0.73438 0.26276 0.42082 0.07825
0 0.73438 0.31051 0.38077 0.07564
0 0.73438 0.35825 0.40517 0.08454
0 0.73438 0.40600 0.37129 0.0857
0 0.73438 0.45374 0.41909 0.08308
0 0.73438 0.50149 0.39221 0.08321
0 0.73438 0.54923 0.42134 0.08122
0 0.73438 0.59698 0.43052 0.08563
0 0.73438 0.64472 0.43072 0.07808
0 0.73438 0.69247 0.40588 0.07387
0 0.73438 0.74021 0.38469 0.08257
0 0.73438 0.78796 0.43975 0.07373
0 0.73438 0.83571 0.43245 0.08409
0 0.90921 0.13281 0.43253 0.07535
0 0.90921 0.18586 0.40786 0.08058
0 0.90921 0.23891 0.43977 0.07458
0 0.90921 0.29196 0.37137 0.07368
0 0.90921 0.34501 0.38217 0.08567
0 0.90921 0.39806 0.41369 0.07855
0 0.90921 0.45111 0.44214 0.08366
0 0.90921 0.50416 0.40908 0.08092
0 0.90921 0.55721 0.42698 0.07538
0 0.90921 0.61026 0.38933 0.08697
0 0.90921 0.66331 0.38993 0.07643
0 0.90921 0.71636 0.40479 0.07512
0 0.90921 0.76941 0.37698 0.08382
0 0.90921 0.82246 0.42368 0.08746
0 0.90921 0.87551 0.43013 0.08465
0 0.90921 0.92856 0.38488 0.07514