0 0.10567 0.13281 0.24887 0.04632
0 0.1035 0.18586 0.25521 0.05155
0 0.09497 0.23891 0.24867 0.05203
0 0.10266 0.29196 0.24575 0.04863
0 0.10316 0.34501 0.23346 0.05044
0 0.09622 0.39806 0.22727 0.04854
0 0.11395 0.45111 0.22414 0.04884
0 0.11133 0.50416 0.25992 0.04539
0 0.10775 0.55721 0.23722 0.05019
0 0.10961 0.61026 0.22912 0.05166
0 0.10949 0.66331 0.26529 0.05237
0 0.11475 0.71636 0.24451 0.05184
0 0.09655 0.76941 0.23134 0.04458
0 0.09545 0.82246 0.25886 0.04523
0 0.11258 0.87551 0.22563 0.04587
0 0.10349 0.92856 0.24129 0.04664
0 0.33381 0.14609 0.24913 0.04589
0 0.31908 0.20444 0.22709 0.04746
0 0.32867 0.26280 0.23248 0.04555
0 0.31048 0.32115 0.22686 0.05027
0 0.33119 0.37951 0.25386 0.05241
0 0.3347 0.43786 0.24949 0.05059
0 0.34543 0.49622 0.25224 0.05038
0 0.31474 0.55457 0.24427 0.04796
0 0.33416 0.61293 0.23161 0.04666
0 0.29817 0.67129 0.23011 0.04627
0 0.31802 0.72964 0.22356 0.05056
0 0.33895 0.78800 0.2577 0.04466
0 0.28682 0.84635 0.25102 0.05143
0 0.31578 0.90471 0.25382 0.04507
0 0.34489 0.96306 0.23448 0.04417
0 0.49523 0.13281 0.24665 0.04674
0 0.56492 0.18586 0.25036 0.04405
0 0.57699 0.23891 0.22308 0.05163
0 0.48572 0.29196 0.23658 0.04824
0 0.56076 0.34501 0.23276 0.0483
0 0.57024 0.39806 0.23147 0.04488
0 0.51419 0.45111 0.22147 0.04883
0 0.52329 0.50416 0.26182 0.0523
0 0.55489 0.55721 0.25156 0.0448
0 0.56052 0.61026 0.23153 0.04712
0 0.50258 0.66331 0.25361 0.05073
0 0.55128 0.71636 0.26452 0.04797
0 0.47673 0.76941 0.23371 0.0517
0 0.54497 0.82246 0.22622 0.04635
0 0.52275 0.87551 0.24241 0.05154
0 0.53487 0.92856 0.25123 0.04753
0 0.77814 0.11953 0.22237 0.05172
0 0.68728 0.16727 0.25128 0.04392
0 0.77089 0.21502 0.25575 0.05021
0 0.77033 0.26276 0.23718 0.05247
0 0.74973 0.31051 0.22299 0.04494
0 0.71499 0.35825 0.24807 0.04785
0 0.7788 0.40600 0.24594 0.04549
0 0.78908 0.45374 0.24666 0.04494
0 0.69349 0.50149 0.23229 0.05071
0 0.77559 0.54923 0.22523 0.0448
0 0.75654 0.59698 0.26176 0.05113
0 0.76401 0.64472 0.2423 0.05105
0 0.67097 0.69247 0.2326 0.04834
0 0.76587 0.74021 0.26253 0.04839
0 0.69249 0.78796 0.26269 0.04893
0 0.79605 0.83571 0.22464 0.04612
0 0.8769 0.13281 0.23097 0.04622
0 0.98158 0.18586 0.23028 0.0479
0 0.99731 0.23891 0.24198 0.044
0 0.83663 0.29196 0.22907 0.05016
0 0.87853 0.34501 0.25392 0.05156
0 0.87892 0.39806 0.25659 0.04936
0 0.84618 0.45111 0.22847 0.04686
0 0.99279 0.50416 0.26332 0.04841
0 0.99063 0.55721 0.22333 0.05102
0 0.8807 0.61026 0.24528 0.05178
0 0.92753 0.66331 0.23954 0.04627
0 0.94926 0.71636 0.25316 0.04601
0 0.92617 0.76941 0.23914 0.04883
0 0.97199 0.82246 0.23983 0.04476
0 0.86475 0.87551 0.22467 0.05003
0 0.93658 0.92856 0.23228 0.05091