0 0.10501 0.13281 0.38297 0.07687
0 0.10501 0.18586 0.40215 0.08413
0 0.10501 0.23891 0.40207 0.0802
0 0.10501 0.29196 0.37375 0.07686
0 0.10501 0.34501 0.38692 0.08488
0 0.10501 0.39806 0.40852 0.07811
0 0.10501 0.45111 0.42482 0.08413
0 0.10501 0.50416 0.37961 0.07759
0 0.10501 0.55721 0.36956 0.08245
0 0.10501 0.61026 0.43138 0.08719
0 0.10501 0.66331 0.40115 0.08152
0 0.10501 0.71636 0.38294 0.08582
0 0.10501 0.76941 0.38844 0.0822
0 0.10501 0.82246 0.41786 0.0762
0 0.10501 0.87551 0.37955 0.0854
0 0.10501 0.92856 0.40192 0.08215
0 0.3148 0.14609 0.4176 0.08609
0 0.3148 0.20444 0.42995 0.08014
0 0.3148 0.26280 0.37995 0.0866
0 0.3148 0.32115 0.39866 0.07961
0 0.3148 0.37951 0.44141 0.08582
0 0.3148 0.43786 0.40336 0.07302
0 0.3148 0.49622 0.41143 0.07898
0 0.3148 0.55457 0.39523 0.08604
0 0.3148 0.61293 0.38664 0.0871
0 0.3148 0.67129 0.43345 0.08184
0 0.3148 0.72964 0.41944 0.08434
0 0.3148 0.78800 0.44182 0.08731
0 0.3148 0.84635 0.42376 0.08291
0 0.3148 0.90471 0.37181 0.08698
0 0.3148 0.96306 0.43869 0.07409
0 0.52459 0.13281 0.38296 0.0758
0 0.52459 0.18586 0.43671 0.07569
0 0.52459 0.23891 0.41444 0.07298
0 0.52459 0.29196 0.39479 0.08643
0 0.52459 0.34501 0.4265 0.08538
0 0.52459 0.39806 0.40949 0.08717
0 0.52459 0.45111 0.40772 0.08154
0 0.52459 0.50416 0.41798 0.08315
0 0.52459 0.55721 0.38421 0.08403
0 0.52459 0.61026 0.39879 0.08464
0 0.52459 0.66331 0.44046 0.07897
0 0.52459 0.71636 0.41322 0.07955
0 0.52459 0.76941 0.38854 0.0836
0 0.52459 0.82246 0.38322 0.08188
0 0.52459 0.87551 0.37797 0.08274
0 0.52459 0.92856 0.38445 0.07986
0 0.73438 0.11953 0.38938 0.08629
0 0.73438 0.16727 0.408 0.07367
0 0.73438 0.21502 0.39131 0.07693
0 0.73438 0.26276 0.38574 0.08596
0 0.73438 0.31051 0.43351 0.07716
0 0.73438 0.35825 0.43858 0.08713
0 0.73438 0.40600 0.37415 0.08256
0 0.73438 0.45374 0.39096 0.07837
0 0.73438 0.50149 0.41632 0.08135
0 0.73438 0.54923 0.39208 0.08294
0 0.73438 0.59698 0.38586 0.078
0 0.73438 0.64472 0.44189 0.08205
0 0.73438 0.69247 0.37768 0.07609
0 0.73438 0.74021 0.40247 0.08267
0 0.73438 0.78796 0.42369 0.08383
0 0.73438 0.83571 0.40096 0.08644
0 0.90921 0.13281 0.37674 0.07625
0 0.90921 0.18586 0.37383 0.08466
0 0.90921 0.23891 0.44048 0.0874
0 0.90921 0.29196 0.42046 0.08238
0 0.90921 0.34501 0.37744 0.0768
0 0.90921 0.39806 0.42814 0.08044
0 0.90921 0.45111 0.36944 0.08077
0 0.90921 0.50416 0.40291 0.07494
0 0.90921 0.55721 0.42878 0.07418
0 0.90921 0.61026 0.41448 0.07412
0 0.90921 0.66331 0.44146 0.07343
0 0.90921 0.71636 0.4406 0.07675
0 0.90921 0.76941 0.38327 0.08676
0 0.90921 0.82246 0.37704 0.08661
0 0.90921 0.87551 0.38731 0.07421
0 0.90921 0.92856 0.39729 0.08059