0 0.10483 0.13281 0.42406 0.08408
0 0.10097 0.18586 0.43955 0.08052
0 0.10482 0.23891 0.43577 0.08078
0 0.10937 0.29196 0.37827 0.07986
0 0.11932 0.34501 0.38634 0.08059
0 0.10416 0.39806 0.40797 0.07373
0 0.1085 0.45111 0.43138 0.07306
0 0.11 0.50416 0.37685 0.07952
0 0.11082 0.55721 0.43324 0.08312
0 0.10848 0.61026 0.41144 0.07748
0 0.10737 0.66331 0.41928 0.0866
0 0.09773 0.71636 0.3898 0.07695
0 0.11483 0.76941 0.38802 0.08744
0 0.10108 0.82246 0.40645 0.08203
0 0.112 0.87551 0.38238 0.07867
0 0.09716 0.92856 0.40852 0.0755
0 0.28656 0.14609 0.43756 0.08243
0 0.28793 0.20444 0.43879 0.0855
0 0.32765 0.26280 0.41662 0.08598
0 0.35965 0.32115 0.40483 0.08069
0 0.33016 0.37951 0.39613 0.07812
0 0.32572 0.43786 0.44223 0.07873
0 0.30224 0.49622 0.41739 0.08724
0 0.29841 0.55457 0.39418 0.08345
0 0.34882 0.61293 0.38191 0.08148
0 0.28418 0.67129 0.41143 0.08124
0 0.30906 0.72964 0.43547 0.07395
0 0.34562 0.78800 0.40247 0.08392
0 0.28064 0.84635 0.41969 0.08485
0 0.32004 0.90471 0.41513 0.08263
0 0.30229 0.96306 0.42644 0.07859
0 0.54434 0.13281 0.38272 0.08018
0 0.60248 0.18586 0.43126 0.081
0 0.58346 0.23891 0.38344 0.08033
0 0.49921 0.29196 0.39494 0.08205
0 0.46771 0.34501 0.39822 0.08329
0 0.55081 0.39806 0.4087 0.07327
0 0.52822 0.45111 0.41543 0.07936
0 0.56175 0.50416 0.42345 0.07357
0 0.51749 0.55721 0.40708 0.07471
0 0.55341 0.61026 0.3901 0.07399
0 0.57167 0.66331 0.39187 0.07322
0 0.48059 0.71636 0.41436 0.07709
0 0.51976 0.76941 0.41308 0.08737
0 0.52904 0.82246 0.40558 0.08378
0 0.49702 0.87551 0.3842 0.07435
0 0.58605 0.92856 0.41778 0.07843
0 0.74311 0.11953 0.44152 0.07334
0 0.7237 0.16727 0.43416 0.07704
0 0.74553 0.21502 0.38889 0.07646
0 0.73554 0.26276 0.42912 0.08465
0 0.80285 0.31051 0.3919 0.08116
0 0.66217 0.35825 0.42074 0.08609
0 0.6506 0.40600 0.43099 0.08192
0 0.80624 0.45374 0.38144 0.08366
0 0.67388 0.50149 0.41437 0.07729
0 0.70452 0.54923 0.41745 0.07726
0 0.73753 0.59698 0.37328 0.07297
0 0.79162 0.64472 0.40325 0.0748
0 0.74004 0.69247 0.42903 0.08655
0 0.76247 0.74021 0.38765 0.07662
0 0.6837 0.78796 0.37875 0.07737
0 0.75382 0.83571 0.40567 0.07623
0 0.82787 0.13281 0.42315 0.07897
0 0.96078 0.18586 0.37118 0.07405
0 0.93978 0.23891 0.38394 0.08204
0 0.95549 0.29196 0.43221 0.08699
0 0.84294 0.34501 0.40759 0.08722
0 0.81582 0.39806 0.37532 0.07532
0 0.94553 0.45111 0.38899 0.07427
0 0.86494 0.50416 0.39297 0.08469
0 0.92522 0.55721 0.3714 0.08616
0 0.94602 0.61026 0.40834 0.08473
0 0.91506 0.66331 0.41107 0.08205
0 0.81855 0.76941 0.43602 0.08336
0 0.94202 0.82246 0.39574 0.07762
0 0.83233 0.87551 0.39281 0.08298
0 0.83043 0.92856 0.40468 0.07932