0 0.09313 0.13281 0.40211 0.08367
0 0.10863 0.18586 0.37065 0.07425
0 0.1082 0.23891 0.39606 0.07715
0 0.114 0.29196 0.42631 0.08197
0 0.09391 0.34501 0.38662 0.07604
0 0.1195 0.39806 0.40782 0.07923
0 0.10883 0.45111 0.40047 0.08552
0 0.11956 0.50416 0.39184 0.08074
0 0.12039 0.55721 0.37379 0.07604
0 0.09248 0.61026 0.37453 0.07611
0 0.09732 0.66331 0.40483 0.07474
0 0.09983 0.71636 0.40552 0.07543
0 0.11904 0.76941 0.43178 0.08499
0 0.1124 0.82246 0.38583 0.08345
0 0.09575 0.87551 0.37187 0.07929
0 0.1065 0.92856 0.39665 0.0756
0 0.29873 0.14609 0.39463 0.07588
0 0.34211 0.20444 0.42766 0.07893
0 0.32398 0.26280 0.41227 0.0772
0 0.31416 0.32115 0.39922 0.07502
0 0.2864 0.37951 0.38389 0.07556
0 0.33896 0.43786 0.41354 0.07417
0 0.35775 0.49622 0.40244 0.07859
0 0.32111 0.55457 0.43642 0.07555
0 0.28447 0.61293 0.38168 0.08581
0 0.27994 0.67129 0.43621 0.0783
0 0.32874 0.72964 0.38496 0.07725
0 0.3579 0.78800 0.37952 0.08563
0 0.30625 0.84635 0.41886 0.08194
0 0.30701 0.90471 0.44072 0.08591
0 0.2876 0.96306 0.392 0.085
0 0.53539 0.13281 0.39314 0.0816
0 0.49567 0.18586 0.42998 0.08042
0 0.54625 0.23891 0.44041 0.08755
0 0.57187 0.29196 0.36974 0.08538
0 0.54363 0.34501 0.41934 0.08543
0 0.59222 0.39806 0.39746 0.07824
0 0.5804 0.45111 0.37753 0.08582
0 0.51562 0.50416 0.41666 0.08399
0 0.49253 0.55721 0.42337 0.08306
0 0.52053 0.61026 0.36975 0.07321
0 0.58206 0.66331 0.40808 0.07346
0 0.50701 0.71636 0.42051 0.08099
0 0.54021 0.76941 0.39782 0.07422
0 0.48535 0.82246 0.39276 0.08151
0 0.51769 0.87551 0.42337 0.08013
0 0.48409 0.92856 0.42582 0.08156
0 0.71414 0.11953 0.39815 0.08622
0 0.67032 0.16727 0.39225 0.08331
0 0.81128 0.21502 0.40779 0.0866
0 0.77801 0.26276 0.41062 0.08194
0 0.68083 0.31051 0.3843 0.07311
0 0.6949 0.35825 0.41784 0.08304
0 0.81545 0.40600 0.3906 0.08279
0 0.75647 0.45374 0.40301 0.07845
0 0.69414 0.50149 0.39116 0.07625
0 0.72151 0.54923 0.43306 0.08069
0 0.69506 0.59698 0.43038 0.08117
0 0.81955 0.64472 0.41927 0.08389
0 0.76209 0.69247 0.44169 0.08346
0 0.7565 0.74021 0.41322 0.08637
0 0.72672 0.78796 0.42643 0.08499
0 0.67672 0.83571 0.38569 0.08134
0 0.86497 0.13281 0.43681 0.08361
0 0.82267 0.18586 0.40248 0.07624
0 0.83478 0.23891 0.39395 0.07666
0 0.82919 0.29196 0.41492 0.07952
0 0.93999 0.34501 0.41098 0.08482
0 0.99068 0.39806 0.37007 0.08297
0 0.92486 0.45111 0.42144 0.07723
0 0.99828 0.50416 0.38677 0.08671
0 0.89074 0.55721 0.38673 0.07522
0 0.86375 0.61026 0.42174 0.08442
0 0.86753 0.66331 0.41039 0.08087
0 0.82819 0.71636 0.41638 0.07902
0 0.96709 0.82246 0.38493 0.07611
0 0.87159 0.87551 0.39215 0.08157
0 0.85642 0.92856 0.41098 0.08492