0 0.09629 0.13281 0.3774 0.07925
0 0.09667 0.18586 0.38518 0.08638
0 0.11114 0.23891 0.42625 0.08329
0 0.10997 0.29196 0.39953 0.07881
0 0.10536 0.34501 0.43834 0.07949
0 0.0943 0.39806 0.41379 0.08354
0 0.09444 0.45111 0.42901 0.08497
0 0.11411 0.50416 0.4069 0.07405
0 0.11868 0.55721 0.37499 0.07468
0 0.09702 0.61026 0.37397 0.07569
0 0.10137 0.66331 0.37338 0.08254
0 0.11097 0.71636 0.38301 0.07489
0 0.11321 0.76941 0.40663 0.08316
0 0.11218 0.82246 0.38351 0.07411
0 0.0996 0.87551 0.37816 0.08099
0 0.10471 0.92856 0.43883 0.07715
0 0.31901 0.14609 0.41972 0.07912
0 0.30719 0.20444 0.38427 0.07331
0 0.31022 0.26280 0.43615 0.07998
0 0.28731 0.32115 0.41042 0.0857
0 0.30037 0.37951 0.43122 0.0755
0 0.30462 0.43786 0.44115 0.08042
0 0.35968 0.49622 0.42281 0.07815
0 0.33828 0.55457 0.4301 0.07475
0 0.33667 0.61293 0.40638 0.07534
0 0.31548 0.67129 0.38849 0.07897
0 0.31139 0.72964 0.41754 0.07496
0 0.31115 0.78800 0.37812 0.08091
0 0.31309 0.84635 0.43745 0.0862
0 0.28632 0.90471 0.37201 0.08713
0 0.29922 0.96306 0.40026 0.07657
0 0.53637 0.13281 0.37134 0.08465
0 0.58601 0.18586 0.44058 0.08565
0 0.56851 0.23891 0.43448 0.07523
0 0.48882 0.29196 0.37088 0.07884
0 0.48371 0.34501 0.42588 0.08451
0 0.57774 0.39806 0.40878 0.07921
0 0.52089 0.45111 0.40296 0.08222
0 0.56293 0.50416 0.38991 0.07747
0 0.56479 0.55721 0.40907 0.0774
0 0.52545 0.61026 0.37982 0.07694
0 0.47994 0.66331 0.37188 0.07695
0 0.56575 0.71636 0.39645 0.07713
0 0.52044 0.76941 0.41991 0.07807
0 0.51849 0.82246 0.40544 0.08363
0 0.46878 0.87551 0.43241 0.07301
0 0.58304 0.92856 0.42536 0.08252
0 0.75002 0.11953 0.40259 0.07649
0 0.75533 0.16727 0.37886 0.08188
0 0.83955 0.21502 0.38455 0.08752
0 0.70051 0.26276 0.38034 0.08654
0 0.82035 0.31051 0.41317 0.07539
0 0.65961 0.35825 0.3694 0.08139
0 0.80771 0.40600 0.41265 0.07711
0 0.72438 0.45374 0.43734 0.07498
0 0.76687 0.50149 0.41907 0.07775
0 0.64815 0.54923 0.42845 0.08105
0 0.70654 0.59698 0.43708 0.07704
0 0.68812 0.64472 0.41344 0.08246
0 0.66462 0.69247 0.40574 0.07969
0 0.80177 0.74021 0.42956 0.07454
0 0.78044 0.78796 0.37243 0.07926
0 0.72349 0.83571 0.3887 0.07384
0 0.82366 0.13281 0.43242 0.0736
0 0.81083 0.18586 0.39355 0.08574
0 0.95711 0.23891 0.38405 0.08351
0 0.88337 0.29196 0.39793 0.08519
0 0.853 0.34501 0.36904 0.07746
0 0.97507 0.39806 0.37177 0.08101
0 0.93602 0.45111 0.3808 0.07306
0 0.97226 0.50416 0.44162 0.07734
0 0.90806 0.55721 0.4069 0.07372
0 0.95561 0.66331 0.41607 0.076
0 0.92479 0.76941 0.37339 0.07993
0 0.98591 0.87551 0.43579 0.07307