0 0.10501 0.13281 0.37549 0.07901
0 0.10501 0.18586 0.41031 0.0755
0 0.10501 0.23891 0.41789 0.07306
0 0.10501 0.29196 0.37423 0.07882
0 0.10501 0.34501 0.44015 0.08626
0 0.10501 0.39806 0.41721 0.07492
0 0.10501 0.45111 0.39341 0.07821
0 0.10501 0.50416 0.39121 0.08258
0 0.10501 0.55721 0.3714 0.08286
0 0.10501 0.61026 0.41672 0.0844
0 0.10501 0.66331 0.40418 0.07324
0 0.10501 0.71636 0.40694 0.08456
0 0.10501 0.76941 0.38934 0.08154
0 0.10501 0.82246 0.39791 0.08072
0 0.10501 0.87551 0.43757 0.07866
0 0.10501 0.92856 0.376 0.07665
0 0.3148 0.14609 0.43526 0.07997
0 0.3148 0.20444 0.38253 0.08388
0 0.3148 0.26280 0.38238 0.08215
0 0.3148 0.32115 0.43589 0.076
0 0.3148 0.37951 0.42649 0.08515
0 0.3148 0.43786 0.43784 0.0785
0 0.3148 0.49622 0.38175 0.07815
0 0.3148 0.55457 0.43787 0.08361
0 0.3148 0.61293 0.43296 0.08601
0 0.3148 0.67129 0.39978 0.07919
0 0.3148 0.72964 0.43134 0.08076
0 0.3148 0.78800 0.3905 0.08497
0 0.3148 0.84635 0.40121 0.08153
0 0.3148 0.90471 0.38594 0.07955
0 0.3148 0.96306 0.42093 0.07736
0 0.52459 0.13281 0.40371 0.08621
0 0.52459 0.18586 0.42531 0.08174
0 0.52459 0.23891 0.37852 0.0802
0 0.52459 0.29196 0.38053 0.0865
0 0.52459 0.34501 0.39736 0.07311
0 0.52459 0.39806 0.43942 0.08267
0 0.52459 0.45111 0.37016 0.07411
0 0.52459 0.50416 0.4053 0.08621
0 0.52459 0.55721 0.36982 0.07738
0 0.52459 0.61026 0.40979 0.0809
0 0.52459 0.66331 0.42746 0.08454
0 0.52459 0.71636 0.43383 0.08568
0 0.52459 0.76941 0.38969 0.08691
0 0.52459 0.82246 0.39899 0.08413
0 0.52459 0.87551 0.37408 0.08087
0 0.52459 0.92856 0.42017 0.07649
0 0.73438 0.11953 0.41339 0.07527
0 0.73438 0.16727 0.42539 0.07411
0 0.73438 0.21502 0.40386 0.07776
0 0.73438 0.26276 0.38036 0.08037
0 0.73438 0.31051 0.43337 0.07849
0 0.73438 0.35825 0.38111 0.07705
0 0.73438 0.40600 0.4311 0.08349
0 0.73438 0.45374 0.3847 0.08361
0 0.73438 0.50149 0.43679 0.07685
0 0.73438 0.54923 0.42992 0.0804
0 0.73438 0.59698 0.38811 0.08663
0 0.73438 0.64472 0.40304 0.07856
0 0.73438 0.69247 0.39313 0.07725
0 0.73438 0.74021 0.4285 0.08302
0 0.73438 0.78796 0.43067 0.08087
0 0.73438 0.83571 0.37983 0.07468
0 0.90921 0.13281 0.442 0.07998
0 0.90921 0.18586 0.38309 0.08083
0 0.90921 0.23891 0.42076 0.08537
0 0.90921 0.29196 0.39572 0.08304
0 0.90921 0.34501 0.41331 0.07349
0 0.90921 0.39806 0.42684 0.08533
0 0.90921 0.45111 0.37412 0.07805
0 0.90921 0.50416 0.41057 0.08232
0 0.90921 0.55721 0.37553 0.07653
0 0.90921 0.61026 0.37861 0.07632
0 0.90921 0.66331 0.40542 0.07472
0 0.90921 0.71636 0.38673 0.08014
0 0.90921 0.76941 0.37599 0.07496
0 0.90921 0.82246 0.4381 0.0753
0 0.90921 0.87551 0.42249 0.07684
0 0.90921 0.92856 0.43868 0.0862