0 0.10638 0.13281 0.37434 0.07562
0 0.1042 0.18586 0.3693 0.08745
0 0.11767 0.23891 0.42291 0.07589
0 0.11689 0.29196 0.39219 0.07684
0 0.11496 0.34501 0.42358 0.08152
0 0.11752 0.39806 0.37466 0.08018
0 0.09915 0.45111 0.43474 0.08201
0 0.10959 0.50416 0.44249 0.07759
0 0.11964 0.55721 0.39711 0.08742
0 0.09723 0.61026 0.42921 0.08036
0 0.10133 0.66331 0.40659 0.08507
0 0.09733 0.71636 0.42937 0.08495
0 0.11064 0.76941 0.37786 0.08494
0 0.10779 0.82246 0.42318 0.07639
0 0.11523 0.87551 0.41556 0.07485
0 0.10474 0.92856 0.382 0.07391
0 0.33014 0.14609 0.40244 0.07754
0 0.28739 0.20444 0.43741 0.08017
0 0.32232 0.26280 0.42181 0.08683
0 0.33961 0.32115 0.41318 0.07914
0 0.31293 0.37951 0.40109 0.08311
0 0.31238 0.43786 0.40365 0.08331
0 0.2977 0.49622 0.43212 0.07374
0 0.33097 0.55457 0.42717 0.07373
0 0.32247 0.61293 0.37707 0.08132
0 0.35442 0.67129 0.3854 0.08407
0 0.35509 0.72964 0.38873 0.08677
0 0.32491 0.78800 0.40442 0.07405
0 0.35636 0.84635 0.40959 0.07668
0 0.29641 0.90471 0.42019 0.07825
0 0.29919 0.96306 0.41303 0.08423
0 0.58102 0.13281 0.42155 0.08137
0 0.58837 0.18586 0.42765 0.07634
0 0.60312 0.23891 0.40398 0.0795
0 0.46189 0.29196 0.38044 0.08269
0 0.5954 0.34501 0.37551 0.07382
0 0.55457 0.39806 0.41075 0.08591
0 0.57464 0.45111 0.37347 0.07726
0 0.49189 0.50416 0.42735 0.0781
0 0.58341 0.55721 0.43433 0.07788
0 0.59396 0.61026 0.42388 0.08536
0 0.51319 0.66331 0.41116 0.07602
0 0.60014 0.71636 0.38506 0.0874
0 0.51946 0.76941 0.37149 0.07971
0 0.56266 0.82246 0.42406 0.08539
0 0.48556 0.87551 0.43025 0.08252
0 0.51125 0.92856 0.3819 0.08355
0 0.80361 0.11953 0.41452 0.08483
0 0.71616 0.16727 0.39134 0.07426
0 0.76545 0.21502 0.40356 0.08151
0 0.81044 0.26276 0.43471 0.08349
0 0.66992 0.31051 0.43189 0.07838
0 0.7634 0.35825 0.41195 0.07836
0 0.7381 0.40600 0.39058 0.07489
0 0.77969 0.45374 0.42694 0.08732
0 0.65135 0.50149 0.41587 0.0825
0 0.66913 0.54923 0.43516 0.0776
0 0.81008 0.59698 0.40497 0.08619
0 0.836 0.64472 0.41455 0.07993
0 0.74943 0.69247 0.41896 0.0752
0 0.75644 0.74021 0.44022 0.08595
0 0.75935 0.78796 0.43463 0.08286
0 0.74114 0.83571 0.40676 0.08646
0 0.95332 0.13281 0.3887 0.08466
0 0.84144 0.18586 0.38133 0.08126
0 0.97215 0.23891 0.42555 0.08282
0 0.94869 0.34501 0.37907 0.07772
0 0.93212 0.39806 0.43811 0.07499
0 0.89348 0.50416 0.41389 0.08487
0 0.98902 0.55721 0.37567 0.08107
0 0.86188 0.61026 0.4004 0.08386
0 0.85774 0.66331 0.41747 0.08358
0 0.86237 0.71636 0.41609 0.07335
0 0.81894 0.76941 0.43473 0.07921
0 0.99964 0.92856 0.41486 0.07444