0 0.10501 0.13485 0.20139 0.03845
0 0.10501 0.18654 0.18841 0.03728
0 0.10501 0.22423 0.21694 0.03286
0 0.10501 0.27749 0.17592 0.04041
0 0.10501 0.33879 0.16454 0.04088
0 0.10501 0.37581 0.21917 0.0383
0 0.10501 0.43113 0.1723 0.03495
0 0.10501 0.51038 0.18592 0.04085
0 0.10501 0.51107 0.17563 0.03992
0 0.10501 0.61582 0.16965 0.04084
0 0.10501 0.72195 0.20989 0.03984
0 0.10501 0.68669 0.178 0.04341
0 0.10501 0.77980 0.19228 0.03911
0 0.10501 0.89848 0.21475 0.03864
0 0.10501 0.79923 0.21651 0.04256
0 0.10501 0.85735 0.20464 0.0415
0 0.3148 0.14077 0.17384 0.04219
0 0.3148 0.20383 0.18993 0.04212
0 0.3148 0.27340 0.18675 0.03272
0 0.3148 0.30939 0.1915 0.04255
0 0.3148 0.38868 0.19558 0.03602
0 0.3148 0.47626 0.19298 0.03798
0 0.3148 0.48657 0.17014 0.04086
0 0.3148 0.54662 0.19754 0.04036
0 0.3148 0.66062 0.1979 0.0341
0 0.3148 0.61096 0.19137 0.04071
0 0.3148 0.67222 0.20567 0.03271
0 0.3148 0.71610 0.20174 0.04325
0 0.3148 0.81062 0.20084 0.03894
0 0.3148 0.95952 0.17681 0.03418
0 0.3148 0.94341 0.21444 0.03385
0 0.3148 0.95773 0.20114 0.03957
0 0.52459 0.13869 0.16551 0.03255
0 0.52459 0.19039 0.20627 0.03684
0 0.52459 0.25519 0.21178 0.03291
0 0.52459 0.31163 0.21926 0.04212
0 0.52459 0.34111 0.17093 0.04351
0 0.52459 0.36585 0.18974 0.03467
0 0.52459 0.47461 0.19007 0.04095
0 0.52459 0.46815 0.22079 0.03626
0 0.52459 0.60751 0.21647 0.04309
0 0.52459 0.60450 0.17315 0.035
0 0.52459 0.63825 0.21057 0.041
0 0.52459 0.72659 0.20668 0.03509
0 0.52459 0.76390 0.1727 0.03972
0 0.52459 0.89634 0.18774 0.03492
0 0.52459 0.91454 0.17143 0.03241
0 0.52459 0.88249 0.19224 0.0354
0 0.73438 0.11409 0.21475 0.0326
0 0.73438 0.16085 0.20099 0.04205
0 0.73438 0.20829 0.20772 0.03727
0 0.73438 0.24418 0.20698 0.03393
0 0.73438 0.32758 0.19546 0.03839
0 0.73438 0.37162 0.16371 0.03286
0 0.73438 0.43505 0.17305 0.03764
0 0.73438 0.41132 0.16799 0.03446
0 0.73438 0.49378 0.17209 0.03727
0 0.73438 0.52918 0.17296 0.03864
0 0.73438 0.59480 0.21399 0.03384
0 0.73438 0.62466 0.18314 0.03682
0 0.73438 0.73065 0.18558 0.0379
0 0.73438 0.81164 0.17579 0.04284
0 0.73438 0.75609 0.19811 0.03473
0 0.73438 0.88496 0.1974 0.03493
0 0.90921 0.13066 0.21745 0.03271
0 0.90921 0.18206 0.17745 0.03324
0 0.90921 0.25826 0.16575 0.03904
0 0.90921 0.31645 0.19102 0.0347
0 0.90921 0.33197 0.21806 0.03353
0 0.90921 0.37283 0.17431 0.03931
0 0.90921 0.45640 0.16585 0.03922
0 0.90921 0.54208 0.18846 0.03614
0 0.90921 0.57934 0.21566 0.03867
0 0.90921 0.61595 0.17628 0.03664
0 0.90921 0.71021 0.16597 0.0401
0 0.90921 0.68986 0.16741 0.03468
0 0.90921 0.72986 0.20921 0.03624
0 0.90921 0.75819 0.17797 0.04278
0 0.90921 0.91749 0.16731 0.0325
0 0.90921 0.95280 0.18571 0.04084