0 0.101 0.13281 0.24109 0.04879
0 0.11108 0.18586 0.25992 0.04797
0 0.1001 0.23891 0.2399 0.04698
0 0.10889 0.29196 0.24644 0.04672
0 0.10012 0.34501 0.23624 0.04921
0 0.10118 0.39806 0.24386 0.04434
0 0.11338 0.45111 0.25621 0.05126
0 0.10856 0.50416 0.23604 0.05226
0 0.11496 0.55721 0.23128 0.04548
0 0.09472 0.61026 0.24736 0.04767
0 0.10398 0.66331 0.23228 0.04439
0 0.10549 0.71636 0.24593 0.04564
0 0.10423 0.76941 0.24941 0.05142
0 0.10219 0.82246 0.25118 0.0456
0 0.09606 0.87551 0.22177 0.0516
0 0.10006 0.92856 0.2451 0.05229
0 0.30827 0.14609 0.25475 0.04642
0 0.30903 0.20444 0.26499 0.04691
0 0.28683 0.26280 0.23931 0.05076
0 0.32764 0.32115 0.26277 0.05136
0 0.30266 0.37951 0.24791 0.052
0 0.29171 0.43786 0.25861 0.0453
0 0.31705 0.49622 0.2382 0.04426
0 0.31207 0.55457 0.26225 0.05071
0 0.33112 0.61293 0.2342 0.04706
0 0.34286 0.67129 0.26236 0.04977
0 0.28401 0.72964 0.2316 0.0523
0 0.30941 0.78800 0.22489 0.04773
0 0.33033 0.84635 0.24506 0.04638
0 0.32881 0.90471 0.23402 0.04928
0 0.33284 0.96306 0.24434 0.05154
0 0.5091 0.13281 0.235 0.04654
0 0.52719 0.18586 0.24236 0.04561
0 0.51934 0.23891 0.26122 0.05195
0 0.48064 0.29196 0.25802 0.05115
0 0.47952 0.34501 0.24206 0.04942
0 0.47563 0.39806 0.24211 0.04515
0 0.51974 0.45111 0.23425 0.04463
0 0.57267 0.50416 0.22146 0.04438
0 0.51798 0.55721 0.22768 0.04477
0 0.50454 0.61026 0.22831 0.04895
0 0.49831 0.66331 0.25956 0.0446
0 0.5404 0.71636 0.24879 0.04851
0 0.49364 0.76941 0.24802 0.0438
0 0.4758 0.82246 0.23294 0.05163
0 0.48616 0.87551 0.2595 0.04949
0 0.48093 0.92856 0.26428 0.05039
0 0.73484 0.11953 0.23412 0.04568
0 0.68934 0.16727 0.23278 0.04724
0 0.67948 0.21502 0.22317 0.04551
0 0.77503 0.26276 0.23924 0.05054
0 0.80421 0.31051 0.22608 0.04922
0 0.70038 0.35825 0.22522 0.04633
0 0.74343 0.40600 0.25303 0.04902
0 0.69839 0.45374 0.25964 0.0439
0 0.72632 0.50149 0.22372 0.05214
0 0.74213 0.54923 0.24664 0.04468
0 0.76073 0.59698 0.25131 0.04738
0 0.79728 0.64472 0.24107 0.05181
0 0.77141 0.69247 0.23377 0.04402
0 0.74618 0.74021 0.25563 0.04466
0 0.72536 0.78796 0.22731 0.04711
0 0.79137 0.83571 0.24001 0.04586
0 0.9822 0.13281 0.23125 0.045
0 0.98886 0.18586 0.25387 0.04616
0 0.8981 0.23891 0.24306 0.05247
0 0.97907 0.29196 0.23887 0.05175
0 0.85168 0.34501 0.22271 0.04945
0 0.96695 0.39806 0.2257 0.04725
0 0.83622 0.45111 0.24838 0.05072
0 0.82025 0.50416 0.2555 0.05096
0 0.87017 0.55721 0.25871 0.04498
0 0.84392 0.61026 0.2268 0.05153
0 0.8837 0.66331 0.26043 0.04921
0 0.97138 0.71636 0.26495 0.05111
0 0.92884 0.76941 0.24438 0.04711
0 0.83234 0.82246 0.24789 0.04692
0 0.88878 0.87551 0.2522 0.04432
0 0.84802 0.92856 0.22173 0.04864