0 0.11092 0.13281 0.43158 0.07736
0 0.10721 0.18586 0.40598 0.08649
0 0.10174 0.23891 0.41694 0.07377
0 0.09764 0.29196 0.40924 0.07915
0 0.09964 0.34501 0.42552 0.08179
0 0.11722 0.39806 0.40247 0.08431
0 0.10118 0.45111 0.43525 0.08229
0 0.10261 0.50416 0.39135 0.08404
0 0.10636 0.55721 0.42328 0.08509
0 0.10626 0.61026 0.38595 0.08394
0 0.11765 0.66331 0.38099 0.07842
0 0.10241 0.71636 0.41321 0.07985
0 0.09724 0.76941 0.38169 0.07501
0 0.10336 0.82246 0.37717 0.08103
0 0.09286 0.87551 0.40123 0.07858
0 0.09433 0.92856 0.3823 0.07439
0 0.35106 0.14609 0.40089 0.07699
0 0.32358 0.20444 0.43372 0.08409
0 0.28242 0.26280 0.40088 0.07712
0 0.32673 0.32115 0.40683 0.07707
0 0.31372 0.37951 0.42115 0.07691
0 0.30666 0.43786 0.41099 0.08302
0 0.33267 0.49622 0.39232 0.0813
0 0.28643 0.55457 0.42889 0.08185
0 0.34588 0.61293 0.3926 0.08682
0 0.31174 0.67129 0.37223 0.07486
0 0.30128 0.72964 0.43617 0.07825
0 0.33388 0.78800 0.39173 0.08008
0 0.31948 0.84635 0.44194 0.08332
0 0.29827 0.90471 0.372 0.08295
0 0.35881 0.96306 0.37507 0.07864
0 0.50665 0.13281 0.39427 0.0811
0 0.60208 0.18586 0.43099 0.08529
0 0.55687 0.23891 0.36966 0.08153
0 0.46452 0.29196 0.41157 0.08181
0 0.47285 0.34501 0.38563 0.08743
0 0.47839 0.39806 0.4251 0.07653
0 0.58227 0.45111 0.3979 0.08339
0 0.57084 0.50416 0.40025 0.0794
0 0.4914 0.55721 0.37176 0.07459
0 0.47089 0.61026 0.42972 0.08253
0 0.5612 0.66331 0.43545 0.0739
0 0.58938 0.71636 0.43539 0.07796
0 0.49015 0.76941 0.43571 0.07501
0 0.55 0.82246 0.38342 0.085
0 0.54332 0.87551 0.40463 0.08182
0 0.58217 0.92856 0.43442 0.07556
0 0.82809 0.11953 0.38884 0.08601
0 0.65658 0.16727 0.42044 0.08415
0 0.75828 0.21502 0.42529 0.07788
0 0.77368 0.26276 0.42143 0.07526
0 0.84053 0.31051 0.36935 0.08124
0 0.78042 0.35825 0.38101 0.08282
0 0.79725 0.40600 0.42694 0.08433
0 0.83177 0.45374 0.41878 0.07838
0 0.83982 0.50149 0.40855 0.07963
0 0.70565 0.54923 0.43587 0.08603
0 0.71929 0.59698 0.404 0.07408
0 0.78682 0.64472 0.41304 0.07944
0 0.7898 0.69247 0.40765 0.07356
0 0.65733 0.74021 0.3793 0.07881
0 0.78342 0.78796 0.41622 0.08156
0 0.80469 0.83571 0.39657 0.08454
0 0.88403 0.13281 0.44054 0.08748
0 0.8046 0.18586 0.42486 0.08007
0 0.94666 0.23891 0.40538 0.07784
0 0.96016 0.29196 0.4361 0.07697
0 0.87039 0.34501 0.37292 0.08642
0 0.90942 0.39806 0.39393 0.08397
0 0.88612 0.45111 0.40726 0.08239
0 0.95425 0.50416 0.39137 0.07719
0 0.84148 0.55721 0.43793 0.07973
0 0.88565 0.61026 0.37509 0.08603
0 0.82558 0.66331 0.4373 0.07489
0 0.90296 0.71636 0.39267 0.08007
0 0.84051 0.82246 0.42753 0.08083
0 0.95979 0.87551 0.41002 0.08417