0 0.10501 0.13281 0.41568 0.0866
0 0.10501 0.18586 0.37779 0.07511
0 0.10501 0.23891 0.42512 0.08718
0 0.10501 0.29196 0.39901 0.07798
0 0.10501 0.34501 0.413 0.08258
0 0.10501 0.39806 0.40793 0.0872
0 0.10501 0.45111 0.40191 0.08486
0 0.10501 0.50416 0.37395 0.07796
0 0.10501 0.55721 0.37215 0.07982
0 0.10501 0.61026 0.40237 0.08081
0 0.10501 0.66331 0.37439 0.07716
0 0.10501 0.71636 0.39942 0.08455
0 0.10501 0.76941 0.42929 0.0861
0 0.10501 0.82246 0.42464 0.08181
0 0.10501 0.87551 0.42137 0.08684
0 0.10501 0.92856 0.37127 0.07728
0 0.3148 0.14609 0.38245 0.0865
0 0.3148 0.20444 0.39146 0.08534
0 0.3148 0.26280 0.38812 0.07341
0 0.3148 0.32115 0.38464 0.07408
0 0.3148 0.37951 0.3886 0.07857
0 0.3148 0.43786 0.3962 0.07326
0 0.3148 0.49622 0.39197 0.07468
0 0.3148 0.55457 0.40325 0.0742
0 0.3148 0.61293 0.37104 0.08337
0 0.3148 0.67129 0.40254 0.08321
0 0.3148 0.72964 0.38235 0.08666
0 0.3148 0.78800 0.37213 0.07648
0 0.3148 0.84635 0.4061 0.08545
0 0.3148 0.90471 0.37661 0.08723
0 0.3148 0.96306 0.41788 0.07471
0 0.52459 0.13281 0.42455 0.07511
0 0.52459 0.18586 0.37111 0.07363
0 0.52459 0.23891 0.3752 0.08386
0 0.52459 0.29196 0.36938 0.07645
0 0.52459 0.34501 0.41615 0.07555
0 0.52459 0.39806 0.4368 0.08193
0 0.52459 0.45111 0.38705 0.07307
0 0.52459 0.50416 0.4265 0.0785
0 0.52459 0.55721 0.39286 0.07772
0 0.52459 0.61026 0.41527 0.0826
0 0.52459 0.66331 0.37967 0.07444
0 0.52459 0.71636 0.41809 0.07844
0 0.52459 0.76941 0.38896 0.07968
0 0.52459 0.82246 0.39358 0.08551
0 0.52459 0.87551 0.41772 0.07934
0 0.52459 0.92856 0.43906 0.08407
0 0.73438 0.11953 0.40469 0.0774
0 0.73438 0.16727 0.38166 0.08206
0 0.73438 0.21502 0.41752 0.07838
0 0.73438 0.26276 0.37169 0.08046
0 0.73438 0.31051 0.4086 0.08134
0 0.73438 0.35825 0.38105 0.07461
0 0.73438 0.40600 0.44239 0.07949
0 0.73438 0.45374 0.37328 0.07654
0 0.73438 0.50149 0.40373 0.08378
0 0.73438 0.54923 0.42623 0.07768
0 0.73438 0.59698 0.39632 0.08566
0 0.73438 0.64472 0.39429 0.0763
0 0.73438 0.69247 0.3971 0.07523
0 0.73438 0.74021 0.42948 0.07527
0 0.73438 0.78796 0.38029 0.07902
0 0.73438 0.83571 0.43125 0.07573
0 0.90921 0.13281 0.42751 0.08099
0 0.90921 0.18586 0.41172 0.08132
0 0.90921 0.23891 0.44122 0.0787
0 0.90921 0.29196 0.4069 0.07304
0 0.90921 0.34501 0.44239 0.08755
0 0.90921 0.39806 0.41947 0.08557
0 0.90921 0.45111 0.44253 0.07458
0 0.90921 0.50416 0.42049 0.07463
0 0.90921 0.55721 0.37056 0.07475
0 0.90921 0.61026 0.41172 0.07522
0 0.90921 0.66331 0.42038 0.08029
0 0.90921 0.71636 0.37342 0.08221
0 0.90921 0.76941 0.41443 0.08099
0 0.90921 0.82246 0.39854 0.08041
0 0.90921 0.87551 0.43594 0.07623
0 0.90921 0.92856 0.43845 0.0768