0 0.11499 0.13281 0.41955 0.07439
0 0.11502 0.18586 0.43871 0.07981
0 0.09881 0.23891 0.4327 0.07716
0 0.0931 0.29196 0.3909 0.07887
0 0.11924 0.34501 0.40037 0.08307
0 0.09698 0.39806 0.41062 0.0743
0 0.09856 0.45111 0.41198 0.07842
0 0.09861 0.50416 0.4329 0.07391
0 0.09539 0.55721 0.38052 0.08621
0 0.11852 0.61026 0.41931 0.08517
0 0.11517 0.66331 0.38238 0.08385
0 0.09395 0.71636 0.37611 0.08728
0 0.119 0.76941 0.39656 0.0828
0 0.10766 0.82246 0.38825 0.07573
0 0.09779 0.87551 0.37819 0.08633
0 0.09727 0.92856 0.39515 0.08173
0 0.35377 0.14609 0.43658 0.07696
0 0.35475 0.20444 0.42373 0.08447
0 0.30165 0.26280 0.4268 0.07807
0 0.28849 0.32115 0.41944 0.08072
0 0.31641 0.37951 0.44016 0.08683
0 0.30697 0.43786 0.41968 0.07741
0 0.35926 0.49622 0.41101 0.08064
0 0.29419 0.55457 0.37224 0.0852
0 0.31502 0.61293 0.39176 0.07715
0 0.30648 0.67129 0.41581 0.07709
0 0.28058 0.72964 0.4059 0.08321
0 0.29662 0.78800 0.41655 0.08502
0 0.32847 0.84635 0.37806 0.08642
0 0.35833 0.90471 0.38194 0.08623
0 0.28245 0.96306 0.40258 0.07452
0 0.53655 0.13281 0.43454 0.07407
0 0.56493 0.18586 0.39339 0.08361
0 0.49686 0.23891 0.42558 0.07548
0 0.46261 0.29196 0.41599 0.08236
0 0.59657 0.34501 0.38866 0.07564
0 0.52891 0.39806 0.41341 0.08316
0 0.49473 0.45111 0.40344 0.07686
0 0.58126 0.50416 0.42359 0.07451
0 0.5204 0.55721 0.37382 0.08502
0 0.50595 0.61026 0.39182 0.08345
0 0.48457 0.66331 0.41693 0.08331
0 0.48799 0.71636 0.40043 0.08099
0 0.54996 0.76941 0.37808 0.07569
0 0.57295 0.82246 0.43286 0.07908
0 0.55202 0.87551 0.38833 0.07625
0 0.55522 0.92856 0.42043 0.08562
0 0.76525 0.11953 0.41578 0.07799
0 0.70949 0.16727 0.41161 0.07371
0 0.73059 0.21502 0.42747 0.07994
0 0.75591 0.26276 0.37929 0.08524
0 0.80794 0.31051 0.39797 0.07501
0 0.71236 0.35825 0.41076 0.07337
0 0.66231 0.40600 0.42864 0.07674
0 0.76006 0.45374 0.38307 0.08104
0 0.7495 0.50149 0.38208 0.07721
0 0.68038 0.54923 0.38803 0.08155
0 0.72188 0.59698 0.4415 0.08506
0 0.76208 0.64472 0.37515 0.07635
0 0.8297 0.69247 0.37285 0.08102
0 0.68929 0.74021 0.39675 0.08687
0 0.81884 0.78796 0.39273 0.07846
0 0.83726 0.83571 0.40362 0.08462
0 0.9192 0.34501 0.41948 0.07667
0 0.81443 0.39806 0.4028 0.0869
0 0.94814 0.45111 0.38052 0.07906
0 0.92767 0.61026 0.40169 0.07638
0 0.9969 0.66331 0.43193 0.08442
0 0.98149 0.76941 0.41399 0.08002
0 0.80693 0.82246 0.44141 0.07325
0 0.89883 0.92856 0.38121 0.08106