0 0.11506 0.13281 0.4228 0.08319
0 0.10482 0.18586 0.39464 0.07874
0 0.12003 0.23891 0.387 0.08357
0 0.09933 0.29196 0.42062 0.07479
0 0.09417 0.34501 0.38638 0.07867
0 0.11245 0.39806 0.42089 0.08397
0 0.09815 0.45111 0.38388 0.08659
0 0.10069 0.50416 0.37881 0.07503
0 0.11232 0.55721 0.41396 0.08605
0 0.11972 0.61026 0.43347 0.08563
0 0.10392 0.66331 0.3774 0.0769
0 0.09926 0.71636 0.38643 0.07597
0 0.11973 0.76941 0.39207 0.073
0 0.09568 0.82246 0.38293 0.0833
0 0.10263 0.87551 0.42733 0.08235
0 0.11888 0.92856 0.37143 0.08161
0 0.34924 0.14609 0.41535 0.08393
0 0.3208 0.20444 0.43354 0.08189
0 0.33548 0.26280 0.37673 0.07913
0 0.30954 0.32115 0.42489 0.07368
0 0.342 0.37951 0.40315 0.07399
0 0.29 0.43786 0.37166 0.07337
0 0.32252 0.49622 0.41939 0.0776
0 0.31758 0.55457 0.37849 0.07813
0 0.34417 0.61293 0.43991 0.08294
0 0.35823 0.67129 0.38471 0.08035
0 0.317 0.72964 0.43252 0.07819
0 0.35563 0.78800 0.42571 0.07981
0 0.2979 0.84635 0.43722 0.07959
0 0.34601 0.90471 0.4063 0.08246
0 0.31865 0.96306 0.38141 0.08516
0 0.56377 0.13281 0.42543 0.08649
0 0.57693 0.18586 0.39021 0.08501
0 0.57006 0.23891 0.43122 0.08057
0 0.56664 0.29196 0.37109 0.07962
0 0.52576 0.34501 0.40217 0.08012
0 0.47165 0.39806 0.39883 0.07855
0 0.48347 0.45111 0.4202 0.08084
0 0.49046 0.50416 0.44019 0.08517
0 0.48059 0.55721 0.3986 0.08323
0 0.50594 0.61026 0.38497 0.07779
0 0.56259 0.66331 0.38773 0.07378
0 0.50248 0.71636 0.44123 0.08438
0 0.56453 0.76941 0.44051 0.07741
0 0.50762 0.82246 0.41322 0.08476
0 0.56276 0.87551 0.41877 0.08202
0 0.57601 0.92856 0.43785 0.07664
0 0.67789 0.11953 0.4383 0.07556
0 0.75171 0.16727 0.39211 0.07864
0 0.82612 0.21502 0.4306 0.08521
0 0.73415 0.26276 0.39266 0.07901
0 0.83608 0.31051 0.38122 0.08566
0 0.70052 0.35825 0.41888 0.08405
0 0.83951 0.40600 0.38373 0.08175
0 0.77775 0.45374 0.38516 0.08695
0 0.70219 0.50149 0.42885 0.0793
0 0.66987 0.54923 0.38854 0.08244
0 0.78961 0.59698 0.37322 0.07369
0 0.76237 0.64472 0.41769 0.0732
0 0.74744 0.69247 0.42665 0.07498
0 0.65922 0.74021 0.39814 0.07403
0 0.83022 0.78796 0.38016 0.08453
0 0.69506 0.83571 0.40924 0.08668
0 0.8765 0.13281 0.38903 0.0842
0 0.83578 0.18586 0.38945 0.07374
0 0.97142 0.23891 0.41381 0.08137
0 0.84181 0.29196 0.40031 0.07874
0 0.85616 0.34501 0.38253 0.08507
0 0.8685 0.45111 0.43127 0.07979
0 0.82926 0.50416 0.42226 0.08464
0 0.80069 0.61026 0.40556 0.07696
0 0.95824 0.66331 0.39976 0.082
0 0.98915 0.71636 0.42468 0.08434
0 0.92601 0.76941 0.4425 0.07475
0 0.97675 0.82246 0.37441 0.07938
0 0.89516 0.87551 0.40046 0.08639
0 0.84672 0.92856 0.37869 0.07822