0 0.10501 0.13281 0.38172 0.0805
0 0.10501 0.18586 0.41763 0.0833
0 0.10501 0.23891 0.37442 0.08019
0 0.10501 0.29196 0.44065 0.08289
0 0.10501 0.34501 0.42867 0.077
0 0.10501 0.39806 0.4204 0.08105
0 0.10501 0.45111 0.43952 0.08365
0 0.10501 0.50416 0.397 0.0755
0 0.10501 0.55721 0.40482 0.07672
0 0.10501 0.61026 0.42106 0.07856
0 0.10501 0.66331 0.42084 0.07508
0 0.10501 0.71636 0.38222 0.0734
0 0.10501 0.76941 0.40591 0.07387
0 0.10501 0.82246 0.42788 0.07588
0 0.10501 0.87551 0.42895 0.07948
0 0.10501 0.92856 0.44091 0.08535
0 0.3148 0.14609 0.37921 0.0776
0 0.3148 0.20444 0.40233 0.07597
0 0.3148 0.26280 0.42238 0.07893
0 0.3148 0.32115 0.43778 0.07445
0 0.3148 0.37951 0.39403 0.08665
0 0.3148 0.43786 0.41236 0.07984
0 0.3148 0.49622 0.43366 0.07837
0 0.3148 0.55457 0.3719 0.07553
0 0.3148 0.61293 0.41532 0.078
0 0.3148 0.67129 0.39716 0.07904
0 0.3148 0.72964 0.41535 0.07765
0 0.3148 0.78800 0.37144 0.08594
0 0.3148 0.84635 0.37619 0.08318
0 0.3148 0.90471 0.40408 0.07847
0 0.3148 0.96306 0.39277 0.08052
0 0.52459 0.13281 0.41611 0.07962
0 0.52459 0.18586 0.4172 0.07423
0 0.52459 0.23891 0.41808 0.08124
0 0.52459 0.29196 0.4413 0.07775
0 0.52459 0.34501 0.40333 0.07946
0 0.52459 0.39806 0.42381 0.07876
0 0.52459 0.45111 0.42311 0.08209
0 0.52459 0.50416 0.43246 0.08746
0 0.52459 0.55721 0.41682 0.07589
0 0.52459 0.61026 0.41722 0.08595
0 0.52459 0.66331 0.40764 0.08568
0 0.52459 0.71636 0.4201 0.07955
0 0.52459 0.76941 0.41625 0.07819
0 0.52459 0.82246 0.412 0.0844
0 0.52459 0.87551 0.40387 0.08122
0 0.52459 0.92856 0.42384 0.07938
0 0.73438 0.11953 0.40752 0.0826
0 0.73438 0.16727 0.42338 0.08451
0 0.73438 0.21502 0.40643 0.08335
0 0.73438 0.26276 0.43126 0.08242
0 0.73438 0.31051 0.38988 0.07976
0 0.73438 0.35825 0.41084 0.07354
0 0.73438 0.40600 0.37475 0.07849
0 0.73438 0.45374 0.43771 0.08042
0 0.73438 0.50149 0.40459 0.08274
0 0.73438 0.54923 0.39581 0.0804
0 0.73438 0.59698 0.37058 0.07551
0 0.73438 0.64472 0.37864 0.08105
0 0.73438 0.69247 0.39677 0.07744
0 0.73438 0.74021 0.3975 0.08126
0 0.73438 0.78796 0.39212 0.07373
0 0.73438 0.83571 0.37379 0.08247
0 0.90921 0.13281 0.3771 0.07749
0 0.90921 0.18586 0.37643 0.08486
0 0.90921 0.23891 0.44127 0.07327
0 0.90921 0.29196 0.3866 0.07882
0 0.90921 0.34501 0.40655 0.08648
0 0.90921 0.39806 0.42396 0.08129
0 0.90921 0.45111 0.4012 0.08331
0 0.90921 0.50416 0.41752 0.07472
0 0.90921 0.55721 0.44237 0.07427
0 0.90921 0.61026 0.40999 0.08384
0 0.90921 0.66331 0.40563 0.07616
0 0.90921 0.71636 0.37489 0.07739
0 0.90921 0.76941 0.41755 0.07702
0 0.90921 0.82246 0.40617 0.0872
0 0.90921 0.87551 0.37879 0.07804
0 0.90921 0.92856 0.38033 0.07427