0 0.10026 0.13281 0.24858 0.04599
0 0.106 0.18586 0.26237 0.04629
0 0.10022 0.23891 0.2482 0.04514
0 0.104 0.29196 0.2566 0.04684
0 0.09978 0.34501 0.22582 0.05228
0 0.11181 0.39806 0.24759 0.04788
0 0.10428 0.45111 0.22995 0.0439
0 0.10564 0.50416 0.23327 0.04961
0 0.11082 0.55721 0.24631 0.05019
0 0.11071 0.61026 0.22142 0.04651
0 0.09829 0.66331 0.25574 0.04655
0 0.10912 0.71636 0.25746 0.04422
0 0.1073 0.76941 0.22343 0.04693
0 0.11287 0.82246 0.24118 0.04981
0 0.10333 0.87551 0.26413 0.05248
0 0.10652 0.92856 0.25748 0.05112
0 0.32459 0.14609 0.24554 0.04812
0 0.32614 0.20444 0.23509 0.04397
0 0.30287 0.26280 0.25934 0.05002
0 0.30383 0.32115 0.25563 0.04578
0 0.29525 0.37951 0.26204 0.0458
0 0.30499 0.43786 0.23094 0.04699
0 0.29004 0.49622 0.23508 0.04417
0 0.31653 0.55457 0.23176 0.05176
0 0.33865 0.61293 0.25069 0.04869
0 0.28936 0.67129 0.22875 0.05136
0 0.30234 0.72964 0.24476 0.04417
0 0.3156 0.78800 0.25132 0.04671
0 0.31071 0.84635 0.24915 0.0487
0 0.3101 0.90471 0.23536 0.05156
0 0.31594 0.96306 0.22577 0.04709
0 0.57204 0.13281 0.23445 0.04664
0 0.5476 0.18586 0.24529 0.04628
0 0.50037 0.23891 0.22731 0.05065
0 0.4787 0.29196 0.26454 0.05034
0 0.50965 0.34501 0.22635 0.05112
0 0.47799 0.39806 0.26256 0.04735
0 0.56856 0.45111 0.2655 0.04478
0 0.49353 0.50416 0.26039 0.05009
0 0.50479 0.55721 0.2457 0.04661
0 0.49017 0.61026 0.22952 0.04406
0 0.51712 0.66331 0.22732 0.04738
0 0.50492 0.71636 0.23985 0.04612
0 0.49231 0.76941 0.23464 0.04771
0 0.51332 0.82246 0.24479 0.05111
0 0.48526 0.87551 0.23775 0.04833
0 0.55046 0.92856 0.23321 0.04514
0 0.76658 0.11953 0.25793 0.04952
0 0.77884 0.16727 0.24678 0.05109
0 0.78956 0.21502 0.2234 0.04792
0 0.76781 0.26276 0.25557 0.04608
0 0.66904 0.31051 0.26051 0.04621
0 0.70969 0.35825 0.2366 0.04526
0 0.75048 0.40600 0.25793 0.05249
0 0.73673 0.45374 0.24061 0.05238
0 0.74086 0.50149 0.23491 0.04601
0 0.7496 0.54923 0.22937 0.04966
0 0.70819 0.59698 0.24754 0.04625
0 0.66199 0.64472 0.23353 0.04555
0 0.79199 0.69247 0.23222 0.05205
0 0.6714 0.74021 0.22179 0.04585
0 0.67226 0.78796 0.23077 0.05038
0 0.8065 0.83571 0.2292 0.04912
0 0.90656 0.13281 0.24478 0.05179
0 0.99262 0.18586 0.26173 0.04756
0 0.9435 0.23891 0.23954 0.04572
0 0.97924 0.29196 0.23106 0.04579
0 0.84782 0.34501 0.24619 0.05135
0 0.8891 0.39806 0.24564 0.04498
0 0.8289 0.45111 0.25985 0.04887
0 0.93734 0.50416 0.24036 0.04623
0 0.91887 0.55721 0.242 0.05147
0 0.8304 0.61026 0.2257 0.05239
0 0.93689 0.66331 0.24983 0.05142
0 0.90287 0.71636 0.23373 0.04964
0 0.89538 0.76941 0.23869 0.04446
0 0.89984 0.82246 0.26392 0.04748
0 0.93853 0.87551 0.26031 0.05026
0 0.95724 0.92856 0.22497 0.05154