0 0.11801 0.13281 0.3805 0.07396
0 0.11015 0.18586 0.43026 0.07753
0 0.10328 0.23891 0.42253 0.08199
0 0.10606 0.29196 0.42451 0.07832
0 0.10056 0.34501 0.39895 0.07584
0 0.10087 0.39806 0.38626 0.08139
0 0.10299 0.45111 0.38594 0.07376
0 0.11813 0.50416 0.37027 0.08718
0 0.11457 0.55721 0.44173 0.07499
0 0.10919 0.61026 0.37479 0.08508
0 0.11614 0.66331 0.43921 0.07806
0 0.11667 0.71636 0.42135 0.08369
0 0.1069 0.76941 0.40019 0.07425
0 0.11835 0.82246 0.41876 0.07416
0 0.10763 0.87551 0.42748 0.07877
0 0.1041 0.92856 0.37724 0.07863
0 0.32898 0.14609 0.40789 0.07413
0 0.33347 0.20444 0.40036 0.08474
0 0.3322 0.26280 0.39355 0.07959
0 0.32586 0.32115 0.4126 0.07807
0 0.29507 0.37951 0.39553 0.07814
0 0.35168 0.43786 0.40308 0.08433
0 0.36113 0.49622 0.39681 0.0752
0 0.29926 0.55457 0.38833 0.08031
0 0.33821 0.61293 0.38308 0.08531
0 0.32739 0.67129 0.43386 0.07721
0 0.35813 0.72964 0.36946 0.08032
0 0.36096 0.78800 0.37534 0.08306
0 0.32117 0.84635 0.44154 0.08557
0 0.33454 0.90471 0.43376 0.08219
0 0.28994 0.96306 0.37917 0.08004
0 0.57725 0.13281 0.38079 0.08274
0 0.54164 0.18586 0.38875 0.08401
0 0.52087 0.23891 0.43878 0.08082
0 0.49516 0.29196 0.39443 0.07548
0 0.50756 0.34501 0.39118 0.07311
0 0.59275 0.39806 0.37495 0.08172
0 0.50986 0.45111 0.43724 0.07524
0 0.50072 0.50416 0.42938 0.07776
0 0.55097 0.55721 0.38116 0.07679
0 0.57804 0.61026 0.40333 0.0734
0 0.60073 0.66331 0.41043 0.07629
0 0.54553 0.71636 0.38361 0.08209
0 0.49902 0.76941 0.43881 0.07647
0 0.54648 0.82246 0.43271 0.08302
0 0.53832 0.87551 0.39109 0.08332
0 0.50549 0.92856 0.43875 0.07985
0 0.82412 0.11953 0.38317 0.07528
0 0.8213 0.16727 0.43417 0.07957
0 0.76824 0.21502 0.375 0.08437
0 0.66819 0.26276 0.41042 0.08535
0 0.76913 0.31051 0.44066 0.07538
0 0.81905 0.35825 0.42166 0.07511
0 0.67525 0.40600 0.41026 0.07511
0 0.75489 0.45374 0.39336 0.08274
0 0.78002 0.50149 0.42374 0.07726
0 0.79497 0.54923 0.40534 0.08115
0 0.73142 0.59698 0.43637 0.07793
0 0.8187 0.64472 0.43275 0.07431
0 0.737 0.69247 0.42754 0.08432
0 0.83932 0.74021 0.39859 0.08688
0 0.72654 0.78796 0.39144 0.08528
0 0.6905 0.83571 0.38961 0.0864
0 0.81905 0.23891 0.38361 0.07464
0 0.90339 0.34501 0.37436 0.08683
0 0.99067 0.39806 0.4371 0.08637
0 0.92945 0.45111 0.38612 0.07454
0 0.93739 0.50416 0.41807 0.08069
0 0.84911 0.71636 0.39442 0.08627
0 0.93133 0.76941 0.36973 0.07709
0 0.95233 0.82246 0.4044 0.0787
0 0.83714 0.87551 0.43302 0.08739