0 0.10501 0.13281 0.41292 0.0867
0 0.10501 0.18586 0.43068 0.08139
0 0.10501 0.23891 0.4197 0.07929
0 0.10501 0.29196 0.38708 0.07393
0 0.10501 0.34501 0.426 0.07655
0 0.10501 0.39806 0.40412 0.07553
0 0.10501 0.45111 0.38162 0.07777
0 0.10501 0.50416 0.41889 0.07959
0 0.10501 0.55721 0.43272 0.08647
0 0.10501 0.61026 0.37308 0.08409
0 0.10501 0.66331 0.37521 0.07581
0 0.10501 0.71636 0.37372 0.08663
0 0.10501 0.76941 0.44144 0.0855
0 0.10501 0.82246 0.43481 0.07917
0 0.10501 0.87551 0.4422 0.07568
0 0.10501 0.92856 0.43598 0.07503
0 0.3148 0.14609 0.43751 0.08407
0 0.3148 0.20444 0.41054 0.07883
0 0.3148 0.26280 0.4257 0.07804
0 0.3148 0.32115 0.37589 0.08133
0 0.3148 0.37951 0.38901 0.08518
0 0.3148 0.43786 0.43517 0.07387
0 0.3148 0.49622 0.42093 0.08307
0 0.3148 0.55457 0.40931 0.0747
0 0.3148 0.61293 0.39085 0.08067
0 0.3148 0.67129 0.37902 0.07585
0 0.3148 0.72964 0.37045 0.08076
0 0.3148 0.78800 0.42734 0.07632
0 0.3148 0.84635 0.40894 0.07894
0 0.3148 0.90471 0.40853 0.08606
0 0.3148 0.96306 0.43522 0.07394
0 0.52459 0.13281 0.36905 0.08671
0 0.52459 0.18586 0.39801 0.07454
0 0.52459 0.23891 0.43397 0.07394
0 0.52459 0.29196 0.40326 0.08271
0 0.52459 0.34501 0.39303 0.08447
0 0.52459 0.39806 0.40785 0.07404
0 0.52459 0.45111 0.39588 0.08013
0 0.52459 0.50416 0.43323 0.07905
0 0.52459 0.55721 0.38833 0.0752
0 0.52459 0.61026 0.40695 0.08407
0 0.52459 0.66331 0.40461 0.08404
0 0.52459 0.71636 0.4084 0.08187
0 0.52459 0.76941 0.38491 0.07966
0 0.52459 0.82246 0.40091 0.07385
0 0.52459 0.87551 0.38507 0.08527
0 0.52459 0.92856 0.40037 0.08617
0 0.73438 0.11953 0.44255 0.07925
0 0.73438 0.16727 0.39425 0.07363
0 0.73438 0.21502 0.37084 0.08555
0 0.73438 0.26276 0.40701 0.08422
0 0.73438 0.31051 0.38308 0.07456
0 0.73438 0.35825 0.41981 0.08615
0 0.73438 0.40600 0.42369 0.083
0 0.73438 0.45374 0.3706 0.07379
0 0.73438 0.50149 0.43776 0.08409
0 0.73438 0.54923 0.4247 0.08013
0 0.73438 0.59698 0.37593 0.08579
0 0.73438 0.64472 0.38749 0.07973
0 0.73438 0.69247 0.42499 0.08124
0 0.73438 0.74021 0.40092 0.08724
0 0.73438 0.78796 0.41476 0.07589
0 0.73438 0.83571 0.37725 0.08466
0 0.90921 0.13281 0.40764 0.07866
0 0.90921 0.18586 0.38408 0.08395
0 0.90921 0.23891 0.41643 0.08563
0 0.90921 0.29196 0.39226 0.07626
0 0.90921 0.34501 0.42523 0.07571
0 0.90921 0.39806 0.38868 0.07856
0 0.90921 0.45111 0.41954 0.0818
0 0.90921 0.50416 0.40415 0.08513
0 0.90921 0.55721 0.38825 0.08622
0 0.90921 0.61026 0.39498 0.08099
0 0.90921 0.66331 0.40348 0.08716
0 0.90921 0.71636 0.40546 0.08712
0 0.90921 0.76941 0.38786 0.08615
0 0.90921 0.82246 0.42513 0.08265
0 0.90921 0.87551 0.41473 0.08714
0 0.90921 0.92856 0.44239 0.07556