0 0.11344 0.13281 0.26513 0.05016
0 0.10811 0.18586 0.2295 0.04404
0 0.10728 0.23891 0.24791 0.05181
0 0.11248 0.29196 0.22157 0.04876
0 0.10238 0.34501 0.22546 0.04765
0 0.09915 0.39806 0.26172 0.04583
0 0.10128 0.45111 0.24739 0.0467
0 0.09648 0.50416 0.23476 0.05066
0 0.09663 0.55721 0.25842 0.05049
0 0.10556 0.61026 0.25159 0.04705
0 0.10675 0.66331 0.24107 0.05068
0 0.10298 0.71636 0.25869 0.05048
0 0.10698 0.76941 0.24894 0.04977
0 0.10437 0.82246 0.25119 0.05003
0 0.09841 0.87551 0.24929 0.05058
0 0.10962 0.92856 0.2367 0.04712
0 0.3096 0.14609 0.22408 0.04649
0 0.32795 0.20444 0.26427 0.0511
0 0.32921 0.26280 0.24238 0.04595
0 0.29761 0.32115 0.2488 0.04556
0 0.33944 0.37951 0.2215 0.05057
0 0.30066 0.43786 0.26152 0.04382
0 0.33699 0.49622 0.22327 0.04821
0 0.31884 0.55457 0.24409 0.04535
0 0.29544 0.61293 0.23622 0.05212
0 0.3352 0.67129 0.23361 0.04532
0 0.33441 0.72964 0.24606 0.04799
0 0.34603 0.78800 0.23872 0.0498
0 0.30204 0.84635 0.23594 0.04891
0 0.32654 0.90471 0.23288 0.05089
0 0.31433 0.96306 0.2491 0.04412
0 0.54331 0.13281 0.26432 0.05012
0 0.51731 0.18586 0.24723 0.04592
0 0.48267 0.23891 0.23856 0.04535
0 0.48645 0.29196 0.26413 0.05152
0 0.50489 0.34501 0.25896 0.05224
0 0.55629 0.39806 0.2565 0.04965
0 0.51212 0.45111 0.24552 0.04486
0 0.57702 0.50416 0.24111 0.05025
0 0.53709 0.55721 0.26541 0.04762
0 0.52186 0.61026 0.23803 0.04472
0 0.57227 0.66331 0.23551 0.04393
0 0.54136 0.71636 0.23742 0.05002
0 0.52752 0.76941 0.2458 0.04801
0 0.48302 0.82246 0.251 0.05053
0 0.51106 0.87551 0.25453 0.04388
0 0.52756 0.92856 0.25366 0.04791
0 0.74732 0.11953 0.26183 0.04693
0 0.71501 0.16727 0.22511 0.05092
0 0.69174 0.21502 0.22211 0.04925
0 0.66799 0.26276 0.25926 0.04631
0 0.76784 0.31051 0.25084 0.05139
0 0.6704 0.35825 0.24031 0.04635
0 0.74451 0.40600 0.22987 0.04919
0 0.71579 0.45374 0.24802 0.04812
0 0.69193 0.50149 0.22639 0.05047
0 0.69279 0.54923 0.26393 0.04992
0 0.69041 0.59698 0.25479 0.04886
0 0.74459 0.64472 0.24717 0.04906
0 0.74764 0.69247 0.24391 0.04532
0 0.69279 0.74021 0.22165 0.0521
0 0.66343 0.78796 0.24559 0.04521
0 0.80451 0.83571 0.26311 0.04734
0 0.83178 0.13281 0.25736 0.05219
0 0.9461 0.18586 0.2505 0.05235
0 0.85293 0.23891 0.25706 0.04424
0 0.88576 0.29196 0.22599 0.04632
0 0.93627 0.34501 0.23381 0.04623
0 0.83787 0.39806 0.23319 0.04838
0 0.9087 0.45111 0.22396 0.05177
0 0.96701 0.50416 0.22845 0.04421
0 0.90997 0.55721 0.22514 0.04768
0 0.95152 0.61026 0.22879 0.05143
0 0.85957 0.66331 0.25891 0.0473
0 0.99541 0.71636 0.24014 0.04621
0 0.95154 0.76941 0.24121 0.04871
0 0.84494 0.82246 0.24899 0.04981
0 0.82827 0.87551 0.22142 0.04977
0 0.83275 0.92856 0.23654 0.04577