0 0.10501 0.13281 0.40549 0.07602
0 0.10501 0.18586 0.41735 0.07596
0 0.10501 0.23891 0.40813 0.07831
0 0.10501 0.29196 0.37999 0.08021
0 0.10501 0.34501 0.40475 0.08502
0 0.10501 0.39806 0.4423 0.08324
0 0.10501 0.45111 0.40613 0.07361
0 0.10501 0.50416 0.42956 0.07669
0 0.10501 0.55721 0.41878 0.08143
0 0.10501 0.61026 0.41487 0.08246
0 0.10501 0.66331 0.42948 0.08553
0 0.10501 0.71636 0.42375 0.08742
0 0.10501 0.76941 0.4299 0.07624
0 0.10501 0.82246 0.41649 0.08646
0 0.10501 0.87551 0.38559 0.08627
0 0.10501 0.92856 0.37138 0.08367
0 0.3148 0.14609 0.42444 0.0738
0 0.3148 0.20444 0.41773 0.08198
0 0.3148 0.26280 0.40793 0.08561
0 0.3148 0.32115 0.38792 0.07778
0 0.3148 0.37951 0.44237 0.08025
0 0.3148 0.43786 0.38425 0.08619
0 0.3148 0.49622 0.4253 0.07939
0 0.3148 0.55457 0.42933 0.08678
0 0.3148 0.61293 0.39927 0.0739
0 0.3148 0.67129 0.41281 0.08469
0 0.3148 0.72964 0.39728 0.08027
0 0.3148 0.78800 0.41978 0.08333
0 0.3148 0.84635 0.38209 0.08677
0 0.3148 0.90471 0.39364 0.07483
0 0.3148 0.96306 0.39121 0.08535
0 0.52459 0.13281 0.41755 0.07492
0 0.52459 0.18586 0.38584 0.07753
0 0.52459 0.23891 0.41572 0.08527
0 0.52459 0.29196 0.43966 0.0738
0 0.52459 0.34501 0.39321 0.07656
0 0.52459 0.39806 0.4119 0.0799
0 0.52459 0.45111 0.43261 0.07708
0 0.52459 0.50416 0.42156 0.08007
0 0.52459 0.55721 0.38878 0.0801
0 0.52459 0.61026 0.39044 0.07852
0 0.52459 0.66331 0.38539 0.07854
0 0.52459 0.71636 0.40739 0.08685
0 0.52459 0.76941 0.40984 0.07638
0 0.52459 0.82246 0.44179 0.07912
0 0.52459 0.87551 0.38445 0.08104
0 0.52459 0.92856 0.38803 0.08337
0 0.73438 0.11953 0.37005 0.07809
0 0.73438 0.16727 0.42835 0.07389
0 0.73438 0.21502 0.413 0.08054
0 0.73438 0.26276 0.40599 0.08333
0 0.73438 0.31051 0.40761 0.08149
0 0.73438 0.35825 0.40576 0.07515
0 0.73438 0.40600 0.43038 0.07576
0 0.73438 0.45374 0.4068 0.07711
0 0.73438 0.50149 0.39136 0.07479
0 0.73438 0.54923 0.37138 0.08145
0 0.73438 0.59698 0.42903 0.08168
0 0.73438 0.64472 0.44096 0.07738
0 0.73438 0.69247 0.43959 0.076
0 0.73438 0.74021 0.41105 0.07716
0 0.73438 0.78796 0.37848 0.07318
0 0.73438 0.83571 0.44006 0.08729
0 0.90921 0.13281 0.38645 0.0782
0 0.90921 0.18586 0.37081 0.07985
0 0.90921 0.23891 0.42224 0.08581
0 0.90921 0.29196 0.41863 0.0764
0 0.90921 0.34501 0.41805 0.07789
0 0.90921 0.39806 0.42899 0.07854
0 0.90921 0.45111 0.41628 0.07422
0 0.90921 0.50416 0.38005 0.07816
0 0.90921 0.55721 0.38114 0.07698
0 0.90921 0.61026 0.41016 0.07952
0 0.90921 0.66331 0.42777 0.08002
0 0.90921 0.71636 0.42496 0.08064
0 0.90921 0.76941 0.37922 0.07656
0 0.90921 0.82246 0.42844 0.08715
0 0.90921 0.87551 0.38576 0.07495
0 0.90921 0.92856 0.37254 0.08492