0 0.10732 0.13281 0.26524 0.04697
0 0.10317 0.18586 0.23366 0.04833
0 0.10487 0.23891 0.26377 0.04686
0 0.10025 0.29196 0.24553 0.04816
0 0.11294 0.34501 0.24678 0.05129
0 0.11211 0.39806 0.2588 0.04752
0 0.11473 0.45111 0.25068 0.04731
0 0.09563 0.50416 0.23955 0.04824
0 0.09731 0.55721 0.22856 0.04949
0 0.1147 0.61026 0.26185 0.04569
0 0.11049 0.66331 0.24875 0.04681
0 0.1045 0.71636 0.22889 0.04865
0 0.10609 0.76941 0.23769 0.04682
0 0.10031 0.82246 0.25275 0.05154
0 0.11332 0.87551 0.2297 0.04784
0 0.10733 0.92856 0.23409 0.04636
0 0.29707 0.14609 0.24934 0.04541
0 0.30819 0.20444 0.22691 0.0476
0 0.28958 0.26280 0.24956 0.04913
0 0.2842 0.32115 0.22953 0.04401
0 0.30639 0.37951 0.24057 0.05122
0 0.3036 0.43786 0.23658 0.04798
0 0.29959 0.49622 0.25773 0.04835
0 0.34007 0.55457 0.23545 0.0467
0 0.30292 0.61293 0.22545 0.04618
0 0.31295 0.67129 0.2514 0.0511
0 0.31199 0.72964 0.2214 0.05197
0 0.2913 0.78800 0.25719 0.05197
0 0.28597 0.84635 0.23917 0.05013
0 0.31504 0.90471 0.2236 0.04911
0 0.32188 0.96306 0.25656 0.04902
0 0.53661 0.13281 0.22706 0.04555
0 0.48365 0.18586 0.24593 0.04994
0 0.50386 0.23891 0.25212 0.04949
0 0.52845 0.29196 0.26307 0.0447
0 0.47692 0.34501 0.24922 0.04983
0 0.50456 0.39806 0.23235 0.04413
0 0.56519 0.45111 0.25818 0.05128
0 0.53125 0.50416 0.23841 0.04757
0 0.54245 0.55721 0.22512 0.04803
0 0.51153 0.61026 0.26454 0.05156
0 0.47559 0.66331 0.2447 0.04869
0 0.55129 0.71636 0.2245 0.04578
0 0.50605 0.76941 0.24187 0.05212
0 0.48735 0.82246 0.22421 0.04409
0 0.54171 0.87551 0.22944 0.05081
0 0.52559 0.92856 0.23554 0.04543
0 0.80775 0.11953 0.2556 0.05038
0 0.79495 0.16727 0.24205 0.0475
0 0.71919 0.21502 0.25886 0.0505
0 0.79861 0.26276 0.24028 0.04457
0 0.71312 0.31051 0.23851 0.04516
0 0.70739 0.35825 0.2612 0.04639
0 0.71939 0.40600 0.22721 0.0492
0 0.73113 0.45374 0.26115 0.04708
0 0.71888 0.50149 0.25151 0.04458
0 0.66329 0.54923 0.25813 0.04439
0 0.75219 0.59698 0.22852 0.04654
0 0.67071 0.64472 0.24809 0.04789
0 0.75661 0.69247 0.23575 0.04881
0 0.68024 0.74021 0.24569 0.04897
0 0.69563 0.78796 0.24738 0.04482
0 0.73912 0.83571 0.22576 0.04708
0 0.95339 0.13281 0.22822 0.04986
0 0.99447 0.18586 0.23666 0.04431
0 0.97254 0.23891 0.2295 0.04403
0 0.83721 0.29196 0.26369 0.04577
0 0.98447 0.34501 0.2549 0.04678
0 0.98566 0.39806 0.22204 0.05114
0 0.84899 0.45111 0.26007 0.04805
0 0.95202 0.50416 0.23249 0.04844
0 0.91791 0.55721 0.26329 0.04827
0 0.85007 0.61026 0.23777 0.04575
0 0.89914 0.66331 0.25958 0.04896
0 0.93766 0.71636 0.23715 0.04513
0 0.85427 0.76941 0.25435 0.04408
0 0.92221 0.82246 0.22635 0.04548
0 0.96815 0.87551 0.23015 0.04624
0 0.90166 0.92856 0.24234 0.04519