0 0.10501 0.13281 0.4028 0.07539
0 0.10501 0.18586 0.43063 0.08699
0 0.10501 0.23891 0.42851 0.08056
0 0.10501 0.29196 0.41788 0.07923
0 0.10501 0.34501 0.43265 0.07636
0 0.10501 0.39806 0.38254 0.08193
0 0.10501 0.45111 0.37817 0.07851
0 0.10501 0.50416 0.36896 0.07454
0 0.10501 0.55721 0.43731 0.07921
0 0.10501 0.61026 0.38777 0.08135
0 0.10501 0.66331 0.39496 0.07708
0 0.10501 0.71636 0.43974 0.08582
0 0.10501 0.76941 0.38641 0.07857
0 0.10501 0.82246 0.42844 0.08596
0 0.10501 0.87551 0.38612 0.08664
0 0.10501 0.92856 0.39178 0.07985
0 0.3148 0.14609 0.38859 0.0802
0 0.3148 0.20444 0.41957 0.08646
0 0.3148 0.26280 0.4205 0.07617
0 0.3148 0.32115 0.37486 0.07323
0 0.3148 0.37951 0.39643 0.08489
0 0.3148 0.43786 0.39889 0.07527
0 0.3148 0.49622 0.37428 0.07326
0 0.3148 0.55457 0.37065 0.08247
0 0.3148 0.61293 0.42737 0.07575
0 0.3148 0.67129 0.39484 0.08383
0 0.3148 0.72964 0.42342 0.08205
0 0.3148 0.78800 0.408 0.07858
0 0.3148 0.84635 0.40818 0.08383
0 0.3148 0.90471 0.3835 0.08579
0 0.3148 0.96306 0.37476 0.08382
0 0.52459 0.13281 0.43728 0.08115
0 0.52459 0.18586 0.41569 0.07357
0 0.52459 0.23891 0.37632 0.08552
0 0.52459 0.29196 0.38871 0.08718
0 0.52459 0.34501 0.44078 0.07848
0 0.52459 0.39806 0.41363 0.07375
0 0.52459 0.45111 0.43943 0.08344
0 0.52459 0.50416 0.42089 0.07809
0 0.52459 0.55721 0.42503 0.08074
0 0.52459 0.61026 0.40525 0.0834
0 0.52459 0.66331 0.39582 0.08593
0 0.52459 0.71636 0.40542 0.08733
0 0.52459 0.76941 0.43825 0.08161
0 0.52459 0.82246 0.39685 0.08697
0 0.52459 0.87551 0.4186 0.08147
0 0.52459 0.92856 0.42408 0.07491
0 0.73438 0.11953 0.38869 0.08566
0 0.73438 0.16727 0.41523 0.08714
0 0.73438 0.21502 0.40219 0.08442
0 0.73438 0.26276 0.40836 0.07598
0 0.73438 0.31051 0.36945 0.08135
0 0.73438 0.35825 0.43729 0.07977
0 0.73438 0.40600 0.38149 0.07361
0 0.73438 0.45374 0.39245 0.08228
0 0.73438 0.50149 0.42901 0.08151
0 0.73438 0.54923 0.39687 0.08457
0 0.73438 0.59698 0.43559 0.07377
0 0.73438 0.64472 0.36944 0.08199
0 0.73438 0.69247 0.38597 0.08454
0 0.73438 0.74021 0.42966 0.0765
0 0.73438 0.78796 0.44225 0.08385
0 0.73438 0.83571 0.4131 0.07867
0 0.90921 0.13281 0.39011 0.08217
0 0.90921 0.18586 0.39863 0.08696
0 0.90921 0.23891 0.38371 0.07632
0 0.90921 0.29196 0.40886 0.08092
0 0.90921 0.34501 0.39076 0.08243
0 0.90921 0.39806 0.36892 0.07437
0 0.90921 0.45111 0.37639 0.07377
0 0.90921 0.50416 0.42984 0.07749
0 0.90921 0.55721 0.37782 0.07846
0 0.90921 0.61026 0.40859 0.07846
0 0.90921 0.66331 0.41384 0.07307
0 0.90921 0.71636 0.42859 0.07924
0 0.90921 0.76941 0.37123 0.07847
0 0.90921 0.82246 0.39333 0.08176
0 0.90921 0.87551 0.41725 0.08074
0 0.90921 0.92856 0.40269 0.07388