0 0.10501 0.14315 0.1728 0.03275
0 0.10501 0.17227 0.18742 0.03346
0 0.10501 0.22289 0.16648 0.03836
0 0.10501 0.29684 0.1988 0.04111
0 0.10501 0.32657 0.17895 0.04155
0 0.10501 0.36875 0.18075 0.04069
0 0.10501 0.41416 0.19878 0.03569
0 0.10501 0.54833 0.18739 0.04249
0 0.10501 0.56628 0.20164 0.04265
0 0.10501 0.65529 0.19004 0.0413
0 0.10501 0.66878 0.17753 0.04046
0 0.10501 0.73249 0.17721 0.04129
0 0.10501 0.83786 0.17947 0.03685
0 0.10501 0.78372 0.1994 0.04093
0 0.10501 0.79504 0.19871 0.03292
0 0.10501 0.84390 0.18816 0.03562
0 0.3148 0.14139 0.17062 0.03346
0 0.3148 0.19808 0.19806 0.03932
0 0.3148 0.26044 0.19239 0.03581
0 0.3148 0.31892 0.17573 0.03388
0 0.3148 0.36670 0.19342 0.04234
0 0.3148 0.45723 0.20361 0.04346
0 0.3148 0.52906 0.16311 0.03581
0 0.3148 0.51484 0.19916 0.03673
0 0.3148 0.62751 0.18956 0.03899
0 0.3148 0.62625 0.18355 0.03484
0 0.3148 0.74306 0.20744 0.03263
0 0.3148 0.85730 0.20786 0.03255
0 0.3148 0.90162 0.17565 0.03251
0 0.3148 0.84079 0.17098 0.04019
0 0.3148 0.95950 0.1776 0.03349
0 0.52459 0.13748 0.21425 0.03741
0 0.52459 0.18429 0.17718 0.04039
0 0.52459 0.21950 0.20012 0.03865
0 0.52459 0.31300 0.20462 0.04342
0 0.52459 0.35234 0.18333 0.04142
0 0.52459 0.37428 0.19181 0.03627
0 0.52459 0.42474 0.17821 0.04078
0 0.52459 0.52582 0.17696 0.04278
0 0.52459 0.56684 0.17351 0.03612
0 0.52459 0.66087 0.18727 0.04327
0 0.52459 0.61495 0.21677 0.04143
0 0.52459 0.67175 0.16345 0.03799
0 0.52459 0.81342 0.182 0.03996
0 0.52459 0.88604 0.19117 0.03802
0 0.52459 0.86600 0.21996 0.03601
0 0.52459 0.94316 0.19239 0.03458
0 0.73438 0.11113 0.22 0.04229
0 0.73438 0.16275 0.18983 0.03846
0 0.73438 0.19591 0.20912 0.03748
0 0.73438 0.26773 0.22029 0.0384
0 0.73438 0.29435 0.21674 0.03276
0 0.73438 0.33868 0.19879 0.04009
0 0.73438 0.37328 0.17608 0.04049
0 0.73438 0.46158 0.19516 0.0355
0 0.73438 0.47661 0.21286 0.04316
0 0.73438 0.50547 0.19827 0.04017
0 0.73438 0.55147 0.20615 0.03408
0 0.73438 0.67973 0.1848 0.0379
0 0.73438 0.69174 0.19966 0.0344
0 0.73438 0.78837 0.18065 0.03835
0 0.73438 0.85898 0.18687 0.03843
0 0.73438 0.91423 0.21175 0.04322
0 0.90921 0.13688 0.21126 0.03534
0 0.90921 0.17356 0.21864 0.03239
0 0.90921 0.25940 0.21588 0.04144
0 0.90921 0.30804 0.1646 0.04204
0 0.90921 0.32085 0.21446 0.04187
0 0.90921 0.36767 0.17285 0.03927
0 0.90921 0.48018 0.19698 0.03599
0 0.90921 0.49517 0.22124 0.03213
0 0.90921 0.58914 0.20538 0.03681
0 0.90921 0.61703 0.20285 0.03598
0 0.90921 0.67886 0.16599 0.0425
0 0.90921 0.64733 0.18498 0.0367
0 0.90921 0.73605 0.16483 0.03665
0 0.90921 0.89378 0.17333 0.04181
0 0.90921 0.84126 0.17136 0.03475
0 0.90921 0.93784 0.17768 0.04345