0 0.10501 0.12585 0.1721 0.03865
0 0.10501 0.19870 0.21313 0.0389
0 0.10501 0.24563 0.18956 0.03426
0 0.10501 0.27748 0.2149 0.03732
0 0.10501 0.31374 0.17503 0.03976
0 0.10501 0.39422 0.20004 0.03512
0 0.10501 0.42664 0.19055 0.0334
0 0.10501 0.55416 0.21283 0.03932
0 0.10501 0.58312 0.20707 0.04223
0 0.10501 0.65551 0.20442 0.04013
0 0.10501 0.62743 0.19058 0.0363
0 0.10501 0.72663 0.20817 0.03945
0 0.10501 0.75660 0.16375 0.03393
0 0.10501 0.78547 0.19035 0.04066
0 0.10501 0.83761 0.17639 0.03388
0 0.10501 0.89691 0.19991 0.03982
0 0.3148 0.13906 0.16774 0.0394
0 0.3148 0.21273 0.1685 0.03695
0 0.3148 0.23968 0.21642 0.03402
0 0.3148 0.32927 0.19113 0.03646
0 0.3148 0.39917 0.17484 0.03404
0 0.3148 0.41872 0.19286 0.04132
0 0.3148 0.45318 0.20507 0.03917
0 0.3148 0.53058 0.17735 0.03356
0 0.3148 0.60119 0.17947 0.03531
0 0.3148 0.71078 0.17433 0.03572
0 0.3148 0.67437 0.18181 0.04035
0 0.3148 0.83682 0.1956 0.03821
0 0.3148 0.88812 0.20112 0.03931
0 0.3148 0.95946 0.19999 0.03493
0 0.3148 0.90673 0.21722 0.0354
0 0.3148 0.94469 0.19984 0.03412
0 0.52459 0.12034 0.17446 0.03768
0 0.52459 0.17522 0.17237 0.0415
0 0.52459 0.22079 0.17997 0.04165
0 0.52459 0.28455 0.2059 0.04061
0 0.52459 0.34833 0.18516 0.03415
0 0.52459 0.39199 0.18196 0.04043
0 0.52459 0.43773 0.17232 0.04064
0 0.52459 0.50473 0.16333 0.03476
0 0.52459 0.53776 0.20403 0.03287
0 0.52459 0.63436 0.19072 0.04124
0 0.52459 0.60608 0.20717 0.0411
0 0.52459 0.68165 0.19451 0.04186
0 0.52459 0.81554 0.217 0.03591
0 0.52459 0.87662 0.19508 0.04244
0 0.52459 0.94014 0.1812 0.03615
0 0.52459 0.84920 0.18084 0.03292
0 0.73438 0.11768 0.18576 0.04011
0 0.73438 0.16991 0.18492 0.04227
0 0.73438 0.19663 0.22116 0.0427
0 0.73438 0.24653 0.18 0.03624
0 0.73438 0.32072 0.17368 0.03989
0 0.73438 0.33477 0.17843 0.03617
0 0.73438 0.43930 0.20318 0.0326
0 0.73438 0.44127 0.20212 0.03523
0 0.73438 0.47979 0.20195 0.03803
0 0.73438 0.59655 0.20647 0.03645
0 0.73438 0.57631 0.18543 0.03213
0 0.73438 0.67117 0.18668 0.03686
0 0.73438 0.65911 0.2034 0.03594
0 0.73438 0.75460 0.17521 0.03643
0 0.73438 0.81168 0.1996 0.03636
0 0.73438 0.91194 0.16645 0.0354
0 0.90921 0.14184 0.17989 0.04222
0 0.90921 0.17619 0.20918 0.03779
0 0.90921 0.22930 0.19857 0.04106
0 0.90921 0.30628 0.19659 0.03767
0 0.90921 0.33412 0.2198 0.03299
0 0.90921 0.38665 0.17353 0.03521
0 0.90921 0.44973 0.20792 0.03827
0 0.90921 0.49562 0.19817 0.04163
0 0.90921 0.54428 0.1915 0.0367
0 0.90921 0.59970 0.19339 0.03546
0 0.90921 0.68829 0.18478 0.0361
0 0.90921 0.67198 0.1847 0.03607
0 0.90921 0.70646 0.21154 0.04042
0 0.90921 0.89525 0.21294 0.03436
0 0.90921 0.92325 0.18733 0.04042
0 0.90921 0.99784 0.20386 0.04371