0 0.09793 0.13281 0.25559 0.05192
0 0.10649 0.18586 0.23668 0.04667
0 0.11077 0.23891 0.25484 0.0484
0 0.1066 0.29196 0.25719 0.05003
0 0.1078 0.34501 0.22602 0.05062
0 0.11165 0.39806 0.25762 0.04943
0 0.09493 0.45111 0.22683 0.04586
0 0.10809 0.50416 0.24118 0.04912
0 0.10832 0.55721 0.26097 0.04979
0 0.10884 0.61026 0.24885 0.04883
0 0.10568 0.66331 0.2315 0.0464
0 0.11016 0.71636 0.26393 0.04995
0 0.11115 0.76941 0.2229 0.04384
0 0.1022 0.82246 0.24615 0.04754
0 0.10118 0.87551 0.24641 0.05121
0 0.10484 0.92856 0.24655 0.04831
0 0.31937 0.14609 0.23196 0.04429
0 0.30511 0.20444 0.24417 0.04832
0 0.30769 0.26280 0.2489 0.04545
0 0.29815 0.32115 0.25883 0.04588
0 0.33085 0.37951 0.22761 0.05125
0 0.2886 0.43786 0.24277 0.0468
0 0.34513 0.49622 0.26493 0.0448
0 0.31308 0.55457 0.22789 0.0447
0 0.28654 0.61293 0.26085 0.04499
0 0.34006 0.67129 0.22613 0.05133
0 0.3235 0.72964 0.25382 0.04814
0 0.31924 0.78800 0.2596 0.05232
0 0.32091 0.84635 0.24195 0.04468
0 0.323 0.90471 0.24213 0.04885
0 0.29793 0.96306 0.2359 0.04598
0 0.56187 0.13281 0.25841 0.04541
0 0.5266 0.18586 0.26543 0.04858
0 0.48408 0.23891 0.24642 0.04498
0 0.50096 0.29196 0.24697 0.05042
0 0.51354 0.34501 0.23552 0.04774
0 0.52435 0.39806 0.25907 0.04388
0 0.55424 0.45111 0.23143 0.04538
0 0.53657 0.50416 0.25667 0.05056
0 0.50193 0.55721 0.2567 0.04663
0 0.53732 0.61026 0.24467 0.04787
0 0.51441 0.66331 0.23617 0.04733
0 0.52463 0.71636 0.24307 0.04568
0 0.52225 0.76941 0.2248 0.04771
0 0.48144 0.82246 0.23388 0.04676
0 0.49967 0.87551 0.23991 0.04932
0 0.52461 0.92856 0.23315 0.04635
0 0.6964 0.11953 0.25658 0.04737
0 0.73119 0.16727 0.24147 0.04794
0 0.74267 0.21502 0.24722 0.04615
0 0.74501 0.26276 0.23855 0.052
0 0.78487 0.31051 0.23298 0.05056
0 0.73329 0.35825 0.2654 0.0442
0 0.70094 0.40600 0.2609 0.04955
0 0.80039 0.45374 0.25501 0.04898
0 0.70486 0.50149 0.2519 0.04849
0 0.74774 0.54923 0.22254 0.04517
0 0.77848 0.59698 0.2612 0.05162
0 0.68325 0.64472 0.24643 0.04834
0 0.73237 0.69247 0.23687 0.05118
0 0.72738 0.74021 0.24153 0.05122
0 0.77655 0.78796 0.26514 0.05089
0 0.77998 0.83571 0.2586 0.04881
0 0.83919 0.13281 0.25903 0.04472
0 0.86722 0.18586 0.24297 0.04923
0 0.97975 0.23891 0.24579 0.04535
0 0.86367 0.29196 0.25075 0.04948
0 0.92826 0.34501 0.22735 0.05053
0 0.84346 0.39806 0.22877 0.05248
0 0.92789 0.45111 0.22945 0.04911
0 0.95986 0.50416 0.24748 0.04481
0 0.8996 0.55721 0.24867 0.04744
0 0.83519 0.61026 0.24382 0.0521
0 0.90836 0.66331 0.25168 0.04531
0 0.93033 0.71636 0.25035 0.0515
0 0.99285 0.76941 0.23537 0.04972
0 0.97233 0.82246 0.26065 0.05119
0 0.92892 0.87551 0.24944 0.05155
0 0.95592 0.92856 0.24868 0.04975