0 0.10501 0.14310 0.21042 0.03547
0 0.10501 0.19754 0.20371 0.03587
0 0.10501 0.23246 0.18981 0.03486
0 0.10501 0.28677 0.18542 0.03454
0 0.10501 0.34587 0.16543 0.0354
0 0.10501 0.41195 0.17841 0.0347
0 0.10501 0.48034 0.19627 0.03294
0 0.10501 0.47598 0.2204 0.03898
0 0.10501 0.50972 0.18063 0.03877
0 0.10501 0.63444 0.17952 0.03671
0 0.10501 0.59706 0.20496 0.04166
0 0.10501 0.75839 0.19229 0.04351
0 0.10501 0.71078 0.20072 0.04229
0 0.10501 0.79269 0.16872 0.0378
0 0.10501 0.93597 0.21637 0.03243
0 0.10501 0.85424 0.2177 0.03315
0 0.3148 0.15367 0.19331 0.03928
0 0.3148 0.20118 0.18645 0.04297
0 0.3148 0.24379 0.17791 0.03333
0 0.3148 0.29756 0.21736 0.04129
0 0.3148 0.35376 0.21868 0.03268
0 0.3148 0.39496 0.16749 0.03561
0 0.3148 0.45669 0.19526 0.03342
0 0.3148 0.53102 0.1888 0.03669
0 0.3148 0.65983 0.18698 0.03476
0 0.3148 0.61469 0.19722 0.03445
0 0.3148 0.75800 0.1802 0.03432
0 0.3148 0.80473 0.1748 0.0434
0 0.3148 0.87539 0.168 0.03935
0 0.3148 0.86002 0.21475 0.03778
0 0.52459 0.13351 0.19661 0.04153
0 0.52459 0.18171 0.19972 0.03239
0 0.52459 0.25827 0.18517 0.03337
0 0.52459 0.28494 0.18879 0.03835
0 0.52459 0.37142 0.20518 0.0393
0 0.52459 0.38380 0.20882 0.0384
0 0.52459 0.45155 0.16578 0.04176
0 0.52459 0.54293 0.21804 0.04363
0 0.52459 0.59510 0.2009 0.03817
0 0.52459 0.61889 0.21962 0.04285
0 0.52459 0.70974 0.2095 0.03482
0 0.52459 0.72427 0.19149 0.0365
0 0.52459 0.74339 0.17457 0.03422
0 0.52459 0.86922 0.19472 0.03816
0 0.52459 0.90240 0.17886 0.03536
0 0.52459 0.86033 0.16829 0.03843
0 0.73438 0.10954 0.18973 0.03648
0 0.73438 0.15187 0.1725 0.03752
0 0.73438 0.23103 0.18355 0.03798
0 0.73438 0.24101 0.17301 0.03526
0 0.73438 0.32673 0.22113 0.03855
0 0.73438 0.35634 0.18672 0.0423
0 0.73438 0.38864 0.19569 0.03876
0 0.73438 0.47493 0.16396 0.04051
0 0.73438 0.47069 0.20038 0.04131
0 0.73438 0.55390 0.20259 0.03977
0 0.73438 0.58099 0.18134 0.03787
0 0.73438 0.62921 0.18426 0.03849
0 0.73438 0.72746 0.20072 0.03426
0 0.73438 0.69472 0.18436 0.04191
0 0.73438 0.77671 0.20858 0.03247
0 0.73438 0.87309 0.18111 0.0402
0 0.90921 0.13136 0.21201 0.03643
0 0.90921 0.18955 0.18404 0.04283
0 0.90921 0.22659 0.1719 0.03896
0 0.90921 0.29681 0.20185 0.03478
0 0.90921 0.35774 0.218 0.03402
0 0.90921 0.40505 0.1842 0.03473
0 0.90921 0.48457 0.19132 0.04019
0 0.90921 0.47293 0.18984 0.03277
0 0.90921 0.57186 0.19048 0.03956
0 0.90921 0.64758 0.20695 0.04143
0 0.90921 0.69238 0.20321 0.04317
0 0.90921 0.67313 0.18462 0.03978
0 0.90921 0.75342 0.20176 0.04249
0 0.90921 0.90304 0.2083 0.03292
0 0.90921 0.83360 0.17364 0.04134
0 0.90921 0.88349 0.19303 0.03491