0 0.10501 0.13343 0.21802 0.04236
0 0.10501 0.16998 0.2115 0.03519
0 0.10501 0.21812 0.22034 0.03465
0 0.10501 0.28437 0.21306 0.03427
0 0.10501 0.37363 0.21733 0.03861
0 0.10501 0.39323 0.21026 0.03917
0 0.10501 0.43277 0.16304 0.03907
0 0.10501 0.52528 0.16678 0.03857
0 0.10501 0.61070 0.17697 0.03657
0 0.10501 0.56922 0.16256 0.04018
0 0.10501 0.68133 0.18354 0.03976
0 0.10501 0.70240 0.20613 0.03728
0 0.10501 0.77029 0.19459 0.04141
0 0.10501 0.80018 0.20825 0.03637
0 0.10501 0.88244 0.19441 0.03991
0 0.10501 0.93139 0.20644 0.04322
0 0.3148 0.14142 0.21669 0.03746
0 0.3148 0.19860 0.20069 0.03488
0 0.3148 0.26889 0.20986 0.03996
0 0.3148 0.33441 0.20545 0.03756
0 0.3148 0.41044 0.18877 0.03308
0 0.3148 0.47077 0.21587 0.04122
0 0.3148 0.52300 0.20131 0.03415
0 0.3148 0.60567 0.21226 0.04089
0 0.3148 0.56731 0.18142 0.03652
0 0.3148 0.62878 0.21199 0.039
0 0.3148 0.78067 0.20642 0.03699
0 0.3148 0.83791 0.19865 0.03705
0 0.3148 0.83200 0.17357 0.03746
0 0.3148 0.92557 0.18068 0.03705
0 0.3148 0.89602 0.16902 0.03898
0 0.3148 0.97921 0.16826 0.03765
0 0.52459 0.14116 0.18378 0.03991
0 0.52459 0.17689 0.20984 0.03564
0 0.52459 0.22553 0.1927 0.04109
0 0.52459 0.30560 0.17859 0.04083
0 0.52459 0.32873 0.21833 0.04027
0 0.52459 0.38483 0.19318 0.04054
0 0.52459 0.45662 0.17451 0.03465
0 0.52459 0.50231 0.17548 0.03281
0 0.52459 0.59145 0.20368 0.03795
0 0.52459 0.59019 0.19326 0.03337
0 0.52459 0.60404 0.17573 0.03403
0 0.52459 0.67556 0.18277 0.04186
0 0.52459 0.82441 0.20681 0.0434
0 0.52459 0.82718 0.1875 0.03446
0 0.52459 0.81330 0.16574 0.03798
0 0.52459 0.86124 0.20822 0.03379
0 0.73438 0.11331 0.19388 0.03225
0 0.73438 0.15514 0.20066 0.04142
0 0.73438 0.20075 0.2049 0.03326
0 0.73438 0.27230 0.21501 0.04225
0 0.73438 0.33646 0.17782 0.04276
0 0.73438 0.32372 0.19766 0.04058
0 0.73438 0.39382 0.17844 0.03392
0 0.73438 0.44929 0.18191 0.04319
0 0.73438 0.46014 0.16662 0.04077
0 0.73438 0.57150 0.20292 0.04055
0 0.73438 0.62103 0.17731 0.03284
0 0.73438 0.58201 0.16501 0.03947
0 0.73438 0.64075 0.20358 0.04342
0 0.73438 0.70585 0.20124 0.0327
0 0.73438 0.79383 0.21365 0.03719
0 0.73438 0.82787 0.16904 0.03948
0 0.90921 0.12543 0.18439 0.04371
0 0.90921 0.17841 0.19937 0.03279
0 0.90921 0.23273 0.17206 0.03451
0 0.90921 0.27131 0.20934 0.03995
0 0.90921 0.33263 0.20001 0.04027
0 0.90921 0.39375 0.17091 0.03689
0 0.90921 0.46893 0.18399 0.03806
0 0.90921 0.54457 0.20083 0.0343
0 0.90921 0.50677 0.1725 0.03784
0 0.90921 0.57294 0.21098 0.03268
0 0.90921 0.64217 0.19069 0.04371
0 0.90921 0.74190 0.22058 0.04028
0 0.90921 0.72713 0.19447 0.03871
0 0.90921 0.90402 0.17179 0.03958
0 0.90921 0.82382 0.20233 0.03275
0 0.90921 0.91086 0.16879 0.04299