0 0.1152 0.13281 0.37704 0.0795
0 0.10871 0.18586 0.4377 0.07348
0 0.10595 0.23891 0.40976 0.07373
0 0.11236 0.29196 0.4116 0.07854
0 0.11619 0.34501 0.41187 0.07978
0 0.09768 0.39806 0.37836 0.08474
0 0.10851 0.45111 0.39445 0.08654
0 0.1024 0.50416 0.42833 0.07469
0 0.10213 0.55721 0.39505 0.08191
0 0.09948 0.61026 0.40648 0.07419
0 0.1071 0.66331 0.44116 0.0816
0 0.112 0.71636 0.43484 0.07787
0 0.09673 0.76941 0.39725 0.07491
0 0.10931 0.82246 0.44141 0.08079
0 0.10596 0.87551 0.39612 0.08707
0 0.09402 0.92856 0.44111 0.08686
0 0.32272 0.14609 0.36935 0.08129
0 0.33551 0.20444 0.37993 0.07494
0 0.30856 0.26280 0.41266 0.08609
0 0.28328 0.32115 0.42902 0.08452
0 0.29834 0.37951 0.39601 0.08222
0 0.30227 0.43786 0.39324 0.08332
0 0.28834 0.49622 0.40349 0.07843
0 0.29101 0.55457 0.40749 0.08628
0 0.30649 0.61293 0.43531 0.0808
0 0.34783 0.67129 0.37231 0.07771
0 0.29347 0.72964 0.39884 0.08132
0 0.28298 0.78800 0.42133 0.08067
0 0.32855 0.84635 0.38619 0.07462
0 0.28439 0.90471 0.41489 0.07484
0 0.30978 0.96306 0.39454 0.08728
0 0.5834 0.13281 0.37767 0.07523
0 0.57789 0.18586 0.37992 0.08547
0 0.57285 0.23891 0.39175 0.07628
0 0.51245 0.29196 0.39252 0.0735
0 0.54737 0.34501 0.44093 0.08325
0 0.53864 0.39806 0.42693 0.07665
0 0.55283 0.45111 0.38525 0.08171
0 0.525 0.50416 0.40204 0.07415
0 0.54438 0.55721 0.4144 0.08732
0 0.5933 0.61026 0.37603 0.07864
0 0.49449 0.66331 0.42025 0.0775
0 0.48016 0.71636 0.44247 0.07953
0 0.58517 0.76941 0.39063 0.07349
0 0.59462 0.82246 0.436 0.08171
0 0.58469 0.87551 0.40446 0.08692
0 0.50583 0.92856 0.41078 0.0837
0 0.69622 0.11953 0.37103 0.08009
0 0.68448 0.16727 0.44162 0.07526
0 0.79211 0.21502 0.3949 0.08566
0 0.81606 0.26276 0.37591 0.07581
0 0.8394 0.31051 0.42862 0.07675
0 0.72465 0.35825 0.43832 0.0795
0 0.68372 0.40600 0.40927 0.07436
0 0.65533 0.45374 0.42959 0.07753
0 0.80782 0.50149 0.42732 0.07362
0 0.77314 0.54923 0.42428 0.07749
0 0.6597 0.59698 0.38581 0.08715
0 0.80699 0.64472 0.41514 0.07405
0 0.79413 0.69247 0.38623 0.08656
0 0.68734 0.74021 0.3836 0.08371
0 0.67146 0.78796 0.44054 0.07493
0 0.79163 0.83571 0.37448 0.08548
0 0.97766 0.13281 0.42135 0.08209
0 0.90962 0.18586 0.40206 0.07548
0 0.96498 0.39806 0.37223 0.07502
0 0.91738 0.45111 0.44068 0.07801
0 0.97294 0.50416 0.39392 0.08025
0 0.86651 0.55721 0.38662 0.08193
0 0.81338 0.61026 0.38793 0.07401
0 0.84838 0.66331 0.40675 0.08463
0 0.87675 0.71636 0.38353 0.08318
0 0.8087 0.76941 0.37021 0.07873
0 0.91115 0.82246 0.42314 0.07975
0 0.95662 0.87551 0.43051 0.07405
0 0.91474 0.92856 0.4372 0.07784