0 0.10763 0.13281 0.38239 0.07889
0 0.10648 0.18586 0.38486 0.08732
0 0.10001 0.23891 0.426 0.07671
0 0.09671 0.29196 0.4063 0.07361
0 0.09689 0.34501 0.3798 0.08199
0 0.10736 0.39806 0.43782 0.07504
0 0.09985 0.45111 0.43595 0.08052
0 0.11842 0.50416 0.37314 0.07483
0 0.09884 0.55721 0.37377 0.08458
0 0.10359 0.61026 0.40828 0.07578
0 0.09284 0.66331 0.38475 0.08235
0 0.10232 0.71636 0.40694 0.07693
0 0.0936 0.76941 0.39608 0.0825
0 0.10118 0.82246 0.40215 0.08602
0 0.10418 0.87551 0.41974 0.0766
0 0.09707 0.92856 0.38444 0.07604
0 0.36032 0.14609 0.38186 0.07875
0 0.33956 0.20444 0.39752 0.08563
0 0.27735 0.26280 0.42304 0.07429
0 0.35348 0.32115 0.437 0.07601
0 0.32807 0.37951 0.40344 0.07675
0 0.28822 0.43786 0.39076 0.07773
0 0.35683 0.49622 0.4019 0.08227
0 0.35232 0.55457 0.39888 0.08147
0 0.3569 0.61293 0.4406 0.07857
0 0.34516 0.67129 0.4147 0.08053
0 0.34485 0.72964 0.42875 0.08319
0 0.33193 0.78800 0.42678 0.07696
0 0.30938 0.84635 0.37974 0.08358
0 0.34885 0.90471 0.43219 0.08012
0 0.33415 0.96306 0.4165 0.08225
0 0.60017 0.13281 0.40828 0.07781
0 0.58094 0.18586 0.42904 0.08475
0 0.47426 0.23891 0.3692 0.07879
0 0.57283 0.29196 0.43088 0.07823
0 0.48042 0.34501 0.40536 0.08672
0 0.55135 0.39806 0.42422 0.07659
0 0.50763 0.45111 0.44144 0.07746
0 0.55934 0.50416 0.41134 0.07723
0 0.4997 0.55721 0.42557 0.08595
0 0.54152 0.61026 0.38435 0.07928
0 0.52007 0.66331 0.39568 0.08065
0 0.57919 0.71636 0.37553 0.07842
0 0.55601 0.76941 0.41338 0.08229
0 0.56237 0.82246 0.39271 0.08177
0 0.46821 0.87551 0.43906 0.07664
0 0.55675 0.92856 0.38281 0.07529
0 0.78729 0.11953 0.4118 0.08323
0 0.7608 0.16727 0.3772 0.08384
0 0.82802 0.21502 0.3977 0.07853
0 0.78813 0.26276 0.40652 0.08671
0 0.8418 0.31051 0.39627 0.07841
0 0.65103 0.35825 0.37693 0.0777
0 0.77836 0.40600 0.41192 0.08674
0 0.8203 0.45374 0.41653 0.07379
0 0.71331 0.50149 0.37278 0.07378
0 0.69324 0.54923 0.43337 0.08488
0 0.83637 0.59698 0.39462 0.0762
0 0.79203 0.64472 0.38424 0.08637
0 0.767 0.69247 0.427 0.08735
0 0.79557 0.74021 0.44071 0.08028
0 0.76898 0.78796 0.38012 0.07747
0 0.65592 0.83571 0.43146 0.07696
0 0.91402 0.13281 0.39511 0.0829
0 0.94702 0.18586 0.37607 0.07491
0 0.89357 0.23891 0.3824 0.0834
0 0.86042 0.29196 0.40048 0.08265
0 0.85329 0.34501 0.38287 0.07882
0 0.94942 0.39806 0.39666 0.07763
0 0.90687 0.45111 0.41672 0.07528
0 0.94869 0.50416 0.43387 0.08709
0 0.80549 0.61026 0.39287 0.08149
0 0.87573 0.66331 0.38864 0.08115
0 0.95526 0.71636 0.38685 0.08109
0 0.89589 0.76941 0.43189 0.07665
0 0.98617 0.87551 0.41124 0.08396