0 0.11603 0.13281 0.3967 0.08448
0 0.09872 0.18586 0.42722 0.08058
0 0.10663 0.23891 0.38217 0.08102
0 0.10632 0.29196 0.37222 0.08602
0 0.11537 0.34501 0.40871 0.08188
0 0.10094 0.39806 0.41619 0.0864
0 0.10381 0.45111 0.37396 0.07665
0 0.0929 0.50416 0.39307 0.07833
0 0.10289 0.55721 0.41278 0.08148
0 0.11442 0.61026 0.39857 0.07784
0 0.09274 0.66331 0.43396 0.07431
0 0.11862 0.71636 0.42234 0.08371
0 0.09971 0.76941 0.3903 0.07413
0 0.09842 0.82246 0.3834 0.08432
0 0.10261 0.87551 0.42963 0.0775
0 0.10821 0.92856 0.37173 0.0826
0 0.32819 0.14609 0.44139 0.07308
0 0.29682 0.20444 0.39159 0.07952
0 0.28506 0.26280 0.37158 0.08633
0 0.31967 0.32115 0.4073 0.08703
0 0.31086 0.37951 0.44008 0.07511
0 0.33392 0.43786 0.40368 0.08023
0 0.35784 0.49622 0.41491 0.08632
0 0.29481 0.55457 0.39467 0.0871
0 0.35686 0.61293 0.37264 0.07298
0 0.27897 0.67129 0.40424 0.08168
0 0.34588 0.72964 0.37532 0.07805
0 0.30137 0.78800 0.41499 0.08278
0 0.32412 0.84635 0.40593 0.08012
0 0.28687 0.90471 0.41941 0.08092
0 0.29814 0.96306 0.38362 0.08066
0 0.50134 0.13281 0.37281 0.07772
0 0.5255 0.18586 0.40562 0.07526
0 0.47754 0.23891 0.41059 0.07988
0 0.48841 0.29196 0.39514 0.07329
0 0.56396 0.34501 0.40975 0.08244
0 0.47377 0.39806 0.41694 0.07472
0 0.56804 0.45111 0.40876 0.08081
0 0.51231 0.50416 0.36897 0.07972
0 0.52321 0.55721 0.44018 0.07589
0 0.59621 0.61026 0.3779 0.08408
0 0.55353 0.66331 0.43008 0.07485
0 0.54581 0.71636 0.43127 0.08233
0 0.47216 0.76941 0.39635 0.07421
0 0.56911 0.82246 0.37024 0.08142
0 0.54977 0.87551 0.3729 0.07827
0 0.53798 0.92856 0.43457 0.07685
0 0.76289 0.11953 0.41097 0.08273
0 0.76682 0.16727 0.42014 0.07738
0 0.68296 0.21502 0.39381 0.08428
0 0.75776 0.26276 0.41846 0.077
0 0.76911 0.31051 0.41171 0.07567
0 0.76089 0.35825 0.3782 0.08608
0 0.81445 0.40600 0.38333 0.08494
0 0.81169 0.45374 0.42114 0.08006
0 0.76222 0.50149 0.43738 0.07506
0 0.64818 0.54923 0.39437 0.0824
0 0.69155 0.59698 0.42239 0.07775
0 0.74175 0.64472 0.41654 0.08318
0 0.66851 0.69247 0.44192 0.08672
0 0.68446 0.74021 0.37988 0.0764
0 0.68154 0.78796 0.42186 0.07471
0 0.6896 0.83571 0.40288 0.08169
0 0.84545 0.23891 0.38327 0.07441
0 0.97472 0.29196 0.40669 0.08655
0 0.9911 0.34501 0.37163 0.07713
0 0.90217 0.39806 0.40469 0.07522
0 0.80206 0.45111 0.40892 0.08746
0 0.86077 0.55721 0.37142 0.0743
0 0.82302 0.61026 0.37391 0.07333
0 0.88356 0.66331 0.37528 0.08098
0 0.99896 0.71636 0.38212 0.07897
0 0.96798 0.76941 0.42299 0.08065
0 0.97676 0.82246 0.39849 0.07762
0 0.98686 0.87551 0.4197 0.07299
0 0.94623 0.92856 0.39072 0.07874