0 0.10501 0.13281 0.43485 0.08592
0 0.10501 0.18586 0.41342 0.07525
0 0.10501 0.23891 0.41789 0.0767
0 0.10501 0.29196 0.38272 0.07394
0 0.10501 0.34501 0.38687 0.07729
0 0.10501 0.39806 0.38422 0.07336
0 0.10501 0.45111 0.41628 0.08711
0 0.10501 0.50416 0.41976 0.07756
0 0.10501 0.55721 0.38177 0.07966
0 0.10501 0.61026 0.40204 0.0872
0 0.10501 0.66331 0.38312 0.07932
0 0.10501 0.71636 0.39751 0.08688
0 0.10501 0.76941 0.43565 0.08013
0 0.10501 0.82246 0.42025 0.08276
0 0.10501 0.87551 0.41738 0.0815
0 0.10501 0.92856 0.42267 0.07881
0 0.3148 0.14609 0.37765 0.07686
0 0.3148 0.20444 0.42115 0.07862
0 0.3148 0.26280 0.41007 0.07981
0 0.3148 0.32115 0.38619 0.07598
0 0.3148 0.37951 0.42391 0.08563
0 0.3148 0.43786 0.41784 0.07366
0 0.3148 0.49622 0.42885 0.08474
0 0.3148 0.55457 0.42922 0.07466
0 0.3148 0.61293 0.41365 0.07774
0 0.3148 0.67129 0.41243 0.07569
0 0.3148 0.72964 0.43496 0.08605
0 0.3148 0.78800 0.37219 0.07373
0 0.3148 0.84635 0.40032 0.0731
0 0.3148 0.90471 0.43895 0.08296
0 0.3148 0.96306 0.40196 0.08219
0 0.52459 0.13281 0.39912 0.08378
0 0.52459 0.18586 0.4285 0.08147
0 0.52459 0.23891 0.37601 0.07361
0 0.52459 0.29196 0.42856 0.07533
0 0.52459 0.34501 0.42483 0.0862
0 0.52459 0.39806 0.44062 0.08246
0 0.52459 0.45111 0.4081 0.07445
0 0.52459 0.50416 0.37095 0.08432
0 0.52459 0.55721 0.39241 0.0825
0 0.52459 0.61026 0.38098 0.07747
0 0.52459 0.66331 0.38152 0.0843
0 0.52459 0.71636 0.42802 0.08591
0 0.52459 0.76941 0.38632 0.0744
0 0.52459 0.82246 0.4234 0.08059
0 0.52459 0.87551 0.40242 0.07506
0 0.52459 0.92856 0.39142 0.08563
0 0.73438 0.11953 0.42886 0.07503
0 0.73438 0.16727 0.42912 0.08754
0 0.73438 0.21502 0.42319 0.07516
0 0.73438 0.26276 0.40331 0.08647
0 0.73438 0.31051 0.42088 0.08522
0 0.73438 0.35825 0.39897 0.0826
0 0.73438 0.40600 0.40228 0.0782
0 0.73438 0.45374 0.37107 0.07605
0 0.73438 0.50149 0.37473 0.08371
0 0.73438 0.54923 0.43809 0.08621
0 0.73438 0.59698 0.37348 0.07878
0 0.73438 0.64472 0.42015 0.07904
0 0.73438 0.69247 0.38308 0.08208
0 0.73438 0.74021 0.40717 0.08612
0 0.73438 0.78796 0.42685 0.07905
0 0.73438 0.83571 0.39334 0.08246
0 0.90921 0.13281 0.39579 0.0737
0 0.90921 0.18586 0.36897 0.08616
0 0.90921 0.23891 0.37344 0.08296
0 0.90921 0.29196 0.37234 0.0773
0 0.90921 0.34501 0.42226 0.0796
0 0.90921 0.39806 0.39629 0.08599
0 0.90921 0.45111 0.39794 0.08516
0 0.90921 0.50416 0.38412 0.0787
0 0.90921 0.55721 0.41108 0.0799
0 0.90921 0.61026 0.41605 0.08224
0 0.90921 0.66331 0.40408 0.07974
0 0.90921 0.71636 0.38672 0.08162
0 0.90921 0.76941 0.38849 0.08099
0 0.90921 0.82246 0.4207 0.08513
0 0.90921 0.87551 0.4258 0.08415
0 0.90921 0.92856 0.38547 0.07461