0 0.10501 0.13281 0.37549 0.08696
0 0.10501 0.18586 0.42543 0.07798
0 0.10501 0.23891 0.38821 0.08534
0 0.10501 0.29196 0.40025 0.07925
0 0.10501 0.34501 0.39984 0.07443
0 0.10501 0.39806 0.40083 0.07362
0 0.10501 0.45111 0.4235 0.08694
0 0.10501 0.50416 0.39612 0.08453
0 0.10501 0.55721 0.37547 0.07611
0 0.10501 0.61026 0.43102 0.07371
0 0.10501 0.66331 0.37468 0.07583
0 0.10501 0.71636 0.4422 0.08491
0 0.10501 0.76941 0.39329 0.07829
0 0.10501 0.82246 0.42292 0.07906
0 0.10501 0.87551 0.38908 0.08379
0 0.10501 0.92856 0.42413 0.08677
0 0.3148 0.14609 0.40783 0.0761
0 0.3148 0.20444 0.43273 0.08278
0 0.3148 0.26280 0.36919 0.08413
0 0.3148 0.32115 0.41469 0.08357
0 0.3148 0.37951 0.43186 0.08258
0 0.3148 0.43786 0.41256 0.07401
0 0.3148 0.49622 0.39258 0.08222
0 0.3148 0.55457 0.38124 0.0796
0 0.3148 0.61293 0.36968 0.07892
0 0.3148 0.67129 0.41983 0.08713
0 0.3148 0.72964 0.39564 0.08398
0 0.3148 0.78800 0.41925 0.0795
0 0.3148 0.84635 0.44042 0.07921
0 0.3148 0.90471 0.40556 0.08259
0 0.3148 0.96306 0.424 0.08542
0 0.52459 0.13281 0.40582 0.08572
0 0.52459 0.18586 0.38608 0.07791
0 0.52459 0.23891 0.37382 0.08158
0 0.52459 0.29196 0.40807 0.07703
0 0.52459 0.34501 0.41202 0.07456
0 0.52459 0.39806 0.41385 0.07758
0 0.52459 0.45111 0.42414 0.08038
0 0.52459 0.50416 0.44038 0.07619
0 0.52459 0.55721 0.40858 0.07499
0 0.52459 0.61026 0.39592 0.08312
0 0.52459 0.66331 0.43747 0.08721
0 0.52459 0.71636 0.4071 0.08338
0 0.52459 0.76941 0.44215 0.08411
0 0.52459 0.82246 0.38554 0.08077
0 0.52459 0.87551 0.40341 0.07429
0 0.52459 0.92856 0.3921 0.08114
0 0.73438 0.11953 0.42272 0.08679
0 0.73438 0.16727 0.39462 0.07778
0 0.73438 0.21502 0.37382 0.07869
0 0.73438 0.26276 0.42528 0.0763
0 0.73438 0.31051 0.36974 0.08303
0 0.73438 0.35825 0.40889 0.08661
0 0.73438 0.40600 0.40491 0.08436
0 0.73438 0.45374 0.43541 0.07891
0 0.73438 0.50149 0.38743 0.07899
0 0.73438 0.54923 0.39826 0.08161
0 0.73438 0.59698 0.40577 0.07365
0 0.73438 0.64472 0.40037 0.08342
0 0.73438 0.69247 0.42635 0.07669
0 0.73438 0.74021 0.43059 0.0841
0 0.73438 0.78796 0.43952 0.075
0 0.73438 0.83571 0.42669 0.07616
0 0.90921 0.13281 0.42947 0.07409
0 0.90921 0.18586 0.42103 0.08299
0 0.90921 0.23891 0.40733 0.08197
0 0.90921 0.29196 0.37654 0.07908
0 0.90921 0.34501 0.40599 0.07863
0 0.90921 0.39806 0.43989 0.08404
0 0.90921 0.45111 0.41848 0.08401
0 0.90921 0.50416 0.37342 0.07646
0 0.90921 0.55721 0.40834 0.08088
0 0.90921 0.61026 0.40051 0.08673
0 0.90921 0.66331 0.41484 0.07992
0 0.90921 0.71636 0.39395 0.07598
0 0.90921 0.76941 0.42435 0.08381
0 0.90921 0.82246 0.40934 0.07421
0 0.90921 0.87551 0.40004 0.07559
0 0.90921 0.92856 0.43551 0.08693