0 0.10921 0.13281 0.43783 0.07843
0 0.10467 0.18586 0.38918 0.07461
0 0.11376 0.23891 0.41228 0.07408
0 0.11808 0.29196 0.4166 0.0836
0 0.11999 0.34501 0.41714 0.07334
0 0.09698 0.39806 0.3828 0.08152
0 0.11667 0.45111 0.43839 0.08583
0 0.10154 0.50416 0.43835 0.07522
0 0.09466 0.55721 0.40732 0.08525
0 0.10719 0.61026 0.41872 0.07504
0 0.09688 0.66331 0.38489 0.07527
0 0.09313 0.71636 0.41837 0.08239
0 0.1123 0.76941 0.38609 0.07401
0 0.11833 0.82246 0.36983 0.07886
0 0.10857 0.87551 0.38684 0.07711
0 0.09381 0.92856 0.42353 0.08251
0 0.27967 0.14609 0.40333 0.0746
0 0.34398 0.20444 0.40983 0.0792
0 0.36061 0.26280 0.41561 0.07324
0 0.33916 0.32115 0.44207 0.08124
0 0.33397 0.37951 0.43477 0.07632
0 0.33372 0.43786 0.4425 0.08664
0 0.30394 0.49622 0.39488 0.08493
0 0.31885 0.55457 0.39781 0.07754
0 0.297 0.61293 0.38416 0.08495
0 0.29104 0.67129 0.44123 0.0744
0 0.331 0.72964 0.38653 0.08491
0 0.2866 0.78800 0.42696 0.07551
0 0.29812 0.84635 0.38271 0.08515
0 0.2865 0.90471 0.43122 0.07394
0 0.30275 0.96306 0.40085 0.08258
0 0.58587 0.13281 0.4379 0.07413
0 0.47101 0.18586 0.39194 0.08177
0 0.48303 0.23891 0.41299 0.08382
0 0.50875 0.29196 0.37063 0.07983
0 0.57415 0.34501 0.37662 0.07882
0 0.48231 0.39806 0.37572 0.07491
0 0.47684 0.45111 0.42317 0.07735
0 0.6001 0.50416 0.41776 0.07667
0 0.53124 0.55721 0.40377 0.07663
0 0.54995 0.61026 0.37622 0.07746
0 0.50401 0.66331 0.43828 0.08444
0 0.48534 0.71636 0.37627 0.07736
0 0.5625 0.76941 0.38742 0.08685
0 0.48038 0.82246 0.43693 0.08467
0 0.5205 0.87551 0.42181 0.0746
0 0.59564 0.92856 0.38134 0.08262
0 0.6956 0.11953 0.40729 0.08196
0 0.76789 0.16727 0.42751 0.07363
0 0.84132 0.21502 0.39116 0.07982
0 0.77845 0.26276 0.44148 0.07466
0 0.72935 0.31051 0.38632 0.07361
0 0.66433 0.35825 0.41624 0.08426
0 0.80019 0.40600 0.37895 0.078
0 0.71121 0.45374 0.37342 0.08034
0 0.73696 0.50149 0.41005 0.07675
0 0.69455 0.54923 0.39384 0.08639
0 0.72128 0.59698 0.40457 0.07619
0 0.71413 0.64472 0.38066 0.08017
0 0.72141 0.69247 0.39858 0.07929
0 0.77559 0.74021 0.41719 0.08161
0 0.71939 0.78796 0.42333 0.07455
0 0.64858 0.83571 0.42387 0.07593
0 0.87622 0.13281 0.37003 0.07371
0 0.81227 0.23891 0.38316 0.08463
0 0.86614 0.29196 0.40298 0.08179
0 0.96148 0.39806 0.39209 0.08287
0 0.89271 0.50416 0.41668 0.08572
0 0.89024 0.55721 0.43524 0.07443
0 0.98602 0.61026 0.44057 0.08408
0 0.89953 0.66331 0.38756 0.08643
0 0.97063 0.71636 0.37407 0.07401
0 0.92666 0.76941 0.38071 0.0752
0 0.98287 0.82246 0.40719 0.08343
0 0.82834 0.87551 0.36999 0.08566
0 0.95788 0.92856 0.39418 0.07768