0 0.10501 0.11963 0.16663 0.03598
0 0.10501 0.19642 0.17758 0.03434
0 0.10501 0.22823 0.21306 0.04186
0 0.10501 0.31588 0.1843 0.03705
0 0.10501 0.34651 0.21901 0.03751
0 0.10501 0.37979 0.18639 0.03355
0 0.10501 0.45852 0.21019 0.03988
0 0.10501 0.46449 0.16857 0.03301
0 0.10501 0.56715 0.19782 0.03506
0 0.10501 0.65806 0.18624 0.03495
0 0.10501 0.65413 0.20578 0.03689
0 0.10501 0.64486 0.17738 0.03646
0 0.10501 0.73831 0.17873 0.03827
0 0.10501 0.85092 0.17573 0.03814
0 0.10501 0.86478 0.21102 0.042
0 0.10501 0.88195 0.21853 0.03507
0 0.3148 0.14557 0.21099 0.03636
0 0.3148 0.22407 0.21534 0.03269
0 0.3148 0.24662 0.1817 0.03633
0 0.3148 0.32587 0.21481 0.03885
0 0.3148 0.36286 0.1954 0.03454
0 0.3148 0.46068 0.18633 0.038
0 0.3148 0.53634 0.21031 0.03721
0 0.3148 0.51919 0.21473 0.03714
0 0.3148 0.60100 0.20868 0.04107
0 0.3148 0.62301 0.20004 0.04107
0 0.3148 0.74370 0.1701 0.04372
0 0.3148 0.79324 0.19807 0.04069
0 0.3148 0.86172 0.2148 0.04075
0 0.3148 0.94498 0.17119 0.0329
0 0.3148 0.86996 0.20291 0.03218
0 0.52459 0.13927 0.22023 0.03966
0 0.52459 0.19185 0.20545 0.03631
0 0.52459 0.24294 0.18074 0.03359
0 0.52459 0.27707 0.18471 0.03928
0 0.52459 0.37385 0.17213 0.03247
0 0.52459 0.35867 0.20059 0.03496
0 0.52459 0.41729 0.18285 0.0351
0 0.52459 0.47071 0.21553 0.04087
0 0.52459 0.61091 0.19677 0.03907
0 0.52459 0.66020 0.16759 0.04135
0 0.52459 0.65394 0.21239 0.0375
0 0.52459 0.67015 0.16414 0.03856
0 0.52459 0.71382 0.18805 0.037
0 0.52459 0.75385 0.16998 0.04229
0 0.52459 0.86601 0.19122 0.03999
0 0.52459 0.84642 0.21858 0.03421
0 0.73438 0.11236 0.19685 0.03532
0 0.73438 0.15340 0.19101 0.03625
0 0.73438 0.19609 0.20902 0.04137
0 0.73438 0.27120 0.1754 0.03757
0 0.73438 0.33108 0.16498 0.04023
0 0.73438 0.33421 0.20674 0.0346
0 0.73438 0.43902 0.20922 0.03861
0 0.73438 0.48609 0.19201 0.03235
0 0.73438 0.46743 0.19028 0.04233
0 0.73438 0.59697 0.22084 0.04042
0 0.73438 0.58731 0.18487 0.04118
0 0.73438 0.67785 0.19875 0.04202
0 0.73438 0.71409 0.21637 0.03808
0 0.73438 0.80571 0.16306 0.0365
0 0.73438 0.71340 0.19023 0.03675
0 0.73438 0.90295 0.20474 0.04375
0 0.90921 0.14383 0.1882 0.03422
0 0.90921 0.16895 0.20967 0.04146
0 0.90921 0.25371 0.20646 0.04277
0 0.90921 0.27690 0.21734 0.04086
0 0.90921 0.34510 0.19787 0.04285
0 0.90921 0.36732 0.20967 0.03778
0 0.90921 0.41985 0.20586 0.03757
0 0.90921 0.53716 0.21224 0.03683
0 0.90921 0.54517 0.17541 0.03622
0 0.90921 0.61509 0.16607 0.03886
0 0.90921 0.63721 0.18122 0.04166
0 0.90921 0.78415 0.17075 0.03784
0 0.90921 0.80294 0.20572 0.04254
0 0.90921 0.81180 0.20145 0.03752
0 0.90921 0.88303 0.19208 0.04018
0 0.90921 0.89757 0.21474 0.03687