0 0.10501 0.13895 0.19081 0.03836
0 0.10501 0.18403 0.17041 0.04324
0 0.10501 0.22147 0.20262 0.04117
0 0.10501 0.27663 0.19574 0.04028
0 0.10501 0.33080 0.21817 0.03694
0 0.10501 0.43641 0.18439 0.0353
0 0.10501 0.49410 0.22105 0.03372
0 0.10501 0.48098 0.20146 0.04357
0 0.10501 0.50189 0.20601 0.03648
0 0.10501 0.58162 0.16847 0.03438
0 0.10501 0.64723 0.17905 0.0435
0 0.10501 0.70135 0.21047 0.0415
0 0.10501 0.82039 0.1938 0.03513
0 0.10501 0.78522 0.19994 0.03457
0 0.10501 0.93886 0.17036 0.03394
0 0.10501 0.88798 0.18742 0.04268
0 0.3148 0.14773 0.18872 0.04204
0 0.3148 0.18560 0.20695 0.03571
0 0.3148 0.26473 0.20022 0.03219
0 0.3148 0.30952 0.16312 0.04013
0 0.3148 0.38722 0.218 0.04264
0 0.3148 0.43627 0.21711 0.03296
0 0.3148 0.45818 0.1813 0.04132
0 0.3148 0.57388 0.20197 0.03998
0 0.3148 0.58156 0.18299 0.03963
0 0.3148 0.73232 0.20755 0.03863
0 0.3148 0.67722 0.16845 0.03845
0 0.3148 0.84231 0.19925 0.03527
0 0.3148 0.91959 0.1896 0.04139
0 0.3148 0.90404 0.19651 0.03719
0 0.3148 0.98655 0.22077 0.03238
0 0.52459 0.12092 0.16405 0.03696
0 0.52459 0.19390 0.2144 0.03437
0 0.52459 0.22966 0.16719 0.03241
0 0.52459 0.26291 0.17935 0.04276
0 0.52459 0.35328 0.17779 0.04313
0 0.52459 0.38578 0.16502 0.04319
0 0.52459 0.42420 0.16954 0.03359
0 0.52459 0.52305 0.21751 0.03598
0 0.52459 0.59017 0.17554 0.04054
0 0.52459 0.60427 0.21815 0.04105
0 0.52459 0.63455 0.21574 0.03238
0 0.52459 0.65380 0.16347 0.03896
0 0.52459 0.83026 0.18029 0.03964
0 0.52459 0.83883 0.16918 0.0397
0 0.52459 0.82814 0.20909 0.0418
0 0.52459 0.84773 0.19917 0.03541
0 0.73438 0.12896 0.21235 0.04177
0 0.73438 0.16731 0.21848 0.04075
0 0.73438 0.20540 0.2202 0.03637
0 0.73438 0.26655 0.20551 0.03489
0 0.73438 0.31030 0.21439 0.03465
0 0.73438 0.33949 0.19173 0.03299
0 0.73438 0.44511 0.1737 0.03747
0 0.73438 0.49848 0.20407 0.03403
0 0.73438 0.48425 0.18253 0.03493
0 0.73438 0.59546 0.21054 0.03941
0 0.73438 0.56325 0.20278 0.04043
0 0.73438 0.65239 0.16866 0.03576
0 0.73438 0.69742 0.18157 0.04053
0 0.73438 0.69378 0.21779 0.03472
0 0.73438 0.83851 0.2119 0.0327
0 0.73438 0.86131 0.20098 0.03652
0 0.90921 0.13144 0.21253 0.03783
0 0.90921 0.17785 0.19462 0.04125
0 0.90921 0.25287 0.18321 0.03391
0 0.90921 0.27081 0.19856 0.0355
0 0.90921 0.35061 0.19833 0.04032
0 0.90921 0.39837 0.21098 0.03492
0 0.90921 0.43882 0.1856 0.03265
0 0.90921 0.48730 0.1951 0.03548
0 0.90921 0.51580 0.16258 0.04325
0 0.90921 0.55128 0.22113 0.03819
0 0.90921 0.69373 0.21254 0.03848
0 0.90921 0.68545 0.18954 0.03665
0 0.90921 0.83600 0.18958 0.038
0 0.90921 0.79254 0.2149 0.03434
0 0.90921 0.81083 0.21152 0.04339
0 0.90921 0.93814 0.17871 0.04005