0 0.10501 0.12675 0.1974 0.03901
0 0.10501 0.18347 0.21295 0.03734
0 0.10501 0.24437 0.16495 0.03727
0 0.10501 0.28774 0.2204 0.03335
0 0.10501 0.36725 0.19 0.04332
0 0.10501 0.41289 0.20309 0.04027
0 0.10501 0.40960 0.18626 0.03996
0 0.10501 0.47274 0.17033 0.03428
0 0.10501 0.54189 0.21351 0.04091
0 0.10501 0.60222 0.18313 0.0417
0 0.10501 0.59865 0.169 0.03805
0 0.10501 0.68672 0.20383 0.03762
0 0.10501 0.79904 0.1835 0.0337
0 0.10501 0.79854 0.18749 0.04361
0 0.10501 0.85103 0.20217 0.03502
0 0.10501 0.94862 0.21522 0.03891
0 0.3148 0.15433 0.18618 0.03263
0 0.3148 0.22419 0.19352 0.03955
0 0.3148 0.24296 0.20652 0.04131
0 0.3148 0.31075 0.16946 0.04301
0 0.3148 0.40856 0.19375 0.03359
0 0.3148 0.43998 0.1916 0.03271
0 0.3148 0.52694 0.17812 0.0391
0 0.3148 0.52392 0.19474 0.04089
0 0.3148 0.56897 0.16617 0.04012
0 0.3148 0.72675 0.1783 0.0402
0 0.3148 0.66011 0.19273 0.04206
0 0.3148 0.77482 0.20722 0.03328
0 0.3148 0.81962 0.18827 0.03933
0 0.3148 0.92171 0.21479 0.0413
0 0.52459 0.13354 0.20741 0.03908
0 0.52459 0.18835 0.19354 0.04292
0 0.52459 0.26256 0.17595 0.03512
0 0.52459 0.26620 0.18846 0.03657
0 0.52459 0.35124 0.19651 0.04245
0 0.52459 0.36980 0.17608 0.04334
0 0.52459 0.44655 0.18389 0.03924
0 0.52459 0.48120 0.18389 0.03879
0 0.52459 0.52070 0.1649 0.03297
0 0.52459 0.65299 0.17605 0.03729
0 0.52459 0.61142 0.18838 0.03595
0 0.52459 0.72716 0.1629 0.03783
0 0.52459 0.79105 0.19054 0.03952
0 0.52459 0.77830 0.19244 0.03292
0 0.52459 0.82851 0.16502 0.04193
0 0.52459 0.94363 0.19636 0.03285
0 0.73438 0.11450 0.19049 0.03265
0 0.73438 0.16274 0.17152 0.03406
0 0.73438 0.21262 0.19372 0.03606
0 0.73438 0.28144 0.16904 0.03919
0 0.73438 0.34116 0.17385 0.03235
0 0.73438 0.36492 0.21371 0.03622
0 0.73438 0.36791 0.18733 0.04139
0 0.73438 0.46938 0.1712 0.0338
0 0.73438 0.48830 0.17468 0.0351
0 0.73438 0.53052 0.21279 0.03863
0 0.73438 0.63013 0.20618 0.03648
0 0.73438 0.67424 0.19694 0.03374
0 0.73438 0.68854 0.21729 0.04308
0 0.73438 0.72955 0.21171 0.04264
0 0.73438 0.82836 0.1671 0.04293
0 0.73438 0.85112 0.16947 0.03964
0 0.90921 0.12423 0.18492 0.04048
0 0.90921 0.17395 0.18319 0.03504
0 0.90921 0.25222 0.18387 0.0344
0 0.90921 0.26326 0.2054 0.03425
0 0.90921 0.34779 0.19345 0.03852
0 0.90921 0.39388 0.22091 0.03812
0 0.90921 0.41791 0.18234 0.04336
0 0.90921 0.54037 0.19545 0.04026
0 0.90921 0.60152 0.18986 0.03642
0 0.90921 0.64821 0.17217 0.0376
0 0.90921 0.66484 0.2101 0.04006
0 0.90921 0.73871 0.20283 0.0356
0 0.90921 0.75191 0.16733 0.04177
0 0.90921 0.78425 0.21273 0.03405
0 0.90921 0.82648 0.18154 0.03794
0 0.90921 0.86620 0.19185 0.04015