0 0.10501 0.13224 0.16524 0.041
0 0.10501 0.17088 0.18938 0.03648
0 0.10501 0.25908 0.19992 0.03852
0 0.10501 0.27782 0.16954 0.04249
0 0.10501 0.37592 0.20171 0.0356
0 0.10501 0.40839 0.18661 0.03607
0 0.10501 0.49166 0.2161 0.04233
0 0.10501 0.45753 0.21702 0.03303
0 0.10501 0.52133 0.18363 0.0346
0 0.10501 0.59902 0.21622 0.03716
0 0.10501 0.60784 0.18576 0.0384
0 0.10501 0.76252 0.17422 0.04335
0 0.10501 0.84279 0.21431 0.04282
0 0.10501 0.77646 0.2124 0.04019
0 0.10501 0.95641 0.16705 0.03512
0 0.10501 0.84994 0.18701 0.03524
0 0.3148 0.15433 0.21911 0.0322
0 0.3148 0.21925 0.17687 0.03426
0 0.3148 0.24822 0.20787 0.03568
0 0.3148 0.29709 0.20763 0.03278
0 0.3148 0.39433 0.18269 0.03218
0 0.3148 0.40893 0.17865 0.04036
0 0.3148 0.47195 0.19395 0.03589
0 0.3148 0.50271 0.18444 0.0433
0 0.3148 0.66341 0.20257 0.03997
0 0.3148 0.73618 0.19373 0.03525
0 0.3148 0.66585 0.1781 0.04266
0 0.3148 0.85599 0.19088 0.03813
0 0.3148 0.83416 0.2128 0.03809
0 0.3148 0.95706 0.2089 0.03638
0 0.3148 0.95025 0.17423 0.03322
0 0.3148 0.94334 0.16789 0.04342
0 0.52459 0.12239 0.17554 0.03252
0 0.52459 0.17946 0.19723 0.03827
0 0.52459 0.23301 0.1813 0.04051
0 0.52459 0.30440 0.20877 0.04257
0 0.52459 0.35134 0.16976 0.0386
0 0.52459 0.39106 0.20176 0.03588
0 0.52459 0.44803 0.16972 0.03288
0 0.52459 0.49076 0.20514 0.03394
0 0.52459 0.57796 0.20396 0.03462
0 0.52459 0.55567 0.17511 0.04192
0 0.52459 0.67013 0.22045 0.04043
0 0.52459 0.68651 0.16733 0.03858
0 0.52459 0.84425 0.16417 0.043
0 0.52459 0.78181 0.17669 0.04036
0 0.52459 0.92879 0.17116 0.03432
0 0.52459 0.97634 0.21468 0.0425
0 0.73438 0.11393 0.212 0.03723
0 0.73438 0.16279 0.19708 0.03601
0 0.73438 0.22906 0.16744 0.04354
0 0.73438 0.23891 0.21874 0.04208
0 0.73438 0.29616 0.19701 0.04014
0 0.73438 0.37241 0.18746 0.04101
0 0.73438 0.44551 0.20763 0.03316
0 0.73438 0.43512 0.21831 0.03475
0 0.73438 0.47573 0.20243 0.03224
0 0.73438 0.51168 0.21469 0.04015
0 0.73438 0.55981 0.20148 0.03714
0 0.73438 0.58563 0.17269 0.03316
0 0.73438 0.72927 0.20906 0.03996
0 0.73438 0.72890 0.19798 0.03963
0 0.73438 0.82656 0.17281 0.03964
0 0.73438 0.76227 0.1888 0.03528
0 0.90921 0.13652 0.20517 0.03834
0 0.90921 0.17435 0.20978 0.04247
0 0.90921 0.22027 0.19321 0.03687
0 0.90921 0.31202 0.20036 0.04085
0 0.90921 0.37055 0.18647 0.03822
0 0.90921 0.39517 0.18477 0.04287
0 0.90921 0.49241 0.19525 0.03226
0 0.90921 0.52267 0.17748 0.03248
0 0.90921 0.60093 0.17836 0.04209
0 0.90921 0.66047 0.18692 0.03466
0 0.90921 0.64843 0.18296 0.03848
0 0.90921 0.70440 0.20537 0.03295
0 0.90921 0.72903 0.21348 0.03573
0 0.90921 0.83709 0.18542 0.03727
0 0.90921 0.94834 0.21622 0.03509
0 0.90921 0.92351 0.17675 0.04273