0 0.10501 0.12908 0.1924 0.03657
0 0.10501 0.18015 0.16906 0.0407
0 0.10501 0.25127 0.1927 0.037
0 0.10501 0.30010 0.20046 0.0324
0 0.10501 0.33295 0.20627 0.03291
0 0.10501 0.39816 0.21211 0.03826
0 0.10501 0.45253 0.16634 0.04071
0 0.10501 0.49377 0.17782 0.03941
0 0.10501 0.56953 0.16383 0.03459
0 0.10501 0.62777 0.191 0.03815
0 0.10501 0.69618 0.19106 0.04242
0 0.10501 0.69505 0.21361 0.04101
0 0.10501 0.70133 0.20411 0.03478
0 0.10501 0.78315 0.21694 0.03912
0 0.10501 0.92394 0.17242 0.03523
0 0.10501 0.88531 0.18929 0.04124
0 0.3148 0.13574 0.18195 0.04118
0 0.3148 0.21207 0.16987 0.03244
0 0.3148 0.24736 0.19084 0.0335
0 0.3148 0.30840 0.18626 0.03607
0 0.3148 0.34214 0.20088 0.03886
0 0.3148 0.39763 0.21029 0.03567
0 0.3148 0.47408 0.20864 0.03466
0 0.3148 0.56847 0.17598 0.04053
0 0.3148 0.60946 0.1852 0.03692
0 0.3148 0.65165 0.20518 0.03587
0 0.3148 0.70878 0.21119 0.03693
0 0.3148 0.72272 0.16408 0.03868
0 0.3148 0.86066 0.18166 0.03487
0 0.3148 0.88669 0.16528 0.0376
0 0.3148 0.93073 0.2183 0.03698
0 0.3148 0.96999 0.21142 0.03653
0 0.52459 0.13032 0.19668 0.03326
0 0.52459 0.18154 0.21874 0.03614
0 0.52459 0.24298 0.21838 0.03361
0 0.52459 0.28166 0.18365 0.0342
0 0.52459 0.35263 0.19767 0.04089
0 0.52459 0.37074 0.18037 0.04061
0 0.52459 0.46322 0.18785 0.03945
0 0.52459 0.52407 0.19916 0.03294
0 0.52459 0.55453 0.20848 0.03779
0 0.52459 0.61472 0.16318 0.03484
0 0.52459 0.67110 0.1866 0.04274
0 0.52459 0.70080 0.16929 0.03758
0 0.52459 0.77904 0.20403 0.03441
0 0.52459 0.76744 0.17705 0.03749
0 0.52459 0.86713 0.17467 0.04109
0 0.52459 0.86250 0.20622 0.03879
0 0.73438 0.11630 0.16628 0.03572
0 0.73438 0.17850 0.18696 0.03389
0 0.73438 0.19811 0.19638 0.04141
0 0.73438 0.25982 0.17384 0.04323
0 0.73438 0.28408 0.17884 0.03411
0 0.73438 0.34571 0.2043 0.03369
0 0.73438 0.36974 0.18845 0.04157
0 0.73438 0.43816 0.20986 0.03694
0 0.73438 0.54390 0.18042 0.04047
0 0.73438 0.55327 0.18401 0.03677
0 0.73438 0.58626 0.2206 0.0429
0 0.73438 0.62630 0.19062 0.03546
0 0.73438 0.72001 0.19666 0.03343
0 0.73438 0.80035 0.18903 0.03466
0 0.73438 0.76579 0.17325 0.03255
0 0.73438 0.77424 0.21087 0.04233
0 0.90921 0.13505 0.20243 0.03545
0 0.90921 0.20249 0.19089 0.03792
0 0.90921 0.21521 0.21557 0.03373
0 0.90921 0.30121 0.16971 0.03736
0 0.90921 0.36769 0.18114 0.03664
0 0.90921 0.39125 0.18254 0.03283
0 0.90921 0.44409 0.16418 0.04034
0 0.90921 0.48528 0.1826 0.04038
0 0.90921 0.53896 0.18074 0.03872
0 0.90921 0.65721 0.21899 0.04345
0 0.90921 0.60623 0.16765 0.03272
0 0.90921 0.74203 0.18221 0.04287
0 0.90921 0.77762 0.18348 0.03441
0 0.90921 0.83978 0.17704 0.03592
0 0.90921 0.86862 0.18504 0.04363
0 0.90921 0.95133 0.19957 0.03373