0 0.10501 0.12598 0.21335 0.03538
0 0.10501 0.19545 0.17686 0.03317
0 0.10501 0.24545 0.18661 0.04309
0 0.10501 0.27893 0.18442 0.03664
0 0.10501 0.35275 0.18924 0.03439
0 0.10501 0.36653 0.1917 0.0323
0 0.10501 0.41381 0.19783 0.04076
0 0.10501 0.55439 0.18799 0.03331
0 0.10501 0.53265 0.21347 0.03619
0 0.10501 0.61850 0.17391 0.0333
0 0.10501 0.70327 0.18436 0.03402
0 0.10501 0.76059 0.21397 0.03476
0 0.10501 0.82801 0.16921 0.03838
0 0.10501 0.89506 0.1663 0.04009
0 0.10501 0.83005 0.16395 0.03731
0 0.10501 0.97624 0.19952 0.04076
0 0.3148 0.14023 0.16973 0.03537
0 0.3148 0.18926 0.18313 0.04169
0 0.3148 0.23973 0.1938 0.03339
0 0.3148 0.29106 0.18217 0.03702
0 0.3148 0.38380 0.163 0.04011
0 0.3148 0.47887 0.19142 0.03466
0 0.3148 0.51987 0.16418 0.03647
0 0.3148 0.60923 0.19145 0.03937
0 0.3148 0.58694 0.21802 0.04261
0 0.3148 0.63425 0.20773 0.03967
0 0.3148 0.72325 0.16636 0.03231
0 0.3148 0.78100 0.19419 0.0426
0 0.3148 0.92085 0.16804 0.03711
0 0.3148 0.91624 0.20906 0.03341
0 0.3148 0.87220 0.16979 0.0353
0 0.52459 0.12959 0.20844 0.03595
0 0.52459 0.18449 0.21321 0.04003
0 0.52459 0.26166 0.20721 0.04174
0 0.52459 0.30720 0.16432 0.03751
0 0.52459 0.33229 0.18276 0.04025
0 0.52459 0.39315 0.19227 0.03697
0 0.52459 0.45706 0.19536 0.04013
0 0.52459 0.53032 0.17541 0.03338
0 0.52459 0.51223 0.17169 0.04247
0 0.52459 0.61088 0.17619 0.03511
0 0.52459 0.72313 0.17817 0.03735
0 0.52459 0.67352 0.21743 0.0356
0 0.52459 0.78964 0.22021 0.0425
0 0.52459 0.86955 0.17468 0.03773
0 0.52459 0.84646 0.21434 0.04319
0 0.52459 0.94579 0.21431 0.0391
0 0.73438 0.11271 0.19003 0.03437
0 0.73438 0.16835 0.19525 0.03875
0 0.73438 0.23526 0.20941 0.03578
0 0.73438 0.25598 0.19916 0.04213
0 0.73438 0.33969 0.20027 0.04016
0 0.73438 0.33328 0.21929 0.04032
0 0.73438 0.36593 0.20545 0.03817
0 0.73438 0.44031 0.21222 0.03671
0 0.73438 0.45449 0.20332 0.03993
0 0.73438 0.50694 0.17879 0.04044
0 0.73438 0.57031 0.18165 0.03939
0 0.73438 0.65778 0.18454 0.04019
0 0.73438 0.72787 0.16763 0.03528
0 0.73438 0.81269 0.19146 0.03449
0 0.73438 0.82507 0.21695 0.0422
0 0.73438 0.79638 0.19639 0.03334
0 0.90921 0.13814 0.17076 0.03831
0 0.90921 0.17779 0.1974 0.04049
0 0.90921 0.25321 0.17364 0.04337
0 0.90921 0.29746 0.19866 0.03221
0 0.90921 0.35180 0.18393 0.04103
0 0.90921 0.39534 0.18336 0.03785
0 0.90921 0.43466 0.21951 0.04312
0 0.90921 0.55139 0.2135 0.04128
0 0.90921 0.51138 0.20653 0.03698
0 0.90921 0.62300 0.19006 0.03802
0 0.90921 0.64907 0.17644 0.03637
0 0.90921 0.75454 0.17512 0.03241
0 0.90921 0.77486 0.22073 0.03235
0 0.90921 0.85552 0.20534 0.03753
0 0.90921 0.86312 0.18293 0.04241
0 0.90921 0.98272 0.19036 0.03726