0 0.10501 0.13540 0.16242 0.04311
0 0.10501 0.20393 0.17981 0.0393
0 0.10501 0.25103 0.20453 0.04061
0 0.10501 0.28358 0.21877 0.04254
0 0.10501 0.36398 0.17131 0.03798
0 0.10501 0.43460 0.19684 0.03868
0 0.10501 0.41110 0.213 0.03896
0 0.10501 0.48809 0.16496 0.04061
0 0.10501 0.56827 0.21076 0.04373
0 0.10501 0.63800 0.1634 0.03828
0 0.10501 0.60748 0.17258 0.03677
0 0.10501 0.72540 0.1845 0.03956
0 0.10501 0.80174 0.18898 0.03342
0 0.10501 0.83409 0.18015 0.03348
0 0.10501 0.89903 0.18714 0.04231
0 0.10501 0.93637 0.18754 0.04113
0 0.3148 0.13550 0.19253 0.04081
0 0.3148 0.21861 0.2206 0.03962
0 0.3148 0.25193 0.21091 0.03726
0 0.3148 0.34832 0.20339 0.03706
0 0.3148 0.35604 0.1861 0.037
0 0.3148 0.41599 0.20033 0.03308
0 0.3148 0.46433 0.17106 0.03262
0 0.3148 0.56333 0.20693 0.03735
0 0.3148 0.65487 0.17927 0.03453
0 0.3148 0.66389 0.21916 0.04374
0 0.3148 0.76454 0.16372 0.03916
0 0.3148 0.76592 0.21264 0.04001
0 0.3148 0.93026 0.17055 0.03309
0 0.3148 0.90033 0.20985 0.04347
0 0.3148 0.86893 0.19073 0.03664
0 0.52459 0.13503 0.19687 0.03412
0 0.52459 0.18529 0.18627 0.04283
0 0.52459 0.22369 0.18011 0.04201
0 0.52459 0.26834 0.21321 0.03336
0 0.52459 0.32872 0.19877 0.03742
0 0.52459 0.39157 0.18971 0.03836
0 0.52459 0.48357 0.19001 0.03235
0 0.52459 0.52175 0.17853 0.03669
0 0.52459 0.55364 0.19013 0.04362
0 0.52459 0.62102 0.16382 0.04089
0 0.52459 0.60320 0.20303 0.04347
0 0.52459 0.77402 0.21272 0.03874
0 0.52459 0.83983 0.18879 0.03568
0 0.52459 0.79514 0.16888 0.03681
0 0.52459 0.90827 0.17417 0.03527
0 0.52459 0.93886 0.21553 0.04061
0 0.73438 0.12572 0.20527 0.03264
0 0.73438 0.18263 0.16642 0.03996
0 0.73438 0.20745 0.19163 0.04283
0 0.73438 0.26997 0.2105 0.04227
0 0.73438 0.33048 0.18586 0.0331
0 0.73438 0.33454 0.16234 0.04192
0 0.73438 0.36774 0.19185 0.04164
0 0.73438 0.44610 0.18075 0.03322
0 0.73438 0.53009 0.21395 0.0394
0 0.73438 0.57406 0.16594 0.03287
0 0.73438 0.54036 0.17147 0.03845
0 0.73438 0.65021 0.1837 0.03376
0 0.73438 0.70279 0.21544 0.0358
0 0.73438 0.77941 0.1767 0.0326
0 0.73438 0.80777 0.19176 0.04336
0 0.73438 0.87983 0.19449 0.03468
0 0.90921 0.14396 0.21372 0.0392
0 0.90921 0.18881 0.18081 0.03845
0 0.90921 0.22564 0.17524 0.03452
0 0.90921 0.26694 0.16908 0.03864
0 0.90921 0.33682 0.17378 0.03357
0 0.90921 0.39607 0.22063 0.03291
0 0.90921 0.41354 0.17276 0.03892
0 0.90921 0.46455 0.21857 0.03773
0 0.90921 0.58709 0.18005 0.04306
0 0.90921 0.61351 0.20871 0.04141
0 0.90921 0.66682 0.21127 0.03927
0 0.90921 0.65479 0.20921 0.03714
0 0.90921 0.78918 0.214 0.03674
0 0.90921 0.84824 0.16436 0.04222
0 0.90921 0.89071 0.19589 0.0368
0 0.90921 0.91070 0.16934 0.0345