0 0.10501 0.12373 0.17495 0.04125
0 0.10501 0.17915 0.18492 0.03359
0 0.10501 0.22072 0.20919 0.0322
0 0.10501 0.26480 0.21464 0.04277
0 0.10501 0.36447 0.21226 0.04353
0 0.10501 0.36620 0.21172 0.0344
0 0.10501 0.49288 0.18018 0.03364
0 0.10501 0.47135 0.198 0.03673
0 0.10501 0.50261 0.20263 0.04302
0 0.10501 0.56814 0.18933 0.03721
0 0.10501 0.66647 0.20162 0.04253
0 0.10501 0.74756 0.17671 0.03345
0 0.10501 0.84081 0.20459 0.04031
0 0.10501 0.85894 0.1625 0.03695
0 0.10501 0.90986 0.18634 0.03401
0 0.10501 0.87720 0.19018 0.03457
0 0.3148 0.16037 0.18496 0.03478
0 0.3148 0.20915 0.22029 0.04288
0 0.3148 0.28692 0.16897 0.03392
0 0.3148 0.30239 0.17481 0.03625
0 0.3148 0.36894 0.1843 0.04266
0 0.3148 0.42331 0.19555 0.04377
0 0.3148 0.53946 0.20008 0.04342
0 0.3148 0.56714 0.16651 0.03974
0 0.3148 0.60658 0.17091 0.03645
0 0.3148 0.73751 0.21894 0.03978
0 0.3148 0.79824 0.18149 0.04095
0 0.3148 0.75456 0.18867 0.03463
0 0.3148 0.76392 0.21537 0.03307
0 0.3148 0.83752 0.19172 0.04366
0 0.3148 0.87648 0.19334 0.035
0 0.52459 0.13711 0.193 0.04271
0 0.52459 0.17469 0.1656 0.03635
0 0.52459 0.22436 0.16709 0.04066
0 0.52459 0.30029 0.16629 0.043
0 0.52459 0.31500 0.18141 0.04198
0 0.52459 0.42599 0.21329 0.03979
0 0.52459 0.48820 0.18786 0.0405
0 0.52459 0.54210 0.18538 0.0394
0 0.52459 0.54911 0.21985 0.03851
0 0.52459 0.57864 0.19429 0.0331
0 0.52459 0.67429 0.21128 0.03296
0 0.52459 0.75427 0.19516 0.04231
0 0.52459 0.75545 0.17815 0.03576
0 0.52459 0.89912 0.19524 0.03939
0 0.52459 0.88789 0.20466 0.03789
0 0.52459 0.85000 0.19658 0.04179
0 0.73438 0.12372 0.21462 0.04239
0 0.73438 0.16308 0.16558 0.03972
0 0.73438 0.21734 0.21666 0.03876
0 0.73438 0.28449 0.19477 0.04276
0 0.73438 0.28046 0.19325 0.03999
0 0.73438 0.33297 0.18528 0.04247
0 0.73438 0.37060 0.20655 0.03241
0 0.73438 0.49806 0.20298 0.04274
0 0.73438 0.54189 0.21056 0.03603
0 0.73438 0.51599 0.17062 0.04122
0 0.73438 0.54327 0.21262 0.04007
0 0.73438 0.63622 0.21675 0.03536
0 0.73438 0.74283 0.19544 0.03525
0 0.73438 0.70331 0.18364 0.03599
0 0.73438 0.76188 0.173 0.0342
0 0.73438 0.78716 0.19925 0.03781
0 0.90921 0.12404 0.18609 0.03306
0 0.90921 0.17937 0.20411 0.03521
0 0.90921 0.22934 0.21881 0.03616
0 0.90921 0.28650 0.19216 0.033
0 0.90921 0.36716 0.20786 0.03877
0 0.90921 0.40630 0.18629 0.03619
0 0.90921 0.47069 0.21016 0.04356
0 0.90921 0.48995 0.18392 0.04089
0 0.90921 0.56058 0.22099 0.03897
0 0.90921 0.65604 0.1839 0.0367
0 0.90921 0.70191 0.19863 0.0356
0 0.90921 0.74111 0.17512 0.03442
0 0.90921 0.82837 0.19453 0.03866
0 0.90921 0.74694 0.20256 0.03547
0 0.90921 0.92113 0.21355 0.03748