0 0.10501 0.12972 0.17535 0.03621
0 0.10501 0.17549 0.18921 0.04287
0 0.10501 0.24993 0.16821 0.03752
0 0.10501 0.27527 0.17619 0.03402
0 0.10501 0.36198 0.21886 0.03744
0 0.10501 0.36572 0.16655 0.03597
0 0.10501 0.42397 0.17266 0.03597
0 0.10501 0.46464 0.22121 0.03312
0 0.10501 0.52981 0.1863 0.03494
0 0.10501 0.65716 0.20143 0.03277
0 0.10501 0.68054 0.17358 0.03415
0 0.10501 0.69452 0.21374 0.04334
0 0.10501 0.80455 0.21455 0.03509
0 0.10501 0.83050 0.16909 0.03216
0 0.10501 0.96025 0.20139 0.03637
0 0.10501 0.97029 0.2052 0.03931
0 0.3148 0.14519 0.16547 0.0404
0 0.3148 0.18994 0.17894 0.03945
0 0.3148 0.26910 0.1784 0.03217
0 0.3148 0.29168 0.19862 0.0436
0 0.3148 0.39053 0.17524 0.04048
0 0.3148 0.40488 0.16372 0.03629
0 0.3148 0.46783 0.1829 0.04361
0 0.3148 0.56572 0.20806 0.04241
0 0.3148 0.63704 0.21746 0.04079
0 0.3148 0.64358 0.17478 0.03712
0 0.3148 0.68414 0.19297 0.03437
0 0.3148 0.73515 0.21911 0.04183
0 0.3148 0.83459 0.19473 0.03324
0 0.3148 0.84125 0.21385 0.03811
0 0.3148 0.98923 0.19049 0.03922
0 0.3148 0.97375 0.17994 0.03551
0 0.52459 0.14486 0.17094 0.03283
0 0.52459 0.19568 0.19472 0.03458
0 0.52459 0.23292 0.17649 0.03742
0 0.52459 0.28797 0.22095 0.04109
0 0.52459 0.31769 0.21701 0.04205
0 0.52459 0.37318 0.20678 0.03494
0 0.52459 0.42521 0.21179 0.03799
0 0.52459 0.45720 0.19164 0.03684
0 0.52459 0.56611 0.19577 0.03253
0 0.52459 0.55475 0.16426 0.03938
0 0.52459 0.67036 0.16664 0.03427
0 0.52459 0.73531 0.20003 0.03511
0 0.52459 0.83379 0.18083 0.03859
0 0.52459 0.83399 0.21444 0.03754
0 0.52459 0.88598 0.16474 0.03807
0 0.52459 0.97702 0.21539 0.03793
0 0.73438 0.12407 0.16309 0.03461
0 0.73438 0.15149 0.18763 0.03792
0 0.73438 0.22496 0.16628 0.03291
0 0.73438 0.24594 0.20847 0.04261
0 0.73438 0.29816 0.21203 0.04138
0 0.73438 0.37746 0.17703 0.04034
0 0.73438 0.39616 0.19538 0.04025
0 0.73438 0.47161 0.21034 0.04295
0 0.73438 0.49879 0.16886 0.03959
0 0.73438 0.50066 0.18217 0.04142
0 0.73438 0.55786 0.21174 0.03268
0 0.73438 0.67042 0.21879 0.04116
0 0.73438 0.71051 0.20891 0.04094
0 0.73438 0.72881 0.16614 0.04005
0 0.73438 0.81443 0.20886 0.04237
0 0.73438 0.81865 0.17382 0.03233
0 0.90921 0.12769 0.19978 0.03334
0 0.90921 0.18412 0.17389 0.03551
0 0.90921 0.24434 0.20786 0.04166
0 0.90921 0.27320 0.21835 0.03424
0 0.90921 0.36121 0.16668 0.03533
0 0.90921 0.42019 0.18173 0.04014
0 0.90921 0.44463 0.17989 0.04224
0 0.90921 0.54375 0.16251 0.03899
0 0.90921 0.54555 0.2004 0.03401
0 0.90921 0.57362 0.17608 0.03415
0 0.90921 0.66481 0.16807 0.04371
0 0.90921 0.78164 0.17122 0.03232
0 0.90921 0.72255 0.17223 0.0366
0 0.90921 0.87498 0.20436 0.04082
0 0.90921 0.83899 0.18419 0.04047
0 0.90921 0.93002 0.19599 0.03319