0 0.10501 0.12709 0.17391 0.03812
0 0.10501 0.19154 0.17548 0.03257
0 0.10501 0.24967 0.16632 0.03781
0 0.10501 0.31677 0.1834 0.04267
0 0.10501 0.36259 0.1837 0.03637
0 0.10501 0.36237 0.19941 0.03919
0 0.10501 0.47928 0.18349 0.03336
0 0.10501 0.48713 0.21922 0.04182
0 0.10501 0.58367 0.21725 0.03753
0 0.10501 0.65201 0.22073 0.03247
0 0.10501 0.71392 0.16566 0.03939
0 0.10501 0.77230 0.17303 0.03796
0 0.10501 0.84530 0.21279 0.0436
0 0.10501 0.86036 0.18953 0.03696
0 0.10501 0.90831 0.21534 0.03303
0 0.10501 0.91767 0.19533 0.04132
0 0.3148 0.13843 0.19968 0.04098
0 0.3148 0.20431 0.21714 0.03266
0 0.3148 0.27144 0.17566 0.04032
0 0.3148 0.33087 0.21867 0.03642
0 0.3148 0.38284 0.20491 0.03501
0 0.3148 0.47710 0.17314 0.03339
0 0.3148 0.46362 0.17155 0.04187
0 0.3148 0.52804 0.16886 0.03642
0 0.3148 0.58811 0.21404 0.03676
0 0.3148 0.66978 0.19156 0.0416
0 0.3148 0.74979 0.18023 0.03763
0 0.3148 0.84198 0.16909 0.0347
0 0.3148 0.92077 0.20215 0.0383
0 0.3148 0.82913 0.18718 0.0427
0 0.3148 0.93503 0.21443 0.03608
0 0.52459 0.13907 0.17864 0.0325
0 0.52459 0.19986 0.1708 0.03619
0 0.52459 0.22766 0.21635 0.03359
0 0.52459 0.27913 0.20648 0.03612
0 0.52459 0.34810 0.19601 0.0419
0 0.52459 0.36845 0.20572 0.0393
0 0.52459 0.45979 0.20189 0.03645
0 0.52459 0.51159 0.20514 0.03503
0 0.52459 0.56498 0.19016 0.03252
0 0.52459 0.60216 0.19358 0.04205
0 0.52459 0.62936 0.20534 0.03417
0 0.52459 0.77785 0.16964 0.04117
0 0.52459 0.76364 0.20407 0.03752
0 0.52459 0.84049 0.18814 0.03468
0 0.52459 0.96085 0.16394 0.03883
0 0.52459 0.86533 0.18557 0.03879
0 0.73438 0.12769 0.20344 0.03945
0 0.73438 0.17239 0.21053 0.03212
0 0.73438 0.22491 0.21494 0.03399
0 0.73438 0.26448 0.20067 0.038
0 0.73438 0.29753 0.16771 0.03231
0 0.73438 0.36694 0.16851 0.03482
0 0.73438 0.44247 0.21537 0.03229
0 0.73438 0.46694 0.18597 0.03466
0 0.73438 0.46640 0.20467 0.03618
0 0.73438 0.59450 0.19339 0.04
0 0.73438 0.65569 0.2005 0.03329
0 0.73438 0.66423 0.18347 0.03657
0 0.73438 0.75712 0.18557 0.0323
0 0.73438 0.73980 0.20851 0.0398
0 0.73438 0.79695 0.18991 0.03632
0 0.73438 0.81657 0.19087 0.03589
0 0.90921 0.14502 0.16255 0.04019
0 0.90921 0.17383 0.19613 0.03255
0 0.90921 0.26276 0.20823 0.04115
0 0.90921 0.29430 0.17984 0.04177
0 0.90921 0.35242 0.17116 0.04008
0 0.90921 0.40235 0.1659 0.04064
0 0.90921 0.44445 0.18819 0.03593
0 0.90921 0.48205 0.18503 0.03784
0 0.90921 0.55732 0.18879 0.04038
0 0.90921 0.64640 0.21177 0.03869
0 0.90921 0.72449 0.21214 0.0412
0 0.90921 0.65678 0.21368 0.03663
0 0.90921 0.84388 0.18798 0.03556
0 0.90921 0.82160 0.20237 0.04167
0 0.90921 0.87818 0.16825 0.03607
0 0.90921 0.98410 0.2202 0.0428