0 0.10501 0.12000 0.17934 0.04265
0 0.10501 0.19903 0.18043 0.03791
0 0.10501 0.22461 0.21865 0.03299
0 0.10501 0.27597 0.19682 0.03416
0 0.10501 0.35473 0.20618 0.04176
0 0.10501 0.39225 0.19356 0.03439
0 0.10501 0.40668 0.17711 0.03766
0 0.10501 0.50779 0.2195 0.03393
0 0.10501 0.58235 0.19745 0.03473
0 0.10501 0.55585 0.18233 0.03959
0 0.10501 0.64230 0.20116 0.0401
0 0.10501 0.65144 0.1804 0.03623
0 0.10501 0.71635 0.19062 0.0365
0 0.10501 0.86807 0.17241 0.04123
0 0.10501 0.88054 0.17901 0.04207
0 0.10501 0.92245 0.18025 0.03947
0 0.3148 0.14601 0.18077 0.04171
0 0.3148 0.18903 0.20579 0.03305
0 0.3148 0.27231 0.20855 0.03623
0 0.3148 0.31810 0.1724 0.03754
0 0.3148 0.36184 0.20418 0.03681
0 0.3148 0.47263 0.16527 0.04179
0 0.3148 0.46683 0.17955 0.03713
0 0.3148 0.52254 0.16663 0.03462
0 0.3148 0.59238 0.21387 0.03658
0 0.3148 0.72908 0.21333 0.04018
0 0.3148 0.72650 0.18594 0.03721
0 0.3148 0.76840 0.17203 0.03415
0 0.3148 0.91930 0.18603 0.04336
0 0.3148 0.95997 0.21399 0.03873
0 0.3148 0.88420 0.21822 0.0381
0 0.52459 0.14277 0.19612 0.04283
0 0.52459 0.20234 0.18513 0.04226
0 0.52459 0.24888 0.21082 0.03355
0 0.52459 0.29698 0.195 0.03928
0 0.52459 0.33746 0.19771 0.0347
0 0.52459 0.38859 0.18088 0.03641
0 0.52459 0.48438 0.21638 0.03613
0 0.52459 0.55347 0.19199 0.04032
0 0.52459 0.56608 0.18185 0.03702
0 0.52459 0.59442 0.18189 0.0365
0 0.52459 0.61339 0.19562 0.03551
0 0.52459 0.78280 0.21844 0.0435
0 0.52459 0.73737 0.164 0.03583
0 0.52459 0.78458 0.19954 0.04054
0 0.52459 0.87644 0.17393 0.04351
0 0.52459 0.92387 0.17729 0.03269
0 0.73438 0.12773 0.19433 0.03461
0 0.73438 0.15418 0.17832 0.03428
0 0.73438 0.21396 0.17324 0.03638
0 0.73438 0.27989 0.18438 0.04367
0 0.73438 0.28400 0.21112 0.04363
0 0.73438 0.35416 0.20098 0.03289
0 0.73438 0.40835 0.19169 0.03606
0 0.73438 0.43756 0.18014 0.03938
0 0.73438 0.53624 0.2106 0.03533
0 0.73438 0.57018 0.19183 0.03462
0 0.73438 0.56385 0.20977 0.03275
0 0.73438 0.66801 0.20204 0.03982
0 0.73438 0.75130 0.18911 0.03373
0 0.73438 0.76317 0.21717 0.03846
0 0.73438 0.72471 0.21778 0.0429
0 0.73438 0.89461 0.17077 0.03357
0 0.90921 0.14098 0.20664 0.03529
0 0.90921 0.18328 0.17857 0.04334
0 0.90921 0.21652 0.18171 0.04265
0 0.90921 0.26490 0.21855 0.04029
0 0.90921 0.34175 0.21728 0.03246
0 0.90921 0.43678 0.21818 0.03581
0 0.90921 0.47696 0.22055 0.03301
0 0.90921 0.49010 0.20582 0.03796
0 0.90921 0.53892 0.17618 0.03496
0 0.90921 0.64526 0.16678 0.04056
0 0.90921 0.64220 0.17747 0.03268
0 0.90921 0.69962 0.18488 0.04215
0 0.90921 0.77403 0.20044 0.03288
0 0.90921 0.75460 0.2009 0.03445
0 0.90921 0.79068 0.21267 0.03995
0 0.90921 0.91061 0.21468 0.03919