0 0.10501 0.12300 0.20862 0.03957
0 0.10501 0.18281 0.1841 0.03316
0 0.10501 0.22289 0.1977 0.03868
0 0.10501 0.29393 0.20357 0.03327
0 0.10501 0.36545 0.17994 0.04292
0 0.10501 0.39422 0.2197 0.03765
0 0.10501 0.47122 0.18326 0.04077
0 0.10501 0.50576 0.1801 0.03248
0 0.10501 0.52186 0.20143 0.039
0 0.10501 0.63790 0.21563 0.04226
0 0.10501 0.65082 0.21717 0.03359
0 0.10501 0.78582 0.17771 0.03718
0 0.10501 0.71527 0.22012 0.0386
0 0.10501 0.83097 0.17807 0.03978
0 0.10501 0.80827 0.16806 0.03343
0 0.10501 0.90332 0.18486 0.04121
0 0.3148 0.14506 0.16813 0.04278
0 0.3148 0.21927 0.21021 0.03911
0 0.3148 0.23894 0.22037 0.03583
0 0.3148 0.34758 0.19584 0.03735
0 0.3148 0.34800 0.1737 0.04215
0 0.3148 0.41499 0.1723 0.04171
0 0.3148 0.52968 0.20972 0.03942
0 0.3148 0.52046 0.18032 0.03684
0 0.3148 0.62855 0.18953 0.03409
0 0.3148 0.71654 0.17171 0.04153
0 0.3148 0.79949 0.2109 0.03853
0 0.3148 0.80209 0.17591 0.04113
0 0.3148 0.90064 0.20954 0.0407
0 0.3148 0.85916 0.18066 0.03377
0 0.3148 0.90726 0.18829 0.04019
0 0.3148 0.95685 0.194 0.03687
0 0.52459 0.14597 0.21594 0.03684
0 0.52459 0.17118 0.21777 0.03332
0 0.52459 0.22629 0.19614 0.03314
0 0.52459 0.31905 0.17458 0.03531
0 0.52459 0.37826 0.17722 0.04147
0 0.52459 0.35894 0.21841 0.03828
0 0.52459 0.44207 0.21863 0.03754
0 0.52459 0.51145 0.21351 0.03477
0 0.52459 0.50206 0.21702 0.03869
0 0.52459 0.60943 0.19491 0.04075
0 0.52459 0.63703 0.17127 0.03628
0 0.52459 0.75945 0.19691 0.0323
0 0.52459 0.73574 0.2038 0.03875
0 0.52459 0.86030 0.20196 0.03653
0 0.52459 0.82412 0.20536 0.0429
0 0.52459 0.98116 0.1722 0.04038
0 0.73438 0.13134 0.18942 0.03429
0 0.73438 0.16781 0.18903 0.04084
0 0.73438 0.22451 0.17791 0.0424
0 0.73438 0.27030 0.17505 0.03223
0 0.73438 0.30889 0.20977 0.03827
0 0.73438 0.38821 0.2063 0.04352
0 0.73438 0.38919 0.17887 0.03454
0 0.73438 0.44092 0.21662 0.0389
0 0.73438 0.46462 0.1965 0.03624
0 0.73438 0.50405 0.19486 0.03427
0 0.73438 0.58159 0.17038 0.03816
0 0.73438 0.64802 0.20048 0.03758
0 0.73438 0.66732 0.18206 0.04368
0 0.73438 0.73405 0.16994 0.04281
0 0.73438 0.82966 0.18291 0.03341
0 0.73438 0.86934 0.17065 0.04353
0 0.90921 0.12224 0.16363 0.03357
0 0.90921 0.18279 0.17574 0.03645
0 0.90921 0.21775 0.19252 0.03605
0 0.90921 0.31378 0.20738 0.0353
0 0.90921 0.34841 0.20567 0.03829
0 0.90921 0.37780 0.19299 0.03352
0 0.90921 0.47313 0.1704 0.04141
0 0.90921 0.49089 0.18352 0.03844
0 0.90921 0.61014 0.20391 0.03376
0 0.90921 0.61930 0.20156 0.04076
0 0.90921 0.62708 0.20679 0.034
0 0.90921 0.68313 0.18434 0.03785
0 0.90921 0.78940 0.21836 0.03819
0 0.90921 0.88195 0.2174 0.03914
0 0.90921 0.91327 0.17324 0.03457
0 0.90921 0.98819 0.19457 0.0353