0 0.10501 0.12467 0.17667 0.04129
0 0.10501 0.16834 0.20778 0.04148
0 0.10501 0.22755 0.21802 0.03547
0 0.10501 0.28837 0.21683 0.04212
0 0.10501 0.35985 0.19197 0.04056
0 0.10501 0.39587 0.17369 0.03742
0 0.10501 0.41528 0.20254 0.04272
0 0.10501 0.53066 0.17829 0.04135
0 0.10501 0.50411 0.1789 0.04183
0 0.10501 0.65086 0.1747 0.03494
0 0.10501 0.66164 0.16671 0.03548
0 0.10501 0.69989 0.17088 0.04325
0 0.10501 0.79439 0.18484 0.03244
0 0.10501 0.89084 0.17295 0.03789
0 0.10501 0.89616 0.20685 0.03369
0 0.10501 0.84487 0.17525 0.03772
0 0.3148 0.13901 0.17726 0.03722
0 0.3148 0.20968 0.21565 0.03291
0 0.3148 0.24185 0.18722 0.03887
0 0.3148 0.33723 0.20573 0.03353
0 0.3148 0.37479 0.20095 0.03921
0 0.3148 0.45305 0.18621 0.0323
0 0.3148 0.48839 0.18709 0.04352
0 0.3148 0.51871 0.16611 0.0377
0 0.3148 0.66513 0.17805 0.03391
0 0.3148 0.72731 0.19113 0.03306
0 0.3148 0.71633 0.18159 0.04262
0 0.3148 0.85361 0.16697 0.03714
0 0.3148 0.91004 0.21298 0.04372
0 0.3148 0.90529 0.16498 0.0415
0 0.52459 0.12363 0.21277 0.03657
0 0.52459 0.19862 0.16349 0.0356
0 0.52459 0.23894 0.21709 0.03457
0 0.52459 0.26689 0.16844 0.03261
0 0.52459 0.32273 0.17435 0.04063
0 0.52459 0.38809 0.18723 0.03277
0 0.52459 0.44418 0.2078 0.03674
0 0.52459 0.45783 0.20317 0.04229
0 0.52459 0.60830 0.18183 0.041
0 0.52459 0.61250 0.19945 0.03817
0 0.52459 0.67053 0.19597 0.04156
0 0.52459 0.68185 0.21539 0.03392
0 0.52459 0.71003 0.20644 0.04236
0 0.52459 0.79002 0.19347 0.03635
0 0.52459 0.88785 0.1838 0.03596
0 0.52459 0.99997 0.17597 0.03726
0 0.73438 0.12585 0.20623 0.03284
0 0.73438 0.17730 0.18061 0.03523
0 0.73438 0.23643 0.16455 0.03592
0 0.73438 0.26754 0.20768 0.03684
0 0.73438 0.28907 0.1923 0.03357
0 0.73438 0.34360 0.18326 0.03435
0 0.73438 0.40777 0.19733 0.03242
0 0.73438 0.48273 0.19653 0.03283
0 0.73438 0.48870 0.18512 0.0425
0 0.73438 0.59805 0.20368 0.03724
0 0.73438 0.59280 0.20582 0.04355
0 0.73438 0.61710 0.22054 0.03574
0 0.73438 0.64303 0.21595 0.04303
0 0.73438 0.70197 0.21557 0.03998
0 0.73438 0.71328 0.1848 0.0424
0 0.73438 0.88521 0.20778 0.04053
0 0.90921 0.13389 0.20914 0.03767
0 0.90921 0.19831 0.19982 0.03404
0 0.90921 0.25804 0.20498 0.04358
0 0.90921 0.32115 0.16508 0.03516
0 0.90921 0.32799 0.17264 0.0328
0 0.90921 0.43662 0.19279 0.04137
0 0.90921 0.44223 0.1628 0.04052
0 0.90921 0.47249 0.18053 0.03394
0 0.90921 0.52339 0.19573 0.03426
0 0.90921 0.66193 0.18372 0.03455
0 0.90921 0.71595 0.1956 0.03919
0 0.90921 0.78482 0.20202 0.03583
0 0.90921 0.70836 0.21549 0.03729
0 0.90921 0.76523 0.16692 0.03338
0 0.90921 0.91281 0.18044 0.04238
0 0.90921 0.87593 0.21884 0.03983