0 0.10501 0.11983 0.17186 0.04003
0 0.10501 0.17844 0.20816 0.03501
0 0.10501 0.23041 0.21782 0.04044
0 0.10501 0.27227 0.17186 0.03654
0 0.10501 0.37694 0.19788 0.04275
0 0.10501 0.42926 0.2033 0.03737
0 0.10501 0.47099 0.19214 0.03978
0 0.10501 0.50141 0.19741 0.04309
0 0.10501 0.53447 0.19008 0.03383
0 0.10501 0.66235 0.19822 0.03858
0 0.10501 0.63222 0.17056 0.03371
0 0.10501 0.75674 0.21919 0.03691
0 0.10501 0.72145 0.20653 0.03946
0 0.10501 0.86028 0.19806 0.03672
0 0.10501 0.93003 0.169 0.03448
0 0.10501 0.98222 0.16386 0.0419
0 0.3148 0.13564 0.1909 0.03888
0 0.3148 0.20448 0.16321 0.04137
0 0.3148 0.26489 0.20409 0.03435
0 0.3148 0.33461 0.21494 0.04047
0 0.3148 0.37456 0.2164 0.03568
0 0.3148 0.43989 0.1951 0.03775
0 0.3148 0.46365 0.19668 0.03218
0 0.3148 0.56749 0.17342 0.04088
0 0.3148 0.64847 0.20317 0.03953
0 0.3148 0.73242 0.17123 0.03848
0 0.3148 0.74680 0.19645 0.03294
0 0.3148 0.73852 0.16816 0.03625
0 0.3148 0.79499 0.19453 0.04338
0 0.3148 0.85683 0.16579 0.03452
0 0.52459 0.13238 0.18384 0.03944
0 0.52459 0.17894 0.164 0.03975
0 0.52459 0.25003 0.16341 0.03615
0 0.52459 0.28828 0.16513 0.03569
0 0.52459 0.35237 0.19643 0.03479
0 0.52459 0.38210 0.18268 0.04343
0 0.52459 0.42878 0.1892 0.04326
0 0.52459 0.48754 0.21232 0.04336
0 0.52459 0.61261 0.16891 0.03926
0 0.52459 0.60207 0.20227 0.04242
0 0.52459 0.72316 0.20637 0.0386
0 0.52459 0.66923 0.21519 0.04335
0 0.52459 0.80216 0.16779 0.03331
0 0.52459 0.82656 0.19175 0.03899
0 0.52459 0.81778 0.20568 0.03362
0 0.52459 0.84240 0.22032 0.03618
0 0.73438 0.12642 0.16655 0.04276
0 0.73438 0.18328 0.19644 0.03869
0 0.73438 0.22108 0.17829 0.03307
0 0.73438 0.25358 0.16954 0.04122
0 0.73438 0.29864 0.22047 0.03731
0 0.73438 0.35169 0.17058 0.03465
0 0.73438 0.43936 0.2011 0.03994
0 0.73438 0.49400 0.18966 0.03416
0 0.73438 0.52896 0.21863 0.03278
0 0.73438 0.50619 0.17857 0.04351
0 0.73438 0.58024 0.21338 0.03269
0 0.73438 0.68754 0.17057 0.04313
0 0.73438 0.74579 0.16877 0.03569
0 0.73438 0.80820 0.20572 0.04087
0 0.73438 0.85723 0.19548 0.0431
0 0.73438 0.86930 0.17463 0.03758
0 0.90921 0.13112 0.18777 0.0427
0 0.90921 0.17306 0.19639 0.04079
0 0.90921 0.23925 0.19274 0.0348
0 0.90921 0.31027 0.18404 0.0382
0 0.90921 0.36659 0.16404 0.04167
0 0.90921 0.40836 0.21694 0.03905
0 0.90921 0.49620 0.21158 0.03489
0 0.90921 0.48293 0.1804 0.03459
0 0.90921 0.55960 0.21607 0.03635
0 0.90921 0.56944 0.17567 0.03712
0 0.90921 0.69555 0.16255 0.04091
0 0.90921 0.71738 0.21486 0.03225
0 0.90921 0.71833 0.17568 0.03508
0 0.90921 0.76823 0.21505 0.04288
0 0.90921 0.82378 0.18307 0.04038
0 0.90921 0.85906 0.16621 0.03487