0 0.10501 0.14011 0.20352 0.03425
0 0.10501 0.19209 0.21871 0.03312
0 0.10501 0.25369 0.17492 0.03605
0 0.10501 0.29993 0.1662 0.03909
0 0.10501 0.31366 0.20312 0.04101
0 0.10501 0.39346 0.20961 0.03599
0 0.10501 0.46105 0.16703 0.04355
0 0.10501 0.50614 0.21435 0.03746
0 0.10501 0.58140 0.19316 0.03367
0 0.10501 0.61223 0.18512 0.03309
0 0.10501 0.62989 0.16802 0.04211
0 0.10501 0.70869 0.20373 0.0341
0 0.10501 0.82049 0.17659 0.03901
0 0.10501 0.78773 0.18127 0.04267
0 0.10501 0.86427 0.16332 0.03512
0 0.10501 0.83884 0.19465 0.03438
0 0.3148 0.15769 0.22073 0.04341
0 0.3148 0.20029 0.18188 0.03939
0 0.3148 0.27630 0.18865 0.03976
0 0.3148 0.32554 0.17805 0.03612
0 0.3148 0.40242 0.19242 0.04358
0 0.3148 0.43894 0.2203 0.04188
0 0.3148 0.50576 0.16362 0.04211
0 0.3148 0.51348 0.17446 0.03833
0 0.3148 0.58435 0.20341 0.03494
0 0.3148 0.61173 0.20981 0.04268
0 0.3148 0.76653 0.1796 0.03898
0 0.3148 0.82067 0.21412 0.03829
0 0.3148 0.77694 0.21495 0.03991
0 0.3148 0.84685 0.16355 0.03348
0 0.3148 0.96703 0.17508 0.03803
0 0.3148 0.91937 0.18333 0.0359
0 0.52459 0.13083 0.20166 0.04321
0 0.52459 0.19047 0.19653 0.03486
0 0.52459 0.25505 0.21387 0.04212
0 0.52459 0.26571 0.209 0.04214
0 0.52459 0.34749 0.18884 0.03231
0 0.52459 0.38158 0.18746 0.03676
0 0.52459 0.47789 0.18568 0.03826
0 0.52459 0.49033 0.20986 0.03218
0 0.52459 0.50676 0.16746 0.0428
0 0.52459 0.62817 0.1859 0.03279
0 0.52459 0.68929 0.17999 0.04086
0 0.52459 0.70497 0.18022 0.03964
0 0.52459 0.74061 0.17797 0.03998
0 0.52459 0.85693 0.17353 0.03241
0 0.52459 0.95471 0.1878 0.03236
0 0.52459 0.86996 0.19175 0.04186
0 0.73438 0.11367 0.18261 0.03723
0 0.73438 0.15586 0.18452 0.03981
0 0.73438 0.22924 0.21645 0.04217
0 0.73438 0.25374 0.19745 0.041
0 0.73438 0.32142 0.16786 0.04373
0 0.73438 0.32893 0.21481 0.03614
0 0.73438 0.41148 0.20766 0.04077
0 0.73438 0.43676 0.16834 0.03388
0 0.73438 0.53911 0.20866 0.04123
0 0.73438 0.53936 0.17843 0.03319
0 0.73438 0.55858 0.20363 0.03705
0 0.73438 0.69982 0.17757 0.03311
0 0.73438 0.66668 0.1693 0.03439
0 0.73438 0.67480 0.20813 0.03254
0 0.73438 0.81242 0.1827 0.03876
0 0.73438 0.90393 0.21923 0.03998
0 0.90921 0.14506 0.1788 0.04212
0 0.90921 0.17049 0.21 0.03952
0 0.90921 0.25022 0.21465 0.0387
0 0.90921 0.28874 0.18903 0.03419
0 0.90921 0.32102 0.17106 0.03379
0 0.90921 0.43538 0.18918 0.03251
0 0.90921 0.45662 0.19607 0.03932
0 0.90921 0.47108 0.18552 0.04278
0 0.90921 0.50523 0.17218 0.03846
0 0.90921 0.67126 0.21405 0.04268
0 0.90921 0.62637 0.16737 0.03315
0 0.90921 0.70439 0.19899 0.039
0 0.90921 0.75037 0.21246 0.04222
0 0.90921 0.74437 0.2115 0.0348
0 0.90921 0.90152 0.21756 0.0433
0 0.90921 0.90572 0.18296 0.03926