0 0.10501 0.13260 0.21669 0.03829
0 0.10501 0.17142 0.17779 0.03424
0 0.10501 0.23517 0.18193 0.04303
0 0.10501 0.31149 0.17578 0.03483
0 0.10501 0.37888 0.20596 0.03971
0 0.10501 0.42546 0.17284 0.04023
0 0.10501 0.45055 0.19992 0.03731
0 0.10501 0.52225 0.17453 0.03406
0 0.10501 0.50535 0.16782 0.03348
0 0.10501 0.65181 0.20211 0.04345
0 0.10501 0.62506 0.18809 0.04159
0 0.10501 0.72577 0.18769 0.03918
0 0.10501 0.81770 0.19559 0.03682
0 0.10501 0.87452 0.20809 0.04064
0 0.10501 0.96278 0.16306 0.04033
0 0.10501 0.91600 0.17748 0.04221
0 0.3148 0.14521 0.17527 0.03339
0 0.3148 0.18672 0.1981 0.03322
0 0.3148 0.26126 0.17314 0.04062
0 0.3148 0.30081 0.21742 0.03423
0 0.3148 0.39942 0.17712 0.0395
0 0.3148 0.45545 0.16818 0.03262
0 0.3148 0.47063 0.20895 0.037
0 0.3148 0.52931 0.20626 0.04309
0 0.3148 0.67334 0.17369 0.03257
0 0.3148 0.60828 0.20919 0.03277
0 0.3148 0.66598 0.17785 0.0355
0 0.3148 0.72419 0.21579 0.04077
0 0.3148 0.89411 0.16567 0.03235
0 0.3148 0.94193 0.19368 0.03617
0 0.52459 0.13662 0.16792 0.04191
0 0.52459 0.20100 0.18651 0.04067
0 0.52459 0.21937 0.19552 0.0373
0 0.52459 0.30235 0.21616 0.03265
0 0.52459 0.34822 0.16284 0.04143
0 0.52459 0.38850 0.19959 0.03602
0 0.52459 0.44564 0.19407 0.03675
0 0.52459 0.45910 0.18767 0.04342
0 0.52459 0.57681 0.19636 0.03541
0 0.52459 0.61637 0.20224 0.03681
0 0.52459 0.65538 0.18801 0.04037
0 0.52459 0.66384 0.16892 0.03771
0 0.52459 0.81316 0.18874 0.04242
0 0.52459 0.88764 0.21782 0.04167
0 0.52459 0.82127 0.16652 0.04181
0 0.52459 0.96220 0.21707 0.03256
0 0.73438 0.12197 0.18865 0.04279
0 0.73438 0.18397 0.20237 0.03819
0 0.73438 0.20853 0.16927 0.03808
0 0.73438 0.24545 0.22095 0.04057
0 0.73438 0.33687 0.19464 0.0371
0 0.73438 0.38316 0.19752 0.03388
0 0.73438 0.40967 0.19198 0.03733
0 0.73438 0.46847 0.20781 0.03446
0 0.73438 0.52188 0.17461 0.0354
0 0.73438 0.54827 0.17557 0.03674
0 0.73438 0.61688 0.2193 0.0358
0 0.73438 0.67428 0.20746 0.04184
0 0.73438 0.65205 0.19264 0.03658
0 0.73438 0.80637 0.16452 0.03311
0 0.73438 0.80988 0.19047 0.03794
0 0.73438 0.79284 0.21867 0.03369
0 0.90921 0.13468 0.20315 0.0389
0 0.90921 0.16936 0.16893 0.04173
0 0.90921 0.25104 0.18917 0.03558
0 0.90921 0.29277 0.21929 0.03372
0 0.90921 0.35273 0.18294 0.03227
0 0.90921 0.37687 0.16661 0.03673
0 0.90921 0.43502 0.16925 0.03314
0 0.90921 0.49389 0.21088 0.03419
0 0.90921 0.61034 0.21255 0.04227
0 0.90921 0.66881 0.20044 0.03538
0 0.90921 0.65871 0.21607 0.04082
0 0.90921 0.64484 0.21735 0.03641
0 0.90921 0.80855 0.20213 0.03883
0 0.90921 0.75390 0.16336 0.03942
0 0.90921 0.80665 0.16663 0.03788
0 0.90921 0.96065 0.19079 0.04278