0 0.10501 0.13777 0.17425 0.03377
0 0.10501 0.17696 0.17989 0.03372
0 0.10501 0.24356 0.21272 0.03558
0 0.10501 0.29845 0.17496 0.03945
0 0.10501 0.31844 0.17821 0.04274
0 0.10501 0.40205 0.19485 0.04005
0 0.10501 0.48512 0.17722 0.04059
0 0.10501 0.55089 0.19173 0.03663
0 0.10501 0.59717 0.19864 0.03427
0 0.10501 0.62857 0.20012 0.03246
0 0.10501 0.64855 0.20312 0.04242
0 0.10501 0.73861 0.16845 0.03305
0 0.10501 0.72906 0.21557 0.04058
0 0.10501 0.82240 0.19674 0.04019
0 0.10501 0.89876 0.21952 0.03981
0 0.10501 0.94905 0.16436 0.04088
0 0.3148 0.13231 0.20864 0.03478
0 0.3148 0.19516 0.17903 0.03859
0 0.3148 0.26162 0.20866 0.03632
0 0.3148 0.31983 0.21417 0.03695
0 0.3148 0.35726 0.16972 0.03345
0 0.3148 0.40434 0.16539 0.04055
0 0.3148 0.45739 0.18783 0.03815
0 0.3148 0.55386 0.18654 0.0328
0 0.3148 0.62866 0.18558 0.03475
0 0.3148 0.62572 0.18783 0.04038
0 0.3148 0.66743 0.18534 0.04332
0 0.3148 0.76537 0.18024 0.04206
0 0.3148 0.81449 0.18772 0.04263
0 0.3148 0.93356 0.19317 0.04183
0 0.52459 0.14250 0.21511 0.03757
0 0.52459 0.17694 0.20071 0.0368
0 0.52459 0.22662 0.18821 0.04046
0 0.52459 0.31609 0.2036 0.04318
0 0.52459 0.36102 0.18568 0.0381
0 0.52459 0.42004 0.20043 0.03911
0 0.52459 0.45511 0.20964 0.03316
0 0.52459 0.55206 0.17799 0.04311
0 0.52459 0.56464 0.19654 0.03828
0 0.52459 0.61442 0.17771 0.03484
0 0.52459 0.60631 0.20968 0.04339
0 0.52459 0.68901 0.20437 0.04297
0 0.52459 0.69596 0.18102 0.0336
0 0.52459 0.78833 0.20563 0.03942
0 0.52459 0.83716 0.21983 0.03654
0 0.73438 0.12385 0.17878 0.0333
0 0.73438 0.18061 0.19424 0.03383
0 0.73438 0.20621 0.22111 0.03344
0 0.73438 0.28715 0.21036 0.03341
0 0.73438 0.29865 0.20512 0.04151
0 0.73438 0.37378 0.21831 0.03756
0 0.73438 0.42752 0.1717 0.03431
0 0.73438 0.43660 0.19476 0.03901
0 0.73438 0.54057 0.20937 0.0378
0 0.73438 0.52639 0.20408 0.04163
0 0.73438 0.62327 0.19548 0.04057
0 0.73438 0.61088 0.19339 0.03789
0 0.73438 0.68527 0.18985 0.03977
0 0.73438 0.67779 0.21173 0.03764
0 0.73438 0.78839 0.20682 0.04043
0 0.73438 0.84996 0.21675 0.035
0 0.90921 0.14109 0.17759 0.03927
0 0.90921 0.19216 0.16576 0.03306
0 0.90921 0.24054 0.19676 0.03889
0 0.90921 0.31626 0.20172 0.03931
0 0.90921 0.31527 0.17462 0.03511
0 0.90921 0.40963 0.21736 0.04218
0 0.90921 0.43150 0.18572 0.03454
0 0.90921 0.53160 0.22073 0.03765
0 0.90921 0.53085 0.1656 0.0413
0 0.90921 0.58129 0.21127 0.03529
0 0.90921 0.71248 0.21017 0.03478
0 0.90921 0.75382 0.2082 0.03488
0 0.90921 0.75922 0.17456 0.03794
0 0.90921 0.87771 0.21887 0.0349
0 0.90921 0.95550 0.20762 0.03829
0 0.90921 0.83784 0.20796 0.04064