0 0.10501 0.12693 0.21682 0.03436
0 0.10501 0.17064 0.18329 0.04002
0 0.10501 0.23195 0.19598 0.03947
0 0.10501 0.31532 0.20197 0.0365
0 0.10501 0.35034 0.19305 0.03524
0 0.10501 0.37542 0.17756 0.03592
0 0.10501 0.46064 0.20378 0.03567
0 0.10501 0.49978 0.1772 0.04317
0 0.10501 0.60219 0.19614 0.04166
0 0.10501 0.66521 0.21164 0.03647
0 0.10501 0.66080 0.19063 0.04044
0 0.10501 0.71275 0.19889 0.03797
0 0.10501 0.83739 0.18871 0.03808
0 0.10501 0.86018 0.21072 0.04054
0 0.10501 0.96012 0.20546 0.04245
0 0.10501 0.86418 0.21212 0.03483
0 0.3148 0.14020 0.1829 0.03373
0 0.3148 0.18840 0.19396 0.03936
0 0.3148 0.27506 0.21454 0.03837
0 0.3148 0.29481 0.18808 0.03751
0 0.3148 0.41117 0.19094 0.04229
0 0.3148 0.39896 0.2201 0.04222
0 0.3148 0.44991 0.18029 0.04312
0 0.3148 0.50297 0.20145 0.03342
0 0.3148 0.60572 0.21636 0.03233
0 0.3148 0.72521 0.21875 0.04291
0 0.3148 0.75807 0.18548 0.03281
0 0.3148 0.80575 0.21145 0.04264
0 0.3148 0.92904 0.18609 0.04279
0 0.3148 0.99022 0.16858 0.03963
0 0.3148 0.97752 0.18595 0.043
0 0.52459 0.13604 0.16352 0.03228
0 0.52459 0.20415 0.18049 0.03845
0 0.52459 0.25154 0.17829 0.03828
0 0.52459 0.29220 0.2055 0.04295
0 0.52459 0.31668 0.17342 0.03891
0 0.52459 0.36298 0.16613 0.03548
0 0.52459 0.44195 0.16994 0.0431
0 0.52459 0.50020 0.18285 0.04267
0 0.52459 0.53006 0.20081 0.03874
0 0.52459 0.65966 0.17801 0.03271
0 0.52459 0.63272 0.21908 0.04362
0 0.52459 0.77228 0.18237 0.03642
0 0.52459 0.79519 0.17392 0.03773
0 0.52459 0.85866 0.17382 0.03424
0 0.52459 0.81944 0.2165 0.03292
0 0.52459 0.94899 0.19933 0.04186
0 0.73438 0.10917 0.20811 0.03312
0 0.73438 0.15547 0.17189 0.03927
0 0.73438 0.20068 0.18254 0.03824
0 0.73438 0.28871 0.16389 0.03892
0 0.73438 0.28477 0.1654 0.03296
0 0.73438 0.34565 0.20887 0.03224
0 0.73438 0.40439 0.18176 0.03626
0 0.73438 0.41916 0.20741 0.04205
0 0.73438 0.50852 0.21686 0.0399
0 0.73438 0.58759 0.20411 0.03938
0 0.73438 0.55938 0.21392 0.03751
0 0.73438 0.65192 0.18673 0.03609
0 0.73438 0.75653 0.19843 0.03436
0 0.73438 0.80033 0.18042 0.03742
0 0.73438 0.75524 0.1954 0.03476
0 0.73438 0.76053 0.17205 0.042
0 0.90921 0.13599 0.18278 0.03921
0 0.90921 0.20120 0.19472 0.03664
0 0.90921 0.21569 0.1984 0.03758
0 0.90921 0.28319 0.18446 0.03486
0 0.90921 0.32808 0.20378 0.04176
0 0.90921 0.38630 0.22023 0.03265
0 0.90921 0.45742 0.1731 0.03959
0 0.90921 0.51059 0.19221 0.04341
0 0.90921 0.60663 0.21537 0.03427
0 0.90921 0.65057 0.19565 0.03335
0 0.90921 0.65983 0.19119 0.03864
0 0.90921 0.69701 0.22101 0.03731
0 0.90921 0.76456 0.2102 0.04071
0 0.90921 0.81801 0.21001 0.04211
0 0.90921 0.89661 0.1769 0.03761
0 0.90921 0.93405 0.17057 0.03654