0 0.10501 0.12380 0.2015 0.0347
0 0.10501 0.18858 0.18675 0.04078
0 0.10501 0.24319 0.18834 0.03457
0 0.10501 0.28281 0.21328 0.04328
0 0.10501 0.33665 0.19287 0.04043
0 0.10501 0.43540 0.21841 0.03548
0 0.10501 0.48403 0.19778 0.03897
0 0.10501 0.53713 0.1869 0.03823
0 0.10501 0.56357 0.19009 0.03659
0 0.10501 0.66781 0.20619 0.03477
0 0.10501 0.70772 0.20937 0.0419
0 0.10501 0.70171 0.17593 0.03511
0 0.10501 0.77704 0.19724 0.03956
0 0.10501 0.85075 0.20214 0.03224
0 0.10501 0.91886 0.18648 0.04244
0 0.10501 0.85861 0.21174 0.04268
0 0.3148 0.13907 0.21949 0.0366
0 0.3148 0.21232 0.1629 0.03288
0 0.3148 0.24456 0.20068 0.03488
0 0.3148 0.34904 0.17637 0.04195
0 0.3148 0.36026 0.19191 0.03699
0 0.3148 0.46014 0.19026 0.03602
0 0.3148 0.48143 0.21323 0.04321
0 0.3148 0.60867 0.19768 0.03259
0 0.3148 0.62805 0.21388 0.04069
0 0.3148 0.66911 0.18366 0.03596
0 0.3148 0.78948 0.18382 0.03798
0 0.3148 0.80206 0.20547 0.03867
0 0.3148 0.90328 0.17273 0.03785
0 0.3148 0.93718 0.19353 0.03836
0 0.3148 0.91337 0.17539 0.04249
0 0.3148 0.95674 0.18292 0.0326
0 0.52459 0.13165 0.21224 0.0393
0 0.52459 0.17126 0.21473 0.03347
0 0.52459 0.22975 0.16756 0.03959
0 0.52459 0.29672 0.17632 0.03938
0 0.52459 0.34773 0.20689 0.03945
0 0.52459 0.37923 0.21605 0.04187
0 0.52459 0.42716 0.20004 0.03402
0 0.52459 0.45979 0.17744 0.03753
0 0.52459 0.59798 0.17784 0.03501
0 0.52459 0.56424 0.20401 0.04083
0 0.52459 0.63181 0.18131 0.04201
0 0.52459 0.73769 0.16814 0.03856
0 0.52459 0.82914 0.19174 0.04032
0 0.52459 0.90209 0.18342 0.03974
0 0.52459 0.82968 0.21295 0.04328
0 0.52459 0.86276 0.17077 0.03808
0 0.73438 0.11632 0.19969 0.04242
0 0.73438 0.15984 0.16901 0.04374
0 0.73438 0.22317 0.22128 0.04258
0 0.73438 0.24216 0.19329 0.04106
0 0.73438 0.31120 0.17712 0.04314
0 0.73438 0.36230 0.18355 0.03936
0 0.73438 0.40831 0.17525 0.03667
0 0.73438 0.46369 0.16836 0.03516
0 0.73438 0.49774 0.16678 0.03378
0 0.73438 0.53804 0.21642 0.03618
0 0.73438 0.56382 0.17854 0.03593
0 0.73438 0.65217 0.20981 0.04225
0 0.73438 0.73655 0.1816 0.03517
0 0.73438 0.72281 0.20773 0.03963
0 0.73438 0.77126 0.19727 0.03386
0 0.73438 0.81146 0.17818 0.04085
0 0.90921 0.13118 0.16326 0.0349
0 0.90921 0.17557 0.17922 0.03363
0 0.90921 0.25100 0.1666 0.04082
0 0.90921 0.30005 0.21658 0.04042
0 0.90921 0.35803 0.21263 0.03412
0 0.90921 0.43433 0.2011 0.03568
0 0.90921 0.41295 0.19648 0.03758
0 0.90921 0.53059 0.21629 0.03321
0 0.90921 0.53476 0.20994 0.03719
0 0.90921 0.63856 0.18239 0.04362
0 0.90921 0.71129 0.18603 0.0387
0 0.90921 0.78341 0.20183 0.03842
0 0.90921 0.74438 0.16632 0.03263
0 0.90921 0.77002 0.21778 0.03971
0 0.90921 0.81893 0.16732 0.03454
0 0.90921 0.95765 0.20798 0.03831