0 0.10501 0.12885 0.18147 0.03262
0 0.10501 0.20301 0.17756 0.03857
0 0.10501 0.21675 0.21516 0.03227
0 0.10501 0.26870 0.20048 0.04175
0 0.10501 0.37477 0.19059 0.03389
0 0.10501 0.38297 0.1664 0.04302
0 0.10501 0.41104 0.21677 0.03562
0 0.10501 0.50186 0.21931 0.03732
0 0.10501 0.50923 0.21706 0.03415
0 0.10501 0.62284 0.18768 0.0433
0 0.10501 0.65618 0.22106 0.04246
0 0.10501 0.75768 0.20222 0.03523
0 0.10501 0.76354 0.19343 0.04377
0 0.10501 0.78992 0.2168 0.04074
0 0.10501 0.87695 0.18948 0.04149
0 0.3148 0.13749 0.1769 0.03652
0 0.3148 0.22303 0.20361 0.03907
0 0.3148 0.24370 0.20077 0.03552
0 0.3148 0.28991 0.19705 0.03788
0 0.3148 0.34189 0.19989 0.03667
0 0.3148 0.39722 0.1633 0.03626
0 0.3148 0.44993 0.16793 0.04041
0 0.3148 0.50067 0.16845 0.03759
0 0.3148 0.55649 0.21773 0.0393
0 0.3148 0.69541 0.21695 0.04175
0 0.3148 0.68177 0.17609 0.04036
0 0.3148 0.82051 0.19007 0.0385
0 0.3148 0.90237 0.21663 0.04173
0 0.3148 0.88392 0.16862 0.03689
0 0.52459 0.12229 0.21878 0.03884
0 0.52459 0.19354 0.19734 0.04132
0 0.52459 0.23563 0.21557 0.03547
0 0.52459 0.28500 0.17451 0.04161
0 0.52459 0.37771 0.21979 0.03259
0 0.52459 0.42039 0.20951 0.03687
0 0.52459 0.41128 0.17467 0.03502
0 0.52459 0.49395 0.19876 0.03997
0 0.52459 0.50920 0.18767 0.03487
0 0.52459 0.65495 0.16694 0.04289
0 0.52459 0.66982 0.19057 0.03639
0 0.52459 0.67064 0.20366 0.04324
0 0.52459 0.74140 0.18713 0.04222
0 0.52459 0.78547 0.21739 0.03286
0 0.52459 0.94007 0.19327 0.03223
0 0.73438 0.12185 0.18523 0.03946
0 0.73438 0.17786 0.16296 0.03339
0 0.73438 0.21278 0.17717 0.03512
0 0.73438 0.27510 0.20705 0.03994
0 0.73438 0.30288 0.20804 0.03997
0 0.73438 0.37258 0.21677 0.03764
0 0.73438 0.39527 0.21558 0.03389
0 0.73438 0.46784 0.1682 0.03761
0 0.73438 0.54576 0.17778 0.03884
0 0.73438 0.51926 0.19712 0.0365
0 0.73438 0.57674 0.18834 0.03776
0 0.73438 0.63061 0.18912 0.03372
0 0.73438 0.69391 0.19319 0.03316
0 0.73438 0.73810 0.18471 0.03539
0 0.73438 0.84493 0.21994 0.03301
0 0.73438 0.78720 0.17327 0.04363
0 0.90921 0.13413 0.21384 0.04222
0 0.90921 0.19287 0.2017 0.03824
0 0.90921 0.26204 0.18326 0.03768
0 0.90921 0.29041 0.16688 0.04288
0 0.90921 0.35845 0.21647 0.04042
0 0.90921 0.41401 0.17724 0.04075
0 0.90921 0.43859 0.17517 0.03549
0 0.90921 0.46259 0.21991 0.03841
0 0.90921 0.50810 0.20993 0.03396
0 0.90921 0.61347 0.20943 0.04175
0 0.90921 0.69784 0.17654 0.04262
0 0.90921 0.65272 0.18442 0.04066
0 0.90921 0.72249 0.21375 0.03958
0 0.90921 0.89822 0.19021 0.04014
0 0.90921 0.85352 0.18336 0.04223
0 0.90921 0.95343 0.19626 0.04015