0 0.10501 0.14436 0.17316 0.0393
0 0.10501 0.19531 0.18155 0.03712
0 0.10501 0.23575 0.21011 0.03606
0 0.10501 0.27652 0.21114 0.03734
0 0.10501 0.35186 0.18951 0.03739
0 0.10501 0.36614 0.19694 0.03469
0 0.10501 0.45440 0.18666 0.03633
0 0.10501 0.46121 0.19487 0.03997
0 0.10501 0.50823 0.2147 0.04299
0 0.10501 0.56809 0.16378 0.04096
0 0.10501 0.63706 0.20886 0.03707
0 0.10501 0.74855 0.20666 0.03705
0 0.10501 0.79933 0.21205 0.03634
0 0.10501 0.85907 0.16971 0.04311
0 0.10501 0.91420 0.20896 0.03382
0 0.10501 0.95229 0.21697 0.03842
0 0.3148 0.15075 0.21787 0.04024
0 0.3148 0.19482 0.19952 0.03704
0 0.3148 0.25241 0.16427 0.03664
0 0.3148 0.29792 0.20553 0.03699
0 0.3148 0.36251 0.17107 0.04067
0 0.3148 0.44940 0.20059 0.03478
0 0.3148 0.49841 0.21599 0.03318
0 0.3148 0.55468 0.21773 0.04191
0 0.3148 0.55212 0.21362 0.03611
0 0.3148 0.65595 0.18083 0.04007
0 0.3148 0.67970 0.20535 0.03519
0 0.3148 0.79047 0.18279 0.03663
0 0.3148 0.88723 0.17138 0.04042
0 0.3148 0.92161 0.16575 0.03332
0 0.3148 0.95179 0.18232 0.03959
0 0.52459 0.13846 0.16526 0.03954
0 0.52459 0.16962 0.21681 0.0428
0 0.52459 0.23712 0.19368 0.03981
0 0.52459 0.31486 0.16762 0.04052
0 0.52459 0.33901 0.17624 0.04203
0 0.52459 0.38618 0.18528 0.03718
0 0.52459 0.46250 0.19913 0.03464
0 0.52459 0.46674 0.17589 0.0412
0 0.52459 0.57810 0.17081 0.04026
0 0.52459 0.61446 0.20198 0.03365
0 0.52459 0.70078 0.17367 0.03981
0 0.52459 0.74870 0.22032 0.04034
0 0.52459 0.73791 0.20864 0.03627
0 0.52459 0.82951 0.16443 0.03981
0 0.52459 0.95497 0.16794 0.03954
0 0.52459 0.88154 0.19827 0.03844
0 0.73438 0.10916 0.17882 0.04111
0 0.73438 0.15616 0.18834 0.03457
0 0.73438 0.20837 0.18274 0.04093
0 0.73438 0.28671 0.1743 0.03309
0 0.73438 0.29760 0.17143 0.04178
0 0.73438 0.37806 0.17859 0.03805
0 0.73438 0.44463 0.18421 0.04094
0 0.73438 0.42162 0.20931 0.0395
0 0.73438 0.51518 0.21429 0.04089
0 0.73438 0.57609 0.19896 0.0406
0 0.73438 0.60420 0.20788 0.03744
0 0.73438 0.59706 0.20868 0.03632
0 0.73438 0.64382 0.21889 0.0408
0 0.73438 0.70743 0.19532 0.03845
0 0.73438 0.71811 0.18706 0.04054
0 0.73438 0.84086 0.20981 0.03996
0 0.90921 0.14505 0.21859 0.03735
0 0.90921 0.19994 0.19124 0.03448
0 0.90921 0.23064 0.20591 0.03708
0 0.90921 0.31384 0.21834 0.03874
0 0.90921 0.33250 0.21198 0.03258
0 0.90921 0.38935 0.20571 0.03481
0 0.90921 0.41616 0.18636 0.03604
0 0.90921 0.52251 0.17009 0.04186
0 0.90921 0.51742 0.20396 0.0387
0 0.90921 0.57572 0.17205 0.03339
0 0.90921 0.64332 0.16863 0.03252
0 0.90921 0.69134 0.21166 0.03554
0 0.90921 0.80750 0.22061 0.04225
0 0.90921 0.77429 0.19123 0.03714
0 0.90921 0.90333 0.20291 0.04063