0 0.10501 0.12642 0.20024 0.03779
0 0.10501 0.18283 0.16962 0.03242
0 0.10501 0.22075 0.20714 0.04229
0 0.10501 0.27318 0.19234 0.03837
0 0.10501 0.31058 0.2022 0.03772
0 0.10501 0.38928 0.17927 0.03273
0 0.10501 0.42490 0.19381 0.0362
0 0.10501 0.51304 0.17209 0.03468
0 0.10501 0.50389 0.19055 0.03905
0 0.10501 0.57325 0.21686 0.04242
0 0.10501 0.69335 0.19282 0.03953
0 0.10501 0.76146 0.17674 0.03442
0 0.10501 0.69616 0.1844 0.04019
0 0.10501 0.80159 0.17397 0.04178
0 0.10501 0.79705 0.1915 0.04052
0 0.10501 0.97345 0.19548 0.04118
0 0.3148 0.13887 0.16258 0.03569
0 0.3148 0.19014 0.16444 0.03905
0 0.3148 0.27119 0.2164 0.03342
0 0.3148 0.32674 0.18445 0.0433
0 0.3148 0.35297 0.18252 0.03938
0 0.3148 0.48039 0.17288 0.04295
0 0.3148 0.44754 0.17082 0.0341
0 0.3148 0.52318 0.17994 0.03777
0 0.3148 0.55313 0.18328 0.04232
0 0.3148 0.73037 0.17003 0.03574
0 0.3148 0.65879 0.17363 0.03684
0 0.3148 0.75347 0.18678 0.03791
0 0.3148 0.79790 0.19312 0.04265
0 0.3148 0.84852 0.19124 0.03826
0 0.3148 0.99852 0.17414 0.03304
0 0.52459 0.14444 0.16865 0.03719
0 0.52459 0.17259 0.21041 0.03212
0 0.52459 0.25507 0.16909 0.03244
0 0.52459 0.30897 0.22114 0.03471
0 0.52459 0.36642 0.16438 0.03234
0 0.52459 0.38359 0.19435 0.03257
0 0.52459 0.47846 0.20457 0.03498
0 0.52459 0.50997 0.17825 0.03766
0 0.52459 0.59031 0.2148 0.03237
0 0.52459 0.60422 0.16396 0.04121
0 0.52459 0.61865 0.1794 0.03897
0 0.52459 0.70874 0.18998 0.04313
0 0.52459 0.79310 0.20984 0.03697
0 0.52459 0.74146 0.20744 0.04093
0 0.52459 0.80222 0.20029 0.0359
0 0.52459 0.98795 0.21904 0.03517
0 0.73438 0.11683 0.21577 0.0344
0 0.73438 0.16806 0.19361 0.03446
0 0.73438 0.21267 0.21471 0.0325
0 0.73438 0.27104 0.21102 0.04095
0 0.73438 0.29383 0.16417 0.04238
0 0.73438 0.37732 0.19719 0.03916
0 0.73438 0.44171 0.21385 0.04294
0 0.73438 0.47511 0.19606 0.0328
0 0.73438 0.51672 0.19106 0.04037
0 0.73438 0.58789 0.20063 0.03462
0 0.73438 0.58981 0.19615 0.04135
0 0.73438 0.63019 0.21948 0.03966
0 0.73438 0.70872 0.1908 0.03216
0 0.73438 0.75294 0.19676 0.03636
0 0.73438 0.84289 0.20726 0.0335
0 0.73438 0.90559 0.18166 0.03275
0 0.90921 0.12988 0.19146 0.04059
0 0.90921 0.19108 0.21745 0.04007
0 0.90921 0.21988 0.1723 0.04315
0 0.90921 0.31095 0.19437 0.03769
0 0.90921 0.33530 0.21903 0.03363
0 0.90921 0.36133 0.2077 0.0397
0 0.90921 0.44294 0.1801 0.0422
0 0.90921 0.52692 0.18498 0.04042
0 0.90921 0.60570 0.21123 0.03982
0 0.90921 0.59461 0.17078 0.03815
0 0.90921 0.68802 0.19531 0.0417
0 0.90921 0.73049 0.19215 0.03313
0 0.90921 0.73865 0.21329 0.03559
0 0.90921 0.80843 0.18029 0.04287
0 0.90921 0.87606 0.18538 0.03485
0 0.90921 0.96295 0.20193 0.03301