0 0.10501 0.12276 0.1795 0.0416
0 0.10501 0.17526 0.1654 0.04128
0 0.10501 0.23605 0.20693 0.03449
0 0.10501 0.28827 0.21797 0.04132
0 0.10501 0.33767 0.21714 0.03355
0 0.10501 0.40983 0.17579 0.03521
0 0.10501 0.49210 0.20979 0.03676
0 0.10501 0.46506 0.20584 0.03923
0 0.10501 0.52274 0.16544 0.04374
0 0.10501 0.63596 0.16724 0.03514
0 0.10501 0.63711 0.16496 0.0409
0 0.10501 0.67933 0.21813 0.03934
0 0.10501 0.81573 0.16387 0.04378
0 0.10501 0.89328 0.17155 0.04263
0 0.10501 0.92054 0.17504 0.03629
0 0.10501 0.98277 0.16623 0.03613
0 0.3148 0.15860 0.21465 0.04119
0 0.3148 0.20682 0.21403 0.04212
0 0.3148 0.27229 0.16474 0.03632
0 0.3148 0.30887 0.20343 0.04314
0 0.3148 0.37149 0.20055 0.03466
0 0.3148 0.43929 0.18066 0.03737
0 0.3148 0.49205 0.17844 0.0428
0 0.3148 0.58895 0.17195 0.03927
0 0.3148 0.59169 0.21151 0.0353
0 0.3148 0.61535 0.19403 0.04029
0 0.3148 0.77418 0.16524 0.03423
0 0.3148 0.72600 0.17342 0.03724
0 0.3148 0.80750 0.20361 0.03385
0 0.3148 0.88066 0.16999 0.03397
0 0.3148 0.97890 0.20818 0.03311
0 0.52459 0.12431 0.2078 0.03683
0 0.52459 0.19058 0.16951 0.04137
0 0.52459 0.22872 0.21993 0.03368
0 0.52459 0.29411 0.21995 0.03294
0 0.52459 0.33002 0.18542 0.0403
0 0.52459 0.41019 0.16929 0.04232
0 0.52459 0.41891 0.17026 0.04264
0 0.52459 0.50084 0.20828 0.04016
0 0.52459 0.54652 0.20087 0.0367
0 0.52459 0.56144 0.18588 0.03545
0 0.52459 0.69508 0.20596 0.04116
0 0.52459 0.78165 0.17269 0.04081
0 0.52459 0.71391 0.20549 0.04351
0 0.52459 0.77565 0.17045 0.03573
0 0.52459 0.91166 0.17133 0.03991
0 0.52459 0.83826 0.17672 0.03454
0 0.73438 0.12998 0.19406 0.04281
0 0.73438 0.16089 0.18938 0.0433
0 0.73438 0.19924 0.17782 0.03901
0 0.73438 0.25115 0.19945 0.03314
0 0.73438 0.30070 0.19416 0.03351
0 0.73438 0.37115 0.2091 0.03765
0 0.73438 0.40860 0.21688 0.03296
0 0.73438 0.46744 0.19441 0.04132
0 0.73438 0.52957 0.21138 0.03858
0 0.73438 0.53817 0.16534 0.03554
0 0.73438 0.62691 0.21523 0.03335
0 0.73438 0.61183 0.20456 0.03252
0 0.73438 0.70560 0.17281 0.03745
0 0.73438 0.75194 0.17262 0.03692
0 0.73438 0.85992 0.1659 0.03481
0 0.73438 0.80944 0.20253 0.03811
0 0.90921 0.13985 0.21685 0.03561
0 0.90921 0.19059 0.18309 0.03813
0 0.90921 0.23572 0.21885 0.04337
0 0.90921 0.28954 0.17565 0.04341
0 0.90921 0.32231 0.16277 0.03926
0 0.90921 0.37937 0.19639 0.03447
0 0.90921 0.46893 0.20858 0.03496
0 0.90921 0.50123 0.20191 0.03514
0 0.90921 0.59898 0.1902 0.04027
0 0.90921 0.64530 0.18676 0.03876
0 0.90921 0.59844 0.19962 0.03721
0 0.90921 0.77081 0.19975 0.03515
0 0.90921 0.79126 0.21565 0.03538
0 0.90921 0.86142 0.17488 0.04181
0 0.90921 0.88846 0.1854 0.03452
0 0.90921 0.99406 0.20891 0.03446