0 0.10501 0.13612 0.1959 0.03925
0 0.10501 0.17282 0.16785 0.0426
0 0.10501 0.25537 0.18871 0.04204
0 0.10501 0.30998 0.1732 0.03652
0 0.10501 0.31843 0.21153 0.03835
0 0.10501 0.39471 0.21582 0.03744
0 0.10501 0.42100 0.21102 0.04107
0 0.10501 0.51232 0.18975 0.03813
0 0.10501 0.50525 0.18399 0.04267
0 0.10501 0.63637 0.17516 0.03273
0 0.10501 0.60199 0.21823 0.03552
0 0.10501 0.77218 0.21141 0.03261
0 0.10501 0.71757 0.17825 0.04353
0 0.10501 0.76119 0.20989 0.03843
0 0.10501 0.91591 0.19615 0.03255
0 0.10501 0.95229 0.17874 0.0353
0 0.3148 0.15214 0.20935 0.03426
0 0.3148 0.20141 0.1624 0.03964
0 0.3148 0.26674 0.17273 0.03272
0 0.3148 0.31512 0.16274 0.03651
0 0.3148 0.34946 0.19523 0.04068
0 0.3148 0.44649 0.21179 0.03996
0 0.3148 0.45286 0.1683 0.04099
0 0.3148 0.60642 0.18255 0.03752
0 0.3148 0.64100 0.198 0.04341
0 0.3148 0.62989 0.18635 0.04082
0 0.3148 0.73332 0.2032 0.04309
0 0.3148 0.77469 0.18252 0.03547
0 0.3148 0.78787 0.19943 0.03373
0 0.3148 0.86627 0.18981 0.03251
0 0.3148 0.87992 0.21713 0.03223
0 0.52459 0.14460 0.21625 0.0431
0 0.52459 0.19326 0.21913 0.0389
0 0.52459 0.24896 0.1765 0.03839
0 0.52459 0.28535 0.16343 0.0339
0 0.52459 0.37299 0.21446 0.04245
0 0.52459 0.38528 0.20977 0.03557
0 0.52459 0.43588 0.17163 0.04181
0 0.52459 0.46133 0.16382 0.04308
0 0.52459 0.53881 0.21697 0.04254
0 0.52459 0.57977 0.19061 0.03363
0 0.52459 0.67197 0.19894 0.03586
0 0.52459 0.76320 0.17546 0.0394
0 0.52459 0.74320 0.1813 0.0364
0 0.52459 0.87770 0.18334 0.03755
0 0.52459 0.94628 0.21647 0.03852
0 0.52459 0.94088 0.21263 0.03772
0 0.73438 0.11431 0.21074 0.03435
0 0.73438 0.17232 0.22093 0.03864
0 0.73438 0.21102 0.16317 0.03489
0 0.73438 0.25116 0.17625 0.04134
0 0.73438 0.30290 0.18325 0.03666
0 0.73438 0.38708 0.2176 0.03263
0 0.73438 0.39924 0.18621 0.03581
0 0.73438 0.47301 0.20083 0.03699
0 0.73438 0.55018 0.19465 0.03977
0 0.73438 0.55082 0.19655 0.03781
0 0.73438 0.58589 0.18569 0.03263
0 0.73438 0.61707 0.19575 0.03743
0 0.73438 0.69297 0.17694 0.03627
0 0.73438 0.77626 0.17707 0.03767
0 0.73438 0.73924 0.20131 0.03796
0 0.73438 0.86802 0.16414 0.03758
0 0.90921 0.13654 0.17498 0.04021
0 0.90921 0.19084 0.17589 0.03775
0 0.90921 0.25936 0.2028 0.03841
0 0.90921 0.28483 0.17025 0.04326
0 0.90921 0.34289 0.20169 0.04084
0 0.90921 0.36336 0.21703 0.0401
0 0.90921 0.44956 0.18457 0.04294
0 0.90921 0.49324 0.2044 0.03763
0 0.90921 0.60171 0.18898 0.04171
0 0.90921 0.59096 0.19319 0.0436
0 0.90921 0.65296 0.21049 0.04328
0 0.90921 0.69647 0.22028 0.04272
0 0.90921 0.72859 0.20106 0.03553
0 0.90921 0.78607 0.18557 0.03939
0 0.90921 0.91731 0.20503 0.03786
0 0.90921 0.90324 0.20604 0.0323