0 0.10501 0.13621 0.1931 0.04314
0 0.10501 0.18229 0.19831 0.03393
0 0.10501 0.23218 0.196 0.03458
0 0.10501 0.29347 0.20065 0.04282
0 0.10501 0.37888 0.17862 0.03788
0 0.10501 0.36908 0.2178 0.03322
0 0.10501 0.42497 0.16734 0.03666
0 0.10501 0.53415 0.19676 0.04305
0 0.10501 0.52795 0.19581 0.0411
0 0.10501 0.57313 0.17941 0.04069
0 0.10501 0.72692 0.19564 0.03316
0 0.10501 0.73020 0.19239 0.03574
0 0.10501 0.82059 0.18366 0.03419
0 0.10501 0.86686 0.19194 0.03272
0 0.10501 0.91916 0.19046 0.03989
0 0.10501 0.90756 0.17025 0.03323
0 0.3148 0.15445 0.18524 0.03384
0 0.3148 0.18463 0.20939 0.03908
0 0.3148 0.25314 0.17856 0.03322
0 0.3148 0.35121 0.18095 0.03402
0 0.3148 0.38990 0.21586 0.04004
0 0.3148 0.45724 0.17913 0.04003
0 0.3148 0.53694 0.17949 0.0371
0 0.3148 0.56597 0.20491 0.04118
0 0.3148 0.66979 0.16867 0.04077
0 0.3148 0.66025 0.21075 0.03809
0 0.3148 0.78689 0.20364 0.03651
0 0.3148 0.78116 0.18798 0.04088
0 0.3148 0.91347 0.20382 0.03847
0 0.3148 0.91977 0.18904 0.04242
0 0.3148 0.87810 0.21377 0.03906
0 0.52459 0.13734 0.20036 0.03413
0 0.52459 0.17952 0.1761 0.03332
0 0.52459 0.23200 0.21281 0.03461
0 0.52459 0.27133 0.18866 0.03233
0 0.52459 0.33356 0.19992 0.03811
0 0.52459 0.37217 0.17455 0.04271
0 0.52459 0.48367 0.1995 0.04002
0 0.52459 0.46126 0.17103 0.03671
0 0.52459 0.52469 0.17864 0.04287
0 0.52459 0.56027 0.1988 0.03854
0 0.52459 0.60213 0.18705 0.03483
0 0.52459 0.77286 0.1918 0.03416
0 0.52459 0.74353 0.1926 0.03622
0 0.52459 0.87758 0.17801 0.03753
0 0.52459 0.91244 0.19922 0.04219
0 0.73438 0.11105 0.19172 0.04173
0 0.73438 0.15694 0.20335 0.04372
0 0.73438 0.21823 0.21993 0.03612
0 0.73438 0.27386 0.18116 0.03598
0 0.73438 0.28764 0.16919 0.03731
0 0.73438 0.36676 0.21309 0.03784
0 0.73438 0.38420 0.21221 0.04135
0 0.73438 0.47403 0.19867 0.03898
0 0.73438 0.52406 0.19338 0.03479
0 0.73438 0.49709 0.20299 0.03924
0 0.73438 0.56493 0.17435 0.04033
0 0.73438 0.64037 0.21219 0.03265
0 0.73438 0.71573 0.1681 0.03927
0 0.73438 0.76634 0.17741 0.03269
0 0.73438 0.75270 0.21793 0.04143
0 0.73438 0.84704 0.16659 0.03954
0 0.90921 0.13872 0.18848 0.04242
0 0.90921 0.20442 0.18973 0.03292
0 0.90921 0.23628 0.21766 0.03338
0 0.90921 0.30965 0.18802 0.03957
0 0.90921 0.33578 0.20738 0.03498
0 0.90921 0.38301 0.16272 0.04189
0 0.90921 0.47899 0.21419 0.0432
0 0.90921 0.51325 0.1973 0.04125
0 0.90921 0.54449 0.18029 0.03322
0 0.90921 0.63911 0.21709 0.03755
0 0.90921 0.64473 0.17725 0.03296
0 0.90921 0.75896 0.20545 0.03833
0 0.90921 0.73881 0.179 0.04207
0 0.90921 0.75479 0.21005 0.04005
0 0.90921 0.78810 0.20337 0.03488
0 0.90921 0.94525 0.20767 0.03877