0 0.10501 0.13011 0.16715 0.03251
0 0.10501 0.19415 0.21736 0.04201
0 0.10501 0.22209 0.17712 0.04278
0 0.10501 0.27049 0.21154 0.03744
0 0.10501 0.34526 0.18003 0.0361
0 0.10501 0.42519 0.17277 0.03603
0 0.10501 0.44041 0.20216 0.04133
0 0.10501 0.48088 0.18848 0.04006
0 0.10501 0.57053 0.20254 0.03248
0 0.10501 0.62142 0.1771 0.04206
0 0.10501 0.63821 0.19697 0.04054
0 0.10501 0.66678 0.17947 0.03319
0 0.10501 0.71368 0.19248 0.03612
0 0.10501 0.74596 0.16867 0.04329
0 0.10501 0.87480 0.20222 0.03301
0 0.10501 0.95108 0.20131 0.03262
0 0.3148 0.14560 0.21468 0.04068
0 0.3148 0.20702 0.18035 0.03922
0 0.3148 0.24939 0.20864 0.04231
0 0.3148 0.32999 0.1877 0.04125
0 0.3148 0.39306 0.21924 0.04306
0 0.3148 0.41995 0.1641 0.04116
0 0.3148 0.49703 0.1904 0.03726
0 0.3148 0.56560 0.20239 0.04198
0 0.3148 0.56645 0.20535 0.03405
0 0.3148 0.61259 0.19688 0.03849
0 0.3148 0.66456 0.18302 0.03931
0 0.3148 0.85672 0.2097 0.04302
0 0.3148 0.91791 0.18306 0.03423
0 0.3148 0.86073 0.17836 0.03517
0 0.52459 0.14196 0.2009 0.03434
0 0.52459 0.20205 0.18187 0.03411
0 0.52459 0.23702 0.21834 0.03541
0 0.52459 0.28728 0.191 0.04161
0 0.52459 0.34454 0.18915 0.03952
0 0.52459 0.39912 0.2067 0.04059
0 0.52459 0.41136 0.19421 0.04019
0 0.52459 0.52389 0.18067 0.03674
0 0.52459 0.60854 0.19304 0.03352
0 0.52459 0.59169 0.1923 0.04244
0 0.52459 0.71668 0.19591 0.03857
0 0.52459 0.71141 0.19027 0.04215
0 0.52459 0.69608 0.19492 0.04164
0 0.52459 0.85781 0.19851 0.03389
0 0.52459 0.85605 0.18146 0.03469
0 0.52459 0.98566 0.21768 0.04242
0 0.73438 0.12366 0.22045 0.04292
0 0.73438 0.15792 0.17562 0.04006
0 0.73438 0.20723 0.18921 0.04269
0 0.73438 0.27495 0.20415 0.03328
0 0.73438 0.29814 0.19748 0.03511
0 0.73438 0.36722 0.20566 0.04009
0 0.73438 0.43448 0.18712 0.03266
0 0.73438 0.49110 0.20925 0.03485
0 0.73438 0.47149 0.19144 0.04367
0 0.73438 0.53530 0.21322 0.04135
0 0.73438 0.61427 0.16967 0.04343
0 0.73438 0.59427 0.20451 0.03399
0 0.73438 0.72254 0.17378 0.03343
0 0.73438 0.77630 0.16379 0.04171
0 0.73438 0.77840 0.19212 0.03369
0 0.73438 0.89872 0.21572 0.03802
0 0.90921 0.14011 0.18171 0.0427
0 0.90921 0.19994 0.21142 0.03883
0 0.90921 0.24716 0.20138 0.0393
0 0.90921 0.26562 0.20305 0.03708
0 0.90921 0.34267 0.22011 0.04098
0 0.90921 0.39292 0.17244 0.03798
0 0.90921 0.41894 0.21764 0.04002
0 0.90921 0.53463 0.18987 0.03293
0 0.90921 0.60920 0.20363 0.03925
0 0.90921 0.64272 0.16441 0.03859
0 0.90921 0.67183 0.19082 0.03669
0 0.90921 0.73376 0.1824 0.03816
0 0.90921 0.84313 0.20207 0.03989
0 0.90921 0.87382 0.19622 0.03312
0 0.90921 0.91921 0.17192 0.03877
0 0.90921 0.93580 0.21369 0.03384