0 0.10501 0.13639 0.21541 0.04359
0 0.10501 0.17758 0.19072 0.03958
0 0.10501 0.22010 0.17819 0.03798
0 0.10501 0.28509 0.16753 0.03516
0 0.10501 0.31333 0.17697 0.03736
0 0.10501 0.40551 0.17306 0.03438
0 0.10501 0.41597 0.17461 0.04105
0 0.10501 0.48552 0.18326 0.0398
0 0.10501 0.50619 0.16896 0.03504
0 0.10501 0.65587 0.22009 0.03924
0 0.10501 0.63735 0.19941 0.03333
0 0.10501 0.69341 0.16595 0.03693
0 0.10501 0.81639 0.1889 0.04177
0 0.10501 0.88357 0.17754 0.03333
0 0.10501 0.93244 0.2176 0.03229
0 0.10501 0.85894 0.20287 0.03514
0 0.3148 0.15890 0.21557 0.03651
0 0.3148 0.18579 0.19855 0.03588
0 0.3148 0.26409 0.16378 0.03445
0 0.3148 0.29427 0.19864 0.03895
0 0.3148 0.37678 0.20667 0.03858
0 0.3148 0.43342 0.18431 0.03523
0 0.3148 0.49707 0.17144 0.03367
0 0.3148 0.52321 0.1937 0.04041
0 0.3148 0.55361 0.17178 0.03241
0 0.3148 0.64732 0.198 0.04068
0 0.3148 0.75934 0.1802 0.03883
0 0.3148 0.77936 0.21334 0.0344
0 0.3148 0.82018 0.20705 0.03934
0 0.3148 0.83180 0.19909 0.03672
0 0.52459 0.14495 0.20029 0.03357
0 0.52459 0.18860 0.22021 0.03677
0 0.52459 0.26000 0.19213 0.03773
0 0.52459 0.27684 0.1764 0.03485
0 0.52459 0.36562 0.20435 0.04341
0 0.52459 0.42602 0.18628 0.03463
0 0.52459 0.44863 0.21642 0.03428
0 0.52459 0.50746 0.20763 0.03219
0 0.52459 0.57515 0.16863 0.03824
0 0.52459 0.66517 0.20721 0.03643
0 0.52459 0.71548 0.19032 0.04345
0 0.52459 0.76687 0.17043 0.03429
0 0.52459 0.70506 0.18156 0.03885
0 0.52459 0.81742 0.18498 0.03312
0 0.52459 0.84512 0.18881 0.03405
0 0.52459 0.90378 0.21013 0.03993
0 0.73438 0.12857 0.21404 0.03315
0 0.73438 0.15749 0.20577 0.04198
0 0.73438 0.21616 0.17244 0.04241
0 0.73438 0.25290 0.19345 0.03346
0 0.73438 0.33269 0.18464 0.03579
0 0.73438 0.34175 0.21495 0.04061
0 0.73438 0.41203 0.20124 0.04093
0 0.73438 0.47453 0.16873 0.03298
0 0.73438 0.46619 0.1919 0.04072
0 0.73438 0.59232 0.18306 0.04203
0 0.73438 0.64776 0.20267 0.03786
0 0.73438 0.61926 0.22034 0.04246
0 0.73438 0.66922 0.18268 0.04093
0 0.73438 0.79613 0.17745 0.03407
0 0.73438 0.72290 0.16765 0.04022
0 0.73438 0.80343 0.20302 0.03926
0 0.90921 0.13753 0.20082 0.03702
0 0.90921 0.18108 0.16374 0.03879
0 0.90921 0.24336 0.19323 0.03259
0 0.90921 0.31278 0.18801 0.038
0 0.90921 0.37820 0.1943 0.033
0 0.90921 0.40588 0.1995 0.0326
0 0.90921 0.44092 0.20334 0.03937
0 0.90921 0.49074 0.20483 0.03666
0 0.90921 0.53171 0.18817 0.04217
0 0.90921 0.65912 0.21779 0.03586
0 0.90921 0.64821 0.20122 0.03887
0 0.90921 0.76988 0.1626 0.04349
0 0.90921 0.69490 0.17554 0.04259
0 0.90921 0.83837 0.20473 0.04002
0 0.90921 0.90077 0.1702 0.03247
0 0.90921 0.91571 0.21821 0.04197