0 0.10519 0.13281 0.22807 0.04515
0 0.09573 0.18586 0.26079 0.04622
0 0.09463 0.23891 0.22826 0.05147
0 0.11341 0.29196 0.2344 0.04964
0 0.09879 0.34501 0.25026 0.0461
0 0.09999 0.39806 0.26552 0.04904
0 0.09657 0.45111 0.26245 0.04916
0 0.09984 0.50416 0.25394 0.04455
0 0.09744 0.55721 0.244 0.0441
0 0.09714 0.61026 0.22635 0.0487
0 0.10446 0.66331 0.2447 0.04406
0 0.11303 0.71636 0.22881 0.04466
0 0.10137 0.76941 0.25746 0.04559
0 0.09525 0.82246 0.25514 0.05059
0 0.11122 0.87551 0.25873 0.04691
0 0.10465 0.92856 0.22794 0.04483
0 0.30078 0.14609 0.2296 0.0495
0 0.31757 0.20444 0.25103 0.05024
0 0.30113 0.26280 0.25463 0.04988
0 0.30137 0.32115 0.25911 0.04458
0 0.30528 0.37951 0.25668 0.04989
0 0.33437 0.43786 0.25721 0.04535
0 0.33766 0.49622 0.24764 0.04445
0 0.32452 0.55457 0.23232 0.0523
0 0.28864 0.61293 0.23828 0.05007
0 0.32418 0.67129 0.26379 0.04805
0 0.33659 0.72964 0.25421 0.04983
0 0.33346 0.78800 0.26085 0.04807
0 0.33925 0.84635 0.25996 0.0479
0 0.31064 0.90471 0.24258 0.04563
0 0.32675 0.96306 0.23526 0.05044
0 0.51262 0.13281 0.26431 0.04837
0 0.52799 0.18586 0.26272 0.04983
0 0.50674 0.23891 0.22476 0.04572
0 0.54328 0.29196 0.24179 0.04785
0 0.56065 0.34501 0.23502 0.04821
0 0.47547 0.39806 0.26243 0.04787
0 0.55516 0.45111 0.23559 0.05097
0 0.57702 0.50416 0.22224 0.05071
0 0.48625 0.55721 0.22225 0.04696
0 0.56633 0.61026 0.2292 0.04699
0 0.54294 0.66331 0.25316 0.04708
0 0.54311 0.71636 0.24043 0.04608
0 0.50988 0.76941 0.22462 0.05132
0 0.56955 0.82246 0.26488 0.04984
0 0.5361 0.87551 0.25927 0.04791
0 0.57005 0.92856 0.23533 0.04499
0 0.77626 0.11953 0.24744 0.05224
0 0.68497 0.16727 0.26233 0.05051
0 0.70949 0.21502 0.22547 0.04937
0 0.77319 0.26276 0.26032 0.04499
0 0.69901 0.31051 0.24309 0.04441
0 0.67593 0.35825 0.23498 0.04386
0 0.6758 0.40600 0.24412 0.04873
0 0.75183 0.45374 0.22354 0.05176
0 0.725 0.50149 0.23511 0.04903
0 0.76886 0.54923 0.25952 0.04916
0 0.73717 0.59698 0.25839 0.04744
0 0.67794 0.64472 0.255 0.04636
0 0.72508 0.69247 0.22669 0.04414
0 0.75044 0.74021 0.22397 0.0475
0 0.67842 0.78796 0.23502 0.04736
0 0.74224 0.83571 0.25722 0.04749
0 0.99409 0.13281 0.22587 0.04845
0 0.83952 0.18586 0.24539 0.04703
0 0.83199 0.23891 0.26343 0.05036
0 0.8389 0.29196 0.23556 0.05091
0 0.86232 0.34501 0.25863 0.04652
0 0.98252 0.39806 0.26283 0.04832
0 0.89545 0.45111 0.26019 0.04915
0 0.90125 0.50416 0.24386 0.0521
0 0.85036 0.55721 0.23336 0.04775
0 0.98291 0.61026 0.24005 0.05105
0 0.87492 0.66331 0.25385 0.0505
0 0.8354 0.71636 0.22167 0.05131
0 0.82055 0.76941 0.23421 0.05046
0 0.87832 0.82246 0.24518 0.04525
0 0.8622 0.87551 0.24506 0.05064
0 0.994 0.92856 0.2542 0.04394