0 0.09499 0.13281 0.2452 0.05086
0 0.10962 0.18586 0.26024 0.04586
0 0.10526 0.23891 0.25264 0.05236
0 0.10747 0.29196 0.24927 0.05126
0 0.11239 0.34501 0.2454 0.04912
0 0.10061 0.39806 0.22622 0.04848
0 0.10452 0.45111 0.24411 0.0446
0 0.09973 0.50416 0.24391 0.05119
0 0.1025 0.55721 0.25515 0.04625
0 0.10769 0.61026 0.24964 0.05047
0 0.09838 0.66331 0.23373 0.04431
0 0.10109 0.71636 0.2518 0.04476
0 0.11291 0.76941 0.23354 0.04437
0 0.10652 0.82246 0.22629 0.04806
0 0.11478 0.87551 0.25047 0.04911
0 0.10434 0.92856 0.24473 0.04536
0 0.33808 0.14609 0.22148 0.05208
0 0.29048 0.20444 0.22858 0.04512
0 0.34626 0.26280 0.2342 0.04878
0 0.34221 0.32115 0.24057 0.04481
0 0.29512 0.37951 0.24751 0.05098
0 0.28951 0.43786 0.22596 0.04931
0 0.33849 0.49622 0.26327 0.05225
0 0.33288 0.55457 0.24373 0.04723
0 0.31919 0.61293 0.24855 0.04826
0 0.32182 0.67129 0.23498 0.04986
0 0.2967 0.72964 0.24068 0.04997
0 0.30932 0.78800 0.25458 0.046
0 0.33629 0.84635 0.25184 0.04761
0 0.30116 0.90471 0.24719 0.04469
0 0.30786 0.96306 0.26211 0.04613
0 0.55831 0.13281 0.23279 0.04836
0 0.4747 0.18586 0.23485 0.04535
0 0.52633 0.23891 0.23697 0.04843
0 0.48771 0.29196 0.22587 0.05194
0 0.47919 0.34501 0.24925 0.05224
0 0.55507 0.39806 0.26369 0.05197
0 0.52398 0.45111 0.2236 0.04798
0 0.56182 0.50416 0.24905 0.04598
0 0.49131 0.55721 0.22459 0.04716
0 0.50139 0.61026 0.25264 0.05031
0 0.5083 0.66331 0.23198 0.04767
0 0.54401 0.71636 0.25379 0.04875
0 0.48263 0.76941 0.22983 0.04704
0 0.5744 0.82246 0.22989 0.04447
0 0.48789 0.87551 0.26006 0.04545
0 0.51704 0.92856 0.25653 0.0504
0 0.76095 0.11953 0.24937 0.04954
0 0.77822 0.16727 0.25427 0.0459
0 0.75809 0.21502 0.24317 0.04533
0 0.80343 0.26276 0.24316 0.05
0 0.79494 0.31051 0.22612 0.04669
0 0.79388 0.35825 0.24333 0.04936
0 0.69134 0.40600 0.24618 0.04381
0 0.66685 0.45374 0.22332 0.05174
0 0.71985 0.50149 0.2397 0.04447
0 0.72361 0.54923 0.23444 0.04559
0 0.75558 0.59698 0.23361 0.04728
0 0.70869 0.64472 0.26276 0.04391
0 0.71112 0.69247 0.25236 0.04535
0 0.7002 0.74021 0.22181 0.04389
0 0.72636 0.78796 0.26096 0.04831
0 0.67169 0.83571 0.25344 0.04597
0 0.93382 0.13281 0.25741 0.04932
0 0.83089 0.18586 0.23036 0.05139
0 0.85247 0.23891 0.22692 0.04715
0 0.97267 0.29196 0.23576 0.05037
0 0.92471 0.34501 0.23502 0.04863
0 0.96147 0.39806 0.25721 0.05058
0 0.84543 0.45111 0.26508 0.05024
0 0.9197 0.50416 0.22591 0.05006
0 0.84521 0.55721 0.23772 0.04989
0 0.93562 0.61026 0.23265 0.04657
0 0.90332 0.66331 0.25456 0.05226
0 0.89854 0.71636 0.24823 0.04936
0 0.90213 0.76941 0.25064 0.04921
0 0.98888 0.82246 0.24578 0.04936
0 0.87331 0.87551 0.23208 0.0474
0 0.99652 0.92856 0.23914 0.0461