0 0.11304 0.13281 0.25019 0.04628
0 0.10883 0.18586 0.24826 0.04596
0 0.09728 0.23891 0.26501 0.05191
0 0.11365 0.29196 0.2555 0.0523
0 0.10933 0.34501 0.24094 0.04801
0 0.11422 0.39806 0.26079 0.04399
0 0.09899 0.45111 0.25272 0.04584
0 0.09787 0.50416 0.2622 0.04683
0 0.09698 0.55721 0.24343 0.05005
0 0.11225 0.61026 0.2335 0.04564
0 0.10866 0.66331 0.26097 0.04518
0 0.09545 0.71636 0.26289 0.04681
0 0.09953 0.76941 0.25951 0.04577
0 0.11035 0.82246 0.23209 0.04823
0 0.10073 0.87551 0.25805 0.05123
0 0.10347 0.92856 0.24083 0.0453
0 0.33482 0.14609 0.24991 0.04564
0 0.33041 0.20444 0.24666 0.04499
0 0.33226 0.26280 0.24385 0.04986
0 0.33996 0.32115 0.24258 0.04397
0 0.29079 0.37951 0.25497 0.04598
0 0.28353 0.43786 0.2455 0.05224
0 0.33346 0.49622 0.25727 0.04806
0 0.2912 0.55457 0.22776 0.05112
0 0.33405 0.61293 0.26279 0.04477
0 0.34127 0.67129 0.25248 0.04906
0 0.31763 0.72964 0.2537 0.04836
0 0.30672 0.78800 0.23282 0.04916
0 0.293 0.84635 0.22237 0.04773
0 0.29112 0.90471 0.22541 0.04842
0 0.31923 0.96306 0.24217 0.04868
0 0.57493 0.13281 0.24726 0.04904
0 0.48832 0.18586 0.22253 0.05126
0 0.50217 0.23891 0.25499 0.04634
0 0.51105 0.29196 0.26246 0.05244
0 0.47468 0.34501 0.24476 0.04856
0 0.51648 0.39806 0.24357 0.04611
0 0.54608 0.45111 0.24955 0.0523
0 0.49395 0.50416 0.25166 0.0465
0 0.56901 0.55721 0.25278 0.04424
0 0.52598 0.61026 0.24789 0.051
0 0.55523 0.66331 0.22159 0.04465
0 0.51538 0.71636 0.25839 0.04415
0 0.55604 0.76941 0.23339 0.0475
0 0.53002 0.82246 0.25725 0.04672
0 0.57677 0.87551 0.23547 0.04878
0 0.56454 0.92856 0.22988 0.04381
0 0.74175 0.11953 0.25076 0.04442
0 0.6811 0.16727 0.26148 0.04938
0 0.69281 0.21502 0.24449 0.04773
0 0.7236 0.26276 0.25485 0.0483
0 0.80734 0.31051 0.23256 0.05068
0 0.78844 0.35825 0.23945 0.04471
0 0.77341 0.40600 0.22978 0.04638
0 0.75953 0.45374 0.22163 0.04858
0 0.73367 0.50149 0.24827 0.04697
0 0.72783 0.54923 0.25865 0.046
0 0.71728 0.59698 0.24116 0.04658
0 0.79972 0.64472 0.25946 0.05151
0 0.78295 0.69247 0.24201 0.05248
0 0.67639 0.74021 0.23159 0.0447
0 0.79071 0.78796 0.24284 0.04497
0 0.68158 0.83571 0.242 0.04387
0 0.88842 0.13281 0.26121 0.04882
0 0.83922 0.18586 0.24627 0.04445
0 0.90704 0.23891 0.22384 0.046
0 0.98744 0.29196 0.23888 0.04512
0 0.94295 0.34501 0.23747 0.04673
0 0.9527 0.39806 0.25294 0.05144
0 0.86926 0.45111 0.23182 0.04408
0 0.92735 0.50416 0.26504 0.04479
0 0.86264 0.55721 0.22934 0.05198
0 0.99759 0.61026 0.24484 0.04914
0 0.84464 0.66331 0.25476 0.05176
0 0.82221 0.71636 0.24484 0.04722
0 0.87681 0.76941 0.26193 0.05242
0 0.93339 0.82246 0.22806 0.04773
0 0.86918 0.87551 0.23319 0.04801
0 0.82775 0.92856 0.25948 0.04727