0 0.10106 0.13281 0.22213 0.04498
0 0.09693 0.18586 0.24597 0.04626
0 0.10035 0.23891 0.22207 0.04796
0 0.10193 0.29196 0.23159 0.04619
0 0.09458 0.34501 0.24033 0.05041
0 0.11026 0.39806 0.23307 0.04539
0 0.11172 0.45111 0.25122 0.04827
0 0.11036 0.50416 0.23864 0.05137
0 0.09942 0.55721 0.22955 0.0504
0 0.1007 0.61026 0.26138 0.05108
0 0.11138 0.66331 0.2353 0.0466
0 0.10615 0.71636 0.23155 0.04835
0 0.10841 0.76941 0.25108 0.04838
0 0.10075 0.82246 0.22254 0.04549
0 0.10865 0.87551 0.24202 0.04673
0 0.09869 0.92856 0.26276 0.0443
0 0.32582 0.14609 0.24509 0.05228
0 0.34331 0.20444 0.22975 0.05233
0 0.29601 0.26280 0.26179 0.05048
0 0.28492 0.32115 0.24778 0.04476
0 0.30431 0.37951 0.25744 0.04853
0 0.30856 0.43786 0.22333 0.04812
0 0.28647 0.49622 0.26046 0.04454
0 0.28673 0.55457 0.24999 0.04568
0 0.2988 0.61293 0.26165 0.05001
0 0.30997 0.67129 0.26231 0.04742
0 0.31946 0.72964 0.25399 0.05084
0 0.30052 0.78800 0.24764 0.04513
0 0.29494 0.84635 0.25655 0.04791
0 0.28895 0.90471 0.24743 0.05168
0 0.32655 0.96306 0.23844 0.05126
0 0.51169 0.13281 0.24506 0.0462
0 0.57193 0.18586 0.26277 0.04378
0 0.55535 0.23891 0.24947 0.04952
0 0.55071 0.29196 0.22531 0.05146
0 0.50194 0.34501 0.24243 0.05026
0 0.48148 0.39806 0.22958 0.04716
0 0.52695 0.45111 0.22899 0.04498
0 0.51167 0.50416 0.25887 0.04592
0 0.55169 0.55721 0.2617 0.05147
0 0.48216 0.61026 0.23853 0.04498
0 0.53047 0.66331 0.24149 0.04573
0 0.56276 0.71636 0.25246 0.04891
0 0.55114 0.76941 0.24874 0.04425
0 0.54911 0.82246 0.25195 0.05241
0 0.49195 0.87551 0.2558 0.04771
0 0.48148 0.92856 0.22374 0.0489
0 0.71427 0.11953 0.25324 0.05189
0 0.78005 0.16727 0.26546 0.04654
0 0.71629 0.21502 0.26506 0.05114
0 0.80375 0.26276 0.22625 0.04886
0 0.7039 0.31051 0.25171 0.04629
0 0.70579 0.35825 0.24603 0.04928
0 0.80367 0.40600 0.23286 0.04951
0 0.67697 0.45374 0.22133 0.04683
0 0.754 0.50149 0.22917 0.04845
0 0.68512 0.54923 0.24141 0.04822
0 0.68273 0.59698 0.26159 0.05125
0 0.72849 0.64472 0.2506 0.05121
0 0.70425 0.69247 0.24644 0.04525
0 0.78595 0.74021 0.2477 0.04836
0 0.76078 0.78796 0.23555 0.04843
0 0.71964 0.83571 0.2346 0.04714
0 0.88613 0.13281 0.24709 0.0504
0 0.83218 0.18586 0.24629 0.04545
0 0.92639 0.23891 0.24187 0.05215
0 0.8635 0.29196 0.25704 0.04441
0 0.94575 0.34501 0.24281 0.04961
0 0.91294 0.39806 0.26439 0.05144
0 0.8576 0.45111 0.24331 0.05216
0 0.98039 0.50416 0.23956 0.04488
0 0.84847 0.55721 0.24897 0.05003
0 0.93482 0.61026 0.25258 0.0501
0 0.9319 0.66331 0.22244 0.04728
0 0.949 0.71636 0.23942 0.05033
0 0.93298 0.76941 0.23977 0.04844
0 0.84503 0.82246 0.24313 0.04403
0 0.91483 0.87551 0.26099 0.05081
0 0.82629 0.92856 0.24253 0.05036