0 0.10932 0.13281 0.25884 0.05183
0 0.10527 0.18586 0.23061 0.0471
0 0.10798 0.23891 0.26196 0.052
0 0.10576 0.29196 0.25941 0.05111
0 0.10501 0.34501 0.25131 0.05031
0 0.10155 0.39806 0.2239 0.04897
0 0.10158 0.45111 0.26466 0.0514
0 0.09921 0.50416 0.25851 0.04803
0 0.10606 0.55721 0.2287 0.04599
0 0.11298 0.61026 0.25087 0.04545
0 0.10384 0.66331 0.23454 0.04461
0 0.10548 0.71636 0.22553 0.05011
0 0.11205 0.76941 0.24933 0.04776
0 0.10578 0.82246 0.2411 0.05193
0 0.10653 0.87551 0.25155 0.04985
0 0.10114 0.92856 0.25647 0.04423
0 0.29903 0.14609 0.2394 0.04457
0 0.33295 0.20444 0.22961 0.04887
0 0.30009 0.26280 0.25359 0.05123
0 0.284 0.32115 0.23585 0.04639
0 0.30045 0.37951 0.26165 0.04749
0 0.32738 0.43786 0.23977 0.04819
0 0.30773 0.49622 0.23418 0.0517
0 0.33483 0.55457 0.23563 0.04989
0 0.29458 0.61293 0.26222 0.04719
0 0.28785 0.67129 0.22273 0.05221
0 0.31721 0.72964 0.22487 0.04579
0 0.33937 0.78800 0.24553 0.05099
0 0.32138 0.84635 0.235 0.04834
0 0.34122 0.90471 0.22971 0.04692
0 0.28984 0.96306 0.22733 0.04501
0 0.53692 0.13281 0.2559 0.04496
0 0.48013 0.18586 0.22679 0.04712
0 0.53742 0.23891 0.26324 0.04448
0 0.548 0.29196 0.22319 0.04458
0 0.55316 0.34501 0.22717 0.04502
0 0.48834 0.39806 0.22583 0.0451
0 0.47865 0.45111 0.24599 0.0512
0 0.55612 0.50416 0.25922 0.05167
0 0.50194 0.55721 0.2601 0.04704
0 0.54846 0.61026 0.23555 0.05134
0 0.4769 0.66331 0.23199 0.04717
0 0.48564 0.71636 0.2213 0.05055
0 0.55417 0.76941 0.23267 0.04759
0 0.48142 0.82246 0.2352 0.04844
0 0.49567 0.87551 0.26325 0.04783
0 0.53645 0.92856 0.22164 0.0457
0 0.6662 0.11953 0.23234 0.04621
0 0.68387 0.16727 0.23949 0.04826
0 0.68975 0.21502 0.25481 0.04708
0 0.67479 0.26276 0.22995 0.05252
0 0.73234 0.31051 0.24399 0.05081
0 0.78407 0.35825 0.24174 0.04647
0 0.77411 0.40600 0.24871 0.0508
0 0.68856 0.45374 0.24257 0.0477
0 0.73207 0.50149 0.26257 0.05003
0 0.79761 0.54923 0.252 0.05137
0 0.77205 0.59698 0.2229 0.05229
0 0.72948 0.64472 0.25972 0.04585
0 0.78776 0.69247 0.26003 0.05073
0 0.68911 0.74021 0.23181 0.04703
0 0.75055 0.78796 0.25722 0.04717
0 0.70168 0.83571 0.24846 0.04471
0 0.99378 0.13281 0.25875 0.0518
0 0.9082 0.18586 0.25627 0.04701
0 0.85082 0.23891 0.23301 0.04857
0 0.97864 0.29196 0.23492 0.05235
0 0.92045 0.34501 0.22178 0.04462
0 0.96104 0.39806 0.25998 0.04936
0 0.97144 0.45111 0.26275 0.05126
0 0.86202 0.50416 0.26472 0.04557
0 0.94249 0.55721 0.24845 0.04875
0 0.89509 0.61026 0.23842 0.05134
0 0.89217 0.66331 0.23675 0.05246
0 0.97221 0.71636 0.24376 0.05026
0 0.85912 0.76941 0.23045 0.04518
0 0.91546 0.82246 0.24352 0.0496
0 0.82867 0.87551 0.2394 0.04522
0 0.89675 0.92856 0.22679 0.05117