0 0.10893 0.13281 0.24383 0.05101
0 0.11455 0.18586 0.22847 0.04933
0 0.10024 0.23891 0.25914 0.05069
0 0.11325 0.29196 0.22398 0.05116
0 0.11139 0.34501 0.24022 0.04701
0 0.09708 0.39806 0.25689 0.05066
0 0.11471 0.45111 0.25811 0.04454
0 0.09909 0.50416 0.23271 0.0457
0 0.0947 0.55721 0.2342 0.04725
0 0.11376 0.61026 0.26152 0.04582
0 0.10402 0.66331 0.23922 0.04503
0 0.09988 0.71636 0.24742 0.04879
0 0.11322 0.76941 0.23887 0.05136
0 0.1038 0.82246 0.26107 0.04603
0 0.11073 0.87551 0.24498 0.0472
0 0.10628 0.92856 0.23756 0.05087
0 0.28516 0.14609 0.23091 0.05152
0 0.2922 0.20444 0.25211 0.05097
0 0.28386 0.26280 0.26521 0.04967
0 0.31818 0.32115 0.23163 0.05079
0 0.31463 0.37951 0.26408 0.05211
0 0.34537 0.43786 0.24363 0.04927
0 0.31131 0.49622 0.23433 0.04967
0 0.29929 0.55457 0.23144 0.04775
0 0.28744 0.61293 0.22282 0.04884
0 0.30806 0.67129 0.22791 0.05022
0 0.33655 0.72964 0.2636 0.05172
0 0.28349 0.78800 0.22379 0.04488
0 0.33036 0.84635 0.23551 0.04691
0 0.33617 0.90471 0.26185 0.04778
0 0.29609 0.96306 0.22324 0.05215
0 0.48994 0.13281 0.25215 0.05212
0 0.54936 0.18586 0.25505 0.05125
0 0.52491 0.23891 0.24753 0.0494
0 0.57121 0.29196 0.26496 0.04511
0 0.51499 0.34501 0.22587 0.04732
0 0.49545 0.39806 0.26205 0.047
0 0.50659 0.45111 0.22666 0.04569
0 0.49741 0.50416 0.26338 0.0472
0 0.54416 0.55721 0.24531 0.04537
0 0.55798 0.61026 0.22394 0.04389
0 0.55509 0.66331 0.22222 0.04951
0 0.49849 0.71636 0.24533 0.04657
0 0.49527 0.76941 0.25871 0.04656
0 0.5144 0.82246 0.22497 0.04849
0 0.47358 0.87551 0.23772 0.05082
0 0.52522 0.92856 0.26135 0.04593
0 0.80044 0.11953 0.25544 0.05187
0 0.73133 0.16727 0.23566 0.05225
0 0.66997 0.21502 0.26351 0.04763
0 0.73199 0.26276 0.24577 0.04934
0 0.72343 0.31051 0.23541 0.05183
0 0.79934 0.35825 0.24276 0.04518
0 0.73346 0.40600 0.2651 0.04521
0 0.7505 0.45374 0.25055 0.04825
0 0.71474 0.50149 0.25405 0.05211
0 0.70671 0.54923 0.24727 0.04897
0 0.71594 0.59698 0.25544 0.04432
0 0.80661 0.64472 0.23962 0.05067
0 0.70726 0.69247 0.22476 0.04633
0 0.79293 0.74021 0.24944 0.04522
0 0.66597 0.78796 0.22927 0.05116
0 0.76242 0.83571 0.25504 0.04879
0 0.85679 0.13281 0.23522 0.05119
0 0.99033 0.18586 0.26351 0.04989
0 0.85011 0.23891 0.26291 0.04921
0 0.82411 0.29196 0.24 0.04487
0 0.91646 0.34501 0.26552 0.05186
0 0.84063 0.39806 0.24471 0.04603
0 0.90792 0.45111 0.23046 0.04839
0 0.85063 0.50416 0.22638 0.04931
0 0.87481 0.55721 0.22682 0.05056
0 0.81952 0.61026 0.25 0.05217
0 0.83577 0.66331 0.23778 0.04545
0 0.87103 0.71636 0.25818 0.04959
0 0.87881 0.76941 0.25631 0.04805
0 0.90571 0.82246 0.25533 0.05232
0 0.98244 0.87551 0.23523 0.05
0 0.88134 0.92856 0.25287 0.0504