0 0.10249 0.13281 0.24506 0.04533
0 0.1038 0.18586 0.24702 0.04528
0 0.1024 0.23891 0.25836 0.04814
0 0.09686 0.29196 0.25213 0.04496
0 0.11264 0.34501 0.25921 0.05004
0 0.11441 0.39806 0.23551 0.04701
0 0.09746 0.45111 0.2575 0.05201
0 0.10264 0.50416 0.25284 0.04511
0 0.1086 0.55721 0.26301 0.05238
0 0.10391 0.61026 0.22425 0.04964
0 0.10183 0.66331 0.24794 0.05042
0 0.0975 0.71636 0.22896 0.04982
0 0.10233 0.76941 0.26223 0.04936
0 0.09638 0.82246 0.23339 0.05181
0 0.09597 0.87551 0.24204 0.04419
0 0.10031 0.92856 0.22243 0.04384
0 0.32766 0.14609 0.26443 0.04815
0 0.3057 0.20444 0.25084 0.04898
0 0.32238 0.26280 0.25571 0.04461
0 0.28427 0.32115 0.24793 0.04993
0 0.29965 0.37951 0.23761 0.04413
0 0.30769 0.43786 0.25858 0.04446
0 0.3194 0.49622 0.25606 0.04558
0 0.32707 0.55457 0.25223 0.04967
0 0.31571 0.61293 0.22773 0.04994
0 0.30755 0.67129 0.23975 0.04695
0 0.30268 0.72964 0.2224 0.0498
0 0.3201 0.78800 0.23066 0.04901
0 0.32346 0.84635 0.24139 0.05114
0 0.32907 0.90471 0.23827 0.04901
0 0.32516 0.96306 0.26268 0.04752
0 0.48996 0.13281 0.26399 0.0514
0 0.49997 0.18586 0.23307 0.04603
0 0.48686 0.23891 0.25162 0.0438
0 0.49811 0.29196 0.23983 0.05213
0 0.51545 0.34501 0.24815 0.0506
0 0.51838 0.39806 0.23247 0.05173
0 0.57141 0.45111 0.23209 0.05079
0 0.54692 0.50416 0.2431 0.04834
0 0.49748 0.55721 0.25823 0.04952
0 0.52461 0.61026 0.22621 0.0504
0 0.52645 0.66331 0.23369 0.04514
0 0.54365 0.71636 0.24372 0.04856
0 0.47683 0.76941 0.22371 0.04759
0 0.47739 0.82246 0.22887 0.04801
0 0.54059 0.87551 0.23028 0.05056
0 0.55382 0.92856 0.24459 0.05155
0 0.76405 0.11953 0.23794 0.05051
0 0.71916 0.16727 0.22938 0.04824
0 0.72481 0.21502 0.23363 0.04589
0 0.70669 0.26276 0.26412 0.05157
0 0.7683 0.31051 0.22657 0.05109
0 0.76539 0.35825 0.23389 0.04529
0 0.75962 0.40600 0.23987 0.04999
0 0.76463 0.45374 0.26482 0.04563
0 0.70243 0.50149 0.24259 0.05161
0 0.7797 0.54923 0.24497 0.04479
0 0.71949 0.59698 0.24756 0.04391
0 0.75157 0.64472 0.2273 0.04657
0 0.68313 0.69247 0.22558 0.05125
0 0.70769 0.74021 0.22148 0.04875
0 0.74217 0.78796 0.25702 0.04733
0 0.80594 0.83571 0.2246 0.04561
0 0.8898 0.13281 0.24347 0.04642
0 0.92184 0.18586 0.26235 0.04733
0 0.89948 0.23891 0.24048 0.04523
0 0.992 0.29196 0.24833 0.04486
0 0.95499 0.34501 0.24605 0.0456
0 0.9233 0.39806 0.22628 0.0453
0 0.85599 0.45111 0.23111 0.0502
0 0.86815 0.50416 0.26269 0.04834
0 0.84479 0.55721 0.22419 0.04518
0 0.87759 0.61026 0.22134 0.05166
0 0.99132 0.66331 0.225 0.05055
0 0.98617 0.71636 0.24512 0.05163
0 0.9453 0.76941 0.2436 0.04481
0 0.92844 0.82246 0.22983 0.05054
0 0.90879 0.87551 0.23098 0.04999
0 0.97057 0.92856 0.25634 0.0473