0 0.09532 0.13281 0.24937 0.05115
0 0.11195 0.18586 0.2559 0.05003
0 0.11166 0.23891 0.25854 0.0506
0 0.11545 0.29196 0.22655 0.04475
0 0.10895 0.34501 0.24933 0.04551
0 0.10459 0.39806 0.25843 0.04832
0 0.09521 0.45111 0.22202 0.05236
0 0.10037 0.50416 0.23311 0.05028
0 0.10188 0.55721 0.24159 0.04634
0 0.1112 0.61026 0.24013 0.04589
0 0.09914 0.66331 0.26265 0.04845
0 0.09461 0.71636 0.22779 0.0474
0 0.09967 0.76941 0.25645 0.04695
0 0.10754 0.82246 0.24135 0.05129
0 0.11545 0.87551 0.2231 0.04951
0 0.10434 0.92856 0.23345 0.05098
0 0.30399 0.14609 0.25091 0.04617
0 0.29822 0.20444 0.25219 0.0445
0 0.29133 0.26280 0.23295 0.0443
0 0.32304 0.32115 0.22393 0.05059
0 0.28337 0.37951 0.25321 0.04456
0 0.31677 0.43786 0.23543 0.05085
0 0.32342 0.49622 0.23909 0.05219
0 0.28504 0.55457 0.24725 0.04515
0 0.345 0.61293 0.24734 0.0479
0 0.30465 0.67129 0.22362 0.04672
0 0.33175 0.72964 0.26439 0.04627
0 0.31567 0.78800 0.25689 0.04931
0 0.31982 0.84635 0.23761 0.04506
0 0.3107 0.90471 0.2516 0.04756
0 0.30526 0.96306 0.23721 0.0524
0 0.54982 0.13281 0.2267 0.04938
0 0.55734 0.18586 0.22497 0.04919
0 0.50732 0.23891 0.2437 0.0492
0 0.5267 0.29196 0.24683 0.04964
0 0.56137 0.34501 0.23487 0.05203
0 0.57479 0.39806 0.22181 0.04691
0 0.5496 0.45111 0.22672 0.04861
0 0.49393 0.50416 0.25134 0.051
0 0.53423 0.55721 0.24209 0.04744
0 0.51935 0.61026 0.25504 0.04512
0 0.52997 0.66331 0.23358 0.0466
0 0.48366 0.71636 0.24847 0.05176
0 0.5634 0.76941 0.22811 0.05122
0 0.54899 0.82246 0.25019 0.0498
0 0.51976 0.87551 0.25651 0.04676
0 0.50049 0.92856 0.24694 0.05226
0 0.79467 0.11953 0.22335 0.05192
0 0.7604 0.16727 0.25254 0.04638
0 0.6971 0.21502 0.23286 0.04618
0 0.80314 0.26276 0.24413 0.04442
0 0.75075 0.31051 0.22238 0.04766
0 0.6911 0.35825 0.22215 0.04724
0 0.70574 0.40600 0.22788 0.04839
0 0.6895 0.45374 0.22856 0.0441
0 0.71619 0.50149 0.25441 0.05004
0 0.73718 0.54923 0.23004 0.04403
0 0.74425 0.59698 0.25735 0.04636
0 0.71821 0.64472 0.24006 0.05098
0 0.6649 0.69247 0.25549 0.04768
0 0.67625 0.74021 0.22272 0.04824
0 0.67417 0.78796 0.23745 0.04631
0 0.75319 0.83571 0.25004 0.04548
0 0.82007 0.13281 0.26092 0.04928
0 0.99387 0.18586 0.2412 0.0497
0 0.93063 0.23891 0.25823 0.04736
0 0.95761 0.29196 0.23936 0.04727
0 0.96931 0.34501 0.26003 0.04562
0 0.84024 0.39806 0.247 0.04879
0 0.82663 0.45111 0.24476 0.04643
0 0.93447 0.50416 0.22954 0.04905
0 0.89349 0.55721 0.22225 0.04555
0 0.865 0.61026 0.24697 0.048
0 0.82814 0.66331 0.25252 0.05038
0 0.90432 0.71636 0.24814 0.05035
0 0.92622 0.76941 0.24985 0.05113
0 0.91355 0.82246 0.25851 0.05151
0 0.92515 0.87551 0.23972 0.04649
0 0.90328 0.92856 0.23017 0.04573