0 0.11345 0.13281 0.26207 0.05036
0 0.10531 0.18586 0.2437 0.05091
0 0.11112 0.23891 0.25142 0.04436
0 0.11066 0.29196 0.25844 0.04739
0 0.09946 0.34501 0.25697 0.05111
0 0.11013 0.39806 0.23178 0.05098
0 0.11025 0.45111 0.23312 0.04919
0 0.09831 0.50416 0.24851 0.04984
0 0.10169 0.55721 0.26234 0.04847
0 0.09927 0.61026 0.25423 0.04734
0 0.10852 0.66331 0.22687 0.04935
0 0.11037 0.71636 0.22166 0.05099
0 0.10461 0.76941 0.23935 0.04663
0 0.1134 0.82246 0.22243 0.04776
0 0.11133 0.87551 0.25828 0.04915
0 0.10592 0.92856 0.2407 0.0459
0 0.3126 0.14609 0.24416 0.05207
0 0.33229 0.20444 0.23826 0.0509
0 0.33786 0.26280 0.26072 0.04592
0 0.34542 0.32115 0.24934 0.04438
0 0.30467 0.37951 0.22835 0.04599
0 0.33998 0.43786 0.25561 0.05253
0 0.28647 0.49622 0.26037 0.0469
0 0.29616 0.55457 0.24354 0.05038
0 0.34247 0.61293 0.26255 0.04792
0 0.30148 0.67129 0.2314 0.04997
0 0.32405 0.72964 0.24718 0.04778
0 0.3219 0.78800 0.22694 0.05168
0 0.31905 0.84635 0.25321 0.05072
0 0.2946 0.90471 0.22773 0.0486
0 0.29363 0.96306 0.25094 0.05252
0 0.48801 0.13281 0.22564 0.04815
0 0.50347 0.18586 0.22317 0.05086
0 0.47971 0.23891 0.22837 0.05092
0 0.4757 0.29196 0.26117 0.05102
0 0.51441 0.34501 0.25027 0.04484
0 0.48664 0.39806 0.23878 0.04416
0 0.48182 0.45111 0.25769 0.05177
0 0.50869 0.50416 0.25957 0.05049
0 0.5144 0.55721 0.25428 0.04713
0 0.51096 0.61026 0.25138 0.04453
0 0.56549 0.66331 0.24269 0.04818
0 0.54754 0.71636 0.23421 0.0495
0 0.52793 0.76941 0.2497 0.05137
0 0.53365 0.82246 0.22693 0.0488
0 0.54328 0.87551 0.25602 0.05146
0 0.50529 0.92856 0.23322 0.04552
0 0.77268 0.11953 0.23867 0.04906
0 0.67017 0.16727 0.22745 0.04458
0 0.7593 0.21502 0.22349 0.04392
0 0.77848 0.26276 0.26418 0.04658
0 0.76596 0.31051 0.23682 0.04604
0 0.72546 0.35825 0.25181 0.04562
0 0.7522 0.40600 0.25351 0.05153
0 0.71882 0.45374 0.23773 0.05217
0 0.66116 0.50149 0.24759 0.0471
0 0.69297 0.54923 0.23704 0.04806
0 0.80377 0.59698 0.23779 0.04902
0 0.69791 0.64472 0.2453 0.04832
0 0.69848 0.69247 0.26497 0.04431
0 0.73192 0.74021 0.2612 0.04643
0 0.8018 0.78796 0.24531 0.05041
0 0.66796 0.83571 0.25942 0.04717
0 0.86392 0.13281 0.22886 0.04947
0 0.99388 0.18586 0.23252 0.05038
0 0.85961 0.23891 0.23003 0.04951
0 0.81839 0.29196 0.22807 0.05226
0 0.9068 0.34501 0.23603 0.04994
0 0.86092 0.39806 0.23835 0.04477
0 0.83765 0.45111 0.24664 0.04773
0 0.93179 0.50416 0.2618 0.05135
0 0.98044 0.55721 0.24629 0.05245
0 0.96734 0.61026 0.22604 0.0493
0 0.88227 0.66331 0.25184 0.05183
0 0.90586 0.71636 0.22348 0.04406
0 0.844 0.76941 0.26371 0.04849
0 0.89378 0.82246 0.24494 0.04851
0 0.99501 0.87551 0.2222 0.0517
0 0.98916 0.92856 0.26218 0.05041