0 0.10962 0.13281 0.26283 0.0525
0 0.11093 0.18586 0.26519 0.04472
0 0.09997 0.23891 0.23135 0.05106
0 0.10723 0.29196 0.2361 0.04911
0 0.10097 0.34501 0.25935 0.04603
0 0.0951 0.39806 0.22902 0.04957
0 0.09529 0.45111 0.2333 0.05103
0 0.10994 0.50416 0.2576 0.04804
0 0.10969 0.55721 0.23058 0.04668
0 0.10955 0.61026 0.23175 0.05097
0 0.09474 0.66331 0.22957 0.04519
0 0.09721 0.71636 0.24109 0.05053
0 0.10458 0.76941 0.22434 0.04501
0 0.09569 0.82246 0.25989 0.04593
0 0.09645 0.87551 0.25076 0.05087
0 0.10196 0.92856 0.24122 0.05109
0 0.2996 0.14609 0.25685 0.05006
0 0.28636 0.20444 0.24855 0.04638
0 0.31326 0.26280 0.23295 0.04842
0 0.33187 0.32115 0.2335 0.04472
0 0.30325 0.37951 0.23747 0.04881
0 0.28927 0.43786 0.2252 0.04994
0 0.3242 0.49622 0.2385 0.04737
0 0.29531 0.55457 0.25458 0.05103
0 0.31104 0.61293 0.24349 0.04516
0 0.31607 0.67129 0.24544 0.04573
0 0.31075 0.72964 0.25577 0.04485
0 0.30989 0.78800 0.23302 0.04641
0 0.33598 0.84635 0.25169 0.05137
0 0.32342 0.90471 0.26235 0.04531
0 0.34197 0.96306 0.22762 0.05016
0 0.49962 0.13281 0.26401 0.04455
0 0.53469 0.18586 0.24081 0.04551
0 0.51046 0.23891 0.26385 0.05061
0 0.54487 0.29196 0.23384 0.04438
0 0.52442 0.34501 0.24446 0.04745
0 0.52437 0.39806 0.2219 0.04473
0 0.56579 0.45111 0.25535 0.04814
0 0.51322 0.50416 0.24188 0.04867
0 0.55683 0.55721 0.24574 0.05177
0 0.47941 0.61026 0.23678 0.0507
0 0.54394 0.66331 0.24772 0.05146
0 0.5278 0.71636 0.24105 0.05191
0 0.48323 0.76941 0.25161 0.04705
0 0.55419 0.82246 0.22446 0.05039
0 0.55638 0.87551 0.2604 0.05237
0 0.50855 0.92856 0.22599 0.04444
0 0.69481 0.11953 0.2423 0.04498
0 0.68412 0.16727 0.22528 0.0444
0 0.67198 0.21502 0.24404 0.04676
0 0.70383 0.26276 0.24175 0.04418
0 0.74149 0.31051 0.2316 0.04846
0 0.75257 0.35825 0.26193 0.04402
0 0.71191 0.40600 0.25533 0.04784
0 0.69026 0.45374 0.25474 0.04486
0 0.67524 0.50149 0.2327 0.05159
0 0.76834 0.54923 0.25139 0.0511
0 0.68938 0.59698 0.2265 0.05106
0 0.73704 0.64472 0.22223 0.05129
0 0.77277 0.69247 0.26132 0.04487
0 0.74206 0.74021 0.25382 0.04642
0 0.74919 0.78796 0.23234 0.04399
0 0.76956 0.83571 0.23468 0.04417
0 0.82974 0.13281 0.26529 0.04697
0 0.8881 0.18586 0.24909 0.05083
0 0.87795 0.23891 0.23865 0.04409
0 0.87794 0.29196 0.24289 0.05125
0 0.87615 0.34501 0.24296 0.04605
0 0.95924 0.39806 0.24465 0.05192
0 0.99069 0.45111 0.24835 0.05122
0 0.95219 0.50416 0.2431 0.04508
0 0.92163 0.55721 0.25837 0.05203
0 0.97432 0.61026 0.25391 0.04834
0 0.99037 0.66331 0.26209 0.04472
0 0.91371 0.71636 0.22451 0.04835
0 0.94975 0.76941 0.25032 0.05139
0 0.95937 0.82246 0.25026 0.04929
0 0.98777 0.87551 0.23967 0.05207
0 0.93735 0.92856 0.23475 0.0511