0 0.10656 0.13281 0.23298 0.05088
0 0.09822 0.18586 0.23281 0.04668
0 0.11413 0.23891 0.26314 0.05059
0 0.11248 0.29196 0.25846 0.04683
0 0.09755 0.34501 0.25551 0.05233
0 0.09634 0.39806 0.22186 0.04806
0 0.1022 0.45111 0.25493 0.04508
0 0.09453 0.50416 0.2567 0.04866
0 0.09547 0.55721 0.24885 0.05244
0 0.09494 0.61026 0.22637 0.04441
0 0.10287 0.66331 0.23397 0.04656
0 0.11286 0.71636 0.24367 0.05253
0 0.11309 0.76941 0.24099 0.05186
0 0.10338 0.82246 0.24222 0.04865
0 0.10828 0.87551 0.26066 0.04453
0 0.0995 0.92856 0.247 0.04615
0 0.29673 0.14609 0.22674 0.04904
0 0.28638 0.20444 0.2647 0.0495
0 0.3126 0.26280 0.25302 0.04811
0 0.34035 0.32115 0.25421 0.0449
0 0.2969 0.37951 0.26473 0.04518
0 0.31001 0.43786 0.23454 0.04811
0 0.3413 0.49622 0.25364 0.04922
0 0.30511 0.55457 0.22132 0.04504
0 0.34212 0.61293 0.2615 0.04548
0 0.31265 0.67129 0.25037 0.05189
0 0.29542 0.72964 0.25615 0.05215
0 0.2992 0.78800 0.26336 0.05071
0 0.30472 0.84635 0.25592 0.04781
0 0.30803 0.90471 0.2447 0.04616
0 0.32166 0.96306 0.24715 0.04863
0 0.55952 0.13281 0.26324 0.05025
0 0.56834 0.18586 0.24586 0.05112
0 0.5306 0.23891 0.2426 0.05248
0 0.52072 0.29196 0.22578 0.04633
0 0.52067 0.34501 0.23378 0.05006
0 0.57089 0.39806 0.25184 0.0449
0 0.57512 0.45111 0.24066 0.05011
0 0.52233 0.50416 0.22586 0.04729
0 0.52569 0.55721 0.2245 0.04622
0 0.52844 0.61026 0.2461 0.04878
0 0.55265 0.66331 0.24679 0.05052
0 0.56681 0.71636 0.2641 0.05196
0 0.52142 0.76941 0.22814 0.05168
0 0.50061 0.82246 0.23198 0.05214
0 0.56522 0.87551 0.23611 0.04407
0 0.54265 0.92856 0.23152 0.05035
0 0.71064 0.11953 0.26528 0.04672
0 0.79514 0.16727 0.2526 0.04384
0 0.69383 0.21502 0.24276 0.05144
0 0.71122 0.26276 0.24401 0.04513
0 0.69006 0.31051 0.22994 0.04834
0 0.79168 0.35825 0.22302 0.04684
0 0.67201 0.40600 0.22175 0.04516
0 0.76836 0.45374 0.22433 0.04832
0 0.75668 0.50149 0.2655 0.05115
0 0.80735 0.54923 0.25374 0.04406
0 0.78113 0.59698 0.22159 0.04688
0 0.78344 0.64472 0.22283 0.04432
0 0.76095 0.69247 0.22528 0.04712
0 0.6904 0.74021 0.23947 0.04934
0 0.72847 0.78796 0.25248 0.05191
0 0.71326 0.83571 0.22561 0.04454
0 0.98228 0.13281 0.25487 0.05025
0 0.98733 0.18586 0.2232 0.04741
0 0.97448 0.23891 0.25212 0.04842
0 0.8618 0.29196 0.23737 0.04611
0 0.91678 0.34501 0.24501 0.04628
0 0.84852 0.39806 0.25804 0.04416
0 0.86877 0.45111 0.2397 0.04573
0 0.94782 0.50416 0.22455 0.04621
0 0.85576 0.55721 0.22593 0.04389
0 0.8347 0.61026 0.22328 0.04898
0 0.94952 0.66331 0.25514 0.04602
0 0.87745 0.71636 0.24593 0.04676
0 0.82624 0.76941 0.26355 0.04833
0 0.88414 0.82246 0.24377 0.04745
0 0.81866 0.87551 0.22652 0.04772
0 0.88089 0.92856 0.25159 0.04582