0 0.11329 0.13281 0.24365 0.05014
0 0.11027 0.18586 0.23177 0.04645
0 0.10789 0.23891 0.23701 0.05185
0 0.10989 0.29196 0.2551 0.05208
0 0.11551 0.34501 0.2636 0.04626
0 0.11516 0.39806 0.24114 0.04729
0 0.10992 0.45111 0.22231 0.04564
0 0.10429 0.50416 0.23385 0.04397
0 0.11008 0.55721 0.23065 0.04669
0 0.0965 0.61026 0.22576 0.05043
0 0.09677 0.66331 0.26227 0.05006
0 0.11339 0.71636 0.23071 0.04419
0 0.10699 0.76941 0.22198 0.04572
0 0.10063 0.82246 0.24401 0.0477
0 0.11109 0.87551 0.22453 0.04788
0 0.10791 0.92856 0.26447 0.05164
0 0.32094 0.14609 0.24819 0.05198
0 0.33529 0.20444 0.25681 0.0485
0 0.33077 0.26280 0.24995 0.05041
0 0.33897 0.32115 0.25387 0.05086
0 0.33036 0.37951 0.22625 0.04674
0 0.32594 0.43786 0.23766 0.0489
0 0.3402 0.49622 0.24415 0.04944
0 0.34227 0.55457 0.23228 0.0488
0 0.29588 0.61293 0.24325 0.04912
0 0.33176 0.67129 0.24082 0.04545
0 0.30423 0.72964 0.25044 0.04589
0 0.30342 0.78800 0.24375 0.05036
0 0.31763 0.84635 0.2354 0.05236
0 0.34396 0.90471 0.22234 0.04994
0 0.31469 0.96306 0.23435 0.04641
0 0.54078 0.13281 0.24453 0.04424
0 0.55368 0.18586 0.26415 0.04655
0 0.56638 0.23891 0.25848 0.04559
0 0.53192 0.29196 0.236 0.04906
0 0.55925 0.34501 0.24987 0.04772
0 0.47798 0.39806 0.22427 0.05252
0 0.55383 0.45111 0.26301 0.04859
0 0.52766 0.50416 0.25461 0.05209
0 0.5348 0.55721 0.22831 0.04504
0 0.5042 0.61026 0.22447 0.04773
0 0.51788 0.66331 0.2333 0.0525
0 0.562 0.71636 0.22844 0.04905
0 0.52907 0.76941 0.25616 0.04488
0 0.55708 0.82246 0.24214 0.04541
0 0.56882 0.87551 0.2263 0.05109
0 0.5061 0.92856 0.2245 0.05208
0 0.69779 0.11953 0.23019 0.0468
0 0.66552 0.16727 0.2414 0.04827
0 0.66479 0.21502 0.24595 0.04529
0 0.7697 0.26276 0.26159 0.0471
0 0.69288 0.31051 0.22692 0.05001
0 0.77141 0.35825 0.22473 0.05087
0 0.66777 0.40600 0.23078 0.05038
0 0.69723 0.45374 0.22494 0.04986
0 0.72868 0.50149 0.23299 0.0441
0 0.69364 0.54923 0.23006 0.04768
0 0.78209 0.59698 0.26081 0.04435
0 0.75273 0.64472 0.24052 0.0453
0 0.68317 0.69247 0.2584 0.05242
0 0.71526 0.74021 0.25031 0.05242
0 0.72394 0.78796 0.24893 0.05202
0 0.74608 0.83571 0.24197 0.04639
0 0.9487 0.13281 0.25334 0.04987
0 0.91119 0.18586 0.22797 0.05057
0 0.98054 0.23891 0.22773 0.049
0 0.89858 0.29196 0.22737 0.04932
0 0.90144 0.34501 0.23587 0.05087
0 0.92088 0.39806 0.26041 0.04711
0 0.91463 0.45111 0.23951 0.05003
0 0.82499 0.50416 0.26272 0.04548
0 0.86741 0.55721 0.23156 0.05076
0 0.9605 0.61026 0.22742 0.05241
0 0.96723 0.66331 0.2368 0.0515
0 0.99058 0.71636 0.25976 0.04707
0 0.83612 0.76941 0.23617 0.05073
0 0.91373 0.82246 0.26156 0.04917
0 0.90948 0.87551 0.22561 0.05022
0 0.98129 0.92856 0.25059 0.04505