0 0.10238 0.13281 0.2548 0.04543
0 0.09636 0.18586 0.23465 0.04951
0 0.11492 0.23891 0.24964 0.04818
0 0.09654 0.29196 0.22783 0.04459
0 0.09799 0.34501 0.22467 0.05225
0 0.09781 0.39806 0.23431 0.04889
0 0.10347 0.45111 0.25712 0.04769
0 0.11255 0.50416 0.23722 0.05082
0 0.09662 0.55721 0.23113 0.05138
0 0.1108 0.61026 0.26132 0.05034
0 0.10752 0.66331 0.23713 0.04515
0 0.09911 0.71636 0.26499 0.04435
0 0.1016 0.76941 0.2593 0.04781
0 0.09856 0.82246 0.25439 0.05014
0 0.10121 0.87551 0.23209 0.04524
0 0.11245 0.92856 0.22172 0.05092
0 0.30516 0.14609 0.25113 0.04396
0 0.30846 0.20444 0.22274 0.04954
0 0.34524 0.26280 0.25404 0.0444
0 0.34022 0.32115 0.25518 0.05166
0 0.30048 0.37951 0.26218 0.04518
0 0.33885 0.43786 0.23786 0.04531
0 0.30237 0.49622 0.22821 0.04577
0 0.31172 0.55457 0.26194 0.05
0 0.32824 0.61293 0.25202 0.05176
0 0.28553 0.67129 0.25963 0.04949
0 0.293 0.72964 0.2592 0.04846
0 0.31045 0.78800 0.25744 0.04875
0 0.33882 0.84635 0.23839 0.04442
0 0.33052 0.90471 0.2489 0.04567
0 0.29824 0.96306 0.24251 0.04486
0 0.48575 0.13281 0.26319 0.04946
0 0.5178 0.18586 0.22936 0.04897
0 0.48884 0.23891 0.26538 0.04982
0 0.47624 0.29196 0.23614 0.05054
0 0.57006 0.34501 0.24619 0.05152
0 0.57453 0.39806 0.2372 0.04657
0 0.47263 0.45111 0.23907 0.04431
0 0.57528 0.50416 0.23836 0.0523
0 0.49881 0.55721 0.26271 0.05135
0 0.53048 0.61026 0.24125 0.04463
0 0.57432 0.66331 0.23749 0.05113
0 0.5378 0.71636 0.2378 0.04689
0 0.52309 0.76941 0.24328 0.04674
0 0.49138 0.82246 0.22196 0.04405
0 0.48385 0.87551 0.2384 0.05075
0 0.47962 0.92856 0.25445 0.0515
0 0.77096 0.11953 0.23512 0.04697
0 0.66433 0.16727 0.2609 0.0445
0 0.6966 0.21502 0.25189 0.04745
0 0.77742 0.26276 0.22198 0.04746
0 0.75617 0.31051 0.23604 0.04437
0 0.66136 0.35825 0.2464 0.04841
0 0.75785 0.40600 0.24929 0.05045
0 0.79812 0.45374 0.26273 0.04585
0 0.66504 0.50149 0.2457 0.0455
0 0.69122 0.54923 0.23054 0.04565
0 0.71345 0.59698 0.25802 0.05043
0 0.75588 0.64472 0.26201 0.04414
0 0.67375 0.69247 0.23652 0.04916
0 0.66932 0.74021 0.22145 0.0519
0 0.76583 0.78796 0.22447 0.05193
0 0.78956 0.83571 0.25395 0.0525
0 0.90398 0.13281 0.23842 0.05003
0 0.88472 0.18586 0.2288 0.05073
0 0.91074 0.23891 0.26507 0.04455
0 0.90236 0.29196 0.26427 0.04485
0 0.9437 0.34501 0.26052 0.04809
0 0.9037 0.39806 0.23239 0.04661
0 0.88215 0.45111 0.23165 0.05098
0 0.91097 0.50416 0.25724 0.04594
0 0.84239 0.55721 0.2564 0.04855
0 0.96526 0.61026 0.22899 0.04547
0 0.91778 0.66331 0.26237 0.04735
0 0.91814 0.71636 0.24097 0.05107
0 0.94445 0.76941 0.25378 0.04415
0 0.85759 0.82246 0.25454 0.04738
0 0.96171 0.87551 0.24512 0.04495
0 0.82082 0.92856 0.23417 0.04637