0 0.11493 0.13281 0.24678 0.04841
0 0.1022 0.18586 0.23723 0.05017
0 0.11256 0.23891 0.22545 0.04854
0 0.10324 0.29196 0.26121 0.0481
0 0.10735 0.34501 0.26083 0.05121
0 0.10274 0.39806 0.26084 0.04399
0 0.10086 0.45111 0.25477 0.04431
0 0.10642 0.50416 0.25126 0.04993
0 0.09565 0.55721 0.2561 0.04527
0 0.10315 0.61026 0.24891 0.04616
0 0.10004 0.66331 0.23853 0.04647
0 0.1044 0.71636 0.26027 0.04812
0 0.10703 0.76941 0.26257 0.04451
0 0.09454 0.82246 0.24088 0.0496
0 0.1113 0.87551 0.22908 0.04459
0 0.11153 0.92856 0.23627 0.04626
0 0.31006 0.14609 0.22538 0.04815
0 0.29917 0.20444 0.24593 0.0455
0 0.3093 0.26280 0.26461 0.04896
0 0.33591 0.32115 0.25287 0.05193
0 0.30594 0.37951 0.25298 0.04527
0 0.33028 0.43786 0.24827 0.04493
0 0.33298 0.49622 0.24457 0.04894
0 0.31012 0.55457 0.22881 0.04514
0 0.32137 0.61293 0.22785 0.05198
0 0.33712 0.67129 0.244 0.05047
0 0.32543 0.72964 0.24643 0.05165
0 0.32074 0.78800 0.23153 0.05038
0 0.33594 0.84635 0.23551 0.05247
0 0.34064 0.90471 0.23458 0.04989
0 0.29248 0.96306 0.23399 0.04464
0 0.54792 0.13281 0.22667 0.04707
0 0.51675 0.18586 0.23776 0.04928
0 0.52064 0.23891 0.24706 0.04482
0 0.49443 0.29196 0.23262 0.04883
0 0.52309 0.34501 0.22334 0.04851
0 0.53028 0.39806 0.2351 0.04761
0 0.53822 0.45111 0.2482 0.05239
0 0.47895 0.50416 0.2584 0.04571
0 0.47552 0.55721 0.24867 0.05065
0 0.56478 0.61026 0.24823 0.04551
0 0.55336 0.66331 0.25208 0.05234
0 0.5304 0.71636 0.23929 0.05131
0 0.48499 0.76941 0.23283 0.04855
0 0.50638 0.82246 0.23713 0.04495
0 0.54607 0.87551 0.23048 0.05207
0 0.51739 0.92856 0.26409 0.04484
0 0.74225 0.11953 0.25555 0.04963
0 0.71801 0.16727 0.24926 0.04396
0 0.74774 0.21502 0.24505 0.04854
0 0.7343 0.26276 0.23625 0.05223
0 0.6862 0.31051 0.23629 0.04721
0 0.71116 0.35825 0.25567 0.04764
0 0.77933 0.40600 0.24022 0.04664
0 0.75396 0.45374 0.23397 0.04825
0 0.77422 0.50149 0.25924 0.04512
0 0.67722 0.54923 0.24373 0.04886
0 0.76827 0.59698 0.23087 0.05189
0 0.7395 0.64472 0.24002 0.04417
0 0.75868 0.69247 0.24287 0.04398
0 0.79816 0.74021 0.254 0.05107
0 0.67863 0.78796 0.23807 0.04892
0 0.7091 0.83571 0.24022 0.05112
0 0.88487 0.13281 0.22764 0.04657
0 0.90721 0.18586 0.24694 0.04939
0 0.94457 0.23891 0.22438 0.05136
0 0.97047 0.29196 0.23254 0.0485
0 0.97667 0.34501 0.24801 0.05029
0 0.87308 0.39806 0.25004 0.04399
0 0.88841 0.45111 0.25534 0.04424
0 0.82655 0.50416 0.25591 0.04538
0 0.89756 0.55721 0.26418 0.04733
0 0.91337 0.61026 0.22319 0.04755
0 0.84176 0.66331 0.25138 0.04465
0 0.88069 0.71636 0.23152 0.05223
0 0.95641 0.76941 0.22609 0.05063
0 0.9422 0.82246 0.22157 0.04658
0 0.9511 0.87551 0.26474 0.0452
0 0.88093 0.92856 0.22927 0.05127