0 0.11367 0.13281 0.25501 0.05083
0 0.10793 0.18586 0.2489 0.05061
0 0.10705 0.23891 0.24316 0.04772
0 0.09613 0.29196 0.23778 0.04425
0 0.10072 0.34501 0.25615 0.05076
0 0.1022 0.39806 0.25531 0.04729
0 0.10518 0.45111 0.25446 0.05059
0 0.10589 0.50416 0.26459 0.04414
0 0.10773 0.55721 0.25027 0.04599
0 0.11362 0.61026 0.24529 0.05036
0 0.10019 0.66331 0.25147 0.04513
0 0.1146 0.71636 0.25994 0.04939
0 0.10224 0.76941 0.25444 0.04991
0 0.1073 0.82246 0.25402 0.04514
0 0.10862 0.87551 0.24013 0.04797
0 0.10242 0.92856 0.22497 0.05009
0 0.30299 0.14609 0.26055 0.04854
0 0.33788 0.20444 0.23654 0.04782
0 0.31237 0.26280 0.26304 0.0461
0 0.34237 0.32115 0.22848 0.04439
0 0.30312 0.37951 0.26433 0.04646
0 0.34496 0.43786 0.26273 0.04818
0 0.32186 0.49622 0.22653 0.05036
0 0.29985 0.55457 0.23542 0.0468
0 0.32947 0.61293 0.24055 0.0483
0 0.29471 0.67129 0.25338 0.04824
0 0.31086 0.72964 0.23329 0.04825
0 0.34512 0.78800 0.24192 0.04672
0 0.29591 0.84635 0.22638 0.04788
0 0.30106 0.90471 0.23704 0.05246
0 0.34287 0.96306 0.2236 0.04929
0 0.53874 0.13281 0.2543 0.04647
0 0.50007 0.18586 0.22198 0.04681
0 0.50074 0.23891 0.23556 0.04938
0 0.54473 0.29196 0.22365 0.04956
0 0.53173 0.34501 0.26233 0.04789
0 0.54627 0.39806 0.23407 0.04843
0 0.48958 0.45111 0.23348 0.05059
0 0.53193 0.50416 0.23833 0.0519
0 0.53699 0.55721 0.2395 0.04827
0 0.54272 0.61026 0.23476 0.04697
0 0.51506 0.66331 0.25218 0.05073
0 0.49466 0.71636 0.24769 0.04691
0 0.53356 0.76941 0.23521 0.0518
0 0.56895 0.82246 0.26475 0.04461
0 0.48734 0.87551 0.25633 0.04744
0 0.48729 0.92856 0.24466 0.0507
0 0.80571 0.11953 0.25724 0.05179
0 0.80235 0.16727 0.24151 0.04598
0 0.66487 0.21502 0.22613 0.04735
0 0.69894 0.26276 0.23374 0.05245
0 0.73574 0.31051 0.22594 0.0521
0 0.77461 0.35825 0.24544 0.05037
0 0.72128 0.40600 0.22751 0.0523
0 0.73585 0.45374 0.23721 0.04783
0 0.78254 0.50149 0.22189 0.04554
0 0.6672 0.54923 0.25652 0.05063
0 0.70683 0.59698 0.22689 0.05174
0 0.76515 0.64472 0.25346 0.05195
0 0.78314 0.69247 0.22749 0.05039
0 0.69767 0.74021 0.22842 0.04654
0 0.72465 0.78796 0.26032 0.04724
0 0.78908 0.83571 0.23476 0.04551
0 0.91768 0.13281 0.24001 0.04588
0 0.91386 0.18586 0.23808 0.04399
0 0.85097 0.23891 0.25282 0.04745
0 0.96957 0.29196 0.23259 0.04843
0 0.94611 0.34501 0.2603 0.04414
0 0.95579 0.39806 0.26515 0.04875
0 0.99455 0.45111 0.25837 0.05114
0 0.88281 0.50416 0.2327 0.04736
0 0.86279 0.55721 0.25753 0.05025
0 0.82133 0.61026 0.2598 0.05147
0 0.88882 0.66331 0.23623 0.05052
0 0.91871 0.71636 0.24882 0.04803
0 0.87614 0.76941 0.23708 0.05032
0 0.89503 0.82246 0.2493 0.0521
0 0.82904 0.87551 0.25083 0.05158
0 0.86829 0.92856 0.26374 0.04858