0 0.09851 0.13281 0.24602 0.0488
0 0.09806 0.18586 0.22189 0.0517
0 0.09762 0.23891 0.22609 0.05071
0 0.10231 0.29196 0.24265 0.04973
0 0.09505 0.34501 0.23593 0.04696
0 0.11485 0.39806 0.25396 0.05046
0 0.11175 0.45111 0.23328 0.04563
0 0.11155 0.50416 0.25863 0.04991
0 0.1099 0.55721 0.26462 0.05112
0 0.09632 0.61026 0.24194 0.04726
0 0.10479 0.66331 0.23698 0.04786
0 0.1154 0.71636 0.2603 0.05157
0 0.11153 0.76941 0.24653 0.04759
0 0.10933 0.82246 0.23276 0.04808
0 0.10898 0.87551 0.2444 0.0522
0 0.10258 0.92856 0.26004 0.0509
0 0.32991 0.14609 0.25435 0.04482
0 0.31097 0.20444 0.24044 0.0471
0 0.3363 0.26280 0.25897 0.04926
0 0.31488 0.32115 0.23533 0.05022
0 0.30554 0.37951 0.23453 0.05233
0 0.28616 0.43786 0.23933 0.05091
0 0.29276 0.49622 0.25558 0.04803
0 0.28538 0.55457 0.2567 0.04884
0 0.31809 0.61293 0.25171 0.04487
0 0.28761 0.67129 0.25862 0.04949
0 0.3036 0.72964 0.24121 0.05169
0 0.30525 0.78800 0.24262 0.05138
0 0.34614 0.84635 0.24527 0.0487
0 0.32749 0.90471 0.2449 0.05035
0 0.29037 0.96306 0.23583 0.05087
0 0.55091 0.13281 0.24538 0.04968
0 0.52085 0.18586 0.25157 0.05015
0 0.51676 0.23891 0.26504 0.04896
0 0.48561 0.29196 0.23661 0.04917
0 0.56751 0.34501 0.24607 0.04386
0 0.50224 0.39806 0.23549 0.04656
0 0.50464 0.45111 0.24885 0.04732
0 0.4918 0.50416 0.22194 0.04438
0 0.49332 0.55721 0.25239 0.04758
0 0.47978 0.61026 0.26086 0.04502
0 0.56095 0.66331 0.23503 0.04885
0 0.52699 0.71636 0.22779 0.05175
0 0.48314 0.76941 0.24369 0.04664
0 0.5126 0.82246 0.24848 0.04476
0 0.49211 0.87551 0.23873 0.04699
0 0.50702 0.92856 0.25177 0.04907
0 0.72467 0.11953 0.24438 0.04414
0 0.66547 0.16727 0.26378 0.05031
0 0.66653 0.21502 0.26398 0.05218
0 0.79085 0.26276 0.25897 0.04928
0 0.74031 0.31051 0.23677 0.04919
0 0.73795 0.35825 0.2545 0.0472
0 0.67059 0.40600 0.23613 0.04436
0 0.77804 0.45374 0.23994 0.05086
0 0.68675 0.50149 0.25372 0.04811
0 0.69345 0.54923 0.24421 0.04651
0 0.78763 0.59698 0.24357 0.0507
0 0.76938 0.64472 0.25494 0.04385
0 0.76773 0.69247 0.26469 0.04838
0 0.72123 0.74021 0.24351 0.04525
0 0.69964 0.78796 0.24663 0.04964
0 0.66884 0.83571 0.22955 0.04406
0 0.92144 0.13281 0.2345 0.04652
0 0.92046 0.18586 0.24183 0.04454
0 0.98424 0.23891 0.23148 0.04566
0 0.83027 0.29196 0.26149 0.04815
0 0.91067 0.34501 0.22948 0.04482
0 0.98273 0.39806 0.22965 0.05173
0 0.98808 0.45111 0.2505 0.05214
0 0.93659 0.50416 0.25161 0.05199
0 0.83469 0.55721 0.26313 0.05148
0 0.84645 0.61026 0.26341 0.05025
0 0.98823 0.66331 0.24713 0.04658
0 0.91315 0.71636 0.24089 0.04386
0 0.83015 0.76941 0.26019 0.04785
0 0.83237 0.82246 0.25644 0.05037
0 0.90616 0.87551 0.22927 0.04792
0 0.82135 0.92856 0.22876 0.05014