0 0.11157 0.13281 0.26505 0.04718
0 0.09523 0.18586 0.25783 0.04538
0 0.09755 0.23891 0.24211 0.04475
0 0.10452 0.29196 0.22724 0.05165
0 0.11361 0.34501 0.23628 0.04536
0 0.10475 0.39806 0.25754 0.05041
0 0.11089 0.45111 0.25592 0.04478
0 0.1068 0.50416 0.23101 0.0522
0 0.1147 0.55721 0.24497 0.04738
0 0.10311 0.61026 0.23388 0.04797
0 0.09632 0.66331 0.24049 0.04859
0 0.10489 0.71636 0.25395 0.04821
0 0.09777 0.76941 0.23125 0.04397
0 0.09761 0.82246 0.23126 0.05025
0 0.1035 0.87551 0.24446 0.04659
0 0.10382 0.92856 0.22356 0.04801
0 0.32856 0.14609 0.23106 0.04908
0 0.30156 0.20444 0.22807 0.04497
0 0.32253 0.26280 0.26487 0.05022
0 0.29869 0.32115 0.22264 0.05124
0 0.32075 0.37951 0.26442 0.04685
0 0.30046 0.43786 0.23614 0.04399
0 0.3068 0.49622 0.22686 0.04523
0 0.33248 0.55457 0.26102 0.05163
0 0.31039 0.61293 0.25211 0.05164
0 0.3089 0.67129 0.24776 0.05116
0 0.33452 0.72964 0.26457 0.04788
0 0.32734 0.78800 0.23828 0.05225
0 0.34257 0.84635 0.23569 0.04614
0 0.32508 0.90471 0.24791 0.04943
0 0.29134 0.96306 0.23908 0.04891
0 0.52904 0.13281 0.23273 0.05199
0 0.54963 0.18586 0.22476 0.05032
0 0.54566 0.23891 0.23994 0.04924
0 0.57424 0.29196 0.24091 0.05182
0 0.53587 0.34501 0.23936 0.04388
0 0.55161 0.39806 0.24278 0.04551
0 0.48821 0.45111 0.25202 0.04605
0 0.55444 0.50416 0.26191 0.05233
0 0.55741 0.55721 0.2499 0.05002
0 0.57195 0.61026 0.25144 0.04812
0 0.48173 0.66331 0.2646 0.05004
0 0.5593 0.71636 0.22427 0.05095
0 0.55139 0.76941 0.23611 0.04494
0 0.49306 0.82246 0.23728 0.04837
0 0.51489 0.87551 0.25909 0.0466
0 0.5541 0.92856 0.26461 0.05122
0 0.7519 0.11953 0.26249 0.04384
0 0.6686 0.16727 0.26418 0.04887
0 0.77431 0.21502 0.25898 0.05014
0 0.67026 0.26276 0.26253 0.04555
0 0.74762 0.31051 0.25833 0.05197
0 0.74423 0.35825 0.25974 0.04531
0 0.70542 0.40600 0.25347 0.0503
0 0.74731 0.45374 0.22919 0.04929
0 0.80102 0.50149 0.22442 0.05186
0 0.68508 0.54923 0.2363 0.04817
0 0.71021 0.59698 0.22742 0.05009
0 0.70258 0.64472 0.22922 0.04887
0 0.80505 0.69247 0.24933 0.04876
0 0.73879 0.74021 0.23052 0.05025
0 0.71349 0.78796 0.23168 0.04693
0 0.76259 0.83571 0.26347 0.0444
0 0.93405 0.13281 0.23277 0.05203
0 0.97239 0.18586 0.23989 0.04893
0 0.86571 0.23891 0.24802 0.04871
0 0.97367 0.29196 0.25048 0.04719
0 0.95364 0.34501 0.24154 0.04682
0 0.96024 0.39806 0.23059 0.05254
0 0.89894 0.45111 0.26045 0.04907
0 0.90712 0.50416 0.24101 0.04901
0 0.82753 0.55721 0.2219 0.04878
0 0.97889 0.61026 0.24868 0.04818
0 0.82986 0.66331 0.24731 0.04772
0 0.9392 0.71636 0.26159 0.04985
0 0.89979 0.76941 0.22374 0.04419
0 0.9961 0.82246 0.26004 0.05039
0 0.83476 0.87551 0.25776 0.0474
0 0.83392 0.92856 0.22778 0.05248