0 0.09897 0.13281 0.24033 0.0442
0 0.11433 0.18586 0.22355 0.04954
0 0.11376 0.23891 0.23622 0.05076
0 0.1046 0.29196 0.25936 0.04674
0 0.09886 0.34501 0.2486 0.05148
0 0.09998 0.39806 0.23542 0.04518
0 0.11437 0.45111 0.22402 0.04724
0 0.10294 0.50416 0.23674 0.04446
0 0.09823 0.55721 0.26422 0.05208
0 0.10938 0.61026 0.24013 0.04676
0 0.10836 0.66331 0.26217 0.0488
0 0.11474 0.71636 0.23076 0.0486
0 0.1027 0.76941 0.23171 0.04647
0 0.10652 0.82246 0.24479 0.04435
0 0.10189 0.87551 0.25644 0.04658
0 0.09677 0.92856 0.25662 0.04583
0 0.34563 0.14609 0.24772 0.04601
0 0.29795 0.20444 0.25758 0.05189
0 0.30864 0.26280 0.24558 0.04807
0 0.31768 0.32115 0.24423 0.05085
0 0.34192 0.37951 0.23877 0.04414
0 0.28997 0.43786 0.23104 0.04802
0 0.32982 0.49622 0.25562 0.04761
0 0.32474 0.55457 0.22218 0.0506
0 0.34048 0.61293 0.24991 0.05074
0 0.34227 0.67129 0.25978 0.05209
0 0.29987 0.72964 0.26476 0.04475
0 0.34245 0.78800 0.26226 0.05045
0 0.32846 0.84635 0.25705 0.04834
0 0.29265 0.90471 0.26379 0.05141
0 0.32006 0.96306 0.24934 0.04424
0 0.5179 0.13281 0.25059 0.04475
0 0.48054 0.18586 0.24021 0.04569
0 0.48157 0.23891 0.25309 0.05089
0 0.55162 0.29196 0.26517 0.04867
0 0.50232 0.34501 0.25813 0.04954
0 0.57602 0.39806 0.2488 0.05159
0 0.48754 0.45111 0.25856 0.04985
0 0.56943 0.50416 0.23652 0.0439
0 0.52495 0.55721 0.25572 0.04811
0 0.54001 0.61026 0.23749 0.04541
0 0.56379 0.66331 0.24223 0.04854
0 0.49774 0.71636 0.23095 0.05031
0 0.498 0.76941 0.23529 0.04554
0 0.53596 0.82246 0.22759 0.04795
0 0.5134 0.87551 0.25097 0.04487
0 0.48464 0.92856 0.26079 0.05161
0 0.68172 0.11953 0.25819 0.0487
0 0.6952 0.16727 0.23042 0.04442
0 0.69407 0.21502 0.25666 0.04814
0 0.72916 0.26276 0.22596 0.04677
0 0.77999 0.31051 0.2576 0.04954
0 0.66878 0.35825 0.24954 0.05006
0 0.68728 0.40600 0.25907 0.04572
0 0.71587 0.45374 0.22216 0.04998
0 0.68092 0.50149 0.24209 0.04733
0 0.71889 0.54923 0.22592 0.05066
0 0.76338 0.59698 0.2289 0.05151
0 0.78605 0.64472 0.25341 0.04941
0 0.72659 0.69247 0.26027 0.05219
0 0.79042 0.74021 0.26163 0.04817
0 0.72405 0.78796 0.23691 0.04745
0 0.80237 0.83571 0.23742 0.04808
0 0.9435 0.13281 0.25143 0.04494
0 0.8433 0.18586 0.24599 0.04597
0 0.99217 0.23891 0.23166 0.04429
0 0.91142 0.29196 0.22676 0.05084
0 0.99106 0.34501 0.24348 0.04755
0 0.95653 0.39806 0.22413 0.05061
0 0.88996 0.45111 0.24065 0.04875
0 0.83045 0.50416 0.23388 0.04884
0 0.92236 0.55721 0.22412 0.04748
0 0.91839 0.61026 0.23341 0.04953
0 0.96861 0.66331 0.2344 0.05127
0 0.92692 0.71636 0.23609 0.04542
0 0.95227 0.76941 0.24223 0.04458
0 0.87051 0.82246 0.26488 0.0465
0 0.86845 0.87551 0.25934 0.04674
0 0.99927 0.92856 0.2575 0.04756