0 0.11357 0.13281 0.2232 0.04493
0 0.11374 0.18586 0.25952 0.04638
0 0.11518 0.23891 0.24915 0.04982
0 0.10421 0.29196 0.22266 0.04384
0 0.09603 0.34501 0.23098 0.04411
0 0.10023 0.39806 0.22593 0.04593
0 0.09717 0.45111 0.24326 0.04932
0 0.10267 0.50416 0.25857 0.04498
0 0.1037 0.55721 0.24918 0.04984
0 0.11548 0.61026 0.23062 0.04869
0 0.09952 0.66331 0.22472 0.04982
0 0.11127 0.71636 0.24676 0.04611
0 0.09683 0.76941 0.23977 0.04747
0 0.10567 0.82246 0.25953 0.04478
0 0.11318 0.87551 0.23552 0.05204
0 0.10328 0.92856 0.22414 0.05253
0 0.32876 0.14609 0.2584 0.05202
0 0.32745 0.20444 0.24136 0.04887
0 0.3347 0.26280 0.23013 0.04398
0 0.3354 0.32115 0.26265 0.04962
0 0.29197 0.37951 0.23951 0.04567
0 0.33551 0.43786 0.22779 0.04709
0 0.31535 0.49622 0.25905 0.05073
0 0.31164 0.55457 0.24499 0.05188
0 0.32069 0.61293 0.23327 0.05123
0 0.34506 0.67129 0.22553 0.05202
0 0.30624 0.72964 0.25458 0.05227
0 0.29824 0.78800 0.22135 0.04484
0 0.31115 0.84635 0.23183 0.0456
0 0.32028 0.90471 0.23613 0.04598
0 0.32791 0.96306 0.24125 0.05023
0 0.55333 0.13281 0.25146 0.04403
0 0.50802 0.18586 0.23418 0.04382
0 0.50348 0.23891 0.22421 0.04941
0 0.48969 0.29196 0.23276 0.05133
0 0.50616 0.34501 0.25886 0.04961
0 0.51176 0.39806 0.2311 0.05249
0 0.53317 0.45111 0.23348 0.04541
0 0.48747 0.50416 0.26258 0.04537
0 0.49177 0.55721 0.22584 0.04781
0 0.4848 0.61026 0.22852 0.04704
0 0.55289 0.66331 0.24163 0.04425
0 0.54427 0.71636 0.25433 0.05141
0 0.48969 0.76941 0.25773 0.0498
0 0.50772 0.82246 0.22242 0.04408
0 0.54154 0.87551 0.24806 0.05164
0 0.55498 0.92856 0.25251 0.04879
0 0.75724 0.11953 0.23012 0.05174
0 0.70449 0.16727 0.25478 0.04954
0 0.76947 0.21502 0.24557 0.04388
0 0.78348 0.26276 0.23638 0.04533
0 0.74957 0.31051 0.24182 0.0479
0 0.72784 0.35825 0.2647 0.04968
0 0.7351 0.40600 0.25882 0.04603
0 0.72316 0.45374 0.24373 0.04777
0 0.70645 0.50149 0.25717 0.05103
0 0.70984 0.54923 0.24748 0.04614
0 0.7242 0.59698 0.23517 0.04893
0 0.78028 0.64472 0.25182 0.04456
0 0.68075 0.69247 0.22705 0.04985
0 0.70524 0.74021 0.26474 0.04472
0 0.72695 0.78796 0.25629 0.04488
0 0.69679 0.83571 0.23662 0.04468
0 0.85648 0.13281 0.2358 0.04719
0 0.82917 0.18586 0.24052 0.04492
0 0.97648 0.23891 0.24309 0.04481
0 0.96727 0.29196 0.23279 0.05066
0 0.92644 0.34501 0.23475 0.04589
0 0.91393 0.39806 0.25309 0.04437
0 0.98301 0.45111 0.23567 0.05118
0 0.87185 0.50416 0.2626 0.05111
0 0.97982 0.55721 0.24768 0.04769
0 0.99208 0.61026 0.22435 0.05011
0 0.84368 0.66331 0.25579 0.04863
0 0.9753 0.71636 0.23492 0.04665
0 0.87378 0.76941 0.26003 0.05132
0 0.89931 0.82246 0.25827 0.04521
0 0.85504 0.87551 0.22259 0.05176
0 0.92083 0.92856 0.22875 0.04594