0 0.11478 0.13281 0.24286 0.04792
0 0.10754 0.18586 0.23187 0.0452
0 0.10206 0.23891 0.24723 0.04385
0 0.09643 0.29196 0.25555 0.05222
0 0.10749 0.34501 0.25075 0.04955
0 0.0952 0.39806 0.23616 0.04395
0 0.11188 0.45111 0.2299 0.05169
0 0.10556 0.50416 0.25743 0.05188
0 0.10471 0.55721 0.2289 0.046
0 0.1055 0.61026 0.24531 0.04388
0 0.10223 0.66331 0.24144 0.04988
0 0.10679 0.71636 0.22298 0.04438
0 0.1042 0.76941 0.24275 0.04859
0 0.11388 0.82246 0.24545 0.0442
0 0.11541 0.87551 0.23084 0.04925
0 0.11484 0.92856 0.22735 0.04522
0 0.30611 0.14609 0.23574 0.04662
0 0.28809 0.20444 0.25577 0.04953
0 0.335 0.26280 0.24515 0.04478
0 0.3123 0.32115 0.22873 0.04501
0 0.31761 0.37951 0.22405 0.04756
0 0.32862 0.43786 0.24777 0.04638
0 0.32601 0.49622 0.26224 0.04913
0 0.32976 0.55457 0.2543 0.04606
0 0.34492 0.61293 0.25778 0.04716
0 0.3193 0.67129 0.26343 0.0513
0 0.34501 0.72964 0.22304 0.05015
0 0.29809 0.78800 0.24804 0.04586
0 0.30031 0.84635 0.23863 0.04936
0 0.30032 0.90471 0.2482 0.04998
0 0.28921 0.96306 0.25511 0.05092
0 0.50441 0.13281 0.23338 0.04941
0 0.49266 0.18586 0.24887 0.04417
0 0.54987 0.23891 0.22416 0.04503
0 0.4974 0.29196 0.25048 0.04635
0 0.56428 0.34501 0.26116 0.04836
0 0.56653 0.39806 0.24746 0.04769
0 0.52389 0.45111 0.24892 0.04923
0 0.50448 0.50416 0.23507 0.04798
0 0.49303 0.55721 0.25981 0.05061
0 0.55724 0.61026 0.25601 0.04955
0 0.57071 0.66331 0.23565 0.04864
0 0.55909 0.71636 0.24234 0.04805
0 0.47971 0.76941 0.26413 0.04549
0 0.49236 0.82246 0.25709 0.04567
0 0.50053 0.87551 0.23243 0.04724
0 0.47331 0.92856 0.23735 0.04993
0 0.73559 0.11953 0.22966 0.05171
0 0.70517 0.16727 0.24973 0.05003
0 0.7836 0.21502 0.24095 0.04438
0 0.66254 0.26276 0.23684 0.05158
0 0.69747 0.31051 0.24304 0.05108
0 0.78796 0.35825 0.26429 0.04953
0 0.75488 0.40600 0.25277 0.04636
0 0.79244 0.45374 0.25562 0.04448
0 0.8017 0.50149 0.23771 0.05223
0 0.74109 0.54923 0.26203 0.04637
0 0.75761 0.59698 0.22205 0.04647
0 0.78986 0.64472 0.25363 0.04538
0 0.68528 0.69247 0.253 0.04524
0 0.79768 0.74021 0.24015 0.05179
0 0.69019 0.78796 0.22427 0.04634
0 0.76205 0.83571 0.24399 0.05078
0 0.94391 0.13281 0.26084 0.04846
0 0.91583 0.18586 0.24046 0.04977
0 0.95261 0.23891 0.22612 0.05238
0 0.88144 0.29196 0.24426 0.05075
0 0.98341 0.34501 0.26304 0.0517
0 0.87273 0.39806 0.25299 0.04396
0 0.82571 0.45111 0.2266 0.04822
0 0.99221 0.50416 0.24853 0.04753
0 0.93134 0.55721 0.23453 0.04785
0 0.92184 0.61026 0.2306 0.05031
0 0.85529 0.66331 0.26263 0.04785
0 0.9603 0.71636 0.2424 0.04539
0 0.87105 0.76941 0.25943 0.04963
0 0.97916 0.82246 0.23437 0.05023
0 0.90632 0.87551 0.25032 0.0503
0 0.96452 0.92856 0.24299 0.04834