0 0.09743 0.13281 0.24095 0.04761
0 0.11267 0.18586 0.25125 0.04557
0 0.10795 0.23891 0.23396 0.04579
0 0.10927 0.29196 0.2559 0.04512
0 0.10275 0.34501 0.2477 0.04524
0 0.0996 0.39806 0.2465 0.04511
0 0.10192 0.45111 0.25744 0.04815
0 0.10823 0.50416 0.23638 0.05065
0 0.1025 0.55721 0.25514 0.04866
0 0.11095 0.61026 0.244 0.04514
0 0.10548 0.66331 0.24694 0.04513
0 0.10171 0.71636 0.24272 0.04403
0 0.10851 0.76941 0.24542 0.05234
0 0.11439 0.82246 0.26166 0.048
0 0.09517 0.87551 0.24562 0.04598
0 0.11399 0.92856 0.2303 0.0457
0 0.28405 0.14609 0.24718 0.04878
0 0.28893 0.20444 0.2637 0.04947
0 0.30383 0.26280 0.22797 0.04499
0 0.30297 0.32115 0.23109 0.04693
0 0.32375 0.37951 0.25954 0.05158
0 0.28855 0.43786 0.25521 0.04708
0 0.29268 0.49622 0.25576 0.04558
0 0.28994 0.55457 0.26048 0.05097
0 0.34524 0.61293 0.22137 0.05244
0 0.29973 0.67129 0.25947 0.04755
0 0.32314 0.72964 0.24574 0.04752
0 0.30374 0.78800 0.25925 0.04778
0 0.29343 0.84635 0.25457 0.04931
0 0.28719 0.90471 0.25248 0.04527
0 0.34077 0.96306 0.2318 0.04746
0 0.54883 0.13281 0.23535 0.04503
0 0.55224 0.18586 0.25416 0.04758
0 0.47655 0.23891 0.26304 0.04434
0 0.54124 0.29196 0.22627 0.04557
0 0.55744 0.34501 0.22654 0.05082
0 0.48334 0.39806 0.23944 0.05224
0 0.51932 0.45111 0.26107 0.05126
0 0.53887 0.50416 0.24669 0.04417
0 0.54711 0.55721 0.2279 0.05112
0 0.529 0.61026 0.24552 0.05189
0 0.48595 0.66331 0.24675 0.04815
0 0.57197 0.71636 0.22667 0.05011
0 0.53598 0.76941 0.22977 0.04998
0 0.50106 0.82246 0.26388 0.04761
0 0.5088 0.87551 0.23386 0.04791
0 0.49887 0.92856 0.24934 0.04825
0 0.73898 0.11953 0.2246 0.04954
0 0.78795 0.16727 0.25504 0.05117
0 0.68538 0.21502 0.23675 0.05041
0 0.68917 0.26276 0.25227 0.05029
0 0.7145 0.31051 0.24362 0.0452
0 0.77838 0.35825 0.26079 0.0512
0 0.79057 0.40600 0.24057 0.05016
0 0.66909 0.45374 0.26549 0.05173
0 0.69692 0.50149 0.22917 0.04602
0 0.68214 0.54923 0.25183 0.04542
0 0.70684 0.59698 0.25713 0.04953
0 0.72881 0.64472 0.24327 0.04419
0 0.7188 0.69247 0.24268 0.05184
0 0.74069 0.74021 0.25535 0.04719
0 0.70446 0.78796 0.25497 0.04672
0 0.76428 0.83571 0.25856 0.05154
0 0.94814 0.13281 0.24978 0.04904
0 0.84446 0.18586 0.24881 0.05162
0 0.89373 0.23891 0.24605 0.04621
0 0.93027 0.29196 0.23268 0.04832
0 0.83782 0.34501 0.22768 0.04719
0 0.99612 0.39806 0.22391 0.04452
0 0.84106 0.45111 0.26068 0.05136
0 0.89106 0.50416 0.24795 0.05188
0 0.85886 0.55721 0.23828 0.05036
0 0.98817 0.61026 0.23665 0.05163
0 0.85368 0.66331 0.24441 0.05181
0 0.88881 0.71636 0.24721 0.04503
0 0.86277 0.76941 0.2582 0.04561
0 0.82345 0.82246 0.25392 0.04423
0 0.96002 0.87551 0.23826 0.04415
0 0.87611 0.92856 0.26062 0.04401