0 0.09748 0.13281 0.26371 0.04884
0 0.10708 0.18586 0.22574 0.0524
0 0.1109 0.23891 0.23102 0.04481
0 0.09491 0.29196 0.22558 0.04399
0 0.10577 0.34501 0.22605 0.04846
0 0.10612 0.39806 0.23998 0.04689
0 0.11318 0.45111 0.2223 0.04614
0 0.09919 0.50416 0.2398 0.04382
0 0.10543 0.55721 0.237 0.04562
0 0.09906 0.61026 0.24315 0.05227
0 0.10457 0.66331 0.24237 0.05202
0 0.09616 0.71636 0.23997 0.04528
0 0.11084 0.76941 0.25614 0.05027
0 0.10864 0.82246 0.23579 0.04811
0 0.11018 0.87551 0.2381 0.04708
0 0.10558 0.92856 0.22292 0.05184
0 0.29848 0.14609 0.23327 0.04891
0 0.31995 0.20444 0.22344 0.04654
0 0.33526 0.26280 0.2423 0.05099
0 0.30499 0.32115 0.23062 0.05007
0 0.34198 0.37951 0.24629 0.05233
0 0.31846 0.43786 0.25584 0.0444
0 0.28582 0.49622 0.24736 0.05128
0 0.29109 0.55457 0.22542 0.04385
0 0.34228 0.61293 0.24289 0.04581
0 0.287 0.67129 0.23591 0.04947
0 0.304 0.72964 0.24977 0.04975
0 0.34571 0.78800 0.26312 0.05103
0 0.34341 0.84635 0.2465 0.04423
0 0.30659 0.90471 0.2427 0.04515
0 0.28982 0.96306 0.26133 0.05145
0 0.52836 0.13281 0.25659 0.05064
0 0.5394 0.18586 0.2233 0.04545
0 0.49459 0.23891 0.23095 0.04799
0 0.49958 0.29196 0.26261 0.04763
0 0.54834 0.34501 0.25516 0.04869
0 0.49717 0.39806 0.22408 0.04546
0 0.49 0.45111 0.25292 0.04577
0 0.47535 0.50416 0.23084 0.05158
0 0.56627 0.55721 0.24702 0.0484
0 0.50422 0.61026 0.26028 0.04595
0 0.49319 0.66331 0.23828 0.05149
0 0.53444 0.71636 0.24032 0.04833
0 0.55523 0.76941 0.22672 0.04758
0 0.49479 0.82246 0.24364 0.04721
0 0.51057 0.87551 0.24422 0.04569
0 0.52517 0.92856 0.22702 0.05052
0 0.7234 0.11953 0.25348 0.04424
0 0.68654 0.16727 0.25964 0.04868
0 0.68402 0.21502 0.26121 0.04418
0 0.79067 0.26276 0.22359 0.05099
0 0.73805 0.31051 0.2319 0.04817
0 0.67824 0.35825 0.26445 0.05133
0 0.68405 0.40600 0.23731 0.04628
0 0.7681 0.45374 0.26171 0.05162
0 0.76748 0.50149 0.25881 0.04848
0 0.71117 0.54923 0.25089 0.05039
0 0.71518 0.59698 0.25945 0.04823
0 0.71279 0.64472 0.25872 0.04984
0 0.71844 0.69247 0.23888 0.05042
0 0.73754 0.74021 0.26205 0.04384
0 0.66819 0.78796 0.26181 0.04617
0 0.77025 0.83571 0.22398 0.04837
0 0.8349 0.13281 0.24345 0.04445
0 0.94321 0.18586 0.25565 0.04948
0 0.89442 0.23891 0.22489 0.04464
0 0.87332 0.29196 0.25871 0.0466
0 0.96085 0.34501 0.24104 0.04558
0 0.9258 0.39806 0.23973 0.04493
0 0.93268 0.45111 0.23024 0.0447
0 0.85028 0.50416 0.22642 0.05038
0 0.93881 0.55721 0.24975 0.05191
0 0.99485 0.61026 0.24422 0.04615
0 0.92152 0.66331 0.2286 0.04831
0 0.97132 0.71636 0.25997 0.04425
0 0.81991 0.76941 0.22289 0.04996
0 0.92291 0.82246 0.25747 0.05144
0 0.85779 0.87551 0.22498 0.04817
0 0.99148 0.92856 0.26454 0.04547