0 0.09521 0.13281 0.24942 0.0496
0 0.10125 0.18586 0.23973 0.04437
0 0.10181 0.23891 0.24375 0.0515
0 0.10502 0.29196 0.22404 0.05251
0 0.09563 0.34501 0.25908 0.04927
0 0.10936 0.39806 0.22413 0.0477
0 0.09677 0.45111 0.24246 0.04524
0 0.10898 0.50416 0.23585 0.04805
0 0.09632 0.55721 0.26155 0.04879
0 0.10025 0.61026 0.23369 0.04583
0 0.10652 0.66331 0.22443 0.04699
0 0.11355 0.71636 0.23173 0.04427
0 0.11067 0.76941 0.23287 0.05228
0 0.10152 0.82246 0.24422 0.04975
0 0.1099 0.87551 0.22619 0.0483
0 0.10868 0.92856 0.22539 0.05008
0 0.29985 0.14609 0.25308 0.04894
0 0.2845 0.20444 0.26426 0.04911
0 0.32593 0.26280 0.2601 0.04744
0 0.32009 0.32115 0.22948 0.05069
0 0.32173 0.37951 0.2603 0.05212
0 0.29235 0.43786 0.24227 0.05062
0 0.33754 0.49622 0.24961 0.044
0 0.32264 0.55457 0.24795 0.04865
0 0.29525 0.61293 0.2472 0.04909
0 0.32958 0.67129 0.26277 0.04556
0 0.32454 0.72964 0.22757 0.04661
0 0.30501 0.78800 0.24599 0.04949
0 0.29222 0.84635 0.24012 0.0457
0 0.33158 0.90471 0.25613 0.04776
0 0.33629 0.96306 0.26297 0.04885
0 0.48601 0.13281 0.25661 0.04882
0 0.57021 0.18586 0.23426 0.05039
0 0.55414 0.23891 0.25246 0.05037
0 0.56507 0.29196 0.24262 0.05093
0 0.51548 0.34501 0.22507 0.0486
0 0.49675 0.39806 0.25876 0.0506
0 0.47678 0.45111 0.23275 0.04528
0 0.51271 0.50416 0.23934 0.04635
0 0.55035 0.55721 0.23706 0.04869
0 0.55755 0.61026 0.23416 0.04477
0 0.50866 0.66331 0.24017 0.04887
0 0.49936 0.71636 0.22435 0.05115
0 0.48801 0.76941 0.24314 0.0504
0 0.50532 0.82246 0.24034 0.05007
0 0.56091 0.87551 0.24039 0.05118
0 0.49175 0.92856 0.23882 0.04623
0 0.80453 0.11953 0.22992 0.04986
0 0.75099 0.16727 0.2256 0.04438
0 0.79497 0.21502 0.25206 0.04424
0 0.72495 0.26276 0.22404 0.04714
0 0.74822 0.31051 0.22668 0.05064
0 0.76443 0.35825 0.22359 0.04869
0 0.78785 0.40600 0.2644 0.04752
0 0.69936 0.45374 0.23726 0.04856
0 0.66133 0.50149 0.22677 0.04413
0 0.74874 0.54923 0.22756 0.04909
0 0.68529 0.59698 0.23545 0.04682
0 0.73035 0.64472 0.26193 0.04669
0 0.79123 0.69247 0.22656 0.04454
0 0.68752 0.74021 0.26553 0.05019
0 0.69178 0.78796 0.25164 0.04556
0 0.68979 0.83571 0.25611 0.04469
0 0.99455 0.13281 0.24067 0.0441
0 0.97355 0.18586 0.25957 0.04639
0 0.98553 0.23891 0.2431 0.04879
0 0.84561 0.29196 0.26073 0.04435
0 0.82927 0.34501 0.22164 0.04899
0 0.98963 0.39806 0.26225 0.05222
0 0.85098 0.45111 0.24807 0.04591
0 0.9743 0.50416 0.22422 0.04966
0 0.976 0.55721 0.23931 0.04463
0 0.9623 0.61026 0.25778 0.04905
0 0.87811 0.66331 0.26361 0.04406
0 0.93862 0.71636 0.26051 0.0453
0 0.91903 0.76941 0.23354 0.04696
0 0.90782 0.82246 0.25566 0.05167
0 0.91537 0.87551 0.23221 0.0474
0 0.89178 0.92856 0.25372 0.0491