0 0.10687 0.13281 0.25726 0.0508
0 0.09965 0.18586 0.22947 0.04572
0 0.1029 0.23891 0.26554 0.04655
0 0.10447 0.29196 0.24158 0.05117
0 0.09462 0.34501 0.2391 0.04393
0 0.09853 0.39806 0.22686 0.0506
0 0.09901 0.45111 0.25318 0.04529
0 0.11325 0.50416 0.26053 0.04518
0 0.11324 0.55721 0.22939 0.05245
0 0.11467 0.61026 0.2317 0.04699
0 0.10767 0.66331 0.25501 0.04606
0 0.09506 0.71636 0.24679 0.05033
0 0.09726 0.76941 0.25581 0.04556
0 0.10195 0.82246 0.24175 0.04884
0 0.09883 0.87551 0.25892 0.04787
0 0.1039 0.92856 0.22509 0.04633
0 0.33706 0.14609 0.23672 0.04918
0 0.30624 0.20444 0.26198 0.04872
0 0.30571 0.26280 0.24234 0.0523
0 0.29092 0.32115 0.24422 0.05055
0 0.29356 0.37951 0.25716 0.0506
0 0.33551 0.43786 0.22475 0.04936
0 0.29568 0.49622 0.22148 0.04771
0 0.34541 0.55457 0.23861 0.04708
0 0.30717 0.61293 0.2498 0.0458
0 0.32397 0.67129 0.23542 0.04792
0 0.33492 0.72964 0.25546 0.04481
0 0.30433 0.78800 0.2577 0.04899
0 0.28577 0.84635 0.26374 0.0472
0 0.34375 0.90471 0.24043 0.05101
0 0.29323 0.96306 0.22863 0.04787
0 0.56257 0.13281 0.26216 0.0458
0 0.55694 0.18586 0.25344 0.04889
0 0.55134 0.23891 0.24421 0.04494
0 0.53604 0.29196 0.24285 0.04676
0 0.53787 0.34501 0.26423 0.04666
0 0.55533 0.39806 0.23969 0.05053
0 0.5453 0.45111 0.25037 0.05145
0 0.47683 0.50416 0.26068 0.05207
0 0.51182 0.55721 0.25625 0.05052
0 0.5657 0.61026 0.25049 0.05253
0 0.52553 0.66331 0.25656 0.0442
0 0.56745 0.71636 0.23415 0.0506
0 0.52984 0.76941 0.25877 0.04778
0 0.53946 0.82246 0.26162 0.0496
0 0.57633 0.87551 0.26017 0.04942
0 0.55206 0.92856 0.22594 0.0525
0 0.75102 0.11953 0.25323 0.0473
0 0.66263 0.16727 0.22777 0.04695
0 0.80249 0.21502 0.22666 0.0525
0 0.7942 0.26276 0.23973 0.04386
0 0.75461 0.31051 0.23105 0.04795
0 0.76469 0.35825 0.26359 0.04828
0 0.77234 0.40600 0.24244 0.05073
0 0.77239 0.45374 0.2394 0.04409
0 0.78114 0.50149 0.24771 0.04931
0 0.67184 0.54923 0.26092 0.04519
0 0.75946 0.59698 0.24932 0.04493
0 0.66422 0.64472 0.25732 0.04669
0 0.73489 0.69247 0.24583 0.0443
0 0.67681 0.74021 0.24654 0.04415
0 0.79943 0.78796 0.23468 0.04401
0 0.80479 0.83571 0.22839 0.04779
0 0.85048 0.13281 0.26531 0.04596
0 0.9336 0.18586 0.26554 0.04659
0 0.9675 0.23891 0.22382 0.04656
0 0.8686 0.29196 0.26475 0.05206
0 0.85563 0.34501 0.25865 0.05218
0 0.90265 0.39806 0.25748 0.04597
0 0.92623 0.45111 0.22154 0.04666
0 0.95558 0.50416 0.22583 0.05118
0 0.99018 0.55721 0.2549 0.04833
0 0.82614 0.61026 0.23123 0.04457
0 0.82122 0.66331 0.23009 0.04895
0 0.97063 0.71636 0.22711 0.04776
0 0.86007 0.76941 0.22229 0.0459
0 0.87347 0.82246 0.26507 0.04485
0 0.97245 0.87551 0.23863 0.04763
0 0.97876 0.92856 0.26493 0.05056