0 0.10486 0.13281 0.25967 0.0505
0 0.11017 0.18586 0.25843 0.04821
0 0.10224 0.23891 0.22184 0.04589
0 0.10973 0.29196 0.23224 0.05112
0 0.10007 0.34501 0.24123 0.04761
0 0.10901 0.39806 0.25467 0.04747
0 0.10299 0.45111 0.25377 0.05066
0 0.1072 0.50416 0.24984 0.04668
0 0.0993 0.55721 0.24929 0.05108
0 0.10822 0.61026 0.24387 0.04384
0 0.10196 0.66331 0.25995 0.05122
0 0.10004 0.71636 0.24737 0.04525
0 0.11186 0.76941 0.23369 0.05005
0 0.10339 0.82246 0.26277 0.04579
0 0.10109 0.87551 0.26424 0.04762
0 0.10381 0.92856 0.23504 0.04904
0 0.30004 0.14609 0.24836 0.04566
0 0.34521 0.20444 0.26473 0.04627
0 0.30507 0.26280 0.24815 0.04604
0 0.3064 0.32115 0.22996 0.04532
0 0.34209 0.37951 0.22146 0.04456
0 0.33616 0.43786 0.24754 0.04508
0 0.31946 0.49622 0.24784 0.04522
0 0.32314 0.55457 0.25777 0.04986
0 0.29164 0.61293 0.25094 0.05005
0 0.311 0.67129 0.24991 0.04531
0 0.3008 0.72964 0.23891 0.05141
0 0.2961 0.78800 0.22593 0.05229
0 0.2911 0.84635 0.26048 0.04935
0 0.33251 0.90471 0.25844 0.05193
0 0.29721 0.96306 0.25449 0.04988
0 0.50546 0.13281 0.23528 0.04392
0 0.55167 0.18586 0.23112 0.04722
0 0.49621 0.23891 0.24075 0.04621
0 0.51161 0.29196 0.23823 0.04906
0 0.53919 0.34501 0.22406 0.05033
0 0.54641 0.39806 0.26048 0.04991
0 0.49342 0.45111 0.24861 0.04601
0 0.48536 0.50416 0.22592 0.04493
0 0.48839 0.55721 0.22395 0.04452
0 0.49023 0.61026 0.23161 0.05245
0 0.52211 0.66331 0.2503 0.04569
0 0.50586 0.71636 0.2629 0.05069
0 0.48067 0.76941 0.24359 0.04979
0 0.52914 0.82246 0.26136 0.05227
0 0.55426 0.87551 0.223 0.0523
0 0.55996 0.92856 0.25786 0.05158
0 0.75693 0.11953 0.22686 0.04457
0 0.69524 0.16727 0.24139 0.0485
0 0.78888 0.21502 0.262 0.05066
0 0.6978 0.26276 0.2322 0.04573
0 0.6685 0.31051 0.25873 0.05035
0 0.7955 0.35825 0.22776 0.0452
0 0.71661 0.40600 0.23808 0.05225
0 0.70518 0.45374 0.25757 0.04396
0 0.7807 0.50149 0.24336 0.0454
0 0.68382 0.54923 0.2576 0.04959
0 0.7695 0.59698 0.23307 0.05062
0 0.71622 0.64472 0.25625 0.04752
0 0.7464 0.69247 0.22913 0.04695
0 0.79843 0.74021 0.24839 0.04625
0 0.80393 0.78796 0.23018 0.04437
0 0.78239 0.83571 0.241 0.04765
0 0.89648 0.13281 0.22135 0.04888
0 0.91019 0.18586 0.2474 0.0482
0 0.85426 0.23891 0.22418 0.04636
0 0.91433 0.29196 0.23642 0.04912
0 0.86478 0.34501 0.24574 0.05022
0 0.90164 0.39806 0.23902 0.04452
0 0.93925 0.45111 0.25177 0.0469
0 0.91909 0.50416 0.23568 0.04867
0 0.95822 0.55721 0.25143 0.04519
0 0.87889 0.61026 0.24324 0.04843
0 0.93191 0.66331 0.24624 0.05253
0 0.95089 0.71636 0.25658 0.05012
0 0.91104 0.76941 0.25722 0.04713
0 0.9254 0.82246 0.24672 0.04997
0 0.85848 0.87551 0.23541 0.04659
0 0.88598 0.92856 0.22706 0.04544