0 0.10376 0.13281 0.23709 0.04713
0 0.10882 0.18586 0.24258 0.0486
0 0.10371 0.23891 0.26551 0.04546
0 0.10379 0.29196 0.23172 0.04537
0 0.09719 0.34501 0.25337 0.04491
0 0.09812 0.39806 0.22389 0.04423
0 0.09842 0.45111 0.23732 0.04791
0 0.10665 0.50416 0.24371 0.04916
0 0.09466 0.55721 0.22678 0.05115
0 0.0985 0.61026 0.2513 0.05085
0 0.1057 0.66331 0.26216 0.04608
0 0.11034 0.71636 0.25104 0.04712
0 0.11305 0.76941 0.22484 0.04861
0 0.09923 0.82246 0.26301 0.04858
0 0.10008 0.87551 0.23983 0.04766
0 0.10382 0.92856 0.25944 0.05071
0 0.34202 0.14609 0.25507 0.04617
0 0.30816 0.20444 0.23817 0.0515
0 0.30624 0.26280 0.25275 0.04526
0 0.29038 0.32115 0.22553 0.05253
0 0.297 0.37951 0.23482 0.04577
0 0.3117 0.43786 0.24128 0.05154
0 0.30445 0.49622 0.23358 0.0454
0 0.32497 0.55457 0.22616 0.04891
0 0.30601 0.61293 0.24788 0.05129
0 0.28647 0.67129 0.22272 0.04613
0 0.3001 0.72964 0.23748 0.0494
0 0.28612 0.78800 0.26371 0.05183
0 0.31543 0.84635 0.22464 0.05081
0 0.28715 0.90471 0.25746 0.04906
0 0.30898 0.96306 0.23553 0.04433
0 0.4784 0.13281 0.25231 0.04714
0 0.55801 0.18586 0.2488 0.04458
0 0.52596 0.23891 0.22288 0.04659
0 0.50227 0.29196 0.24261 0.04901
0 0.56014 0.34501 0.26426 0.04965
0 0.54677 0.39806 0.22333 0.0478
0 0.52062 0.45111 0.22446 0.05198
0 0.57365 0.50416 0.22145 0.04748
0 0.54922 0.55721 0.26342 0.0498
0 0.56125 0.61026 0.25327 0.05121
0 0.49986 0.66331 0.254 0.05036
0 0.51793 0.71636 0.26515 0.04634
0 0.51352 0.76941 0.25988 0.04417
0 0.56762 0.82246 0.23756 0.04824
0 0.47485 0.87551 0.24364 0.04596
0 0.53753 0.92856 0.23889 0.04662
0 0.67632 0.11953 0.24017 0.04938
0 0.67603 0.16727 0.26359 0.05015
0 0.67599 0.21502 0.26095 0.05164
0 0.68487 0.26276 0.22525 0.0464
0 0.80598 0.31051 0.23938 0.05006
0 0.72145 0.35825 0.23431 0.04388
0 0.77792 0.40600 0.25171 0.04381
0 0.80266 0.45374 0.25763 0.05183
0 0.75237 0.50149 0.24154 0.04694
0 0.69874 0.54923 0.25832 0.04916
0 0.77869 0.59698 0.24523 0.04447
0 0.67356 0.64472 0.25065 0.04924
0 0.72609 0.69247 0.2642 0.0519
0 0.73307 0.74021 0.2597 0.04506
0 0.68505 0.78796 0.25642 0.04697
0 0.69703 0.83571 0.22801 0.04967
0 0.91615 0.13281 0.26337 0.04811
0 0.92882 0.18586 0.24936 0.05147
0 0.84792 0.23891 0.2437 0.04658
0 0.95528 0.29196 0.22929 0.04461
0 0.98474 0.34501 0.22821 0.04774
0 0.97258 0.39806 0.24223 0.05162
0 0.89944 0.45111 0.23961 0.04745
0 0.94991 0.50416 0.22382 0.05075
0 0.89235 0.55721 0.23145 0.04464
0 0.88865 0.61026 0.24899 0.04692
0 0.95884 0.66331 0.25421 0.05119
0 0.85079 0.71636 0.26039 0.0482
0 0.9077 0.76941 0.24111 0.05114
0 0.90851 0.82246 0.25886 0.05017
0 0.87787 0.87551 0.24203 0.05078
0 0.81873 0.92856 0.24128 0.05235