0 0.10053 0.13281 0.25569 0.04869
0 0.10264 0.18586 0.25588 0.051
0 0.11193 0.23891 0.23644 0.05186
0 0.11277 0.29196 0.26431 0.05164
0 0.11369 0.34501 0.23471 0.05052
0 0.102 0.39806 0.23798 0.04734
0 0.09763 0.45111 0.23118 0.04626
0 0.09583 0.50416 0.26152 0.05067
0 0.10411 0.55721 0.22283 0.04761
0 0.1033 0.61026 0.22999 0.04493
0 0.1007 0.66331 0.25171 0.04446
0 0.10137 0.71636 0.23456 0.0459
0 0.11272 0.76941 0.24383 0.05015
0 0.09684 0.82246 0.22972 0.04464
0 0.1138 0.87551 0.22179 0.04828
0 0.10525 0.92856 0.24203 0.04999
0 0.31565 0.14609 0.26231 0.04842
0 0.28415 0.20444 0.2616 0.04396
0 0.29177 0.26280 0.25718 0.05117
0 0.33168 0.32115 0.2495 0.05149
0 0.31189 0.37951 0.23804 0.049
0 0.34275 0.43786 0.22918 0.04613
0 0.31194 0.49622 0.24125 0.04929
0 0.29668 0.55457 0.24591 0.04652
0 0.3137 0.61293 0.2226 0.05036
0 0.30025 0.67129 0.25859 0.04742
0 0.29205 0.72964 0.2653 0.04553
0 0.29338 0.78800 0.22282 0.04951
0 0.3131 0.84635 0.25416 0.04797
0 0.32388 0.90471 0.22522 0.04698
0 0.30528 0.96306 0.26102 0.05182
0 0.50299 0.13281 0.2526 0.04717
0 0.53224 0.18586 0.26179 0.04649
0 0.47889 0.23891 0.26041 0.04935
0 0.51958 0.29196 0.25641 0.04883
0 0.49321 0.34501 0.23857 0.05249
0 0.5497 0.39806 0.22161 0.04421
0 0.50648 0.45111 0.24602 0.04818
0 0.52767 0.50416 0.22155 0.04973
0 0.49592 0.55721 0.23284 0.05161
0 0.56316 0.61026 0.22803 0.04548
0 0.51877 0.66331 0.25847 0.05147
0 0.52969 0.71636 0.25888 0.04405
0 0.51937 0.76941 0.26034 0.0519
0 0.54506 0.82246 0.25517 0.04752
0 0.55257 0.87551 0.25324 0.05044
0 0.47782 0.92856 0.25071 0.04392
0 0.69485 0.11953 0.25349 0.0516
0 0.69445 0.16727 0.23398 0.05112
0 0.78006 0.21502 0.24831 0.0453
0 0.73123 0.26276 0.22139 0.04861
0 0.69277 0.31051 0.25794 0.04873
0 0.77926 0.35825 0.2468 0.04424
0 0.72137 0.40600 0.22173 0.04983
0 0.74898 0.45374 0.23318 0.04882
0 0.67228 0.50149 0.23783 0.04587
0 0.73092 0.54923 0.24378 0.04616
0 0.72174 0.59698 0.23079 0.04486
0 0.68897 0.64472 0.2579 0.05208
0 0.7184 0.69247 0.22702 0.04621
0 0.80714 0.74021 0.22183 0.05053
0 0.74829 0.78796 0.24302 0.04902
0 0.73636 0.83571 0.22174 0.04857
0 0.91577 0.13281 0.25931 0.04457
0 0.87847 0.18586 0.24552 0.05225
0 0.84463 0.23891 0.2622 0.04695
0 0.90786 0.29196 0.23507 0.04416
0 0.86511 0.34501 0.22654 0.04479
0 0.95316 0.39806 0.23999 0.05055
0 0.92306 0.45111 0.2446 0.04426
0 0.9018 0.50416 0.26331 0.04746
0 0.82215 0.55721 0.23659 0.04957
0 0.99445 0.61026 0.23956 0.04535
0 0.82328 0.66331 0.2588 0.04455
0 0.90174 0.71636 0.25748 0.049
0 0.88738 0.76941 0.25793 0.05193
0 0.93523 0.82246 0.23163 0.05219
0 0.87562 0.87551 0.26514 0.04926
0 0.92485 0.92856 0.24028 0.04708