0 0.0951 0.13281 0.24342 0.04697
0 0.1001 0.18586 0.25365 0.04421
0 0.10016 0.23891 0.25776 0.0497
0 0.09913 0.29196 0.25093 0.04503
0 0.09527 0.34501 0.26156 0.04677
0 0.10229 0.39806 0.22999 0.05116
0 0.10672 0.45111 0.22765 0.04877
0 0.09848 0.50416 0.25158 0.04487
0 0.10621 0.55721 0.2356 0.04426
0 0.09674 0.61026 0.25237 0.0495
0 0.11406 0.66331 0.23457 0.04478
0 0.10835 0.71636 0.26459 0.05057
0 0.11314 0.76941 0.24492 0.04702
0 0.11369 0.82246 0.25572 0.04437
0 0.1131 0.87551 0.22171 0.04439
0 0.09531 0.92856 0.26014 0.05124
0 0.31554 0.14609 0.23315 0.04514
0 0.34026 0.20444 0.23742 0.05081
0 0.28588 0.26280 0.23787 0.05235
0 0.29846 0.32115 0.22829 0.0455
0 0.29866 0.37951 0.2623 0.04515
0 0.3451 0.43786 0.25128 0.04553
0 0.34214 0.49622 0.25186 0.04721
0 0.34271 0.55457 0.22185 0.04455
0 0.34159 0.61293 0.24738 0.05099
0 0.34606 0.67129 0.22842 0.05013
0 0.32293 0.72964 0.2354 0.0478
0 0.3079 0.78800 0.2625 0.05253
0 0.29961 0.84635 0.25757 0.05003
0 0.33535 0.90471 0.24014 0.04762
0 0.34364 0.96306 0.22367 0.04909
0 0.52047 0.13281 0.23936 0.04584
0 0.50836 0.18586 0.24975 0.05075
0 0.53573 0.23891 0.24305 0.04896
0 0.54903 0.29196 0.24372 0.04866
0 0.56046 0.34501 0.2561 0.0502
0 0.55259 0.39806 0.23938 0.0449
0 0.48754 0.45111 0.23702 0.04516
0 0.47678 0.50416 0.23001 0.05151
0 0.57195 0.55721 0.26289 0.04922
0 0.57449 0.61026 0.23585 0.04469
0 0.51114 0.66331 0.23536 0.04502
0 0.51301 0.71636 0.23875 0.04998
0 0.48559 0.76941 0.25337 0.0518
0 0.48385 0.82246 0.23124 0.04937
0 0.52496 0.87551 0.2507 0.05242
0 0.53815 0.92856 0.2298 0.0509
0 0.66821 0.11953 0.23481 0.04541
0 0.68469 0.16727 0.24231 0.04468
0 0.69255 0.21502 0.22863 0.04706
0 0.7858 0.26276 0.23683 0.04713
0 0.8063 0.31051 0.24063 0.04763
0 0.72983 0.35825 0.23735 0.04503
0 0.7249 0.40600 0.22515 0.04988
0 0.80068 0.45374 0.22266 0.04677
0 0.79164 0.50149 0.25018 0.04624
0 0.75643 0.54923 0.22861 0.05068
0 0.74883 0.59698 0.22645 0.05053
0 0.69516 0.64472 0.22794 0.04656
0 0.79373 0.69247 0.25815 0.05187
0 0.79301 0.74021 0.23467 0.04459
0 0.69582 0.78796 0.26518 0.04588
0 0.70172 0.83571 0.24774 0.05083
0 0.82194 0.13281 0.26182 0.04914
0 0.84655 0.18586 0.24602 0.05176
0 0.83162 0.23891 0.25801 0.05134
0 0.84872 0.29196 0.23027 0.04623
0 0.94601 0.34501 0.23017 0.05053
0 0.9984 0.39806 0.25685 0.04649
0 0.98913 0.45111 0.23183 0.05024
0 0.94778 0.50416 0.25972 0.04408
0 0.82362 0.55721 0.22957 0.05195
0 0.98644 0.61026 0.22662 0.04392
0 0.87829 0.66331 0.2531 0.04882
0 0.88558 0.71636 0.24554 0.04756
0 0.84358 0.76941 0.25697 0.04418
0 0.96881 0.82246 0.24584 0.04725
0 0.96978 0.87551 0.23807 0.05218
0 0.89113 0.92856 0.22942 0.04416