0 0.11119 0.13281 0.25559 0.04683
0 0.11123 0.18586 0.2266 0.0517
0 0.11524 0.23891 0.23978 0.04856
0 0.09747 0.29196 0.24216 0.04636
0 0.1049 0.34501 0.22207 0.04801
0 0.09468 0.39806 0.22262 0.0509
0 0.10187 0.45111 0.25739 0.0506
0 0.10243 0.50416 0.25443 0.04658
0 0.10637 0.55721 0.25565 0.0517
0 0.09644 0.61026 0.22912 0.04879
0 0.11017 0.66331 0.22247 0.04805
0 0.10931 0.71636 0.25204 0.0458
0 0.11053 0.76941 0.23757 0.05151
0 0.10897 0.82246 0.26552 0.04447
0 0.10216 0.87551 0.26094 0.04848
0 0.09524 0.92856 0.23315 0.04498
0 0.33602 0.14609 0.25576 0.04409
0 0.33205 0.20444 0.26059 0.04457
0 0.34294 0.26280 0.24331 0.04783
0 0.31259 0.32115 0.23583 0.05005
0 0.31951 0.37951 0.26274 0.04671
0 0.31516 0.43786 0.26318 0.05193
0 0.33228 0.49622 0.22732 0.04583
0 0.31875 0.55457 0.24041 0.05142
0 0.31279 0.61293 0.22583 0.04727
0 0.33711 0.67129 0.25117 0.04952
0 0.28357 0.72964 0.24542 0.04611
0 0.33334 0.78800 0.24159 0.05011
0 0.34388 0.84635 0.22486 0.04411
0 0.34343 0.90471 0.24815 0.04721
0 0.33181 0.96306 0.25189 0.04555
0 0.54695 0.13281 0.24709 0.04892
0 0.51447 0.18586 0.25654 0.04618
0 0.5759 0.23891 0.22474 0.04408
0 0.55713 0.29196 0.24859 0.04639
0 0.54407 0.34501 0.23695 0.0454
0 0.54793 0.39806 0.24623 0.04929
0 0.56978 0.45111 0.22399 0.0484
0 0.51185 0.50416 0.25769 0.05091
0 0.52122 0.55721 0.24347 0.04958
0 0.55687 0.61026 0.24271 0.04995
0 0.56756 0.66331 0.26281 0.051
0 0.55678 0.71636 0.25639 0.04806
0 0.55625 0.76941 0.26343 0.04471
0 0.47885 0.82246 0.22766 0.04923
0 0.52291 0.87551 0.23482 0.05236
0 0.51053 0.92856 0.22506 0.04825
0 0.78607 0.11953 0.24356 0.04644
0 0.74488 0.16727 0.24462 0.0491
0 0.70805 0.21502 0.23128 0.05235
0 0.66518 0.26276 0.23896 0.04711
0 0.71438 0.31051 0.22678 0.04742
0 0.78948 0.35825 0.26489 0.05059
0 0.75844 0.40600 0.25033 0.04841
0 0.73947 0.45374 0.22278 0.05179
0 0.66847 0.50149 0.25691 0.04407
0 0.70804 0.54923 0.25862 0.04566
0 0.72707 0.59698 0.26129 0.04607
0 0.76505 0.64472 0.22585 0.046
0 0.68397 0.69247 0.2472 0.05069
0 0.79799 0.74021 0.26022 0.04526
0 0.68387 0.78796 0.23718 0.04887
0 0.71606 0.83571 0.23615 0.04469
0 0.83298 0.13281 0.22927 0.04441
0 0.86055 0.18586 0.25368 0.04816
0 0.82842 0.23891 0.264 0.04592
0 0.90532 0.29196 0.24925 0.04708
0 0.94577 0.34501 0.23235 0.04618
0 0.93436 0.39806 0.22299 0.05144
0 0.94282 0.45111 0.23701 0.04592
0 0.97702 0.50416 0.24856 0.04384
0 0.84514 0.55721 0.2547 0.04759
0 0.87867 0.61026 0.25113 0.05117
0 0.95703 0.66331 0.26245 0.0502
0 0.87364 0.71636 0.23351 0.04897
0 0.82426 0.76941 0.26228 0.04893
0 0.96342 0.82246 0.22658 0.05168
0 0.87996 0.87551 0.25666 0.04879
0 0.9628 0.92856 0.22933 0.05158