0 0.10316 0.13281 0.25433 0.04773
0 0.09546 0.18586 0.23168 0.04407
0 0.11499 0.23891 0.23617 0.04795
0 0.10928 0.29196 0.26294 0.04499
0 0.11284 0.34501 0.24891 0.04495
0 0.11112 0.39806 0.23648 0.04995
0 0.10315 0.45111 0.2523 0.04978
0 0.10178 0.50416 0.23391 0.0524
0 0.10027 0.55721 0.23009 0.05212
0 0.11006 0.61026 0.25453 0.0469
0 0.10051 0.66331 0.24542 0.05142
0 0.09856 0.71636 0.23426 0.04769
0 0.10686 0.76941 0.2364 0.04973
0 0.10362 0.82246 0.24586 0.04488
0 0.09813 0.87551 0.23246 0.05039
0 0.10798 0.92856 0.23487 0.04817
0 0.34366 0.14609 0.24477 0.0496
0 0.29119 0.20444 0.24098 0.05239
0 0.30354 0.26280 0.25445 0.04581
0 0.31029 0.32115 0.25634 0.04907
0 0.29865 0.37951 0.23769 0.05091
0 0.33892 0.43786 0.26132 0.04736
0 0.3282 0.49622 0.24757 0.05069
0 0.30086 0.55457 0.24868 0.05211
0 0.32187 0.61293 0.26198 0.04778
0 0.30464 0.67129 0.26247 0.05249
0 0.30998 0.72964 0.24242 0.04529
0 0.29646 0.78800 0.25233 0.05107
0 0.31313 0.84635 0.239 0.05053
0 0.30936 0.90471 0.22703 0.04498
0 0.29545 0.96306 0.26132 0.05197
0 0.52485 0.13281 0.22824 0.04474
0 0.49216 0.18586 0.24425 0.04645
0 0.54663 0.23891 0.22835 0.0471
0 0.5058 0.29196 0.26064 0.05101
0 0.50526 0.34501 0.23488 0.0498
0 0.53921 0.39806 0.24751 0.04969
0 0.49594 0.45111 0.22762 0.04428
0 0.50201 0.50416 0.24677 0.04683
0 0.49978 0.55721 0.23428 0.05171
0 0.49029 0.61026 0.22162 0.05167
0 0.51352 0.66331 0.23078 0.04704
0 0.48582 0.71636 0.22338 0.04866
0 0.52647 0.76941 0.22807 0.04413
0 0.51027 0.82246 0.24033 0.04688
0 0.48402 0.87551 0.25849 0.0455
0 0.54441 0.92856 0.24841 0.04984
0 0.69929 0.11953 0.22816 0.04832
0 0.74572 0.16727 0.2453 0.05044
0 0.67656 0.21502 0.23663 0.04968
0 0.80602 0.26276 0.23054 0.05233
0 0.68068 0.31051 0.23581 0.04684
0 0.71798 0.35825 0.24464 0.04883
0 0.73933 0.40600 0.26515 0.05089
0 0.71973 0.45374 0.22671 0.05141
0 0.73312 0.50149 0.24657 0.05194
0 0.78427 0.54923 0.23188 0.05029
0 0.79259 0.59698 0.25391 0.04695
0 0.71273 0.64472 0.222 0.04582
0 0.7683 0.69247 0.24754 0.04444
0 0.7318 0.74021 0.24805 0.04794
0 0.79549 0.78796 0.25438 0.04449
0 0.7088 0.83571 0.24473 0.04467
0 0.97577 0.13281 0.23473 0.05046
0 0.84528 0.18586 0.22591 0.04448
0 0.93982 0.23891 0.26269 0.05174
0 0.96971 0.29196 0.25482 0.04698
0 0.97167 0.34501 0.25915 0.04439
0 0.87942 0.39806 0.25497 0.05112
0 0.98487 0.45111 0.22694 0.0513
0 0.97872 0.50416 0.24881 0.05247
0 0.85638 0.55721 0.22517 0.05001
0 0.82981 0.61026 0.2292 0.04959
0 0.82144 0.66331 0.24423 0.04901
0 0.92084 0.71636 0.22322 0.05108
0 0.9592 0.76941 0.23727 0.04418
0 0.85963 0.82246 0.24338 0.05175
0 0.92904 0.87551 0.25319 0.05191
0 0.94081 0.92856 0.25166 0.04487