0 0.10403 0.13281 0.23579 0.05195
0 0.11118 0.18586 0.25702 0.04907
0 0.10558 0.23891 0.25379 0.04651
0 0.1129 0.29196 0.23874 0.04774
0 0.10206 0.34501 0.23595 0.05209
0 0.09899 0.39806 0.22574 0.04857
0 0.10534 0.45111 0.23154 0.04756
0 0.10979 0.50416 0.25274 0.04598
0 0.10805 0.55721 0.24549 0.04478
0 0.10198 0.61026 0.22994 0.04928
0 0.11113 0.66331 0.23287 0.05213
0 0.10005 0.71636 0.22181 0.0476
0 0.10762 0.76941 0.25025 0.04768
0 0.10178 0.82246 0.24313 0.04925
0 0.1134 0.87551 0.26418 0.04662
0 0.10722 0.92856 0.26182 0.05165
0 0.32594 0.14609 0.2282 0.04388
0 0.31085 0.20444 0.24625 0.04448
0 0.31984 0.26280 0.2562 0.05216
0 0.30781 0.32115 0.23276 0.04961
0 0.32217 0.37951 0.26041 0.04479
0 0.29416 0.43786 0.22635 0.04883
0 0.33679 0.49622 0.24102 0.05073
0 0.30016 0.55457 0.25102 0.04953
0 0.30993 0.61293 0.24351 0.04666
0 0.31681 0.67129 0.24793 0.05137
0 0.31892 0.72964 0.23084 0.04429
0 0.29683 0.78800 0.23416 0.04509
0 0.28678 0.84635 0.25944 0.05152
0 0.32453 0.90471 0.25251 0.05139
0 0.33238 0.96306 0.2608 0.05022
0 0.4874 0.13281 0.24823 0.0448
0 0.50878 0.18586 0.23821 0.04505
0 0.51048 0.23891 0.22299 0.05138
0 0.50687 0.29196 0.26537 0.05133
0 0.47325 0.34501 0.225 0.04659
0 0.54072 0.39806 0.2461 0.0491
0 0.54232 0.45111 0.22419 0.05211
0 0.49265 0.50416 0.24605 0.04866
0 0.56196 0.55721 0.25297 0.04638
0 0.52433 0.61026 0.24855 0.04426
0 0.57212 0.66331 0.24064 0.05107
0 0.47513 0.71636 0.23176 0.05083
0 0.56193 0.76941 0.2599 0.04501
0 0.56999 0.82246 0.24368 0.04796
0 0.57033 0.87551 0.23479 0.04552
0 0.56869 0.92856 0.23922 0.04547
0 0.70407 0.11953 0.25339 0.04479
0 0.75008 0.16727 0.26171 0.05231
0 0.66351 0.21502 0.24769 0.0445
0 0.71888 0.26276 0.22894 0.04466
0 0.72223 0.31051 0.23661 0.04917
0 0.66872 0.35825 0.26287 0.04764
0 0.66797 0.40600 0.22372 0.05038
0 0.80488 0.45374 0.25517 0.04427
0 0.77153 0.50149 0.22231 0.04973
0 0.78377 0.54923 0.24059 0.04616
0 0.69624 0.59698 0.22429 0.0462
0 0.75732 0.64472 0.25928 0.04412
0 0.71928 0.69247 0.23759 0.04989
0 0.71672 0.74021 0.24746 0.04704
0 0.72613 0.78796 0.22754 0.05094
0 0.71431 0.83571 0.22468 0.0516
0 0.84301 0.13281 0.25618 0.05117
0 0.90673 0.18586 0.24644 0.0476
0 0.9996 0.23891 0.23896 0.05004
0 0.88122 0.29196 0.22994 0.04921
0 0.85193 0.34501 0.24207 0.04862
0 0.82353 0.39806 0.25569 0.04859
0 0.8486 0.45111 0.26197 0.04693
0 0.91401 0.50416 0.25806 0.04664
0 0.94791 0.55721 0.2334 0.04654
0 0.82693 0.61026 0.22221 0.05022
0 0.88896 0.66331 0.23194 0.04535
0 0.95198 0.71636 0.23695 0.04687
0 0.89482 0.76941 0.26056 0.04462
0 0.82639 0.82246 0.22515 0.04461
0 0.86678 0.87551 0.24586 0.05072
0 0.99226 0.92856 0.22754 0.04562