0 0.10487 0.13281 0.22545 0.04762
0 0.09965 0.18586 0.23764 0.05032
0 0.10414 0.23891 0.22481 0.04967
0 0.09751 0.29196 0.23773 0.0497
0 0.09646 0.34501 0.26016 0.04442
0 0.11227 0.39806 0.25061 0.04545
0 0.09663 0.45111 0.2346 0.04936
0 0.11369 0.50416 0.23887 0.05178
0 0.11434 0.55721 0.26426 0.05104
0 0.10703 0.61026 0.23565 0.04776
0 0.10297 0.66331 0.26289 0.04977
0 0.11149 0.71636 0.23708 0.04987
0 0.09989 0.76941 0.25442 0.0501
0 0.10284 0.82246 0.25192 0.05233
0 0.11402 0.87551 0.22922 0.0443
0 0.11149 0.92856 0.25794 0.04492
0 0.3238 0.14609 0.23808 0.05107
0 0.28659 0.20444 0.26485 0.04427
0 0.29215 0.26280 0.25483 0.05083
0 0.29154 0.32115 0.25574 0.04457
0 0.34223 0.37951 0.2418 0.04834
0 0.33219 0.43786 0.25405 0.04509
0 0.33429 0.49622 0.257 0.04857
0 0.31756 0.55457 0.25523 0.04974
0 0.30583 0.61293 0.22267 0.0464
0 0.33368 0.67129 0.259 0.0507
0 0.31594 0.72964 0.23643 0.05143
0 0.3374 0.78800 0.24267 0.04895
0 0.30356 0.84635 0.22309 0.04786
0 0.32765 0.90471 0.2554 0.05064
0 0.32292 0.96306 0.24986 0.04724
0 0.50604 0.13281 0.23717 0.04657
0 0.50223 0.18586 0.25502 0.04662
0 0.53214 0.23891 0.22963 0.04489
0 0.57479 0.29196 0.25038 0.04587
0 0.50719 0.34501 0.24937 0.04948
0 0.53819 0.39806 0.2547 0.05127
0 0.48162 0.45111 0.26249 0.05068
0 0.50417 0.50416 0.26036 0.04648
0 0.47722 0.55721 0.25874 0.04645
0 0.57649 0.61026 0.22272 0.04956
0 0.50242 0.66331 0.23865 0.04709
0 0.57098 0.71636 0.22724 0.04727
0 0.54 0.76941 0.26072 0.04747
0 0.55916 0.82246 0.23171 0.04445
0 0.47507 0.87551 0.24555 0.04979
0 0.53295 0.92856 0.22614 0.04987
0 0.66441 0.11953 0.26356 0.04506
0 0.71379 0.16727 0.24193 0.04782
0 0.67328 0.21502 0.24493 0.04396
0 0.76113 0.26276 0.24523 0.0452
0 0.73717 0.31051 0.25103 0.05181
0 0.67202 0.35825 0.23403 0.04713
0 0.70385 0.40600 0.23107 0.04936
0 0.75694 0.45374 0.23415 0.05096
0 0.67951 0.50149 0.23598 0.04916
0 0.74342 0.54923 0.22247 0.05222
0 0.74465 0.59698 0.24627 0.04414
0 0.75711 0.64472 0.23751 0.04552
0 0.78844 0.69247 0.25156 0.04696
0 0.74107 0.74021 0.25945 0.04384
0 0.67765 0.78796 0.26046 0.04457
0 0.77678 0.83571 0.2344 0.04589
0 0.96281 0.13281 0.23055 0.04692
0 0.82496 0.18586 0.25675 0.05106
0 0.92555 0.23891 0.24104 0.04999
0 0.90162 0.29196 0.24068 0.04646
0 0.92958 0.34501 0.25232 0.04622
0 0.97153 0.39806 0.2634 0.05157
0 0.8931 0.45111 0.26093 0.04866
0 0.97975 0.50416 0.2518 0.04695
0 0.86134 0.55721 0.25051 0.04848
0 0.86871 0.61026 0.2309 0.04604
0 0.82048 0.66331 0.26006 0.04877
0 0.82447 0.71636 0.22812 0.04773
0 0.84451 0.76941 0.22255 0.05209
0 0.87024 0.82246 0.2338 0.04761
0 0.86916 0.87551 0.22889 0.04802
0 0.91456 0.92856 0.26401 0.05083