0 0.09854 0.13281 0.25199 0.0487
0 0.09729 0.18586 0.23827 0.04586
0 0.11389 0.23891 0.24986 0.04458
0 0.11502 0.29196 0.26348 0.0456
0 0.11076 0.34501 0.24363 0.04849
0 0.10816 0.39806 0.25586 0.04534
0 0.11285 0.45111 0.23904 0.04991
0 0.11144 0.50416 0.25362 0.0446
0 0.10535 0.55721 0.23502 0.05237
0 0.1091 0.61026 0.26099 0.04515
0 0.09914 0.66331 0.23828 0.04838
0 0.11539 0.71636 0.26385 0.04622
0 0.11203 0.76941 0.23211 0.04386
0 0.09527 0.82246 0.24816 0.04834
0 0.11487 0.87551 0.23655 0.04578
0 0.09487 0.92856 0.22815 0.04959
0 0.29688 0.14609 0.25547 0.04673
0 0.34591 0.20444 0.22898 0.04604
0 0.30434 0.26280 0.24282 0.04825
0 0.33533 0.32115 0.24428 0.04732
0 0.33476 0.37951 0.24142 0.04924
0 0.30987 0.43786 0.2585 0.04902
0 0.33374 0.49622 0.23815 0.05006
0 0.34095 0.55457 0.22978 0.05181
0 0.32986 0.61293 0.24178 0.04872
0 0.28929 0.67129 0.23399 0.05097
0 0.34206 0.72964 0.25578 0.04748
0 0.32303 0.78800 0.26091 0.0501
0 0.30389 0.84635 0.25918 0.05171
0 0.32101 0.90471 0.23792 0.04421
0 0.31512 0.96306 0.25064 0.04779
0 0.5103 0.13281 0.24849 0.04484
0 0.55739 0.18586 0.24887 0.04518
0 0.52649 0.23891 0.22313 0.05035
0 0.57278 0.29196 0.22747 0.04551
0 0.52055 0.34501 0.23881 0.04637
0 0.54435 0.39806 0.22948 0.04924
0 0.5143 0.45111 0.24592 0.05213
0 0.54599 0.50416 0.24167 0.04541
0 0.52805 0.55721 0.2244 0.04919
0 0.56888 0.61026 0.25187 0.04835
0 0.57045 0.66331 0.26407 0.04896
0 0.54748 0.71636 0.23812 0.05103
0 0.53578 0.76941 0.22313 0.05042
0 0.53501 0.82246 0.25614 0.05205
0 0.50429 0.87551 0.22266 0.04812
0 0.50945 0.92856 0.22656 0.04651
0 0.71518 0.11953 0.25072 0.05168
0 0.70497 0.16727 0.22155 0.04654
0 0.6815 0.21502 0.2241 0.04458
0 0.71837 0.26276 0.25093 0.05236
0 0.77847 0.31051 0.26207 0.05087
0 0.73816 0.35825 0.22277 0.04527
0 0.68341 0.40600 0.23751 0.04501
0 0.71826 0.45374 0.25722 0.0503
0 0.74252 0.50149 0.26221 0.05042
0 0.68783 0.54923 0.23454 0.04465
0 0.71922 0.59698 0.2393 0.04868
0 0.80342 0.64472 0.24883 0.04604
0 0.79703 0.69247 0.23081 0.04884
0 0.67448 0.74021 0.22803 0.04902
0 0.67169 0.78796 0.24906 0.05141
0 0.68561 0.83571 0.22244 0.05184
0 0.99485 0.13281 0.24396 0.04696
0 0.86763 0.18586 0.26071 0.04962
0 0.98237 0.23891 0.26298 0.04493
0 0.8189 0.29196 0.22784 0.0514
0 0.98429 0.34501 0.23042 0.04899
0 0.83498 0.39806 0.22529 0.05247
0 0.81837 0.45111 0.2361 0.05153
0 0.82752 0.50416 0.24757 0.05042
0 0.92524 0.55721 0.25606 0.05102
0 0.89111 0.61026 0.24466 0.04921
0 0.93855 0.66331 0.25942 0.05109
0 0.90157 0.71636 0.22816 0.05051
0 0.95571 0.76941 0.25534 0.04805
0 0.8208 0.82246 0.25187 0.04428
0 0.99813 0.87551 0.23148 0.04429
0 0.84851 0.92856 0.24265 0.0476