0 0.09982 0.13281 0.25071 0.04399
0 0.11463 0.18586 0.22624 0.05151
0 0.11071 0.23891 0.22785 0.05185
0 0.10168 0.29196 0.25423 0.04816
0 0.10434 0.34501 0.25708 0.04804
0 0.11456 0.39806 0.2434 0.04577
0 0.1121 0.45111 0.26178 0.04875
0 0.10653 0.50416 0.22199 0.04946
0 0.11081 0.55721 0.25159 0.05001
0 0.09822 0.61026 0.26317 0.04889
0 0.10008 0.66331 0.23747 0.04672
0 0.10568 0.71636 0.23216 0.04726
0 0.10321 0.76941 0.23024 0.04673
0 0.10764 0.82246 0.25588 0.05189
0 0.10984 0.87551 0.25373 0.04538
0 0.10683 0.92856 0.23927 0.04464
0 0.34429 0.14609 0.24374 0.04536
0 0.33293 0.20444 0.2219 0.04871
0 0.34419 0.26280 0.24329 0.05202
0 0.31897 0.32115 0.23098 0.04936
0 0.30332 0.37951 0.25678 0.04419
0 0.33944 0.43786 0.26539 0.05233
0 0.31113 0.49622 0.24481 0.04963
0 0.308 0.55457 0.26317 0.05024
0 0.30596 0.61293 0.23433 0.04607
0 0.29364 0.67129 0.26132 0.04487
0 0.31465 0.72964 0.22547 0.04996
0 0.32516 0.78800 0.2556 0.04468
0 0.34253 0.84635 0.23582 0.049
0 0.33575 0.90471 0.23814 0.05208
0 0.32517 0.96306 0.25237 0.04855
0 0.53684 0.13281 0.26487 0.04667
0 0.49999 0.18586 0.23899 0.05063
0 0.55313 0.23891 0.25921 0.04816
0 0.51684 0.29196 0.22271 0.05101
0 0.48776 0.34501 0.26077 0.0505
0 0.48492 0.39806 0.25334 0.04744
0 0.47376 0.45111 0.23556 0.04922
0 0.5279 0.50416 0.22659 0.04591
0 0.50496 0.55721 0.2655 0.05074
0 0.47502 0.61026 0.26184 0.05183
0 0.54399 0.66331 0.23657 0.04457
0 0.47967 0.71636 0.22256 0.04596
0 0.49686 0.76941 0.25535 0.05174
0 0.5192 0.82246 0.23452 0.04957
0 0.48925 0.87551 0.26117 0.05203
0 0.55321 0.92856 0.24504 0.04421
0 0.69866 0.11953 0.25523 0.05194
0 0.80082 0.16727 0.24907 0.04504
0 0.77288 0.21502 0.25128 0.04972
0 0.79818 0.26276 0.23775 0.05087
0 0.71956 0.31051 0.2586 0.04407
0 0.74434 0.35825 0.25045 0.04828
0 0.76268 0.40600 0.24545 0.04589
0 0.67346 0.45374 0.22613 0.04646
0 0.73767 0.50149 0.25788 0.04522
0 0.68337 0.54923 0.22715 0.04637
0 0.7111 0.59698 0.23338 0.05233
0 0.80566 0.64472 0.22687 0.04718
0 0.71602 0.69247 0.23974 0.04547
0 0.67525 0.74021 0.2592 0.05092
0 0.74846 0.78796 0.25962 0.04561
0 0.66644 0.83571 0.26363 0.04932
0 0.9974 0.13281 0.26094 0.04673
0 0.88935 0.18586 0.24183 0.04542
0 0.97997 0.23891 0.23797 0.0468
0 0.8677 0.29196 0.26183 0.04637
0 0.94169 0.34501 0.22694 0.04434
0 0.84967 0.39806 0.22371 0.05071
0 0.99546 0.45111 0.26092 0.05157
0 0.96944 0.50416 0.23195 0.04987
0 0.97817 0.55721 0.23366 0.04834
0 0.89024 0.61026 0.23202 0.04858
0 0.84629 0.66331 0.23712 0.04767
0 0.96895 0.71636 0.23646 0.04527
0 0.99185 0.76941 0.22638 0.04594
0 0.99912 0.82246 0.25651 0.04639
0 0.97246 0.87551 0.24293 0.04835
0 0.8407 0.92856 0.24946 0.04652