0 0.11019 0.13281 0.26036 0.05071
0 0.10743 0.18586 0.23078 0.05114
0 0.11247 0.23891 0.26184 0.04897
0 0.11235 0.29196 0.24327 0.0513
0 0.11245 0.34501 0.24744 0.04927
0 0.1068 0.39806 0.2576 0.04869
0 0.11307 0.45111 0.2451 0.04642
0 0.10111 0.50416 0.2346 0.05223
0 0.10962 0.55721 0.25517 0.04638
0 0.10862 0.61026 0.235 0.04443
0 0.09808 0.66331 0.26037 0.04861
0 0.11051 0.71636 0.26086 0.04794
0 0.10128 0.76941 0.26494 0.05107
0 0.09767 0.82246 0.23603 0.04612
0 0.10068 0.87551 0.22869 0.04598
0 0.09868 0.92856 0.24059 0.04737
0 0.34374 0.14609 0.23964 0.04906
0 0.28922 0.20444 0.24016 0.04999
0 0.32303 0.26280 0.22981 0.04851
0 0.28828 0.32115 0.23799 0.04593
0 0.30145 0.37951 0.26286 0.04855
0 0.34318 0.43786 0.25328 0.05231
0 0.34397 0.49622 0.23123 0.0517
0 0.28893 0.55457 0.25291 0.05009
0 0.2899 0.61293 0.22534 0.05
0 0.30928 0.67129 0.22486 0.04844
0 0.33525 0.72964 0.23857 0.04611
0 0.31661 0.78800 0.26477 0.05111
0 0.28797 0.84635 0.2302 0.04594
0 0.29851 0.90471 0.24109 0.05045
0 0.29352 0.96306 0.25896 0.04519
0 0.51399 0.13281 0.24235 0.04678
0 0.48527 0.18586 0.23605 0.05216
0 0.49662 0.23891 0.25881 0.04756
0 0.53742 0.29196 0.25826 0.04931
0 0.49673 0.34501 0.25472 0.04938
0 0.57285 0.39806 0.24972 0.04773
0 0.57205 0.45111 0.23769 0.04769
0 0.53152 0.50416 0.24836 0.04745
0 0.52582 0.55721 0.24625 0.04586
0 0.51522 0.61026 0.25076 0.05202
0 0.47636 0.66331 0.26119 0.0487
0 0.51261 0.71636 0.25617 0.05016
0 0.55841 0.76941 0.22914 0.04475
0 0.53794 0.82246 0.23004 0.05017
0 0.54552 0.87551 0.23557 0.04948
0 0.57597 0.92856 0.26182 0.0502
0 0.71564 0.11953 0.22408 0.0442
0 0.80204 0.16727 0.22974 0.05201
0 0.75378 0.21502 0.25321 0.04469
0 0.75602 0.26276 0.24041 0.04594
0 0.80017 0.31051 0.24351 0.04467
0 0.66275 0.35825 0.26312 0.04692
0 0.68794 0.40600 0.26446 0.05146
0 0.71276 0.45374 0.23194 0.04872
0 0.71685 0.50149 0.24037 0.04656
0 0.66684 0.54923 0.2381 0.04695
0 0.74286 0.59698 0.23235 0.04779
0 0.66423 0.64472 0.25932 0.04866
0 0.79422 0.69247 0.24941 0.0458
0 0.70922 0.74021 0.22941 0.05036
0 0.80154 0.78796 0.25686 0.04431
0 0.8032 0.83571 0.2427 0.04915
0 0.82153 0.13281 0.22535 0.04494
0 0.84708 0.18586 0.22703 0.04474
0 0.99894 0.23891 0.25604 0.05095
0 0.9913 0.29196 0.25846 0.04418
0 0.92076 0.34501 0.25576 0.04694
0 0.88761 0.39806 0.24624 0.05236
0 0.85942 0.45111 0.2555 0.0486
0 0.97864 0.50416 0.24441 0.04551
0 0.946 0.55721 0.25612 0.04849
0 0.93929 0.61026 0.2229 0.05181
0 0.9166 0.66331 0.22876 0.04825
0 0.87458 0.71636 0.25275 0.05139
0 0.82244 0.76941 0.24036 0.04383
0 0.84697 0.82246 0.25226 0.0478
0 0.92494 0.87551 0.24432 0.05014
0 0.91091 0.92856 0.25076 0.05049