0 0.10139 0.13281 0.2442 0.05237
0 0.10839 0.18586 0.25565 0.05117
0 0.0949 0.23891 0.26472 0.05118
0 0.10315 0.29196 0.22755 0.0443
0 0.1041 0.34501 0.23285 0.04927
0 0.10321 0.39806 0.22719 0.04927
0 0.11061 0.45111 0.24221 0.05075
0 0.10492 0.50416 0.24354 0.0509
0 0.10343 0.55721 0.22138 0.04894
0 0.10634 0.61026 0.22597 0.04633
0 0.107 0.66331 0.23426 0.04954
0 0.09734 0.71636 0.22394 0.04825
0 0.10096 0.76941 0.25119 0.04461
0 0.09624 0.82246 0.24661 0.0446
0 0.10913 0.87551 0.24533 0.0496
0 0.10487 0.92856 0.25959 0.04615
0 0.29639 0.14609 0.22342 0.04843
0 0.29618 0.20444 0.25667 0.04494
0 0.31534 0.26280 0.25003 0.05027
0 0.33716 0.32115 0.25978 0.05224
0 0.30144 0.37951 0.23116 0.05065
0 0.33579 0.43786 0.23626 0.04786
0 0.32574 0.49622 0.24297 0.04566
0 0.33977 0.55457 0.23331 0.04404
0 0.31352 0.61293 0.24101 0.04466
0 0.31931 0.67129 0.23877 0.04544
0 0.30888 0.72964 0.24258 0.04844
0 0.33241 0.78800 0.25512 0.04957
0 0.31275 0.84635 0.251 0.04613
0 0.28534 0.90471 0.25194 0.04873
0 0.33852 0.96306 0.2529 0.04708
0 0.47959 0.13281 0.25114 0.04937
0 0.52768 0.18586 0.25849 0.0465
0 0.51138 0.23891 0.23523 0.05015
0 0.55167 0.29196 0.23309 0.05253
0 0.56271 0.34501 0.22255 0.04799
0 0.5016 0.39806 0.22823 0.04779
0 0.51554 0.45111 0.24245 0.04556
0 0.53657 0.50416 0.26322 0.05193
0 0.48818 0.55721 0.22129 0.05162
0 0.47932 0.61026 0.26481 0.04664
0 0.50391 0.66331 0.22239 0.04445
0 0.54252 0.71636 0.2312 0.04778
0 0.50593 0.76941 0.24249 0.05151
0 0.50241 0.82246 0.2258 0.04868
0 0.52578 0.87551 0.23456 0.04385
0 0.51423 0.92856 0.22927 0.04384
0 0.80635 0.11953 0.23378 0.05135
0 0.68119 0.16727 0.22231 0.04878
0 0.68592 0.21502 0.23958 0.05161
0 0.76935 0.26276 0.24592 0.04474
0 0.67064 0.31051 0.2221 0.04402
0 0.76638 0.35825 0.25726 0.04712
0 0.76955 0.40600 0.24686 0.05032
0 0.74881 0.45374 0.22342 0.04648
0 0.759 0.50149 0.22686 0.0447
0 0.68444 0.54923 0.22948 0.04666
0 0.7797 0.59698 0.24684 0.0472
0 0.68858 0.64472 0.24498 0.04821
0 0.76737 0.69247 0.24588 0.04945
0 0.70184 0.74021 0.23475 0.04855
0 0.76197 0.78796 0.25559 0.05221
0 0.71569 0.83571 0.22419 0.05014
0 0.90806 0.13281 0.25853 0.04876
0 0.91059 0.18586 0.22701 0.04509
0 0.85949 0.23891 0.24225 0.04852
0 0.82832 0.29196 0.26035 0.04759
0 0.89359 0.34501 0.22619 0.04672
0 0.99523 0.39806 0.22991 0.05071
0 0.98359 0.45111 0.2451 0.04847
0 0.97009 0.50416 0.23473 0.04805
0 0.96652 0.55721 0.25162 0.04993
0 0.99854 0.61026 0.23111 0.05122
0 0.89386 0.66331 0.24305 0.04835
0 0.97644 0.71636 0.23136 0.05051
0 0.9566 0.76941 0.24624 0.0517
0 0.90283 0.82246 0.22797 0.04532
0 0.8262 0.87551 0.26497 0.05058
0 0.8877 0.92856 0.23946 0.04619