0 0.09603 0.13281 0.25152 0.04808
0 0.11547 0.18586 0.23777 0.0503
0 0.09726 0.23891 0.2566 0.04588
0 0.11229 0.29196 0.25586 0.05012
0 0.10912 0.34501 0.23146 0.04476
0 0.11087 0.39806 0.26219 0.05003
0 0.09454 0.45111 0.22217 0.04859
0 0.11348 0.50416 0.24173 0.05053
0 0.09992 0.55721 0.25295 0.04964
0 0.11198 0.61026 0.22195 0.04594
0 0.1098 0.66331 0.23304 0.05077
0 0.10416 0.71636 0.25255 0.05245
0 0.11258 0.76941 0.23524 0.04752
0 0.10699 0.82246 0.25315 0.04593
0 0.09876 0.87551 0.23934 0.04553
0 0.09889 0.92856 0.22276 0.05235
0 0.32394 0.14609 0.25949 0.04584
0 0.29748 0.20444 0.24963 0.0468
0 0.30695 0.26280 0.25007 0.04435
0 0.34245 0.32115 0.24671 0.04409
0 0.3093 0.37951 0.24709 0.04687
0 0.34147 0.43786 0.22734 0.04485
0 0.30124 0.49622 0.23299 0.04408
0 0.31261 0.55457 0.23418 0.04484
0 0.29757 0.61293 0.23904 0.04889
0 0.34151 0.67129 0.23522 0.04752
0 0.28442 0.72964 0.24522 0.04611
0 0.33444 0.78800 0.24935 0.05166
0 0.34121 0.84635 0.25067 0.04651
0 0.31788 0.90471 0.24898 0.04892
0 0.29538 0.96306 0.22685 0.05071
0 0.49637 0.13281 0.25664 0.05157
0 0.48939 0.18586 0.26379 0.04883
0 0.56441 0.23891 0.23617 0.04789
0 0.5165 0.29196 0.23765 0.04562
0 0.5297 0.34501 0.23507 0.05055
0 0.48228 0.39806 0.26067 0.04956
0 0.47498 0.45111 0.24648 0.04676
0 0.52082 0.50416 0.22211 0.04605
0 0.49521 0.55721 0.23733 0.04693
0 0.56269 0.61026 0.24627 0.04974
0 0.47741 0.66331 0.22149 0.04673
0 0.48106 0.71636 0.24582 0.04864
0 0.56906 0.76941 0.23463 0.05104
0 0.50356 0.82246 0.24098 0.04744
0 0.47516 0.87551 0.2613 0.05143
0 0.49187 0.92856 0.24561 0.04662
0 0.72099 0.11953 0.2269 0.04444
0 0.74413 0.16727 0.26332 0.04991
0 0.66296 0.21502 0.22632 0.0521
0 0.76863 0.26276 0.22938 0.05105
0 0.7183 0.31051 0.24057 0.05131
0 0.76436 0.35825 0.23644 0.04791
0 0.72936 0.40600 0.24464 0.0458
0 0.68717 0.45374 0.24742 0.05158
0 0.69771 0.50149 0.2482 0.05138
0 0.68764 0.54923 0.22632 0.04814
0 0.68718 0.59698 0.2655 0.05042
0 0.7333 0.64472 0.22293 0.04471
0 0.74937 0.69247 0.23382 0.05247
0 0.69615 0.74021 0.24983 0.04635
0 0.73534 0.78796 0.2566 0.04475
0 0.71499 0.83571 0.2596 0.04835
0 0.98803 0.13281 0.26511 0.05114
0 0.82718 0.18586 0.25135 0.04457
0 0.95345 0.23891 0.23223 0.04416
0 0.90028 0.29196 0.25495 0.0489
0 0.87932 0.34501 0.25341 0.04613
0 0.82964 0.39806 0.26192 0.0514
0 0.87234 0.45111 0.22347 0.05134
0 0.85975 0.50416 0.22488 0.05124
0 0.82299 0.55721 0.2437 0.05039
0 0.9784 0.61026 0.26256 0.05147
0 0.99104 0.66331 0.23072 0.04868
0 0.90214 0.71636 0.24844 0.04491
0 0.87763 0.76941 0.24206 0.04794
0 0.87633 0.82246 0.23093 0.04947
0 0.89215 0.87551 0.25549 0.05118
0 0.93192 0.92856 0.26536 0.04727