0 0.10875 0.13281 0.25159 0.04402
0 0.1105 0.18586 0.2487 0.05064
0 0.10082 0.23891 0.2401 0.04728
0 0.11409 0.29196 0.22988 0.04403
0 0.11197 0.34501 0.24718 0.04431
0 0.1132 0.39806 0.25554 0.04387
0 0.1013 0.45111 0.23243 0.04408
0 0.10215 0.50416 0.23056 0.04745
0 0.09858 0.55721 0.24635 0.05038
0 0.10903 0.61026 0.25876 0.04454
0 0.11484 0.66331 0.25256 0.04755
0 0.10776 0.71636 0.24279 0.04883
0 0.10824 0.76941 0.22549 0.05023
0 0.11184 0.82246 0.26223 0.04939
0 0.0977 0.87551 0.25397 0.04794
0 0.10138 0.92856 0.23811 0.05227
0 0.34278 0.14609 0.22452 0.04516
0 0.29944 0.20444 0.2607 0.052
0 0.33666 0.26280 0.25276 0.04775
0 0.29231 0.32115 0.25927 0.0519
0 0.30358 0.37951 0.24705 0.04674
0 0.34424 0.43786 0.24829 0.04768
0 0.31969 0.49622 0.24465 0.05191
0 0.29444 0.55457 0.25176 0.04602
0 0.32635 0.61293 0.24044 0.05152
0 0.33369 0.67129 0.25201 0.04389
0 0.3322 0.72964 0.23587 0.05238
0 0.33761 0.78800 0.25237 0.05213
0 0.31962 0.84635 0.26266 0.04987
0 0.32295 0.90471 0.23832 0.04383
0 0.30534 0.96306 0.26442 0.04941
0 0.52359 0.13281 0.23618 0.05069
0 0.53004 0.18586 0.23637 0.04703
0 0.50313 0.23891 0.237 0.0477
0 0.56173 0.29196 0.23508 0.0515
0 0.50236 0.34501 0.2547 0.05084
0 0.48559 0.39806 0.23685 0.0491
0 0.49396 0.45111 0.23103 0.05158
0 0.5373 0.50416 0.24269 0.04631
0 0.5107 0.55721 0.2341 0.04416
0 0.49977 0.61026 0.24747 0.04413
0 0.55891 0.66331 0.23252 0.04905
0 0.5216 0.71636 0.26135 0.04601
0 0.50785 0.76941 0.23334 0.04929
0 0.52078 0.82246 0.23984 0.04695
0 0.55337 0.87551 0.23174 0.05212
0 0.50021 0.92856 0.26234 0.04808
0 0.79474 0.11953 0.24254 0.04627
0 0.66327 0.16727 0.25241 0.04886
0 0.80487 0.21502 0.2481 0.04848
0 0.71953 0.26276 0.24388 0.04482
0 0.80164 0.31051 0.22639 0.05129
0 0.78677 0.35825 0.2617 0.04908
0 0.71117 0.40600 0.23777 0.04688
0 0.72484 0.45374 0.22259 0.05192
0 0.76337 0.50149 0.2391 0.05015
0 0.66517 0.54923 0.23339 0.04437
0 0.71969 0.59698 0.22857 0.05003
0 0.66747 0.64472 0.23559 0.04942
0 0.78748 0.69247 0.25837 0.04763
0 0.78555 0.74021 0.24419 0.04539
0 0.76247 0.78796 0.26329 0.04996
0 0.66759 0.83571 0.23324 0.04704
0 0.97107 0.13281 0.24683 0.04678
0 0.92954 0.18586 0.26493 0.0447
0 0.9037 0.23891 0.24186 0.04939
0 0.87988 0.29196 0.22734 0.04732
0 0.97472 0.34501 0.23171 0.0447
0 0.98407 0.39806 0.22816 0.04984
0 0.84547 0.45111 0.22698 0.0446
0 0.98081 0.50416 0.23565 0.04385
0 0.93645 0.55721 0.2586 0.04425
0 0.99793 0.61026 0.2311 0.05143
0 0.96733 0.66331 0.24918 0.05096
0 0.88158 0.71636 0.22919 0.05024
0 0.92311 0.76941 0.24876 0.05003
0 0.84663 0.82246 0.23009 0.04434
0 0.99077 0.87551 0.25866 0.04617
0 0.89623 0.92856 0.2557 0.04981