0 0.10539 0.13281 0.25271 0.04659
0 0.1091 0.18586 0.26141 0.04672
0 0.09515 0.23891 0.24954 0.05026
0 0.1082 0.29196 0.2582 0.04797
0 0.10015 0.34501 0.24409 0.04904
0 0.09758 0.39806 0.23392 0.04641
0 0.10336 0.45111 0.22896 0.04851
0 0.11089 0.50416 0.25058 0.04928
0 0.11349 0.55721 0.23397 0.05029
0 0.11355 0.61026 0.25576 0.05208
0 0.11258 0.66331 0.25711 0.04673
0 0.10044 0.71636 0.26417 0.04825
0 0.10181 0.76941 0.2345 0.0514
0 0.10939 0.82246 0.25833 0.04874
0 0.11122 0.87551 0.25975 0.04608
0 0.11061 0.92856 0.26276 0.04857
0 0.30888 0.14609 0.26187 0.04903
0 0.32512 0.20444 0.22315 0.04514
0 0.31528 0.26280 0.25787 0.04739
0 0.32156 0.32115 0.24134 0.04725
0 0.31654 0.37951 0.2567 0.04513
0 0.30047 0.43786 0.25631 0.04952
0 0.30446 0.49622 0.23769 0.0447
0 0.31406 0.55457 0.23045 0.04448
0 0.33532 0.61293 0.24005 0.04395
0 0.30924 0.67129 0.23841 0.04708
0 0.30613 0.72964 0.24356 0.04697
0 0.33634 0.78800 0.22261 0.05087
0 0.32979 0.84635 0.22452 0.04444
0 0.32592 0.90471 0.25604 0.04559
0 0.3144 0.96306 0.24757 0.05149
0 0.47804 0.13281 0.23255 0.04562
0 0.47226 0.18586 0.25816 0.04873
0 0.56937 0.23891 0.22803 0.04495
0 0.49122 0.29196 0.22151 0.04625
0 0.51175 0.34501 0.23781 0.04646
0 0.53287 0.39806 0.26307 0.04993
0 0.48429 0.45111 0.24424 0.04627
0 0.51423 0.50416 0.24531 0.04853
0 0.49219 0.55721 0.24922 0.05067
0 0.54503 0.61026 0.23965 0.05127
0 0.51733 0.66331 0.26472 0.04584
0 0.49145 0.71636 0.22475 0.05201
0 0.55676 0.76941 0.2283 0.05208
0 0.54831 0.82246 0.25676 0.04736
0 0.54746 0.87551 0.22709 0.05162
0 0.48446 0.92856 0.23461 0.04755
0 0.69607 0.11953 0.24368 0.04417
0 0.79124 0.16727 0.23357 0.05005
0 0.78339 0.21502 0.23464 0.04414
0 0.77387 0.26276 0.24482 0.04594
0 0.76659 0.31051 0.22293 0.0453
0 0.71519 0.35825 0.22841 0.0441
0 0.7635 0.40600 0.22826 0.04602
0 0.75602 0.45374 0.23005 0.05216
0 0.70765 0.50149 0.25508 0.0451
0 0.68009 0.54923 0.23983 0.05048
0 0.77152 0.59698 0.22939 0.05191
0 0.71959 0.64472 0.24924 0.04437
0 0.7502 0.69247 0.2424 0.04979
0 0.76066 0.74021 0.2264 0.04936
0 0.6714 0.78796 0.26329 0.04461
0 0.74648 0.83571 0.22202 0.04469
0 0.95355 0.13281 0.23251 0.04843
0 0.90151 0.18586 0.26303 0.05188
0 0.86996 0.23891 0.23705 0.04843
0 0.87919 0.29196 0.26266 0.05162
0 0.93876 0.34501 0.25494 0.04582
0 0.86057 0.39806 0.22588 0.04807
0 0.97482 0.45111 0.24381 0.04586
0 0.82789 0.50416 0.25848 0.04521
0 0.95423 0.55721 0.22559 0.04796
0 0.83596 0.61026 0.26383 0.04492
0 0.95611 0.66331 0.22513 0.05232
0 0.9648 0.71636 0.25218 0.04641
0 0.98794 0.76941 0.23117 0.05076
0 0.90688 0.82246 0.22972 0.04982
0 0.86745 0.87551 0.22348 0.04694
0 0.90363 0.92856 0.2387 0.0525