0 0.10625 0.13281 0.24889 0.04817
0 0.11243 0.18586 0.2635 0.04766
0 0.10448 0.23891 0.23473 0.05203
0 0.10662 0.29196 0.22298 0.0476
0 0.09629 0.34501 0.25954 0.04615
0 0.10503 0.39806 0.25013 0.04606
0 0.09767 0.45111 0.2625 0.04978
0 0.10435 0.50416 0.23702 0.04668
0 0.10602 0.55721 0.2554 0.0459
0 0.10246 0.61026 0.23692 0.04571
0 0.0951 0.66331 0.25465 0.04386
0 0.10527 0.71636 0.227 0.04767
0 0.10705 0.76941 0.22238 0.04474
0 0.10201 0.82246 0.24739 0.04961
0 0.09801 0.87551 0.24048 0.0518
0 0.11071 0.92856 0.26196 0.04784
0 0.34359 0.14609 0.23045 0.05137
0 0.2876 0.20444 0.25048 0.04997
0 0.33182 0.26280 0.25486 0.05216
0 0.32934 0.32115 0.241 0.04722
0 0.30307 0.37951 0.24092 0.04533
0 0.31252 0.43786 0.23821 0.04506
0 0.30039 0.49622 0.26217 0.04744
0 0.31832 0.55457 0.23368 0.05091
0 0.29283 0.61293 0.23792 0.04996
0 0.32173 0.67129 0.22338 0.04465
0 0.29968 0.72964 0.22159 0.04473
0 0.31301 0.78800 0.23017 0.04851
0 0.29836 0.84635 0.23522 0.05019
0 0.29796 0.90471 0.24876 0.04628
0 0.28751 0.96306 0.23872 0.0453
0 0.57127 0.13281 0.26526 0.04428
0 0.47285 0.18586 0.25553 0.05124
0 0.53619 0.23891 0.24461 0.04672
0 0.47693 0.29196 0.23333 0.05127
0 0.48257 0.34501 0.23718 0.05212
0 0.50408 0.39806 0.26004 0.05176
0 0.5197 0.45111 0.22521 0.05107
0 0.55102 0.50416 0.25834 0.04728
0 0.50587 0.55721 0.24201 0.04781
0 0.51035 0.61026 0.25828 0.04562
0 0.49845 0.66331 0.25491 0.05196
0 0.51441 0.71636 0.22539 0.04979
0 0.49277 0.76941 0.23657 0.04887
0 0.49699 0.82246 0.23373 0.04686
0 0.52282 0.87551 0.22494 0.0493
0 0.53901 0.92856 0.22325 0.05012
0 0.69579 0.11953 0.22305 0.04702
0 0.77859 0.16727 0.24311 0.04384
0 0.74388 0.21502 0.22657 0.04785
0 0.7279 0.26276 0.24439 0.04559
0 0.77488 0.31051 0.23244 0.05125
0 0.77029 0.35825 0.22407 0.05176
0 0.67699 0.40600 0.25129 0.04937
0 0.74232 0.45374 0.22928 0.04956
0 0.75747 0.50149 0.22503 0.04647
0 0.72345 0.54923 0.23931 0.05071
0 0.69741 0.59698 0.22207 0.04791
0 0.71143 0.64472 0.22949 0.04784
0 0.73056 0.69247 0.24515 0.04771
0 0.76865 0.74021 0.23186 0.04963
0 0.79099 0.78796 0.2311 0.04728
0 0.71963 0.83571 0.25212 0.04711
0 0.89225 0.13281 0.24355 0.05071
0 0.92427 0.18586 0.25479 0.04723
0 0.96054 0.23891 0.22848 0.04854
0 0.87011 0.29196 0.22621 0.04732
0 0.9001 0.34501 0.25037 0.04609
0 0.94775 0.39806 0.2312 0.04774
0 0.96552 0.45111 0.23054 0.05253
0 0.94567 0.50416 0.26542 0.04666
0 0.90163 0.55721 0.26433 0.05119
0 0.9136 0.61026 0.25893 0.04907
0 0.99157 0.66331 0.24526 0.05253
0 0.97457 0.71636 0.2473 0.04729
0 0.98318 0.76941 0.26142 0.04775
0 0.87562 0.82246 0.23509 0.04624
0 0.90211 0.87551 0.22679 0.04776
0 0.98623 0.92856 0.23638 0.04388