0 0.10526 0.13281 0.26208 0.05036
0 0.09979 0.18586 0.22485 0.04536
0 0.11505 0.23891 0.2328 0.0482
0 0.09808 0.29196 0.24553 0.04703
0 0.113 0.34501 0.25904 0.05196
0 0.10553 0.39806 0.24592 0.05215
0 0.09621 0.45111 0.25746 0.04511
0 0.10391 0.50416 0.23411 0.05019
0 0.11307 0.55721 0.23063 0.05127
0 0.11294 0.61026 0.23106 0.04577
0 0.09615 0.66331 0.26491 0.05242
0 0.11549 0.71636 0.25673 0.04931
0 0.11171 0.76941 0.22264 0.04399
0 0.09649 0.82246 0.23373 0.05218
0 0.10844 0.87551 0.25511 0.04776
0 0.11084 0.92856 0.25026 0.05051
0 0.34364 0.14609 0.2272 0.04902
0 0.33061 0.20444 0.23049 0.04929
0 0.29606 0.26280 0.22206 0.04547
0 0.29268 0.32115 0.24622 0.04816
0 0.32027 0.37951 0.22252 0.04875
0 0.31536 0.43786 0.22894 0.05246
0 0.29645 0.49622 0.2414 0.04893
0 0.28576 0.55457 0.24237 0.04955
0 0.30344 0.61293 0.25457 0.05066
0 0.30641 0.67129 0.24561 0.04416
0 0.33302 0.72964 0.26302 0.05074
0 0.3373 0.78800 0.26511 0.0459
0 0.31373 0.84635 0.26109 0.04933
0 0.32515 0.90471 0.23621 0.0517
0 0.30084 0.96306 0.24019 0.04753
0 0.50519 0.13281 0.22766 0.04712
0 0.56251 0.18586 0.23856 0.04948
0 0.52037 0.23891 0.22475 0.04742
0 0.49815 0.29196 0.24015 0.0455
0 0.49197 0.34501 0.25485 0.04925
0 0.54624 0.39806 0.25847 0.04845
0 0.5127 0.45111 0.23444 0.04588
0 0.5239 0.50416 0.23991 0.04847
0 0.56741 0.55721 0.22296 0.05192
0 0.53171 0.61026 0.24743 0.04503
0 0.51602 0.66331 0.25251 0.04745
0 0.52008 0.71636 0.24256 0.05178
0 0.53936 0.76941 0.23755 0.05009
0 0.56062 0.82246 0.26511 0.04505
0 0.5042 0.87551 0.22876 0.04892
0 0.51023 0.92856 0.24925 0.04442
0 0.67153 0.11953 0.24495 0.05081
0 0.78403 0.16727 0.2227 0.05215
0 0.72428 0.21502 0.24772 0.04795
0 0.68351 0.26276 0.23861 0.04595
0 0.79882 0.31051 0.22812 0.04973
0 0.72207 0.35825 0.23306 0.04839
0 0.69522 0.40600 0.22742 0.05204
0 0.70926 0.45374 0.224 0.04762
0 0.69569 0.50149 0.25013 0.04628
0 0.67069 0.54923 0.26439 0.04711
0 0.77508 0.59698 0.2431 0.04923
0 0.70952 0.64472 0.25963 0.05091
0 0.68585 0.69247 0.24486 0.05112
0 0.71787 0.74021 0.24485 0.04453
0 0.69622 0.78796 0.24212 0.04611
0 0.66316 0.83571 0.23862 0.05045
0 0.93763 0.13281 0.2436 0.04873
0 0.88745 0.18586 0.26002 0.0516
0 0.88509 0.23891 0.24982 0.0468
0 0.92635 0.29196 0.23541 0.04738
0 0.88557 0.34501 0.24862 0.04483
0 0.8217 0.39806 0.25327 0.04527
0 0.91304 0.45111 0.24471 0.05209
0 0.96894 0.50416 0.26171 0.05181
0 0.95166 0.55721 0.26364 0.04428
0 0.90585 0.61026 0.25577 0.05036
0 0.89183 0.66331 0.25531 0.04388
0 0.87615 0.71636 0.24532 0.04878
0 0.98685 0.76941 0.23667 0.04776
0 0.8286 0.82246 0.25116 0.04754
0 0.86732 0.87551 0.22655 0.04741
0 0.96809 0.92856 0.25001 0.04829