0 0.10511 0.13281 0.25792 0.04611
0 0.11093 0.18586 0.22915 0.04417
0 0.10665 0.23891 0.25975 0.04668
0 0.10608 0.29196 0.24698 0.04587
0 0.10831 0.34501 0.23868 0.0451
0 0.0981 0.39806 0.23364 0.04874
0 0.10126 0.45111 0.25798 0.04547
0 0.1153 0.50416 0.24908 0.04753
0 0.09913 0.55721 0.23085 0.05176
0 0.0974 0.61026 0.2367 0.05097
0 0.10341 0.66331 0.22257 0.0472
0 0.109 0.71636 0.2453 0.04882
0 0.11537 0.76941 0.24538 0.04928
0 0.10192 0.82246 0.24964 0.05016
0 0.10986 0.87551 0.23087 0.04609
0 0.09552 0.92856 0.23762 0.04668
0 0.33147 0.14609 0.23841 0.04911
0 0.29761 0.20444 0.25065 0.04887
0 0.34435 0.26280 0.24434 0.04937
0 0.28544 0.32115 0.23176 0.04552
0 0.31705 0.37951 0.2236 0.04837
0 0.31128 0.43786 0.23662 0.04534
0 0.28851 0.49622 0.24871 0.04848
0 0.33785 0.55457 0.23122 0.04834
0 0.28746 0.61293 0.22294 0.05221
0 0.31525 0.67129 0.23059 0.04894
0 0.33085 0.72964 0.24472 0.05173
0 0.29604 0.78800 0.22566 0.04896
0 0.34134 0.84635 0.22986 0.04513
0 0.33735 0.90471 0.23442 0.04435
0 0.31871 0.96306 0.22503 0.04754
0 0.53286 0.13281 0.24903 0.04651
0 0.51899 0.18586 0.2464 0.05191
0 0.54367 0.23891 0.2296 0.04511
0 0.56458 0.29196 0.25979 0.05127
0 0.55871 0.34501 0.2444 0.05203
0 0.49421 0.39806 0.22467 0.052
0 0.56149 0.45111 0.25047 0.04684
0 0.48154 0.50416 0.24923 0.05107
0 0.48322 0.55721 0.2541 0.0472
0 0.49293 0.61026 0.25951 0.04622
0 0.48127 0.66331 0.25089 0.04835
0 0.47293 0.71636 0.26375 0.04667
0 0.5389 0.76941 0.24506 0.0507
0 0.48512 0.82246 0.25732 0.04537
0 0.57141 0.87551 0.24131 0.0441
0 0.53116 0.92856 0.22378 0.05157
0 0.72972 0.11953 0.25761 0.04509
0 0.71405 0.16727 0.25432 0.04814
0 0.73615 0.21502 0.22231 0.04758
0 0.76478 0.26276 0.26045 0.05159
0 0.67433 0.31051 0.23274 0.04817
0 0.75323 0.35825 0.23391 0.04786
0 0.80749 0.40600 0.22384 0.04997
0 0.66284 0.45374 0.23659 0.04388
0 0.80441 0.50149 0.23537 0.05232
0 0.72438 0.54923 0.2647 0.04739
0 0.76252 0.59698 0.23277 0.04805
0 0.72013 0.64472 0.25858 0.04655
0 0.69842 0.69247 0.25384 0.04733
0 0.70336 0.74021 0.26006 0.0473
0 0.77109 0.78796 0.23639 0.04634
0 0.77177 0.83571 0.22844 0.05099
0 0.95582 0.13281 0.23546 0.0513
0 0.84539 0.18586 0.22762 0.0498
0 0.97058 0.23891 0.2334 0.05001
0 0.92686 0.29196 0.22608 0.05125
0 0.83132 0.34501 0.26168 0.05144
0 0.91013 0.39806 0.23933 0.04722
0 0.92287 0.45111 0.24325 0.04654
0 0.82022 0.50416 0.25641 0.0518
0 0.866 0.55721 0.23429 0.0475
0 0.99868 0.61026 0.24114 0.05189
0 0.918 0.66331 0.22278 0.04804
0 0.92176 0.71636 0.23915 0.04856
0 0.89531 0.76941 0.2543 0.0445
0 0.88476 0.82246 0.22997 0.04602
0 0.86997 0.87551 0.22244 0.05007
0 0.93882 0.92856 0.25577 0.0472