0 0.10189 0.13281 0.25161 0.04984
0 0.11529 0.18586 0.25556 0.04745
0 0.11086 0.23891 0.26145 0.05171
0 0.113 0.29196 0.24532 0.04543
0 0.11067 0.34501 0.23729 0.05122
0 0.10622 0.39806 0.22929 0.04676
0 0.10029 0.45111 0.23993 0.05084
0 0.10248 0.50416 0.25381 0.04588
0 0.09774 0.55721 0.22237 0.04931
0 0.11459 0.61026 0.22422 0.05126
0 0.09997 0.66331 0.25308 0.04937
0 0.11477 0.71636 0.26489 0.04839
0 0.10527 0.76941 0.25107 0.04958
0 0.11235 0.82246 0.24758 0.04779
0 0.10676 0.87551 0.24396 0.04677
0 0.10757 0.92856 0.22727 0.04929
0 0.2912 0.14609 0.23881 0.04546
0 0.29676 0.20444 0.25094 0.04766
0 0.33312 0.26280 0.2225 0.0504
0 0.31933 0.32115 0.25698 0.04507
0 0.32339 0.37951 0.23452 0.04593
0 0.34045 0.43786 0.26222 0.05056
0 0.32229 0.49622 0.25165 0.04838
0 0.28885 0.55457 0.22356 0.05009
0 0.30903 0.61293 0.25471 0.04471
0 0.31789 0.67129 0.25425 0.04605
0 0.29365 0.72964 0.2392 0.05068
0 0.29896 0.78800 0.22353 0.04975
0 0.29749 0.84635 0.25258 0.04477
0 0.32473 0.90471 0.23996 0.05174
0 0.34201 0.96306 0.22925 0.04672
0 0.50585 0.13281 0.26219 0.04555
0 0.50418 0.18586 0.25768 0.04477
0 0.52951 0.23891 0.26121 0.04574
0 0.5363 0.29196 0.24334 0.05005
0 0.52322 0.34501 0.26234 0.04814
0 0.51834 0.39806 0.24865 0.05185
0 0.54984 0.45111 0.22252 0.0477
0 0.54281 0.50416 0.25492 0.04469
0 0.49723 0.55721 0.24783 0.04893
0 0.54545 0.61026 0.22458 0.04434
0 0.56754 0.66331 0.23433 0.05114
0 0.49864 0.71636 0.22464 0.05066
0 0.53079 0.76941 0.23797 0.04571
0 0.5397 0.82246 0.2599 0.05119
0 0.51044 0.87551 0.25881 0.04386
0 0.50638 0.92856 0.22663 0.05139
0 0.80122 0.11953 0.2343 0.04461
0 0.66138 0.16727 0.229 0.04832
0 0.74233 0.21502 0.24634 0.04745
0 0.66937 0.26276 0.24498 0.04987
0 0.70422 0.31051 0.23759 0.04644
0 0.69278 0.35825 0.25409 0.04597
0 0.71154 0.40600 0.23732 0.05096
0 0.69298 0.45374 0.24267 0.04847
0 0.68725 0.50149 0.23892 0.04504
0 0.69847 0.54923 0.25374 0.05168
0 0.79212 0.59698 0.23995 0.0481
0 0.77772 0.64472 0.24948 0.0516
0 0.6752 0.69247 0.22692 0.04593
0 0.66617 0.74021 0.24587 0.04568
0 0.66792 0.78796 0.22326 0.04678
0 0.69929 0.83571 0.24369 0.04512
0 0.92626 0.13281 0.24369 0.05174
0 0.85233 0.18586 0.25059 0.04876
0 0.85734 0.23891 0.22922 0.04419
0 0.89493 0.29196 0.261 0.0521
0 0.89501 0.34501 0.22211 0.04776
0 0.98246 0.39806 0.23922 0.04927
0 0.83521 0.45111 0.24737 0.04531
0 0.84187 0.50416 0.23835 0.05213
0 0.97822 0.55721 0.22673 0.04553
0 0.90452 0.61026 0.26343 0.0502
0 0.99008 0.66331 0.25467 0.04898
0 0.88347 0.71636 0.25353 0.04522
0 0.88724 0.76941 0.26523 0.04834
0 0.87717 0.82246 0.26044 0.052
0 0.83815 0.87551 0.25164 0.05243
0 0.88367 0.92856 0.25162 0.04628