0 0.11549 0.13281 0.26093 0.04766
0 0.09615 0.18586 0.2215 0.04954
0 0.10718 0.23891 0.2484 0.05106
0 0.10187 0.29196 0.24531 0.04779
0 0.1019 0.34501 0.22343 0.04991
0 0.11234 0.39806 0.23371 0.048
0 0.11059 0.45111 0.22474 0.04674
0 0.11454 0.50416 0.24485 0.04705
0 0.10939 0.55721 0.26554 0.04605
0 0.10808 0.61026 0.23866 0.04968
0 0.10016 0.66331 0.23959 0.04702
0 0.09679 0.71636 0.2487 0.04714
0 0.10283 0.76941 0.26546 0.04546
0 0.10326 0.82246 0.25181 0.04678
0 0.10709 0.87551 0.26367 0.04398
0 0.10943 0.92856 0.22961 0.04934
0 0.34593 0.14609 0.2437 0.04408
0 0.29288 0.20444 0.25548 0.04614
0 0.31957 0.26280 0.25799 0.04553
0 0.31483 0.32115 0.22145 0.04766
0 0.28752 0.37951 0.2364 0.04548
0 0.30587 0.43786 0.2343 0.05149
0 0.33924 0.49622 0.2592 0.0523
0 0.32332 0.55457 0.25502 0.05103
0 0.30759 0.61293 0.2467 0.04568
0 0.29672 0.67129 0.23759 0.05104
0 0.31839 0.72964 0.24122 0.0467
0 0.32282 0.78800 0.26163 0.04557
0 0.29531 0.84635 0.23686 0.0476
0 0.29803 0.90471 0.23121 0.05158
0 0.34306 0.96306 0.24437 0.04738
0 0.5528 0.13281 0.23744 0.04896
0 0.57499 0.18586 0.2535 0.04405
0 0.56491 0.23891 0.25005 0.04796
0 0.47291 0.29196 0.26443 0.04579
0 0.55306 0.34501 0.24415 0.05072
0 0.57288 0.39806 0.23922 0.04931
0 0.52585 0.45111 0.24444 0.04409
0 0.47729 0.50416 0.22184 0.04567
0 0.55234 0.55721 0.23676 0.04416
0 0.53495 0.61026 0.23175 0.04938
0 0.4797 0.66331 0.23058 0.05189
0 0.51074 0.71636 0.24534 0.04974
0 0.4906 0.76941 0.22919 0.04916
0 0.48253 0.82246 0.24431 0.04734
0 0.57444 0.87551 0.23518 0.04775
0 0.55651 0.92856 0.23754 0.0468
0 0.68633 0.11953 0.25312 0.04563
0 0.76945 0.16727 0.2234 0.04883
0 0.77317 0.21502 0.26056 0.04735
0 0.70427 0.26276 0.25521 0.04826
0 0.7562 0.31051 0.24908 0.04939
0 0.69032 0.35825 0.2234 0.04778
0 0.7185 0.40600 0.25687 0.04951
0 0.66506 0.45374 0.24433 0.04507
0 0.69799 0.50149 0.25218 0.04691
0 0.79149 0.54923 0.23107 0.04462
0 0.68292 0.59698 0.26426 0.05119
0 0.77327 0.64472 0.23608 0.04813
0 0.7733 0.69247 0.23908 0.04509
0 0.75923 0.74021 0.23381 0.04747
0 0.7046 0.78796 0.25276 0.05
0 0.74274 0.83571 0.23776 0.04716
0 0.82549 0.13281 0.2398 0.05034
0 0.98568 0.18586 0.23624 0.04615
0 0.9847 0.23891 0.23581 0.04801
0 0.90548 0.29196 0.26188 0.05182
0 0.99895 0.34501 0.22782 0.05035
0 0.92164 0.39806 0.24019 0.05128
0 0.83835 0.45111 0.23468 0.05029
0 0.89747 0.50416 0.25221 0.0482
0 0.93197 0.55721 0.25336 0.05044
0 0.89334 0.61026 0.22366 0.04673
0 0.95141 0.66331 0.23478 0.05008
0 0.86742 0.71636 0.25915 0.04971
0 0.83756 0.76941 0.25762 0.04511
0 0.99795 0.82246 0.25262 0.05084
0 0.89932 0.87551 0.22859 0.05181
0 0.95305 0.92856 0.23263 0.04785