0 0.09808 0.13281 0.26489 0.04652
0 0.11502 0.18586 0.23756 0.04506
0 0.09567 0.23891 0.22388 0.05184
0 0.11157 0.29196 0.25458 0.04549
0 0.10226 0.34501 0.25334 0.04412
0 0.10054 0.39806 0.23002 0.04994
0 0.10939 0.45111 0.26394 0.04432
0 0.11184 0.50416 0.24925 0.04942
0 0.10901 0.55721 0.26212 0.04856
0 0.11134 0.61026 0.25408 0.05109
0 0.10669 0.66331 0.23373 0.0451
0 0.10179 0.71636 0.25608 0.04787
0 0.11194 0.76941 0.25726 0.05163
0 0.10022 0.82246 0.25848 0.05247
0 0.11287 0.87551 0.24136 0.04554
0 0.10953 0.92856 0.24542 0.04862
0 0.34143 0.14609 0.24829 0.05013
0 0.33443 0.20444 0.26101 0.04789
0 0.29504 0.26280 0.22468 0.05076
0 0.33339 0.32115 0.24272 0.0477
0 0.34533 0.37951 0.25474 0.04805
0 0.30712 0.43786 0.26166 0.04779
0 0.32614 0.49622 0.22998 0.04922
0 0.32226 0.55457 0.26267 0.04831
0 0.30098 0.61293 0.22173 0.04747
0 0.29511 0.67129 0.22143 0.04519
0 0.30651 0.72964 0.25492 0.04787
0 0.30114 0.78800 0.23141 0.04477
0 0.32097 0.84635 0.22778 0.05097
0 0.28383 0.90471 0.22179 0.05104
0 0.28537 0.96306 0.25459 0.05146
0 0.55072 0.13281 0.26506 0.05243
0 0.53748 0.18586 0.23921 0.04702
0 0.47546 0.23891 0.23453 0.05026
0 0.53707 0.29196 0.24894 0.04931
0 0.56991 0.34501 0.26122 0.05154
0 0.50811 0.39806 0.25104 0.04673
0 0.51568 0.45111 0.26207 0.04988
0 0.52539 0.50416 0.26205 0.0507
0 0.54131 0.55721 0.26409 0.05204
0 0.47906 0.61026 0.22305 0.04736
0 0.55836 0.66331 0.24237 0.048
0 0.47708 0.71636 0.23409 0.04539
0 0.57571 0.76941 0.25916 0.05144
0 0.52575 0.82246 0.24533 0.05206
0 0.50708 0.87551 0.22216 0.05216
0 0.5459 0.92856 0.22716 0.0517
0 0.73021 0.11953 0.23132 0.0484
0 0.78036 0.16727 0.22973 0.05254
0 0.69976 0.21502 0.23274 0.04452
0 0.78361 0.26276 0.2648 0.04628
0 0.76698 0.31051 0.23648 0.04499
0 0.80251 0.35825 0.23335 0.04917
0 0.79469 0.40600 0.22727 0.04451
0 0.67284 0.45374 0.23845 0.04604
0 0.68695 0.50149 0.25888 0.04798
0 0.76941 0.54923 0.22263 0.04728
0 0.67297 0.59698 0.24429 0.04714
0 0.76028 0.64472 0.25236 0.05226
0 0.75669 0.69247 0.25088 0.04735
0 0.72068 0.74021 0.23045 0.05178
0 0.72431 0.78796 0.23694 0.04427
0 0.72357 0.83571 0.25142 0.04908
0 0.99797 0.13281 0.24368 0.04959
0 0.87616 0.18586 0.26475 0.05105
0 0.94312 0.23891 0.25586 0.05178
0 0.93528 0.29196 0.2654 0.04524
0 0.93546 0.34501 0.22337 0.05047
0 0.87373 0.39806 0.236 0.05125
0 0.98403 0.45111 0.23834 0.04977
0 0.86588 0.50416 0.24243 0.04389
0 0.89026 0.55721 0.26145 0.04932
0 0.95979 0.61026 0.26252 0.04891
0 0.98141 0.66331 0.24722 0.05014
0 0.91739 0.71636 0.23087 0.05183
0 0.88641 0.76941 0.26137 0.0494
0 0.83273 0.82246 0.24267 0.05248
0 0.91648 0.87551 0.25796 0.0484
0 0.97971 0.92856 0.2261 0.04798