0 0.10024 0.13281 0.26239 0.04677
0 0.10854 0.18586 0.25756 0.04529
0 0.11025 0.23891 0.23954 0.04524
0 0.10454 0.29196 0.22185 0.04524
0 0.09733 0.34501 0.24347 0.05188
0 0.11198 0.39806 0.22448 0.05225
0 0.10375 0.45111 0.22207 0.04412
0 0.10238 0.50416 0.25438 0.04711
0 0.1103 0.55721 0.23745 0.04752
0 0.10853 0.61026 0.23959 0.0474
0 0.11152 0.66331 0.24057 0.0453
0 0.0986 0.71636 0.23034 0.04806
0 0.09845 0.76941 0.2307 0.05223
0 0.11258 0.82246 0.25745 0.04923
0 0.09454 0.87551 0.22709 0.04516
0 0.0972 0.92856 0.2253 0.04591
0 0.33367 0.14609 0.24219 0.05124
0 0.29774 0.20444 0.25097 0.05074
0 0.32686 0.26280 0.26093 0.0482
0 0.30581 0.32115 0.26029 0.05235
0 0.30034 0.37951 0.25724 0.0518
0 0.31908 0.43786 0.25404 0.04551
0 0.29927 0.49622 0.22699 0.04751
0 0.32059 0.55457 0.26195 0.04896
0 0.29599 0.61293 0.25425 0.04735
0 0.30684 0.67129 0.24799 0.04965
0 0.33033 0.72964 0.22605 0.04497
0 0.30836 0.78800 0.25941 0.04654
0 0.34536 0.84635 0.23062 0.05093
0 0.32172 0.90471 0.23703 0.04546
0 0.34255 0.96306 0.2545 0.04521
0 0.51535 0.13281 0.25057 0.04553
0 0.55779 0.18586 0.25996 0.0462
0 0.49898 0.23891 0.25788 0.04487
0 0.54703 0.29196 0.24914 0.0463
0 0.55596 0.34501 0.22331 0.04997
0 0.48069 0.39806 0.24222 0.04729
0 0.4822 0.45111 0.2471 0.04866
0 0.52282 0.50416 0.23207 0.04576
0 0.53312 0.55721 0.24114 0.05136
0 0.54899 0.61026 0.22746 0.04641
0 0.5031 0.66331 0.23598 0.05122
0 0.4951 0.71636 0.25215 0.04807
0 0.54444 0.76941 0.22615 0.04566
0 0.52556 0.82246 0.25855 0.05168
0 0.54589 0.87551 0.24415 0.05201
0 0.51674 0.92856 0.25689 0.04918
0 0.7746 0.11953 0.2289 0.04716
0 0.68985 0.16727 0.25953 0.04907
0 0.7242 0.21502 0.23158 0.0439
0 0.67366 0.26276 0.22637 0.04674
0 0.66771 0.31051 0.25471 0.04397
0 0.72379 0.35825 0.22589 0.04817
0 0.6768 0.40600 0.2514 0.0439
0 0.67686 0.45374 0.24204 0.04632
0 0.68813 0.50149 0.24622 0.04873
0 0.77602 0.54923 0.23619 0.05202
0 0.72448 0.59698 0.26367 0.04906
0 0.79607 0.64472 0.2606 0.05103
0 0.72508 0.69247 0.25777 0.04876
0 0.7524 0.74021 0.2346 0.05003
0 0.73238 0.78796 0.24902 0.04562
0 0.79915 0.83571 0.23695 0.05063
0 0.96886 0.13281 0.24038 0.04613
0 0.84662 0.18586 0.24005 0.05153
0 0.94335 0.23891 0.23234 0.04969
0 0.87598 0.29196 0.23503 0.04391
0 0.84868 0.34501 0.25456 0.05014
0 0.93123 0.39806 0.23296 0.04774
0 0.83083 0.45111 0.25214 0.0478
0 0.84959 0.50416 0.24416 0.04845
0 0.98646 0.55721 0.22971 0.05195
0 0.91591 0.61026 0.26418 0.04419
0 0.96648 0.66331 0.25091 0.04823
0 0.99817 0.71636 0.26416 0.05065
0 0.98121 0.76941 0.25553 0.05002
0 0.93509 0.82246 0.25622 0.04906
0 0.8215 0.87551 0.24934 0.04788
0 0.93347 0.92856 0.24975 0.04418