0 0.09629 0.13281 0.41667 0.0848
0 0.10036 0.18586 0.43942 0.07323
0 0.09501 0.23891 0.42542 0.07864
0 0.10268 0.29196 0.37578 0.07603
0 0.09325 0.34501 0.4088 0.08579
0 0.10711 0.39806 0.38766 0.08713
0 0.09975 0.45111 0.41617 0.07446
0 0.09492 0.50416 0.40324 0.0807
0 0.09404 0.55721 0.4414 0.07716
0 0.10933 0.61026 0.43173 0.07349
0 0.11356 0.66331 0.43348 0.08089
0 0.11999 0.71636 0.40881 0.08062
0 0.09483 0.76941 0.42929 0.08008
0 0.09499 0.82246 0.39546 0.0867
0 0.10563 0.87551 0.40953 0.0761
0 0.10815 0.92856 0.43435 0.07569
0 0.27864 0.14609 0.39588 0.08139
0 0.31212 0.20444 0.42683 0.08153
0 0.32595 0.26280 0.40492 0.07401
0 0.35615 0.32115 0.4382 0.07528
0 0.30336 0.37951 0.38718 0.07999
0 0.33552 0.43786 0.39108 0.08115
0 0.32916 0.49622 0.41647 0.08715
0 0.28688 0.55457 0.38924 0.07503
0 0.35993 0.61293 0.38133 0.08705
0 0.35411 0.67129 0.42576 0.07816
0 0.2783 0.72964 0.39745 0.08564
0 0.30926 0.78800 0.44147 0.07725
0 0.29758 0.84635 0.38776 0.08289
0 0.33826 0.90471 0.40134 0.07621
0 0.29713 0.96306 0.38212 0.07396
0 0.4857 0.13281 0.39067 0.08355
0 0.60254 0.18586 0.39416 0.08537
0 0.50231 0.23891 0.4258 0.07623
0 0.53587 0.29196 0.4019 0.08711
0 0.58745 0.34501 0.41379 0.08215
0 0.51495 0.39806 0.39396 0.07327
0 0.5508 0.45111 0.39914 0.08108
0 0.49783 0.50416 0.40637 0.0756
0 0.54289 0.55721 0.36948 0.08072
0 0.56971 0.61026 0.39904 0.07417
0 0.47313 0.66331 0.38866 0.07896
0 0.46476 0.71636 0.42612 0.08145
0 0.5129 0.76941 0.40751 0.08202
0 0.50087 0.82246 0.42925 0.08277
0 0.5247 0.87551 0.3903 0.08696
0 0.58687 0.92856 0.37067 0.08159
0 0.7605 0.11953 0.42896 0.07954
0 0.83183 0.16727 0.41495 0.07907
0 0.79762 0.21502 0.38475 0.0807
0 0.73432 0.26276 0.39712 0.07637
0 0.68876 0.31051 0.38717 0.077
0 0.65044 0.35825 0.37798 0.08345
0 0.71855 0.40600 0.39277 0.08305
0 0.78886 0.45374 0.37612 0.08384
0 0.83342 0.50149 0.43115 0.08057
0 0.83343 0.54923 0.39804 0.08154
0 0.65371 0.59698 0.38742 0.07303
0 0.67973 0.64472 0.38167 0.07493
0 0.64658 0.69247 0.43052 0.08135
0 0.68202 0.74021 0.37186 0.07502
0 0.70063 0.78796 0.40042 0.07412
0 0.8149 0.83571 0.42824 0.0752
0 0.84295 0.13281 0.41756 0.07862
0 0.9646 0.18586 0.39105 0.08692
0 0.89951 0.23891 0.40053 0.07481
0 0.93644 0.29196 0.39062 0.07373
0 0.99481 0.34501 0.42752 0.07381
0 0.84415 0.39806 0.41963 0.07577
0 0.94452 0.45111 0.43165 0.07983
0 0.85686 0.50416 0.38793 0.0765
0 0.9381 0.55721 0.3751 0.08713
0 0.86953 0.61026 0.40705 0.07554
0 0.84995 0.66331 0.38464 0.07787
0 0.93344 0.76941 0.39028 0.07632
0 0.99964 0.82246 0.40997 0.07981
0 0.94137 0.87551 0.37848 0.08102