0 0.10179 0.13281 0.38612 0.08291
0 0.10001 0.18586 0.37541 0.07534
0 0.10455 0.23891 0.43237 0.07713
0 0.1033 0.29196 0.43748 0.08557
0 0.11362 0.34501 0.43023 0.07593
0 0.11333 0.39806 0.43626 0.08206
0 0.11725 0.45111 0.42665 0.0803
0 0.0997 0.50416 0.37613 0.0861
0 0.09905 0.55721 0.38268 0.07968
0 0.09538 0.61026 0.42121 0.0768
0 0.09807 0.66331 0.41681 0.0837
0 0.10952 0.71636 0.4083 0.0805
0 0.10931 0.76941 0.4371 0.08072
0 0.11773 0.82246 0.41962 0.07594
0 0.10836 0.87551 0.39492 0.07447
0 0.09799 0.92856 0.39534 0.07925
0 0.34328 0.14609 0.41302 0.08145
0 0.33986 0.20444 0.43412 0.07939
0 0.33634 0.26280 0.39075 0.08101
0 0.31855 0.32115 0.43261 0.08452
0 0.35587 0.37951 0.40735 0.08099
0 0.35578 0.43786 0.39748 0.07923
0 0.32621 0.49622 0.4133 0.08109
0 0.28198 0.55457 0.39764 0.08596
0 0.30403 0.61293 0.42614 0.08346
0 0.31865 0.67129 0.41776 0.08134
0 0.33571 0.72964 0.40503 0.08025
0 0.28924 0.78800 0.43284 0.08634
0 0.29767 0.84635 0.37845 0.08729
0 0.28871 0.90471 0.43275 0.08635
0 0.29917 0.96306 0.4219 0.08558
0 0.54812 0.13281 0.37886 0.0831
0 0.51088 0.18586 0.43026 0.07547
0 0.57613 0.23891 0.37383 0.07787
0 0.5128 0.29196 0.39905 0.07783
0 0.52116 0.34501 0.41846 0.07339
0 0.55399 0.39806 0.37162 0.075
0 0.50028 0.45111 0.37692 0.07966
0 0.48873 0.50416 0.43653 0.0831
0 0.5865 0.55721 0.43555 0.08594
0 0.59895 0.61026 0.37793 0.08417
0 0.48174 0.66331 0.43247 0.07977
0 0.51804 0.71636 0.43446 0.07981
0 0.47589 0.76941 0.42658 0.07825
0 0.54217 0.82246 0.43895 0.08044
0 0.54616 0.87551 0.41456 0.07591
0 0.46684 0.92856 0.38469 0.07696
0 0.71994 0.11953 0.40491 0.07481
0 0.71542 0.16727 0.39866 0.08135
0 0.69482 0.21502 0.38725 0.08349
0 0.79768 0.26276 0.4151 0.08472
0 0.75229 0.31051 0.38357 0.07743
0 0.69583 0.35825 0.41239 0.0754
0 0.82139 0.40600 0.40463 0.07498
0 0.73974 0.45374 0.43794 0.08557
0 0.65791 0.50149 0.43955 0.08717
0 0.74399 0.54923 0.40682 0.0811
0 0.81671 0.59698 0.43319 0.07735
0 0.68506 0.64472 0.42057 0.07705
0 0.71657 0.69247 0.40199 0.082
0 0.7548 0.74021 0.40027 0.0816
0 0.72968 0.78796 0.39501 0.07456
0 0.71086 0.83571 0.37362 0.07673
0 0.94392 0.13281 0.4278 0.08222
0 0.83625 0.23891 0.40243 0.08069
0 0.83247 0.29196 0.39137 0.08411
0 0.9632 0.34501 0.39573 0.08517
0 0.896 0.39806 0.44064 0.08026
0 0.82053 0.45111 0.41676 0.07897
0 0.83114 0.50416 0.43743 0.08049
0 0.923 0.55721 0.39421 0.08358
0 0.80648 0.61026 0.42897 0.08691
0 0.9302 0.66331 0.42892 0.0801
0 0.91178 0.71636 0.41531 0.07968
0 0.9526 0.76941 0.42064 0.07913
0 0.87254 0.82246 0.43079 0.08147
0 0.88317 0.92856 0.4397 0.07921