0 0.09581 0.13281 0.42875 0.07719
0 0.10662 0.18586 0.44144 0.07791
0 0.11726 0.23891 0.37414 0.07618
0 0.11508 0.29196 0.41882 0.08588
0 0.11558 0.34501 0.41783 0.08698
0 0.09578 0.39806 0.39182 0.08006
0 0.09265 0.45111 0.41076 0.074
0 0.11515 0.50416 0.39675 0.07509
0 0.10771 0.55721 0.4042 0.08531
0 0.11352 0.61026 0.39512 0.08313
0 0.11345 0.66331 0.39434 0.07564
0 0.11231 0.71636 0.37773 0.07915
0 0.10677 0.76941 0.41762 0.08326
0 0.11569 0.82246 0.42579 0.07632
0 0.11481 0.87551 0.40627 0.08501
0 0.10608 0.92856 0.44076 0.07627
0 0.28281 0.14609 0.41287 0.07872
0 0.32026 0.20444 0.42659 0.07655
0 0.32952 0.26280 0.39121 0.07588
0 0.34071 0.32115 0.38317 0.08598
0 0.35328 0.37951 0.38112 0.07915
0 0.32645 0.43786 0.40787 0.08444
0 0.34401 0.49622 0.40448 0.0781
0 0.32759 0.55457 0.42847 0.08129
0 0.30453 0.61293 0.41996 0.084
0 0.33593 0.67129 0.42814 0.08537
0 0.29164 0.72964 0.43033 0.07718
0 0.29632 0.78800 0.41997 0.08649
0 0.30044 0.84635 0.40195 0.08011
0 0.31368 0.90471 0.42066 0.08371
0 0.35285 0.96306 0.37981 0.08316
0 0.4665 0.13281 0.41448 0.07958
0 0.54421 0.18586 0.37883 0.08024
0 0.5086 0.23891 0.4059 0.08174
0 0.55706 0.29196 0.37826 0.08096
0 0.56991 0.34501 0.40419 0.07595
0 0.46643 0.39806 0.37201 0.07992
0 0.51297 0.45111 0.37167 0.07932
0 0.59507 0.50416 0.43713 0.07616
0 0.47367 0.55721 0.39405 0.0837
0 0.55282 0.61026 0.42743 0.07462
0 0.53836 0.66331 0.43779 0.08277
0 0.57908 0.71636 0.41152 0.08057
0 0.51927 0.76941 0.4164 0.085
0 0.51426 0.82246 0.43001 0.08455
0 0.53702 0.87551 0.40748 0.0854
0 0.50346 0.92856 0.39633 0.08631
0 0.71455 0.11953 0.43793 0.08174
0 0.77219 0.16727 0.37901 0.07774
0 0.72972 0.21502 0.38745 0.08066
0 0.68037 0.26276 0.41483 0.08061
0 0.7946 0.31051 0.41388 0.07558
0 0.83251 0.35825 0.43394 0.07967
0 0.70716 0.40600 0.40682 0.08034
0 0.68681 0.45374 0.38448 0.07357
0 0.83084 0.50149 0.43956 0.07753
0 0.69834 0.54923 0.44079 0.08679
0 0.81706 0.59698 0.44251 0.07946
0 0.77588 0.64472 0.3999 0.07453
0 0.71614 0.69247 0.38153 0.07826
0 0.80832 0.74021 0.38251 0.08289
0 0.80523 0.78796 0.40137 0.08696
0 0.64671 0.83571 0.43439 0.08745
0 0.83844 0.13281 0.37393 0.07537
0 0.97836 0.18586 0.40866 0.0846
0 0.9795 0.23891 0.41334 0.08462
0 0.89538 0.29196 0.42769 0.08056
0 0.83761 0.39806 0.39688 0.0857
0 0.90465 0.55721 0.3822 0.08172
0 0.89473 0.61026 0.42273 0.086
0 0.9902 0.66331 0.43255 0.08656
0 0.96759 0.76941 0.38136 0.07324
0 0.81341 0.82246 0.44024 0.08511
0 0.86188 0.87551 0.38388 0.0857
0 0.8414 0.92856 0.37954 0.07315