0 0.10864 0.13281 0.41366 0.08697
0 0.11579 0.18586 0.37293 0.08664
0 0.10236 0.23891 0.4113 0.07596
0 0.10277 0.29196 0.38501 0.08034
0 0.10296 0.34501 0.38424 0.08469
0 0.10813 0.39806 0.40282 0.07428
0 0.11162 0.45111 0.42975 0.08642
0 0.1088 0.50416 0.39139 0.08646
0 0.10752 0.55721 0.4152 0.07921
0 0.09774 0.61026 0.38081 0.0867
0 0.10798 0.66331 0.40684 0.07579
0 0.09821 0.71636 0.42556 0.08192
0 0.09977 0.76941 0.41815 0.0764
0 0.09877 0.82246 0.41386 0.0754
0 0.10223 0.87551 0.4329 0.07651
0 0.11353 0.92856 0.41897 0.0871
0 0.31877 0.14609 0.43135 0.08422
0 0.34521 0.20444 0.40569 0.07561
0 0.33186 0.26280 0.42405 0.08606
0 0.31829 0.32115 0.38817 0.08091
0 0.28278 0.37951 0.37031 0.08444
0 0.28525 0.43786 0.42035 0.07647
0 0.29797 0.49622 0.40572 0.0754
0 0.29407 0.55457 0.37158 0.07673
0 0.32996 0.61293 0.40369 0.08697
0 0.31858 0.67129 0.41231 0.07518
0 0.34314 0.72964 0.38593 0.08593
0 0.32956 0.78800 0.42182 0.07349
0 0.31539 0.84635 0.41517 0.07658
0 0.27733 0.90471 0.38763 0.08725
0 0.32363 0.96306 0.39176 0.08193
0 0.56119 0.13281 0.42163 0.08746
0 0.48416 0.18586 0.41968 0.07679
0 0.55644 0.23891 0.40453 0.08209
0 0.57022 0.29196 0.39817 0.08197
0 0.53506 0.34501 0.37103 0.07841
0 0.50845 0.39806 0.38341 0.08332
0 0.52906 0.45111 0.44184 0.08202
0 0.55752 0.50416 0.39173 0.07327
0 0.50916 0.55721 0.43582 0.08401
0 0.53805 0.61026 0.42981 0.07303
0 0.50158 0.66331 0.43103 0.07651
0 0.52701 0.71636 0.39727 0.08425
0 0.57046 0.76941 0.42894 0.07902
0 0.53424 0.82246 0.39422 0.08008
0 0.53982 0.87551 0.42007 0.07443
0 0.5824 0.92856 0.38776 0.07975
0 0.79993 0.11953 0.36968 0.08211
0 0.7892 0.16727 0.43709 0.08243
0 0.68642 0.21502 0.38624 0.07335
0 0.68111 0.26276 0.37305 0.08016
0 0.70791 0.31051 0.42346 0.08445
0 0.64706 0.35825 0.42693 0.08146
0 0.80212 0.40600 0.38812 0.08633
0 0.68539 0.45374 0.43051 0.08149
0 0.83313 0.50149 0.3928 0.08181
0 0.67962 0.54923 0.38108 0.08472
0 0.826 0.59698 0.39933 0.08726
0 0.76237 0.64472 0.40483 0.08597
0 0.74357 0.69247 0.38976 0.08117
0 0.75094 0.74021 0.42224 0.07944
0 0.73984 0.78796 0.43359 0.07418
0 0.79098 0.83571 0.39301 0.07464
0 0.97918 0.13281 0.40886 0.08234
0 0.84871 0.18586 0.39678 0.0731
0 0.91227 0.23891 0.42181 0.0796
0 0.96173 0.39806 0.43881 0.07314
0 0.96956 0.50416 0.43672 0.07507
0 0.85071 0.55721 0.43176 0.07826
0 0.92017 0.61026 0.42426 0.0873
0 0.91054 0.66331 0.3734 0.08653
0 0.87447 0.71636 0.43 0.07786
0 0.83119 0.76941 0.40269 0.08164
0 0.96272 0.87551 0.41291 0.0812
0 0.93997 0.92856 0.37875 0.08411