0 0.11754 0.13281 0.42606 0.08417
0 0.11755 0.18586 0.41921 0.07336
0 0.10889 0.23891 0.39678 0.07535
0 0.09466 0.29196 0.38828 0.08646
0 0.11177 0.34501 0.40386 0.08484
0 0.09537 0.39806 0.37256 0.07557
0 0.10792 0.45111 0.41402 0.08205
0 0.10617 0.50416 0.42368 0.08754
0 0.11195 0.55721 0.43398 0.07733
0 0.11695 0.61026 0.41073 0.07634
0 0.09245 0.66331 0.40819 0.0857
0 0.10353 0.71636 0.37867 0.08129
0 0.1082 0.76941 0.41147 0.08546
0 0.11632 0.82246 0.41972 0.07766
0 0.11978 0.87551 0.42934 0.08607
0 0.11588 0.92856 0.37796 0.08388
0 0.30169 0.14609 0.43684 0.08009
0 0.3466 0.20444 0.4172 0.07657
0 0.28332 0.26280 0.42516 0.08458
0 0.36044 0.32115 0.37031 0.07367
0 0.33951 0.37951 0.37947 0.08329
0 0.29668 0.43786 0.39903 0.08617
0 0.29536 0.49622 0.38152 0.07427
0 0.35638 0.55457 0.3899 0.08206
0 0.31036 0.61293 0.38634 0.08646
0 0.35978 0.67129 0.40782 0.08494
0 0.33042 0.72964 0.40225 0.07478
0 0.32728 0.78800 0.4234 0.08343
0 0.28147 0.84635 0.3771 0.07931
0 0.34201 0.90471 0.39806 0.0787
0 0.35375 0.96306 0.43705 0.08727
0 0.55316 0.13281 0.38262 0.08046
0 0.47056 0.18586 0.38582 0.08461
0 0.47148 0.23891 0.39486 0.08412
0 0.48756 0.29196 0.39539 0.08455
0 0.5245 0.34501 0.43991 0.07357
0 0.54439 0.39806 0.43519 0.07741
0 0.48316 0.45111 0.38307 0.07696
0 0.5871 0.50416 0.43826 0.07655
0 0.55605 0.55721 0.38178 0.08503
0 0.54411 0.61026 0.42955 0.0784
0 0.57615 0.66331 0.42453 0.08579
0 0.56993 0.71636 0.42002 0.08403
0 0.51756 0.76941 0.4243 0.08701
0 0.48497 0.82246 0.41457 0.07348
0 0.49985 0.87551 0.40721 0.07816
0 0.59945 0.92856 0.42792 0.08228
0 0.6526 0.11953 0.43418 0.08363
0 0.76978 0.16727 0.40098 0.07617
0 0.83961 0.21502 0.39657 0.0874
0 0.71559 0.26276 0.43512 0.0795
0 0.829 0.31051 0.40243 0.07413
0 0.80363 0.35825 0.43293 0.08134
0 0.74376 0.40600 0.37603 0.07719
0 0.76367 0.45374 0.42527 0.07315
0 0.8087 0.50149 0.38142 0.07718
0 0.82582 0.54923 0.41962 0.0788
0 0.73484 0.59698 0.37327 0.08256
0 0.8377 0.64472 0.43946 0.07428
0 0.65098 0.69247 0.43779 0.07597
0 0.76109 0.74021 0.37706 0.08083
0 0.69629 0.78796 0.44145 0.08354
0 0.72544 0.83571 0.40597 0.08188
0 0.87446 0.13281 0.3742 0.07752
0 0.83662 0.18586 0.39333 0.07738
0 0.92313 0.23891 0.41614 0.08267
0 0.87266 0.29196 0.4111 0.08393
0 0.92814 0.34501 0.4095 0.07791
0 0.87324 0.39806 0.43318 0.07701
0 0.94506 0.50416 0.38751 0.08267
0 0.97044 0.55721 0.42192 0.07711
0 0.99227 0.66331 0.37988 0.0747
0 0.923 0.71636 0.3895 0.08147
0 0.82447 0.76941 0.41503 0.08182
0 0.87715 0.82246 0.43479 0.0805
0 0.82991 0.92856 0.39197 0.07391