0 0.09868 0.13281 0.43455 0.08736
0 0.11326 0.18586 0.40783 0.08478
0 0.12014 0.23891 0.41129 0.08072
0 0.09971 0.29196 0.43731 0.08632
0 0.11979 0.34501 0.39874 0.08019
0 0.10303 0.39806 0.39547 0.07947
0 0.11453 0.45111 0.38414 0.08372
0 0.12002 0.50416 0.40852 0.08588
0 0.09273 0.55721 0.38867 0.07977
0 0.11575 0.61026 0.38835 0.07423
0 0.10886 0.66331 0.41367 0.07306
0 0.10835 0.71636 0.40979 0.07942
0 0.09625 0.76941 0.39049 0.07866
0 0.10835 0.82246 0.39464 0.08056
0 0.10781 0.87551 0.39582 0.08589
0 0.10735 0.92856 0.38623 0.07439
0 0.36198 0.14609 0.38732 0.08291
0 0.33454 0.20444 0.42893 0.08171
0 0.34547 0.26280 0.41966 0.07745
0 0.31042 0.32115 0.3701 0.08705
0 0.29764 0.37951 0.41428 0.07364
0 0.31315 0.43786 0.42479 0.08572
0 0.2915 0.49622 0.37079 0.07602
0 0.30449 0.55457 0.39395 0.07709
0 0.29429 0.61293 0.40679 0.07379
0 0.35025 0.67129 0.42006 0.0861
0 0.30078 0.72964 0.41184 0.08188
0 0.31765 0.78800 0.40557 0.07884
0 0.32884 0.84635 0.39586 0.08153
0 0.33407 0.90471 0.41324 0.07608
0 0.30264 0.96306 0.41389 0.08511
0 0.48947 0.13281 0.38915 0.07558
0 0.55214 0.18586 0.42077 0.08485
0 0.52277 0.23891 0.39314 0.0834
0 0.59036 0.29196 0.41972 0.08022
0 0.58758 0.34501 0.43059 0.08531
0 0.54965 0.39806 0.38421 0.08649
0 0.60115 0.45111 0.41552 0.08634
0 0.46361 0.50416 0.43495 0.07382
0 0.47688 0.55721 0.38828 0.07662
0 0.52726 0.61026 0.43521 0.07542
0 0.51638 0.66331 0.43887 0.08317
0 0.49434 0.71636 0.43276 0.07811
0 0.54855 0.76941 0.39059 0.08023
0 0.49317 0.82246 0.42693 0.08553
0 0.48811 0.87551 0.37335 0.07416
0 0.51674 0.92856 0.39157 0.08667
0 0.80385 0.11953 0.39144 0.07604
0 0.70031 0.16727 0.38603 0.08514
0 0.70774 0.21502 0.37535 0.07459
0 0.71459 0.26276 0.41658 0.07881
0 0.66909 0.31051 0.39814 0.07821
0 0.64778 0.35825 0.41198 0.0814
0 0.84141 0.40600 0.38581 0.07683
0 0.82864 0.45374 0.41499 0.08035
0 0.73783 0.50149 0.40897 0.08125
0 0.83687 0.54923 0.38746 0.08512
0 0.79466 0.59698 0.39769 0.07946
0 0.68116 0.64472 0.40809 0.07654
0 0.73116 0.69247 0.41212 0.07757
0 0.81112 0.74021 0.43861 0.07418
0 0.72842 0.78796 0.41628 0.08244
0 0.73639 0.83571 0.38566 0.08646
0 0.84828 0.13281 0.40327 0.07844
0 0.92558 0.18586 0.41639 0.08284
0 0.98447 0.23891 0.40771 0.08702
0 0.96604 0.39806 0.42372 0.08051
0 0.98629 0.45111 0.39245 0.08251
0 0.96214 0.55721 0.41621 0.07857
0 0.90805 0.66331 0.36955 0.08201
0 0.95153 0.71636 0.40976 0.07483
0 0.9069 0.76941 0.40114 0.08217
0 0.98145 0.82246 0.4124 0.07653
0 0.99368 0.87551 0.41144 0.0795
0 0.86533 0.92856 0.41842 0.07352