0 0.11742 0.13281 0.41666 0.07932
0 0.10202 0.18586 0.4076 0.07547
0 0.11626 0.23891 0.37432 0.08259
0 0.10119 0.29196 0.41379 0.08447
0 0.11315 0.34501 0.40358 0.07396
0 0.11781 0.39806 0.41796 0.08371
0 0.09654 0.45111 0.43932 0.07846
0 0.09952 0.50416 0.39082 0.08335
0 0.10706 0.55721 0.41931 0.08211
0 0.11838 0.61026 0.40753 0.08085
0 0.09949 0.66331 0.40013 0.085
0 0.11067 0.71636 0.39087 0.07322
0 0.10066 0.76941 0.36965 0.07529
0 0.11823 0.82246 0.40463 0.07906
0 0.09813 0.87551 0.37349 0.0814
0 0.0994 0.92856 0.37523 0.08338
0 0.31923 0.14609 0.42596 0.08502
0 0.33664 0.20444 0.37624 0.083
0 0.29509 0.26280 0.41668 0.08085
0 0.29561 0.32115 0.44246 0.07859
0 0.28453 0.37951 0.41417 0.07298
0 0.30307 0.43786 0.4395 0.07824
0 0.30553 0.49622 0.39002 0.079
0 0.30046 0.55457 0.38365 0.08032
0 0.33509 0.61293 0.41355 0.08095
0 0.30994 0.67129 0.37656 0.07341
0 0.33676 0.72964 0.39423 0.0798
0 0.28452 0.78800 0.37085 0.08687
0 0.34905 0.84635 0.38553 0.08333
0 0.32682 0.90471 0.41767 0.08752
0 0.35676 0.96306 0.41374 0.08438
0 0.50637 0.13281 0.38128 0.07728
0 0.5518 0.18586 0.38637 0.07897
0 0.51279 0.23891 0.37829 0.08149
0 0.57632 0.29196 0.40231 0.08193
0 0.51998 0.34501 0.37658 0.07755
0 0.51278 0.39806 0.40607 0.08035
0 0.5849 0.45111 0.39121 0.0742
0 0.49509 0.50416 0.42216 0.08654
0 0.54489 0.55721 0.40379 0.0769
0 0.4797 0.61026 0.38147 0.07424
0 0.59135 0.66331 0.42916 0.08274
0 0.55633 0.71636 0.39198 0.08613
0 0.55188 0.76941 0.38387 0.0755
0 0.48311 0.82246 0.43901 0.07883
0 0.4932 0.87551 0.38613 0.08263
0 0.53206 0.92856 0.37575 0.0771
0 0.71761 0.11953 0.42528 0.07751
0 0.64912 0.16727 0.38597 0.08243
0 0.74053 0.21502 0.38406 0.08012
0 0.6549 0.26276 0.40849 0.07318
0 0.77136 0.31051 0.4136 0.08035
0 0.7287 0.35825 0.40034 0.0802
0 0.76112 0.40600 0.37637 0.07516
0 0.76329 0.45374 0.38758 0.0805
0 0.65137 0.50149 0.38781 0.07587
0 0.73648 0.54923 0.43685 0.08094
0 0.78227 0.59698 0.39992 0.07488
0 0.68119 0.64472 0.41892 0.08507
0 0.70923 0.69247 0.38166 0.08162
0 0.82222 0.74021 0.40487 0.08081
0 0.75043 0.78796 0.37506 0.08432
0 0.71886 0.83571 0.40829 0.08535
0 0.92126 0.13281 0.40922 0.07764
0 0.88244 0.18586 0.40756 0.0786
0 0.97957 0.23891 0.41975 0.08439
0 0.93569 0.34501 0.37601 0.07442
0 0.86504 0.39806 0.41701 0.08045
0 0.82488 0.45111 0.41098 0.08056
0 0.80645 0.50416 0.39821 0.08302
0 0.95789 0.55721 0.39371 0.07677
0 0.96186 0.61026 0.43479 0.08449
0 0.93691 0.71636 0.43058 0.07455
0 0.93361 0.76941 0.4133 0.07838
0 0.80255 0.82246 0.39303 0.07497
0 0.93244 0.87551 0.40056 0.07614
0 0.98821 0.92856 0.38385 0.08265