0 0.11922 0.13281 0.38226 0.07936
0 0.11364 0.18586 0.3781 0.07691
0 0.12037 0.23891 0.38916 0.07879
0 0.10438 0.29196 0.38021 0.08587
0 0.10232 0.34501 0.4141 0.07584
0 0.1127 0.39806 0.37661 0.08402
0 0.11 0.45111 0.41603 0.07876
0 0.1203 0.50416 0.37047 0.08662
0 0.11186 0.55721 0.38349 0.0825
0 0.1062 0.61026 0.38569 0.07479
0 0.10108 0.66331 0.42314 0.08659
0 0.11989 0.71636 0.40284 0.08308
0 0.10137 0.76941 0.435 0.08701
0 0.10102 0.82246 0.37386 0.08127
0 0.09913 0.87551 0.42711 0.08694
0 0.10968 0.92856 0.38403 0.07389
0 0.3444 0.14609 0.40253 0.08606
0 0.27893 0.20444 0.4122 0.08103
0 0.33654 0.26280 0.42764 0.08713
0 0.32308 0.32115 0.39169 0.08521
0 0.32124 0.37951 0.38528 0.07699
0 0.33527 0.43786 0.39607 0.08116
0 0.34771 0.49622 0.39548 0.07391
0 0.34244 0.55457 0.42024 0.08132
0 0.34252 0.61293 0.39346 0.08658
0 0.33857 0.67129 0.42551 0.08083
0 0.30459 0.72964 0.42311 0.07825
0 0.35532 0.78800 0.38906 0.08247
0 0.29439 0.84635 0.37656 0.0823
0 0.29969 0.90471 0.39571 0.08443
0 0.28379 0.96306 0.37247 0.07821
0 0.56135 0.13281 0.43164 0.07351
0 0.59476 0.18586 0.40776 0.07371
0 0.49839 0.23891 0.4071 0.07602
0 0.46461 0.29196 0.37692 0.07957
0 0.47356 0.34501 0.37562 0.07534
0 0.48674 0.39806 0.38189 0.08604
0 0.56776 0.45111 0.43238 0.07503
0 0.58744 0.50416 0.43774 0.08723
0 0.48248 0.55721 0.38008 0.08041
0 0.56403 0.61026 0.41064 0.07397
0 0.4718 0.66331 0.39784 0.08722
0 0.54469 0.71636 0.44035 0.07642
0 0.55524 0.76941 0.43169 0.0819
0 0.46744 0.82246 0.37133 0.08388
0 0.46664 0.87551 0.44048 0.07709
0 0.60174 0.92856 0.38167 0.07894
0 0.84165 0.11953 0.43807 0.07738
0 0.71264 0.16727 0.37966 0.07344
0 0.83109 0.21502 0.38809 0.07519
0 0.68969 0.26276 0.40265 0.07706
0 0.83292 0.31051 0.37894 0.08538
0 0.66424 0.35825 0.44097 0.07902
0 0.83103 0.40600 0.41185 0.08159
0 0.82309 0.45374 0.39804 0.08549
0 0.74746 0.50149 0.4322 0.07331
0 0.73095 0.54923 0.41491 0.08245
0 0.81993 0.59698 0.41226 0.08667
0 0.82065 0.64472 0.38088 0.08324
0 0.76942 0.69247 0.41478 0.08315
0 0.67137 0.74021 0.40286 0.07584
0 0.71987 0.78796 0.4232 0.08083
0 0.7092 0.83571 0.38222 0.07402
0 0.89854 0.13281 0.39955 0.08413
0 0.90917 0.18586 0.43832 0.07813
0 0.88766 0.23891 0.37894 0.07712
0 0.98283 0.29196 0.42717 0.07934
0 0.9685 0.39806 0.38398 0.08722
0 0.86049 0.45111 0.40051 0.07502
0 0.95559 0.50416 0.36885 0.07863
0 0.82634 0.55721 0.42521 0.08289
0 0.8668 0.61026 0.43493 0.0813
0 0.83354 0.71636 0.43937 0.07947
0 0.87716 0.76941 0.44089 0.07709
0 0.92884 0.87551 0.42405 0.08474
0 0.82491 0.92856 0.40503 0.07976