0 0.11966 0.13281 0.41611 0.08336
0 0.09689 0.18586 0.38677 0.08496
0 0.11949 0.23891 0.3764 0.08209
0 0.11131 0.29196 0.39746 0.07636
0 0.09922 0.34501 0.43189 0.07837
0 0.11328 0.39806 0.42702 0.07799
0 0.1101 0.45111 0.43316 0.08207
0 0.10933 0.50416 0.43809 0.08033
0 0.11491 0.55721 0.42652 0.08633
0 0.10072 0.61026 0.37837 0.08681
0 0.11311 0.66331 0.44055 0.07858
0 0.09967 0.71636 0.39647 0.07867
0 0.10256 0.76941 0.37787 0.08435
0 0.11876 0.82246 0.42613 0.0787
0 0.10781 0.87551 0.39445 0.08438
0 0.10017 0.92856 0.39829 0.08334
0 0.32006 0.14609 0.43314 0.08571
0 0.34176 0.20444 0.40935 0.08117
0 0.29335 0.26280 0.38086 0.07733
0 0.29689 0.32115 0.4185 0.07499
0 0.28323 0.37951 0.38882 0.082
0 0.35271 0.43786 0.38471 0.08071
0 0.35879 0.49622 0.43701 0.07777
0 0.35779 0.55457 0.43442 0.07774
0 0.29206 0.61293 0.38402 0.08102
0 0.27732 0.67129 0.41513 0.07631
0 0.33568 0.72964 0.38949 0.07759
0 0.3604 0.78800 0.39099 0.08703
0 0.28719 0.84635 0.40448 0.07506
0 0.33993 0.90471 0.41013 0.07657
0 0.28225 0.96306 0.42868 0.08561
0 0.5056 0.13281 0.40693 0.07792
0 0.49005 0.18586 0.40987 0.08292
0 0.49412 0.23891 0.42563 0.07417
0 0.59444 0.29196 0.39274 0.08578
0 0.5736 0.34501 0.38195 0.07732
0 0.47149 0.39806 0.42746 0.0771
0 0.52205 0.45111 0.3918 0.08438
0 0.58465 0.50416 0.40345 0.07443
0 0.54749 0.55721 0.38979 0.0764
0 0.59667 0.61026 0.40031 0.07837
0 0.5199 0.66331 0.44087 0.07799
0 0.51339 0.71636 0.44255 0.0768
0 0.47418 0.76941 0.41428 0.08508
0 0.47654 0.82246 0.43042 0.07297
0 0.54214 0.87551 0.40392 0.07413
0 0.55898 0.92856 0.39318 0.0788
0 0.76242 0.11953 0.37799 0.08576
0 0.73845 0.16727 0.39781 0.0826
0 0.82937 0.21502 0.40814 0.07498
0 0.68758 0.26276 0.39461 0.08499
0 0.79964 0.31051 0.37771 0.08434
0 0.66681 0.35825 0.3856 0.07443
0 0.65314 0.40600 0.39411 0.07788
0 0.76671 0.45374 0.41078 0.07778
0 0.70733 0.50149 0.43494 0.07539
0 0.71908 0.54923 0.39573 0.07899
0 0.76015 0.59698 0.373 0.08728
0 0.80184 0.64472 0.41477 0.08101
0 0.7585 0.69247 0.40158 0.07588
0 0.76188 0.74021 0.37289 0.07528
0 0.67283 0.78796 0.42396 0.08101
0 0.72415 0.83571 0.39526 0.08088
0 0.96649 0.18586 0.41507 0.08134
0 0.98768 0.23891 0.41843 0.07348
0 0.96987 0.29196 0.37223 0.07841
0 0.84391 0.34501 0.37841 0.07815
0 0.80649 0.45111 0.44226 0.07398
0 0.8239 0.50416 0.40166 0.07619
0 0.98106 0.55721 0.41475 0.08615
0 0.87579 0.61026 0.39593 0.07966
0 0.82759 0.66331 0.388 0.08607
0 0.9162 0.71636 0.41357 0.08017
0 0.89097 0.76941 0.3894 0.08361
0 0.89859 0.87551 0.37756 0.07829
0 0.99836 0.92856 0.44235 0.07406