0 0.09708 0.13281 0.409 0.08218
0 0.10558 0.18586 0.37572 0.08388
0 0.0985 0.23891 0.41961 0.07336
0 0.10312 0.29196 0.39234 0.07776
0 0.10262 0.34501 0.41679 0.07847
0 0.10865 0.39806 0.37022 0.08037
0 0.11389 0.45111 0.37542 0.08562
0 0.09352 0.50416 0.37797 0.08498
0 0.09533 0.55721 0.40005 0.07733
0 0.1124 0.61026 0.3952 0.07405
0 0.10214 0.66331 0.43507 0.08681
0 0.10427 0.71636 0.42223 0.08452
0 0.10525 0.76941 0.39236 0.08239
0 0.11754 0.82246 0.43106 0.08403
0 0.10247 0.87551 0.39244 0.0862
0 0.11143 0.92856 0.38519 0.08562
0 0.34169 0.14609 0.37981 0.07973
0 0.33926 0.20444 0.38743 0.08046
0 0.34472 0.26280 0.40675 0.08422
0 0.29449 0.32115 0.41717 0.07655
0 0.34403 0.37951 0.42257 0.0822
0 0.32776 0.43786 0.43709 0.08613
0 0.30515 0.49622 0.42045 0.08256
0 0.29893 0.55457 0.3828 0.07577
0 0.35474 0.61293 0.41615 0.07354
0 0.33011 0.67129 0.44221 0.0834
0 0.3085 0.72964 0.4092 0.07913
0 0.28554 0.78800 0.42903 0.08014
0 0.3259 0.84635 0.37393 0.07471
0 0.32103 0.90471 0.40887 0.08277
0 0.28237 0.96306 0.37103 0.0747
0 0.5522 0.13281 0.38029 0.08229
0 0.47497 0.18586 0.43492 0.08152
0 0.55508 0.23891 0.41144 0.08174
0 0.49484 0.29196 0.38634 0.08543
0 0.54073 0.34501 0.42119 0.07768
0 0.48363 0.39806 0.41142 0.07525
0 0.4967 0.45111 0.41039 0.08625
0 0.58249 0.50416 0.37643 0.08148
0 0.52652 0.55721 0.40059 0.07451
0 0.47869 0.61026 0.37424 0.07922
0 0.58966 0.66331 0.39195 0.07587
0 0.595 0.71636 0.3748 0.08525
0 0.51989 0.76941 0.42663 0.07628
0 0.56752 0.82246 0.43011 0.08308
0 0.54183 0.87551 0.43289 0.07902
0 0.50519 0.92856 0.39967 0.07783
0 0.71488 0.11953 0.38785 0.08594
0 0.82276 0.16727 0.40104 0.08069
0 0.75863 0.21502 0.43303 0.08494
0 0.71957 0.26276 0.41121 0.07857
0 0.74082 0.31051 0.41386 0.08289
0 0.83027 0.35825 0.38149 0.07661
0 0.65567 0.40600 0.39942 0.08589
0 0.67549 0.45374 0.4277 0.07539
0 0.68945 0.50149 0.42843 0.085
0 0.67074 0.54923 0.42733 0.07429
0 0.73891 0.59698 0.37071 0.08164
0 0.73515 0.64472 0.44053 0.07626
0 0.72989 0.69247 0.41789 0.0736
0 0.68039 0.74021 0.43324 0.08198
0 0.72547 0.78796 0.39864 0.07913
0 0.77037 0.83571 0.4012 0.08505
0 0.9055 0.18586 0.41981 0.0735
0 0.99701 0.23891 0.40927 0.08243
0 0.89676 0.34501 0.37266 0.08008
0 0.99705 0.39806 0.37226 0.08174
0 0.946 0.45111 0.40891 0.07687
0 0.85092 0.50416 0.42804 0.07766
0 0.87383 0.55721 0.42184 0.07845
0 0.84016 0.61026 0.39141 0.07475
0 0.89742 0.66331 0.37614 0.07318
0 0.87809 0.71636 0.40786 0.07761
0 0.86682 0.76941 0.38803 0.08609
0 0.94457 0.82246 0.42222 0.08524
0 0.97338 0.87551 0.43075 0.07711
0 0.93167 0.92856 0.43733 0.08574