0 0.09606 0.13281 0.42811 0.0846
0 0.10426 0.18586 0.38324 0.08238
0 0.09764 0.23891 0.39485 0.08713
0 0.11587 0.29196 0.38029 0.07761
0 0.09718 0.34501 0.40268 0.0806
0 0.09704 0.39806 0.41246 0.07386
0 0.10541 0.45111 0.38254 0.08023
0 0.1072 0.50416 0.37595 0.08738
0 0.10344 0.55721 0.40648 0.08732
0 0.10437 0.61026 0.38959 0.08397
0 0.10059 0.66331 0.37253 0.08524
0 0.11756 0.71636 0.40275 0.08017
0 0.11362 0.76941 0.4332 0.07457
0 0.09612 0.82246 0.40211 0.07849
0 0.10308 0.87551 0.40021 0.08148
0 0.11866 0.92856 0.38908 0.07733
0 0.32064 0.14609 0.43013 0.08544
0 0.31023 0.20444 0.38895 0.08253
0 0.31814 0.26280 0.40772 0.08608
0 0.32227 0.32115 0.38571 0.08011
0 0.35804 0.37951 0.43316 0.08181
0 0.28796 0.43786 0.43492 0.08285
0 0.36127 0.49622 0.39958 0.07395
0 0.30342 0.55457 0.42644 0.07887
0 0.32685 0.61293 0.38084 0.07657
0 0.32139 0.67129 0.43537 0.07691
0 0.2955 0.72964 0.3693 0.08267
0 0.28498 0.78800 0.40311 0.07882
0 0.3019 0.84635 0.373 0.08073
0 0.34256 0.90471 0.39676 0.07888
0 0.3093 0.96306 0.38677 0.07648
0 0.48257 0.13281 0.37078 0.0772
0 0.56782 0.18586 0.42202 0.08268
0 0.5882 0.23891 0.43781 0.07726
0 0.55344 0.29196 0.39968 0.07397
0 0.46619 0.34501 0.3825 0.07565
0 0.48522 0.39806 0.37991 0.08104
0 0.51811 0.45111 0.41063 0.07613
0 0.56941 0.50416 0.38815 0.08583
0 0.46395 0.55721 0.42254 0.08579
0 0.54224 0.61026 0.40322 0.07469
0 0.56068 0.66331 0.39679 0.08014
0 0.53731 0.71636 0.39708 0.0867
0 0.4832 0.76941 0.37715 0.07402
0 0.55884 0.82246 0.39869 0.07672
0 0.50878 0.87551 0.40925 0.08055
0 0.58583 0.92856 0.43885 0.07615
0 0.7622 0.11953 0.37627 0.08713
0 0.6467 0.16727 0.37839 0.07972
0 0.71321 0.21502 0.44191 0.07321
0 0.79987 0.26276 0.4336 0.08215
0 0.68131 0.31051 0.38091 0.0743
0 0.82241 0.35825 0.42738 0.08496
0 0.76563 0.40600 0.39385 0.08265
0 0.78628 0.45374 0.37314 0.08526
0 0.81384 0.50149 0.40431 0.07881
0 0.73774 0.54923 0.43945 0.08164
0 0.80843 0.59698 0.37041 0.08245
0 0.67378 0.64472 0.3941 0.08232
0 0.77253 0.69247 0.41266 0.07941
0 0.64654 0.74021 0.40459 0.08471
0 0.67411 0.78796 0.38936 0.08372
0 0.69121 0.83571 0.43785 0.07333
0 0.91091 0.18586 0.37657 0.07496
0 0.98195 0.23891 0.39649 0.07794
0 0.82793 0.29196 0.3989 0.07414
0 0.91348 0.34501 0.38953 0.08023
0 0.86117 0.39806 0.38255 0.0841
0 0.81241 0.45111 0.40355 0.08624
0 0.92415 0.50416 0.39199 0.07986
0 0.84442 0.55721 0.4417 0.08194
0 0.97287 0.61026 0.38108 0.08661
0 0.85446 0.66331 0.40888 0.07627
0 0.97918 0.82246 0.40607 0.08621
0 0.9025 0.87551 0.41628 0.07597
0 0.92656 0.92856 0.3975 0.08433