0 0.09981 0.13281 0.43422 0.07613
0 0.10121 0.18586 0.39279 0.07577
0 0.09654 0.23891 0.37269 0.08585
0 0.09739 0.29196 0.39825 0.07472
0 0.11828 0.34501 0.43169 0.08723
0 0.12059 0.39806 0.3968 0.07319
0 0.1147 0.45111 0.41569 0.07933
0 0.10953 0.50416 0.41048 0.07546
0 0.11113 0.55721 0.37423 0.08109
0 0.10704 0.61026 0.43045 0.07983
0 0.09542 0.66331 0.4013 0.07863
0 0.11776 0.71636 0.37585 0.07805
0 0.09473 0.76941 0.39412 0.07482
0 0.12004 0.82246 0.39275 0.08263
0 0.10035 0.87551 0.37151 0.08468
0 0.09722 0.92856 0.40382 0.08704
0 0.31875 0.14609 0.44161 0.08138
0 0.31141 0.20444 0.4052 0.07453
0 0.3094 0.26280 0.40307 0.0799
0 0.29382 0.32115 0.37081 0.08329
0 0.30692 0.37951 0.38211 0.07569
0 0.35334 0.43786 0.40594 0.08091
0 0.2875 0.49622 0.39599 0.07755
0 0.29849 0.55457 0.40713 0.075
0 0.33082 0.61293 0.41257 0.08156
0 0.2911 0.67129 0.38051 0.08352
0 0.28207 0.72964 0.42435 0.07939
0 0.2859 0.78800 0.40713 0.07694
0 0.34712 0.84635 0.39884 0.07431
0 0.29277 0.90471 0.38236 0.08288
0 0.31962 0.96306 0.43599 0.07736
0 0.5459 0.13281 0.39908 0.07389
0 0.5886 0.18586 0.41249 0.08086
0 0.46755 0.23891 0.42652 0.08644
0 0.5912 0.29196 0.41861 0.08487
0 0.5283 0.34501 0.39694 0.07455
0 0.59084 0.39806 0.36945 0.07917
0 0.57433 0.45111 0.39512 0.08175
0 0.47817 0.50416 0.4175 0.08227
0 0.56131 0.55721 0.39698 0.08684
0 0.59589 0.61026 0.38452 0.0818
0 0.48651 0.66331 0.38486 0.08714
0 0.55702 0.71636 0.3759 0.07585
0 0.54142 0.76941 0.43562 0.07893
0 0.56204 0.82246 0.38675 0.08052
0 0.48316 0.87551 0.42405 0.07321
0 0.53154 0.92856 0.39037 0.08091
0 0.76617 0.11953 0.43884 0.07938
0 0.64908 0.16727 0.40201 0.08729
0 0.76959 0.21502 0.42808 0.0856
0 0.72484 0.26276 0.40884 0.08115
0 0.73987 0.31051 0.42519 0.08602
0 0.81294 0.35825 0.3888 0.0735
0 0.80413 0.40600 0.41976 0.07648
0 0.67877 0.45374 0.39594 0.0842
0 0.69102 0.50149 0.43933 0.07487
0 0.71156 0.54923 0.41379 0.08168
0 0.67373 0.59698 0.3773 0.07444
0 0.81839 0.64472 0.41263 0.08105
0 0.7652 0.69247 0.43559 0.08603
0 0.77763 0.74021 0.40699 0.0843
0 0.67422 0.78796 0.4224 0.08107
0 0.83413 0.83571 0.37815 0.07368
0 0.99049 0.13281 0.41077 0.0789
0 0.81627 0.18586 0.43584 0.07434
0 0.94427 0.23891 0.43365 0.07698
0 0.98221 0.34501 0.40906 0.08208
0 0.92188 0.39806 0.37491 0.08204
0 0.91115 0.45111 0.37086 0.0794
0 0.84839 0.55721 0.38066 0.08467
0 0.8834 0.61026 0.38553 0.07318
0 0.81806 0.66331 0.42867 0.07452
0 0.82694 0.71636 0.39684 0.08567
0 0.93221 0.76941 0.38784 0.07823
0 0.84925 0.82246 0.4159 0.082
0 0.89715 0.87551 0.4364 0.08717
0 0.99099 0.92856 0.41132 0.08266