0 0.11367 0.13281 0.41462 0.08188
0 0.11965 0.18586 0.39519 0.0825
0 0.09519 0.23891 0.38489 0.08021
0 0.09599 0.29196 0.43001 0.08518
0 0.09576 0.34501 0.4231 0.08742
0 0.10324 0.39806 0.37209 0.07708
0 0.09939 0.45111 0.41687 0.08039
0 0.11552 0.50416 0.37792 0.08371
0 0.0953 0.55721 0.4398 0.07944
0 0.11695 0.61026 0.41993 0.08262
0 0.11064 0.66331 0.39688 0.08028
0 0.10558 0.71636 0.41997 0.07958
0 0.10608 0.76941 0.38791 0.08417
0 0.09776 0.82246 0.43806 0.07362
0 0.11219 0.87551 0.3918 0.07632
0 0.10504 0.92856 0.44195 0.08272
0 0.30958 0.14609 0.43356 0.08693
0 0.29021 0.20444 0.37951 0.08673
0 0.28431 0.26280 0.43431 0.0785
0 0.27819 0.32115 0.38188 0.07737
0 0.34736 0.37951 0.43701 0.0844
0 0.3206 0.43786 0.37455 0.08743
0 0.31329 0.49622 0.40166 0.08451
0 0.31946 0.55457 0.38937 0.08029
0 0.28209 0.61293 0.40487 0.08073
0 0.31179 0.67129 0.41862 0.08006
0 0.30325 0.72964 0.38644 0.0857
0 0.34775 0.78800 0.42684 0.07855
0 0.32713 0.84635 0.41949 0.0776
0 0.35419 0.90471 0.40954 0.07445
0 0.29671 0.96306 0.39802 0.07619
0 0.46893 0.13281 0.419 0.08056
0 0.50451 0.18586 0.42707 0.07314
0 0.47948 0.23891 0.36902 0.07447
0 0.59448 0.29196 0.42644 0.08114
0 0.5653 0.34501 0.43836 0.07997
0 0.58538 0.39806 0.43908 0.07646
0 0.52404 0.45111 0.36924 0.08072
0 0.47664 0.50416 0.38004 0.07777
0 0.4888 0.55721 0.40238 0.08286
0 0.59354 0.61026 0.43552 0.08151
0 0.60094 0.66331 0.44257 0.0842
0 0.60114 0.71636 0.42928 0.07916
0 0.52442 0.76941 0.41721 0.07826
0 0.54362 0.82246 0.41603 0.07322
0 0.48373 0.87551 0.41798 0.07428
0 0.55151 0.92856 0.39787 0.08279
0 0.73783 0.11953 0.40384 0.08224
0 0.79846 0.16727 0.42696 0.07751
0 0.7651 0.21502 0.39343 0.07323
0 0.73519 0.26276 0.38431 0.08741
0 0.83704 0.31051 0.40481 0.08211
0 0.68653 0.35825 0.39662 0.07578
0 0.64932 0.40600 0.39385 0.08222
0 0.83298 0.45374 0.39067 0.08629
0 0.75366 0.50149 0.38734 0.07681
0 0.83081 0.54923 0.43769 0.08326
0 0.67743 0.59698 0.37969 0.07497
0 0.6906 0.64472 0.37098 0.07361
0 0.80639 0.69247 0.38858 0.07402
0 0.72645 0.74021 0.40647 0.08353
0 0.83987 0.78796 0.3831 0.08132
0 0.65625 0.83571 0.38204 0.07757
0 0.82864 0.13281 0.38148 0.08628
0 0.80088 0.18586 0.43283 0.08483
0 0.83231 0.23891 0.39301 0.08668
0 0.95528 0.29196 0.43922 0.07783
0 0.90132 0.39806 0.40457 0.08591
0 0.87384 0.45111 0.41981 0.08274
0 0.85865 0.50416 0.41885 0.08666
0 0.98035 0.55721 0.37624 0.08701
0 0.92242 0.61026 0.37795 0.07634
0 0.85105 0.71636 0.43991 0.07959
0 0.97737 0.76941 0.40972 0.08338
0 0.96614 0.82246 0.41638 0.07643
0 0.9283 0.87551 0.40635 0.07327
0 0.82359 0.92856 0.4018 0.08063