0 0.11503 0.13281 0.41144 0.07994
0 0.10938 0.18586 0.43962 0.07448
0 0.09326 0.23891 0.4406 0.08674
0 0.11184 0.29196 0.43882 0.08011
0 0.1135 0.34501 0.40263 0.08099
0 0.109 0.39806 0.43152 0.08206
0 0.09241 0.45111 0.40902 0.08075
0 0.10085 0.50416 0.38763 0.08026
0 0.09776 0.55721 0.40382 0.0839
0 0.1085 0.61026 0.38156 0.07597
0 0.12021 0.66331 0.3965 0.07896
0 0.09924 0.71636 0.37688 0.08555
0 0.11823 0.76941 0.37477 0.08124
0 0.10122 0.82246 0.42185 0.07819
0 0.11191 0.87551 0.43473 0.08494
0 0.11331 0.92856 0.39855 0.07658
0 0.29752 0.14609 0.43818 0.07811
0 0.27758 0.20444 0.40073 0.0849
0 0.32087 0.26280 0.41384 0.08466
0 0.31473 0.32115 0.43743 0.07327
0 0.3465 0.37951 0.43554 0.08169
0 0.33082 0.43786 0.40586 0.08475
0 0.31239 0.49622 0.42392 0.07763
0 0.31713 0.55457 0.42998 0.08007
0 0.2887 0.61293 0.42268 0.08242
0 0.27856 0.67129 0.40177 0.0753
0 0.29095 0.72964 0.42895 0.08225
0 0.32542 0.78800 0.40206 0.08628
0 0.27915 0.84635 0.43356 0.08606
0 0.32542 0.90471 0.42316 0.08512
0 0.32197 0.96306 0.40254 0.07439
0 0.51812 0.13281 0.43433 0.07446
0 0.53682 0.18586 0.4082 0.07344
0 0.58284 0.23891 0.42489 0.07442
0 0.53839 0.29196 0.42696 0.08159
0 0.55749 0.34501 0.3962 0.083
0 0.52564 0.39806 0.39369 0.0797
0 0.59268 0.45111 0.37169 0.08712
0 0.48872 0.50416 0.39518 0.07822
0 0.5484 0.55721 0.4406 0.08646
0 0.53302 0.61026 0.42663 0.07364
0 0.48703 0.66331 0.40972 0.08103
0 0.58128 0.71636 0.40523 0.0752
0 0.55079 0.76941 0.4253 0.08258
0 0.49083 0.82246 0.44013 0.07698
0 0.52087 0.87551 0.38299 0.08527
0 0.56476 0.92856 0.42089 0.08212
0 0.76454 0.11953 0.41393 0.08368
0 0.75475 0.16727 0.4322 0.07968
0 0.79068 0.21502 0.43251 0.08226
0 0.74509 0.26276 0.41081 0.0764
0 0.67493 0.31051 0.37542 0.08217
0 0.68612 0.35825 0.42083 0.07848
0 0.81156 0.40600 0.37861 0.08011
0 0.74662 0.45374 0.42962 0.07917
0 0.77732 0.50149 0.43267 0.08706
0 0.72191 0.54923 0.38098 0.0843
0 0.66795 0.59698 0.42837 0.08124
0 0.73122 0.64472 0.41527 0.08143
0 0.84281 0.69247 0.41524 0.07753
0 0.81244 0.74021 0.40119 0.07346
0 0.68528 0.78796 0.40306 0.07836
0 0.82607 0.83571 0.43574 0.0766
0 0.88404 0.13281 0.38464 0.08621
0 0.85942 0.18586 0.38949 0.07567
0 0.9559 0.23891 0.43342 0.08729
0 0.93683 0.29196 0.41332 0.07637
0 0.95928 0.34501 0.42622 0.0766
0 0.98158 0.39806 0.3786 0.07907
0 0.86668 0.45111 0.42974 0.08267
0 0.81521 0.50416 0.38212 0.07588
0 0.91648 0.55721 0.38774 0.08294
0 0.91972 0.61026 0.40131 0.08337
0 0.86647 0.66331 0.37102 0.08406
0 0.96215 0.71636 0.38791 0.0839
0 0.92845 0.76941 0.3994 0.07543
0 0.9296 0.82246 0.43834 0.08111
0 0.91248 0.87551 0.41359 0.08361
0 0.91421 0.92856 0.36917 0.08442