0 0.09482 0.13281 0.3799 0.08311
0 0.09588 0.18586 0.37796 0.07435
0 0.0994 0.23891 0.40779 0.08657
0 0.0927 0.29196 0.38648 0.08152
0 0.10145 0.34501 0.43339 0.08022
0 0.09329 0.39806 0.37719 0.07551
0 0.09716 0.45111 0.44022 0.08619
0 0.10193 0.50416 0.43913 0.07815
0 0.11688 0.55721 0.43345 0.08423
0 0.10432 0.61026 0.42548 0.08465
0 0.09269 0.66331 0.43555 0.0756
0 0.11412 0.71636 0.43793 0.07622
0 0.10858 0.76941 0.38473 0.08598
0 0.09962 0.82246 0.41038 0.07415
0 0.11019 0.87551 0.41137 0.07558
0 0.09927 0.92856 0.43336 0.07461
0 0.32129 0.14609 0.40903 0.07622
0 0.323 0.20444 0.41288 0.08331
0 0.34409 0.26280 0.38039 0.07358
0 0.35306 0.32115 0.40069 0.0825
0 0.3509 0.37951 0.40249 0.08493
0 0.2905 0.43786 0.39337 0.07766
0 0.31183 0.49622 0.41414 0.07337
0 0.34339 0.55457 0.43125 0.08112
0 0.35746 0.61293 0.42802 0.08491
0 0.28091 0.67129 0.44162 0.07749
0 0.3185 0.72964 0.39105 0.08499
0 0.31975 0.78800 0.37975 0.08653
0 0.34093 0.84635 0.43525 0.07972
0 0.36076 0.90471 0.43759 0.07653
0 0.32047 0.96306 0.42379 0.08576
0 0.49417 0.13281 0.39201 0.07377
0 0.46535 0.18586 0.39333 0.07357
0 0.56866 0.23891 0.43079 0.0785
0 0.49868 0.29196 0.42901 0.07509
0 0.51825 0.34501 0.43292 0.07379
0 0.56521 0.39806 0.38935 0.07809
0 0.56694 0.45111 0.37249 0.08696
0 0.48063 0.50416 0.41677 0.08622
0 0.59084 0.55721 0.3962 0.07629
0 0.58372 0.61026 0.41863 0.07345
0 0.58967 0.66331 0.41894 0.07415
0 0.54951 0.71636 0.44257 0.08304
0 0.56439 0.76941 0.42711 0.07572
0 0.52889 0.82246 0.41203 0.08568
0 0.53931 0.87551 0.39241 0.07554
0 0.50292 0.92856 0.37077 0.08261
0 0.81816 0.11953 0.4255 0.08313
0 0.75807 0.16727 0.39135 0.07692
0 0.71839 0.21502 0.39623 0.08734
0 0.78722 0.26276 0.42532 0.07681
0 0.84213 0.31051 0.42721 0.08674
0 0.76908 0.35825 0.37825 0.08068
0 0.65188 0.40600 0.37743 0.08208
0 0.81359 0.45374 0.43247 0.08719
0 0.78536 0.50149 0.42949 0.08232
0 0.67163 0.54923 0.41779 0.08654
0 0.73087 0.59698 0.44167 0.07552
0 0.71564 0.64472 0.37586 0.08414
0 0.69662 0.69247 0.38052 0.08048
0 0.78451 0.74021 0.41197 0.08163
0 0.68045 0.78796 0.39964 0.08644
0 0.70101 0.83571 0.40236 0.08394
0 0.94677 0.13281 0.40091 0.08637
0 0.89646 0.18586 0.4192 0.08087
0 0.84984 0.23891 0.38362 0.07553
0 0.95177 0.29196 0.41401 0.0822
0 0.97575 0.39806 0.39692 0.07714
0 0.85526 0.45111 0.39787 0.08149
0 0.93951 0.50416 0.38663 0.08085
0 0.83559 0.55721 0.43273 0.08149
0 0.8002 0.61026 0.40356 0.07629
0 0.83631 0.66331 0.40241 0.07656
0 0.96568 0.71636 0.42594 0.07547
0 0.85771 0.82246 0.43024 0.07458
0 0.82444 0.87551 0.44008 0.08471
0 0.91225 0.92856 0.39418 0.08639