0 0.10165 0.13281 0.43172 0.07481
0 0.10802 0.18586 0.43187 0.07791
0 0.1138 0.23891 0.43282 0.08033
0 0.09742 0.29196 0.40478 0.08038
0 0.11264 0.34501 0.39754 0.08356
0 0.11738 0.39806 0.4205 0.08361
0 0.09819 0.45111 0.41832 0.07443
0 0.09319 0.50416 0.4094 0.08721
0 0.106 0.55721 0.42054 0.07889
0 0.11351 0.61026 0.41975 0.07952
0 0.09552 0.66331 0.43848 0.08437
0 0.10163 0.71636 0.42351 0.07549
0 0.11464 0.76941 0.42476 0.08647
0 0.11799 0.82246 0.40278 0.08592
0 0.1021 0.87551 0.4333 0.08066
0 0.11857 0.92856 0.37233 0.07571
0 0.36053 0.14609 0.4316 0.07929
0 0.31406 0.20444 0.41292 0.07432
0 0.3503 0.26280 0.43649 0.07394
0 0.3573 0.32115 0.38048 0.07685
0 0.29015 0.37951 0.41072 0.07568
0 0.32601 0.43786 0.43847 0.07488
0 0.28659 0.49622 0.41671 0.08627
0 0.31725 0.55457 0.44056 0.08719
0 0.28127 0.61293 0.44034 0.07707
0 0.36151 0.67129 0.40909 0.07446
0 0.35426 0.72964 0.43054 0.07676
0 0.33604 0.78800 0.40356 0.07514
0 0.3004 0.84635 0.39599 0.083
0 0.2893 0.90471 0.42814 0.08043
0 0.36031 0.96306 0.38383 0.08185
0 0.59691 0.13281 0.37912 0.07554
0 0.56315 0.18586 0.38232 0.08193
0 0.6017 0.23891 0.42056 0.08479
0 0.51759 0.29196 0.40507 0.08505
0 0.5088 0.34501 0.43827 0.08002
0 0.53751 0.39806 0.37755 0.0827
0 0.53746 0.45111 0.40031 0.07911
0 0.48102 0.50416 0.37535 0.07881
0 0.57163 0.55721 0.39209 0.08458
0 0.48252 0.61026 0.41895 0.07887
0 0.46418 0.66331 0.37133 0.07348
0 0.59713 0.71636 0.37761 0.07365
0 0.47436 0.76941 0.42288 0.07346
0 0.48847 0.82246 0.40446 0.07316
0 0.46821 0.87551 0.40447 0.08106
0 0.58448 0.92856 0.42629 0.07986
0 0.69997 0.11953 0.39688 0.08222
0 0.70226 0.16727 0.41854 0.08122
0 0.70924 0.21502 0.40129 0.0757
0 0.81329 0.26276 0.43351 0.07353
0 0.6517 0.31051 0.40265 0.07923
0 0.80614 0.35825 0.42649 0.0841
0 0.83828 0.40600 0.42481 0.08282
0 0.79577 0.45374 0.4141 0.07493
0 0.74786 0.50149 0.39305 0.07602
0 0.74523 0.54923 0.39182 0.0862
0 0.83132 0.59698 0.391 0.07855
0 0.6789 0.64472 0.37665 0.07848
0 0.78009 0.69247 0.38704 0.08558
0 0.72721 0.74021 0.43773 0.08408
0 0.77816 0.78796 0.42806 0.07886
0 0.75841 0.83571 0.43298 0.0846
0 0.84297 0.13281 0.39679 0.08188
0 0.81827 0.18586 0.41431 0.0756
0 0.91895 0.23891 0.43059 0.0847
0 0.86576 0.29196 0.43292 0.0831
0 0.8599 0.39806 0.40916 0.07918
0 0.8142 0.45111 0.38833 0.07397
0 0.96455 0.50416 0.41792 0.07342
0 0.9722 0.55721 0.39075 0.08559
0 0.85143 0.61026 0.37756 0.07881
0 0.91782 0.66331 0.41336 0.07647
0 0.82637 0.71636 0.4229 0.08572
0 0.98104 0.76941 0.38451 0.07488
0 0.96672 0.82246 0.3828 0.07565
0 0.83095 0.87551 0.40127 0.07804
0 0.84198 0.92856 0.42865 0.08652