0 0.10915 0.13281 0.43556 0.08553
0 0.09926 0.18586 0.41213 0.08125
0 0.11313 0.23891 0.37515 0.07981
0 0.09855 0.29196 0.37837 0.08443
0 0.11183 0.34501 0.3697 0.08254
0 0.09304 0.39806 0.37497 0.07855
0 0.10233 0.45111 0.41791 0.08414
0 0.10232 0.50416 0.38221 0.07336
0 0.11659 0.55721 0.36965 0.07716
0 0.09844 0.61026 0.42245 0.086
0 0.10709 0.66331 0.41188 0.07623
0 0.10326 0.71636 0.37208 0.07306
0 0.10644 0.76941 0.42779 0.0831
0 0.09398 0.82246 0.37344 0.07384
0 0.11154 0.87551 0.4332 0.08485
0 0.11563 0.92856 0.41515 0.08604
0 0.32467 0.14609 0.38542 0.08102
0 0.35761 0.20444 0.39579 0.07606
0 0.30841 0.26280 0.3806 0.08694
0 0.34081 0.32115 0.37521 0.0854
0 0.35765 0.37951 0.42696 0.08185
0 0.33683 0.43786 0.42202 0.08394
0 0.33844 0.49622 0.408 0.07565
0 0.31906 0.55457 0.37028 0.07358
0 0.28324 0.61293 0.42316 0.08685
0 0.31977 0.67129 0.40049 0.08712
0 0.30369 0.72964 0.40804 0.08031
0 0.32382 0.78800 0.4243 0.07829
0 0.34311 0.84635 0.38285 0.07616
0 0.31961 0.90471 0.37217 0.08523
0 0.28352 0.96306 0.38805 0.08135
0 0.52025 0.13281 0.40767 0.08329
0 0.51893 0.18586 0.43394 0.0784
0 0.49466 0.23891 0.44113 0.08132
0 0.47882 0.29196 0.43829 0.08171
0 0.4696 0.34501 0.42605 0.07398
0 0.48357 0.39806 0.38598 0.07375
0 0.54271 0.45111 0.43475 0.07369
0 0.58929 0.50416 0.37406 0.081
0 0.57084 0.55721 0.43634 0.0799
0 0.53718 0.61026 0.37469 0.07315
0 0.49617 0.66331 0.43881 0.07472
0 0.5771 0.71636 0.41819 0.08716
0 0.54636 0.76941 0.37536 0.08477
0 0.51037 0.82246 0.41205 0.07812
0 0.57723 0.87551 0.44213 0.07597
0 0.50257 0.92856 0.40384 0.08497
0 0.66633 0.11953 0.37514 0.07538
0 0.76863 0.16727 0.40317 0.08102
0 0.82039 0.21502 0.38873 0.08319
0 0.84001 0.26276 0.39476 0.08735
0 0.81158 0.31051 0.41756 0.07756
0 0.78388 0.35825 0.41568 0.08451
0 0.7281 0.40600 0.42032 0.08738
0 0.83532 0.45374 0.39364 0.08193
0 0.74475 0.50149 0.4116 0.08596
0 0.69887 0.54923 0.42705 0.07991
0 0.78894 0.59698 0.39703 0.07479
0 0.73992 0.64472 0.3922 0.08597
0 0.79297 0.69247 0.43516 0.08034
0 0.8257 0.74021 0.40393 0.07872
0 0.683 0.78796 0.41125 0.07919
0 0.8012 0.83571 0.36996 0.08375
0 0.855 0.13281 0.39165 0.08618
0 0.84684 0.18586 0.3837 0.08156
0 0.83873 0.29196 0.41796 0.0759
0 0.83073 0.34501 0.39077 0.08228
0 0.8032 0.39806 0.42649 0.08168
0 0.9681 0.45111 0.43489 0.085
0 0.80624 0.55721 0.42092 0.07865
0 0.85105 0.71636 0.43262 0.08462
0 0.8248 0.87551 0.4048 0.0823
0 0.95823 0.92856 0.43987 0.08002