0 0.09753 0.13281 0.42088 0.07779
0 0.09929 0.18586 0.38345 0.07325
0 0.10876 0.23891 0.42955 0.07739
0 0.10822 0.29196 0.39885 0.08164
0 0.09799 0.34501 0.37499 0.0796
0 0.1196 0.39806 0.3921 0.08334
0 0.11331 0.45111 0.37161 0.08591
0 0.09467 0.50416 0.42616 0.07832
0 0.10049 0.55721 0.39033 0.0743
0 0.094 0.61026 0.4014 0.07883
0 0.11091 0.66331 0.43745 0.07505
0 0.10995 0.71636 0.44077 0.07749
0 0.0934 0.76941 0.3986 0.0763
0 0.10584 0.82246 0.37195 0.08237
0 0.11286 0.87551 0.37065 0.07499
0 0.09967 0.92856 0.37785 0.07783
0 0.36119 0.14609 0.3872 0.0866
0 0.35056 0.20444 0.4148 0.08641
0 0.30475 0.26280 0.42425 0.08248
0 0.35564 0.32115 0.39972 0.07444
0 0.28044 0.37951 0.37016 0.07421
0 0.34061 0.43786 0.37918 0.08069
0 0.28242 0.49622 0.38159 0.07508
0 0.32859 0.55457 0.43711 0.07309
0 0.3058 0.61293 0.41628 0.08697
0 0.35153 0.67129 0.40206 0.08568
0 0.34088 0.72964 0.39971 0.07322
0 0.3538 0.78800 0.43862 0.07432
0 0.29421 0.84635 0.39628 0.07628
0 0.3053 0.90471 0.38148 0.07594
0 0.27841 0.96306 0.37613 0.08526
0 0.53764 0.13281 0.43793 0.08139
0 0.52602 0.18586 0.39171 0.08291
0 0.54325 0.23891 0.39401 0.07415
0 0.47732 0.29196 0.43117 0.08527
0 0.49878 0.34501 0.38185 0.07489
0 0.47236 0.39806 0.37004 0.08241
0 0.50131 0.45111 0.40477 0.07329
0 0.50594 0.50416 0.40114 0.07532
0 0.51363 0.55721 0.38215 0.07376
0 0.58628 0.61026 0.3982 0.07311
0 0.53885 0.66331 0.41202 0.07839
0 0.54163 0.71636 0.43278 0.07927
0 0.55045 0.76941 0.4361 0.08394
0 0.47934 0.82246 0.44003 0.08524
0 0.56301 0.87551 0.39952 0.07494
0 0.57257 0.92856 0.40075 0.08568
0 0.78644 0.11953 0.40066 0.08607
0 0.69502 0.16727 0.40343 0.08032
0 0.80264 0.21502 0.39362 0.07879
0 0.72786 0.26276 0.42605 0.08283
0 0.78429 0.31051 0.40058 0.08341
0 0.80638 0.35825 0.37332 0.07949
0 0.69771 0.40600 0.41811 0.08541
0 0.8174 0.45374 0.42339 0.07874
0 0.76042 0.50149 0.42222 0.07706
0 0.76154 0.54923 0.38798 0.07653
0 0.76988 0.59698 0.39183 0.08727
0 0.73277 0.64472 0.41738 0.08429
0 0.8351 0.69247 0.42296 0.08247
0 0.80531 0.74021 0.40297 0.08186
0 0.82299 0.78796 0.40928 0.0848
0 0.68408 0.83571 0.37413 0.07892
0 0.87809 0.13281 0.38754 0.0762
0 0.94518 0.18586 0.40252 0.0865
0 0.82633 0.23891 0.41481 0.08287
0 0.93784 0.29196 0.411 0.07652
0 0.96554 0.34501 0.43513 0.07324
0 0.95019 0.39806 0.42193 0.07457
0 0.85856 0.45111 0.4117 0.08184
0 0.97028 0.55721 0.4244 0.07917
0 0.88086 0.61026 0.42611 0.08076
0 0.99588 0.66331 0.40492 0.08461
0 0.80636 0.71636 0.36969 0.07843
0 0.82453 0.82246 0.42717 0.08327
0 0.91715 0.87551 0.3846 0.08078
0 0.83133 0.92856 0.41171 0.07449