0 0.09967 0.13281 0.41774 0.07987
0 0.10047 0.18586 0.44035 0.08175
0 0.09904 0.23891 0.37655 0.08262
0 0.09603 0.29196 0.38313 0.07569
0 0.10756 0.34501 0.40227 0.07337
0 0.0967 0.39806 0.41668 0.08223
0 0.10728 0.45111 0.4132 0.08166
0 0.11945 0.50416 0.41406 0.07831
0 0.11674 0.55721 0.42929 0.08538
0 0.09535 0.61026 0.38249 0.08319
0 0.09811 0.66331 0.43336 0.07599
0 0.11942 0.71636 0.41981 0.074
0 0.10984 0.76941 0.43602 0.07467
0 0.09312 0.82246 0.44095 0.07595
0 0.09628 0.87551 0.43125 0.08196
0 0.10597 0.92856 0.41624 0.08047
0 0.3538 0.14609 0.40925 0.08552
0 0.3341 0.20444 0.38548 0.08234
0 0.28579 0.26280 0.38431 0.07676
0 0.27866 0.32115 0.40611 0.07371
0 0.35184 0.37951 0.37368 0.07687
0 0.29693 0.43786 0.43766 0.07975
0 0.3193 0.49622 0.38247 0.08158
0 0.34115 0.55457 0.39064 0.08365
0 0.33556 0.61293 0.4204 0.08672
0 0.34487 0.67129 0.42673 0.07638
0 0.28801 0.72964 0.37007 0.07878
0 0.30847 0.78800 0.38582 0.07702
0 0.27741 0.84635 0.42862 0.08374
0 0.35335 0.90471 0.41168 0.07837
0 0.3507 0.96306 0.42007 0.07355
0 0.53918 0.13281 0.41665 0.07343
0 0.59359 0.18586 0.38995 0.07414
0 0.59167 0.23891 0.39179 0.07528
0 0.56 0.29196 0.42136 0.08376
0 0.52511 0.34501 0.41401 0.07926
0 0.51075 0.39806 0.43448 0.08233
0 0.51097 0.45111 0.37779 0.0802
0 0.50937 0.50416 0.4386 0.07321
0 0.5569 0.55721 0.41763 0.08271
0 0.59365 0.61026 0.44191 0.07513
0 0.54916 0.66331 0.4347 0.08492
0 0.47175 0.71636 0.41822 0.08
0 0.54424 0.76941 0.44146 0.07443
0 0.54817 0.82246 0.38653 0.07468
0 0.56971 0.87551 0.39066 0.07385
0 0.51367 0.92856 0.42915 0.08423
0 0.76161 0.11953 0.42112 0.07828
0 0.71534 0.16727 0.43 0.07395
0 0.71276 0.21502 0.43679 0.08696
0 0.83808 0.26276 0.38882 0.085
0 0.82161 0.31051 0.39124 0.08329
0 0.83821 0.35825 0.37346 0.08237
0 0.65799 0.40600 0.42766 0.07714
0 0.78288 0.45374 0.41978 0.0856
0 0.64965 0.50149 0.37363 0.08107
0 0.81824 0.54923 0.40308 0.07339
0 0.74934 0.59698 0.40737 0.0817
0 0.76922 0.64472 0.39562 0.07359
0 0.73142 0.69247 0.42819 0.08412
0 0.74727 0.74021 0.42757 0.07552
0 0.64685 0.78796 0.3836 0.08011
0 0.76663 0.83571 0.43905 0.07846
0 0.83649 0.13281 0.39747 0.08266
0 0.95023 0.23891 0.44161 0.07411
0 0.80294 0.34501 0.40046 0.08646
0 0.97902 0.39806 0.39221 0.08015
0 0.84587 0.45111 0.43289 0.08305
0 0.85334 0.50416 0.36948 0.08246
0 0.94036 0.55721 0.40781 0.0815
0 0.82353 0.66331 0.43842 0.07445
0 0.88657 0.71636 0.40156 0.07494
0 0.9064 0.82246 0.41611 0.0737
0 0.8241 0.92856 0.39906 0.08178