0 0.10124 0.13281 0.39653 0.08543
0 0.1087 0.18586 0.3973 0.07793
0 0.10922 0.23891 0.3698 0.07933
0 0.09899 0.29196 0.39768 0.08444
0 0.10188 0.34501 0.37905 0.08731
0 0.10639 0.39806 0.42425 0.08684
0 0.09725 0.45111 0.40829 0.08131
0 0.09286 0.50416 0.42758 0.08072
0 0.09912 0.55721 0.41726 0.08641
0 0.09713 0.61026 0.37825 0.07354
0 0.11367 0.66331 0.43965 0.0808
0 0.11781 0.71636 0.40494 0.07876
0 0.11471 0.76941 0.37536 0.07418
0 0.11627 0.82246 0.41212 0.07558
0 0.11983 0.87551 0.38042 0.08384
0 0.09709 0.92856 0.38411 0.08268
0 0.35094 0.14609 0.43118 0.07511
0 0.31651 0.20444 0.39356 0.07545
0 0.35254 0.26280 0.37066 0.07706
0 0.32926 0.32115 0.37747 0.07796
0 0.28114 0.37951 0.40164 0.07465
0 0.34591 0.43786 0.41938 0.07846
0 0.30634 0.49622 0.42569 0.07654
0 0.30051 0.55457 0.38633 0.07481
0 0.30541 0.61293 0.41451 0.08327
0 0.34601 0.67129 0.42067 0.08342
0 0.32648 0.72964 0.39741 0.07537
0 0.35481 0.78800 0.41141 0.08019
0 0.28628 0.84635 0.41588 0.07493
0 0.29549 0.90471 0.43132 0.08712
0 0.3481 0.96306 0.39254 0.08269
0 0.47897 0.13281 0.43938 0.07925
0 0.56192 0.18586 0.40976 0.07664
0 0.59889 0.23891 0.39324 0.08729
0 0.5958 0.29196 0.37709 0.08261
0 0.50836 0.34501 0.41326 0.08702
0 0.55893 0.39806 0.40747 0.07691
0 0.5735 0.45111 0.40132 0.08605
0 0.5638 0.50416 0.3714 0.08666
0 0.5173 0.55721 0.40249 0.08714
0 0.46748 0.61026 0.3716 0.07462
0 0.50619 0.66331 0.39253 0.07922
0 0.49393 0.71636 0.39709 0.07682
0 0.50246 0.76941 0.43121 0.08559
0 0.59183 0.82246 0.43542 0.07388
0 0.59251 0.87551 0.38242 0.08013
0 0.59257 0.92856 0.41433 0.07706
0 0.72714 0.11953 0.43004 0.0868
0 0.69676 0.16727 0.41599 0.07667
0 0.82173 0.21502 0.39835 0.07464
0 0.68192 0.26276 0.38536 0.0875
0 0.71737 0.31051 0.40121 0.07834
0 0.71183 0.35825 0.39324 0.08215
0 0.65223 0.40600 0.40155 0.07844
0 0.81055 0.45374 0.42179 0.0831
0 0.75655 0.50149 0.43966 0.08135
0 0.71917 0.54923 0.44027 0.07571
0 0.80305 0.59698 0.40725 0.08069
0 0.8304 0.64472 0.38138 0.07903
0 0.70944 0.69247 0.40467 0.07946
0 0.69906 0.74021 0.39669 0.07434
0 0.71972 0.78796 0.42507 0.07459
0 0.78928 0.83571 0.42242 0.07344
0 0.9671 0.13281 0.43071 0.08467
0 0.82161 0.18586 0.38485 0.07564
0 0.93978 0.23891 0.38412 0.07701
0 0.97391 0.29196 0.38806 0.08625
0 0.95565 0.34501 0.42149 0.07367
0 0.84499 0.39806 0.40199 0.07937
0 0.99769 0.45111 0.39687 0.08572
0 0.83088 0.55721 0.43598 0.07536
0 0.88068 0.61026 0.41179 0.07661
0 0.83516 0.66331 0.39826 0.08372
0 0.9747 0.71636 0.43173 0.07883
0 0.80334 0.76941 0.39279 0.08429
0 0.80391 0.87551 0.43525 0.08526
0 0.92081 0.92856 0.42451 0.07566