0 0.10761 0.13281 0.38857 0.07581
0 0.11569 0.18586 0.43486 0.07591
0 0.11814 0.23891 0.37546 0.08496
0 0.11527 0.29196 0.40388 0.07686
0 0.09288 0.34501 0.441 0.07957
0 0.0987 0.39806 0.37101 0.0852
0 0.10142 0.45111 0.42001 0.0799
0 0.10125 0.50416 0.40878 0.07893
0 0.10029 0.55721 0.42201 0.0794
0 0.11007 0.61026 0.41067 0.0841
0 0.10637 0.66331 0.43979 0.07829
0 0.11336 0.71636 0.40897 0.08372
0 0.09662 0.76941 0.43058 0.08624
0 0.11626 0.82246 0.39287 0.0818
0 0.11994 0.87551 0.42797 0.07804
0 0.11525 0.92856 0.42266 0.087
0 0.28769 0.14609 0.37546 0.08191
0 0.33938 0.20444 0.38409 0.08032
0 0.34854 0.26280 0.38316 0.08101
0 0.28797 0.32115 0.41202 0.08746
0 0.31281 0.37951 0.39255 0.07324
0 0.30068 0.43786 0.42668 0.08044
0 0.34113 0.49622 0.43175 0.081
0 0.29895 0.55457 0.37883 0.084
0 0.34276 0.61293 0.43631 0.0848
0 0.32059 0.67129 0.43318 0.073
0 0.32356 0.72964 0.37128 0.07796
0 0.32702 0.78800 0.41809 0.07662
0 0.31963 0.84635 0.39095 0.07599
0 0.30529 0.90471 0.40365 0.0779
0 0.30954 0.96306 0.39594 0.08516
0 0.51557 0.13281 0.42253 0.07582
0 0.5318 0.18586 0.37648 0.07631
0 0.60106 0.23891 0.39023 0.07519
0 0.5844 0.29196 0.42386 0.07918
0 0.54182 0.34501 0.3962 0.07565
0 0.46624 0.39806 0.42933 0.08323
0 0.53847 0.45111 0.39695 0.07575
0 0.59945 0.50416 0.40561 0.07415
0 0.56265 0.55721 0.39137 0.08332
0 0.50068 0.61026 0.42754 0.08523
0 0.54212 0.66331 0.38162 0.08144
0 0.48644 0.71636 0.42424 0.08726
0 0.46746 0.76941 0.41347 0.08686
0 0.48414 0.82246 0.42279 0.08352
0 0.56558 0.87551 0.42818 0.08259
0 0.48586 0.92856 0.43325 0.0835
0 0.74655 0.11953 0.37389 0.08142
0 0.74628 0.16727 0.4236 0.08602
0 0.69538 0.21502 0.40338 0.07614
0 0.72667 0.26276 0.42219 0.08541
0 0.80265 0.31051 0.37469 0.07816
0 0.81966 0.35825 0.43388 0.0832
0 0.78692 0.40600 0.43798 0.08237
0 0.7617 0.45374 0.41552 0.07728
0 0.67866 0.50149 0.36986 0.08366
0 0.76319 0.54923 0.43182 0.07785
0 0.68032 0.59698 0.43818 0.07783
0 0.75403 0.64472 0.38874 0.08168
0 0.64804 0.69247 0.38965 0.0859
0 0.65218 0.74021 0.41271 0.08385
0 0.7668 0.78796 0.41751 0.08589
0 0.77211 0.83571 0.41253 0.08564
0 0.95624 0.13281 0.36977 0.07899
0 0.92848 0.18586 0.43664 0.08477
0 0.83195 0.23891 0.42246 0.08442
0 0.94592 0.34501 0.43548 0.0793
0 0.81438 0.39806 0.41304 0.08573
0 0.91227 0.45111 0.43265 0.07513
0 0.96812 0.50416 0.3977 0.07357
0 0.80671 0.55721 0.4267 0.08029
0 0.80457 0.61026 0.43161 0.08569
0 0.80994 0.71636 0.37308 0.07823
0 0.90829 0.76941 0.39428 0.08232
0 0.89255 0.82246 0.40384 0.08452
0 0.81677 0.87551 0.43909 0.08542
0 0.95748 0.92856 0.37664 0.08585