0 0.11217 0.13281 0.40772 0.07968
0 0.109 0.18586 0.40811 0.08615
0 0.09516 0.23891 0.39441 0.07697
0 0.11523 0.29196 0.3785 0.0744
0 0.11284 0.34501 0.43406 0.0861
0 0.10301 0.39806 0.39295 0.08623
0 0.10279 0.45111 0.40842 0.08011
0 0.11185 0.50416 0.37783 0.08541
0 0.10843 0.55721 0.37098 0.08512
0 0.1153 0.61026 0.4283 0.08138
0 0.11446 0.66331 0.39191 0.07785
0 0.118 0.71636 0.37583 0.08574
0 0.09736 0.76941 0.40097 0.0808
0 0.1086 0.82246 0.42329 0.07853
0 0.11116 0.87551 0.38844 0.08103
0 0.09384 0.92856 0.41502 0.07337
0 0.30239 0.14609 0.4246 0.07647
0 0.28158 0.20444 0.40093 0.07434
0 0.32343 0.26280 0.41376 0.08688
0 0.34692 0.32115 0.3881 0.07571
0 0.29463 0.37951 0.40558 0.08148
0 0.32989 0.43786 0.43323 0.08707
0 0.28567 0.49622 0.38954 0.07786
0 0.307 0.55457 0.43683 0.08447
0 0.33825 0.61293 0.43035 0.08392
0 0.28708 0.67129 0.37632 0.07996
0 0.30586 0.72964 0.41566 0.08524
0 0.29055 0.78800 0.39725 0.07333
0 0.33147 0.84635 0.4312 0.07661
0 0.29742 0.90471 0.39358 0.08274
0 0.33339 0.96306 0.43479 0.08283
0 0.52714 0.13281 0.44217 0.07788
0 0.53221 0.18586 0.41355 0.07329
0 0.49812 0.23891 0.42037 0.0831
0 0.59696 0.29196 0.41817 0.08646
0 0.57094 0.34501 0.42164 0.08482
0 0.60047 0.39806 0.38235 0.08012
0 0.54352 0.45111 0.38324 0.08395
0 0.5758 0.50416 0.38349 0.07824
0 0.60174 0.55721 0.43013 0.07947
0 0.50807 0.61026 0.40176 0.07595
0 0.53798 0.66331 0.37734 0.08283
0 0.5592 0.71636 0.39142 0.08491
0 0.51799 0.76941 0.42761 0.0821
0 0.47454 0.82246 0.42922 0.08527
0 0.47385 0.87551 0.4079 0.07869
0 0.48013 0.92856 0.42858 0.07491
0 0.67649 0.11953 0.40058 0.08669
0 0.73491 0.16727 0.41406 0.0768
0 0.69376 0.21502 0.4034 0.07478
0 0.79382 0.26276 0.4037 0.08142
0 0.74778 0.31051 0.44251 0.08691
0 0.7849 0.35825 0.39297 0.08067
0 0.75176 0.40600 0.40091 0.07946
0 0.71709 0.45374 0.41523 0.07689
0 0.77196 0.50149 0.37232 0.07797
0 0.8104 0.54923 0.42619 0.07911
0 0.74429 0.59698 0.43292 0.07627
0 0.82254 0.64472 0.43778 0.07706
0 0.66902 0.69247 0.38073 0.07571
0 0.79111 0.74021 0.37258 0.08405
0 0.73182 0.78796 0.40202 0.07302
0 0.69555 0.83571 0.42801 0.082
0 0.98683 0.13281 0.37314 0.0821
0 0.98722 0.18586 0.38825 0.0849
0 0.9158 0.34501 0.40231 0.08134
0 0.82208 0.39806 0.38206 0.07715
0 0.8817 0.55721 0.37575 0.0821
0 0.89266 0.66331 0.39529 0.08391
0 0.89166 0.71636 0.42096 0.07309
0 0.95178 0.76941 0.43619 0.08112
0 0.98338 0.82246 0.37684 0.08328
0 0.87106 0.87551 0.4425 0.07793