0 0.09568 0.13281 0.37384 0.07559
0 0.11303 0.18586 0.37336 0.08394
0 0.1107 0.23891 0.37224 0.07786
0 0.11833 0.29196 0.37916 0.0794
0 0.09365 0.34501 0.43175 0.08619
0 0.09699 0.39806 0.39076 0.07592
0 0.10628 0.45111 0.3789 0.07728
0 0.09832 0.50416 0.41878 0.08709
0 0.10298 0.55721 0.38227 0.07973
0 0.10843 0.61026 0.43538 0.08642
0 0.10178 0.66331 0.39987 0.07722
0 0.12073 0.71636 0.39888 0.08062
0 0.09377 0.76941 0.41392 0.08466
0 0.10721 0.82246 0.38218 0.08047
0 0.10714 0.87551 0.42259 0.07367
0 0.10563 0.92856 0.36967 0.08601
0 0.28586 0.14609 0.43844 0.07741
0 0.28584 0.20444 0.41222 0.08108
0 0.32724 0.26280 0.38816 0.08521
0 0.33235 0.32115 0.38019 0.0861
0 0.33908 0.37951 0.42594 0.08686
0 0.31409 0.43786 0.42365 0.0851
0 0.31684 0.49622 0.37761 0.07835
0 0.29034 0.55457 0.3914 0.08318
0 0.32407 0.61293 0.38286 0.07656
0 0.29505 0.67129 0.41302 0.08358
0 0.36091 0.72964 0.39596 0.08418
0 0.28844 0.78800 0.38206 0.0748
0 0.32912 0.84635 0.3867 0.08746
0 0.28304 0.90471 0.38888 0.07875
0 0.30279 0.96306 0.3929 0.08459
0 0.54868 0.13281 0.37331 0.07498
0 0.48316 0.18586 0.44189 0.07732
0 0.59301 0.23891 0.37668 0.08651
0 0.48445 0.29196 0.43252 0.08694
0 0.55759 0.34501 0.37163 0.08138
0 0.51324 0.39806 0.4416 0.0862
0 0.51093 0.45111 0.37808 0.07381
0 0.59373 0.50416 0.37119 0.08461
0 0.58721 0.55721 0.38781 0.07724
0 0.54124 0.61026 0.40153 0.07796
0 0.47715 0.66331 0.41815 0.07478
0 0.58945 0.71636 0.38466 0.08539
0 0.58707 0.76941 0.39195 0.08228
0 0.55128 0.82246 0.373 0.07732
0 0.57158 0.87551 0.41969 0.08274
0 0.48845 0.92856 0.40033 0.07827
0 0.71875 0.11953 0.37034 0.08685
0 0.79776 0.16727 0.43861 0.07298
0 0.66357 0.21502 0.39997 0.08074
0 0.70518 0.26276 0.36908 0.07624
0 0.76364 0.31051 0.42353 0.07685
0 0.64925 0.35825 0.40959 0.08476
0 0.70817 0.40600 0.43233 0.08281
0 0.83579 0.45374 0.44162 0.07899
0 0.65888 0.50149 0.37819 0.07845
0 0.72218 0.54923 0.37366 0.07477
0 0.75619 0.59698 0.37909 0.08207
0 0.82993 0.64472 0.39806 0.0867
0 0.83266 0.69247 0.37384 0.08703
0 0.83505 0.74021 0.3717 0.07818
0 0.84449 0.78796 0.38244 0.0871
0 0.81056 0.83571 0.40832 0.08709
0 0.88315 0.13281 0.43682 0.07859
0 0.93027 0.18586 0.40293 0.08295
0 0.82487 0.23891 0.38835 0.08736
0 0.83876 0.34501 0.36912 0.0839
0 0.80764 0.39806 0.40418 0.07535
0 0.80862 0.45111 0.40949 0.08462
0 0.86925 0.50416 0.40665 0.08238
0 0.92653 0.55721 0.42612 0.07674
0 0.81394 0.61026 0.40326 0.07842
0 0.93698 0.66331 0.38773 0.07973
0 0.90563 0.71636 0.39299 0.07763
0 0.90714 0.76941 0.42714 0.0733
0 0.86023 0.82246 0.397 0.07593
0 0.91652 0.87551 0.42049 0.08622
0 0.97775 0.92856 0.41529 0.07393