0 0.09623 0.13281 0.37015 0.07525
0 0.11577 0.18586 0.39591 0.08405
0 0.10553 0.23891 0.38498 0.07991
0 0.11935 0.29196 0.38912 0.08063
0 0.09272 0.34501 0.41299 0.07663
0 0.11055 0.39806 0.37403 0.07445
0 0.10985 0.45111 0.40271 0.08006
0 0.10012 0.50416 0.41506 0.07592
0 0.11659 0.55721 0.39054 0.07447
0 0.11112 0.61026 0.3872 0.08329
0 0.11957 0.66331 0.42742 0.0752
0 0.11869 0.71636 0.44244 0.08569
0 0.11754 0.76941 0.36973 0.07779
0 0.09639 0.82246 0.43534 0.08564
0 0.09672 0.87551 0.37167 0.07769
0 0.09827 0.92856 0.43898 0.07991
0 0.30755 0.14609 0.43101 0.08
0 0.34218 0.20444 0.38189 0.08113
0 0.36124 0.26280 0.43637 0.08389
0 0.27852 0.32115 0.37842 0.07408
0 0.29198 0.37951 0.38973 0.08536
0 0.32392 0.43786 0.37923 0.0862
0 0.3334 0.49622 0.43514 0.07568
0 0.34468 0.55457 0.3848 0.07772
0 0.27958 0.61293 0.40673 0.08451
0 0.27856 0.67129 0.42872 0.07316
0 0.31697 0.72964 0.41321 0.07823
0 0.28393 0.78800 0.39004 0.07535
0 0.3448 0.84635 0.38826 0.08485
0 0.28458 0.90471 0.36913 0.08117
0 0.29572 0.96306 0.38067 0.08283
0 0.57815 0.13281 0.42837 0.07971
0 0.56688 0.18586 0.38662 0.08541
0 0.50274 0.23891 0.37428 0.08195
0 0.55079 0.29196 0.44243 0.07462
0 0.56247 0.34501 0.38194 0.07675
0 0.49981 0.39806 0.39644 0.0837
0 0.53793 0.45111 0.39455 0.08396
0 0.50307 0.50416 0.39309 0.08206
0 0.46281 0.55721 0.4422 0.07895
0 0.53661 0.61026 0.44176 0.07817
0 0.50619 0.66331 0.40845 0.08058
0 0.53815 0.71636 0.40572 0.08484
0 0.52449 0.76941 0.37622 0.08198
0 0.49077 0.82246 0.4296 0.0786
0 0.55072 0.87551 0.38638 0.08257
0 0.5928 0.92856 0.39705 0.08688
0 0.68559 0.11953 0.38782 0.08241
0 0.76925 0.16727 0.43279 0.08261
0 0.70231 0.21502 0.38006 0.07878
0 0.69001 0.26276 0.41051 0.08404
0 0.76627 0.31051 0.37809 0.0747
0 0.82563 0.35825 0.38913 0.08725
0 0.7296 0.40600 0.40805 0.08622
0 0.75598 0.45374 0.37393 0.08162
0 0.8199 0.50149 0.38566 0.0855
0 0.80829 0.54923 0.43504 0.07389
0 0.67981 0.59698 0.40626 0.08529
0 0.80101 0.64472 0.36986 0.08332
0 0.64971 0.69247 0.3995 0.08152
0 0.82435 0.74021 0.38859 0.08222
0 0.65248 0.78796 0.41996 0.08588
0 0.71152 0.83571 0.37244 0.07699
0 0.81399 0.13281 0.43704 0.08005
0 0.91706 0.34501 0.41363 0.07811
0 0.96973 0.39806 0.42511 0.08115
0 0.84494 0.50416 0.37892 0.07955
0 0.90287 0.55721 0.38839 0.08648
0 0.96424 0.66331 0.39568 0.0785
0 0.82978 0.71636 0.43575 0.08262
0 0.80637 0.82246 0.43344 0.08598
0 0.87984 0.87551 0.39164 0.07733