0 0.09936 0.13281 0.41302 0.08652
0 0.09813 0.18586 0.41568 0.07492
0 0.09598 0.23891 0.40888 0.08
0 0.10393 0.29196 0.43172 0.08341
0 0.09863 0.34501 0.37309 0.07828
0 0.09549 0.39806 0.41187 0.07448
0 0.10704 0.45111 0.40944 0.07932
0 0.10691 0.50416 0.42464 0.08567
0 0.10166 0.55721 0.43158 0.08069
0 0.10227 0.61026 0.37655 0.08646
0 0.0931 0.66331 0.3959 0.08554
0 0.09682 0.71636 0.40534 0.07935
0 0.10511 0.76941 0.419 0.07523
0 0.10746 0.82246 0.41902 0.08326
0 0.10741 0.87551 0.43053 0.07728
0 0.09289 0.92856 0.42652 0.07957
0 0.27908 0.14609 0.41887 0.0772
0 0.32574 0.20444 0.44114 0.07522
0 0.30893 0.26280 0.41389 0.08413
0 0.30187 0.32115 0.38244 0.07446
0 0.32884 0.37951 0.38441 0.07497
0 0.29455 0.43786 0.39048 0.07386
0 0.28479 0.49622 0.40287 0.07531
0 0.30488 0.55457 0.42156 0.08355
0 0.3422 0.61293 0.36907 0.07867
0 0.35599 0.67129 0.442 0.07904
0 0.35549 0.72964 0.39135 0.08133
0 0.32327 0.78800 0.38888 0.08433
0 0.31157 0.84635 0.40279 0.08739
0 0.30567 0.90471 0.38178 0.07862
0 0.32535 0.96306 0.40494 0.07495
0 0.57453 0.13281 0.38788 0.07893
0 0.51053 0.18586 0.42935 0.08379
0 0.47098 0.23891 0.39002 0.08564
0 0.57296 0.29196 0.42396 0.08396
0 0.50228 0.34501 0.42592 0.07678
0 0.54408 0.39806 0.38776 0.08672
0 0.47801 0.45111 0.37918 0.08503
0 0.58949 0.50416 0.40867 0.07548
0 0.51049 0.55721 0.36886 0.07904
0 0.48449 0.61026 0.38612 0.07626
0 0.57953 0.66331 0.43267 0.08237
0 0.5028 0.71636 0.39939 0.08399
0 0.56382 0.76941 0.42464 0.08209
0 0.58666 0.82246 0.39978 0.08408
0 0.53395 0.87551 0.38006 0.08286
0 0.56813 0.92856 0.39455 0.08181
0 0.68202 0.11953 0.39885 0.08105
0 0.69953 0.16727 0.44168 0.07794
0 0.78163 0.21502 0.41551 0.0815
0 0.78652 0.26276 0.4229 0.07704
0 0.77069 0.31051 0.36914 0.08623
0 0.74652 0.35825 0.41915 0.08663
0 0.73634 0.40600 0.42775 0.0873
0 0.6912 0.45374 0.3787 0.08009
0 0.71588 0.50149 0.42235 0.08121
0 0.69923 0.54923 0.43261 0.08646
0 0.7099 0.59698 0.3793 0.07504
0 0.6551 0.64472 0.40222 0.07697
0 0.77581 0.69247 0.40286 0.08519
0 0.67023 0.74021 0.37007 0.08171
0 0.6999 0.78796 0.40255 0.0812
0 0.81986 0.83571 0.38376 0.07574
0 0.86531 0.13281 0.36954 0.0806
0 0.903 0.18586 0.43598 0.08444
0 0.81809 0.23891 0.42524 0.08474
0 0.83087 0.29196 0.43759 0.0766
0 0.90189 0.34501 0.39626 0.07685
0 0.89601 0.39806 0.4001 0.08598
0 0.86944 0.50416 0.42163 0.07699
0 0.87939 0.55721 0.43363 0.0858
0 0.96975 0.61026 0.40123 0.07819
0 0.90424 0.66331 0.42372 0.0755
0 0.93561 0.71636 0.42404 0.08546
0 0.83004 0.82246 0.43984 0.08075
0 0.82393 0.87551 0.44234 0.07488
0 0.99305 0.92856 0.40657 0.07664