0 0.11509 0.13281 0.40378 0.08575
0 0.09866 0.18586 0.38327 0.07961
0 0.11017 0.23891 0.39725 0.08176
0 0.09769 0.29196 0.39917 0.07481
0 0.10565 0.34501 0.44248 0.08021
0 0.11973 0.39806 0.40804 0.07754
0 0.09898 0.45111 0.39462 0.0783
0 0.11003 0.50416 0.37795 0.07335
0 0.09578 0.55721 0.37855 0.08207
0 0.09395 0.61026 0.41185 0.0859
0 0.11452 0.66331 0.43703 0.0807
0 0.11549 0.71636 0.43848 0.07905
0 0.10646 0.76941 0.41797 0.07368
0 0.09933 0.82246 0.43076 0.08727
0 0.11011 0.87551 0.40388 0.08659
0 0.09707 0.92856 0.44145 0.07368
0 0.35092 0.14609 0.40479 0.07811
0 0.28066 0.20444 0.43559 0.08558
0 0.28552 0.26280 0.37789 0.07357
0 0.35321 0.32115 0.37015 0.07403
0 0.28579 0.37951 0.38573 0.07426
0 0.34486 0.43786 0.43821 0.07434
0 0.28979 0.49622 0.38701 0.08555
0 0.31986 0.55457 0.37446 0.0832
0 0.31382 0.61293 0.44148 0.08418
0 0.2798 0.67129 0.38706 0.08191
0 0.30654 0.72964 0.37081 0.0784
0 0.34331 0.78800 0.43439 0.08469
0 0.35182 0.84635 0.43706 0.07577
0 0.28684 0.90471 0.41295 0.07435
0 0.31316 0.96306 0.39227 0.08327
0 0.59311 0.13281 0.39175 0.0818
0 0.51246 0.18586 0.43478 0.08085
0 0.52534 0.23891 0.3766 0.07744
0 0.52371 0.29196 0.42347 0.0869
0 0.60298 0.34501 0.42892 0.08541
0 0.55154 0.39806 0.43541 0.07834
0 0.50874 0.45111 0.42747 0.08726
0 0.54018 0.50416 0.41237 0.08359
0 0.55991 0.55721 0.40801 0.0823
0 0.48979 0.61026 0.37684 0.07779
0 0.50721 0.66331 0.39758 0.07653
0 0.55147 0.71636 0.40368 0.07721
0 0.51295 0.76941 0.38095 0.08439
0 0.59672 0.82246 0.37722 0.08591
0 0.5306 0.87551 0.41511 0.08272
0 0.56767 0.92856 0.43719 0.07543
0 0.72615 0.11953 0.42763 0.08496
0 0.65505 0.16727 0.39978 0.08005
0 0.73308 0.21502 0.37231 0.08478
0 0.84297 0.26276 0.38043 0.07646
0 0.76541 0.31051 0.41043 0.07535
0 0.7514 0.35825 0.42336 0.07561
0 0.77085 0.40600 0.40087 0.08682
0 0.7761 0.45374 0.37312 0.07525
0 0.76881 0.50149 0.41844 0.07747
0 0.73502 0.54923 0.38951 0.0867
0 0.71388 0.59698 0.44239 0.08312
0 0.749 0.64472 0.39044 0.07393
0 0.81889 0.69247 0.4353 0.07412
0 0.83435 0.74021 0.3805 0.08497
0 0.65563 0.78796 0.43869 0.08033
0 0.76631 0.83571 0.4293 0.08397
0 0.86004 0.23891 0.39951 0.07398
0 0.87838 0.29196 0.41237 0.07559
0 0.83938 0.34501 0.4307 0.07935
0 0.85986 0.45111 0.40494 0.0856
0 0.88196 0.50416 0.41716 0.07789
0 0.91576 0.55721 0.41004 0.07495
0 0.87657 0.61026 0.39727 0.07418
0 0.9181 0.66331 0.43016 0.07698
0 0.81156 0.71636 0.3798 0.07654
0 0.88859 0.76941 0.43654 0.08096
0 0.85661 0.82246 0.43475 0.07571
0 0.8186 0.87551 0.42095 0.07882
0 0.93082 0.92856 0.43617 0.07443