0 0.11536 0.13281 0.38815 0.08541
0 0.09446 0.18586 0.38796 0.08747
0 0.10978 0.23891 0.3703 0.08389
0 0.10737 0.29196 0.38377 0.08525
0 0.11644 0.34501 0.42565 0.0875
0 0.0971 0.39806 0.39581 0.08548
0 0.09498 0.45111 0.37483 0.07966
0 0.10987 0.50416 0.41891 0.08198
0 0.10677 0.55721 0.38761 0.08012
0 0.10561 0.61026 0.44099 0.08249
0 0.09726 0.66331 0.38431 0.08685
0 0.10778 0.71636 0.39818 0.08359
0 0.09718 0.76941 0.42163 0.08601
0 0.1097 0.82246 0.37124 0.07847
0 0.11455 0.87551 0.44033 0.07656
0 0.09988 0.92856 0.41138 0.07928
0 0.2842 0.14609 0.37393 0.07886
0 0.34852 0.20444 0.41223 0.08298
0 0.35665 0.26280 0.412 0.08612
0 0.32544 0.32115 0.39669 0.08483
0 0.29279 0.37951 0.4239 0.0778
0 0.32937 0.43786 0.41333 0.07346
0 0.35943 0.49622 0.44056 0.07416
0 0.34792 0.55457 0.40735 0.07834
0 0.27948 0.61293 0.4189 0.07929
0 0.35917 0.67129 0.42081 0.08193
0 0.33818 0.72964 0.4206 0.08665
0 0.30125 0.78800 0.37402 0.08397
0 0.33159 0.84635 0.42102 0.08176
0 0.30917 0.90471 0.39986 0.08446
0 0.3114 0.96306 0.41462 0.08222
0 0.48064 0.13281 0.37359 0.07826
0 0.59143 0.18586 0.40839 0.08372
0 0.52382 0.23891 0.43162 0.07878
0 0.49491 0.29196 0.39189 0.08224
0 0.48161 0.34501 0.38109 0.07329
0 0.50946 0.39806 0.42723 0.07923
0 0.49251 0.45111 0.38121 0.08441
0 0.56941 0.50416 0.39562 0.07727
0 0.46535 0.55721 0.38103 0.07299
0 0.54479 0.61026 0.38233 0.07565
0 0.53552 0.66331 0.39637 0.07492
0 0.47142 0.71636 0.40857 0.08156
0 0.59022 0.76941 0.4306 0.07968
0 0.47844 0.82246 0.42812 0.08214
0 0.5956 0.87551 0.42148 0.07542
0 0.47882 0.92856 0.38338 0.07841
0 0.72745 0.11953 0.40875 0.07777
0 0.79479 0.16727 0.43014 0.07757
0 0.78114 0.21502 0.3741 0.07369
0 0.83455 0.26276 0.40752 0.08207
0 0.77711 0.31051 0.41712 0.08206
0 0.78863 0.35825 0.41252 0.08232
0 0.78379 0.40600 0.36995 0.07872
0 0.79787 0.45374 0.43484 0.07307
0 0.69928 0.50149 0.43034 0.08438
0 0.66854 0.54923 0.41887 0.07568
0 0.77795 0.59698 0.43226 0.07973
0 0.72887 0.64472 0.36921 0.07716
0 0.67898 0.69247 0.40045 0.08697
0 0.72438 0.74021 0.41542 0.0874
0 0.68196 0.78796 0.41905 0.07416
0 0.66241 0.83571 0.38428 0.08383
0 0.89377 0.13281 0.38602 0.08561
0 0.92658 0.18586 0.44177 0.08524
0 0.80596 0.29196 0.4126 0.08545
0 0.88597 0.34501 0.42454 0.07575
0 0.9423 0.45111 0.43907 0.08136
0 0.90565 0.50416 0.40549 0.07483
0 0.91784 0.55721 0.39873 0.0854
0 0.85061 0.61026 0.39165 0.08469
0 0.97845 0.66331 0.41527 0.07613
0 0.95327 0.71636 0.39686 0.08739
0 0.89851 0.76941 0.42455 0.08038
0 0.85624 0.92856 0.40029 0.08502