0 0.11827 0.13281 0.41623 0.07481
0 0.09547 0.18586 0.38836 0.08104
0 0.12016 0.23891 0.42371 0.07546
0 0.10905 0.29196 0.37848 0.0817
0 0.0983 0.34501 0.39469 0.07809
0 0.11913 0.39806 0.42333 0.0781
0 0.11012 0.45111 0.39476 0.08173
0 0.10603 0.50416 0.37219 0.08598
0 0.11575 0.55721 0.39633 0.08082
0 0.12034 0.61026 0.3705 0.08431
0 0.09933 0.66331 0.42671 0.07911
0 0.09287 0.71636 0.39437 0.07463
0 0.10412 0.76941 0.39557 0.07958
0 0.09985 0.82246 0.41748 0.07732
0 0.10806 0.87551 0.41635 0.07397
0 0.11691 0.92856 0.3905 0.07966
0 0.35109 0.14609 0.39849 0.08582
0 0.30593 0.20444 0.3924 0.08155
0 0.31917 0.26280 0.39852 0.07871
0 0.35282 0.32115 0.41273 0.0864
0 0.34019 0.37951 0.37061 0.07421
0 0.29247 0.43786 0.36881 0.07449
0 0.32928 0.49622 0.39664 0.08277
0 0.31976 0.55457 0.40519 0.07437
0 0.33438 0.61293 0.41087 0.07917
0 0.35483 0.67129 0.42637 0.07585
0 0.33292 0.72964 0.42638 0.08584
0 0.29369 0.78800 0.42011 0.07459
0 0.29473 0.84635 0.43707 0.08663
0 0.32009 0.90471 0.37079 0.07375
0 0.33152 0.96306 0.37684 0.07658
0 0.50349 0.13281 0.40951 0.07788
0 0.53454 0.18586 0.41458 0.0866
0 0.5559 0.23891 0.36896 0.07354
0 0.4817 0.29196 0.41732 0.0781
0 0.56118 0.34501 0.40933 0.07628
0 0.48663 0.39806 0.41224 0.08289
0 0.47162 0.45111 0.42188 0.07963
0 0.49625 0.50416 0.38582 0.08379
0 0.55417 0.55721 0.44156 0.07957
0 0.48297 0.61026 0.41486 0.07535
0 0.58578 0.66331 0.37143 0.07723
0 0.51161 0.71636 0.40097 0.08002
0 0.53049 0.76941 0.40762 0.07884
0 0.55668 0.82246 0.44118 0.08306
0 0.48044 0.87551 0.42542 0.08405
0 0.56752 0.92856 0.43691 0.07754
0 0.80013 0.11953 0.43637 0.07964
0 0.67417 0.16727 0.40506 0.08468
0 0.66946 0.21502 0.3997 0.08572
0 0.65334 0.26276 0.4123 0.0829
0 0.65236 0.31051 0.43112 0.08007
0 0.72778 0.35825 0.4059 0.07477
0 0.75844 0.40600 0.37807 0.08707
0 0.67731 0.45374 0.42378 0.08558
0 0.79901 0.50149 0.37429 0.0817
0 0.68236 0.54923 0.43555 0.0872
0 0.70617 0.59698 0.44096 0.0743
0 0.83157 0.64472 0.41506 0.07393
0 0.84252 0.69247 0.41265 0.07619
0 0.82719 0.74021 0.38565 0.0788
0 0.75346 0.78796 0.42398 0.08022
0 0.72948 0.83571 0.38463 0.08453
0 0.91123 0.13281 0.43783 0.0734
0 0.81288 0.18586 0.37262 0.08586
0 0.85348 0.23891 0.37773 0.074
0 0.92054 0.29196 0.37627 0.0737
0 0.95035 0.45111 0.38602 0.07716
0 0.80081 0.50416 0.40512 0.08188
0 0.95435 0.55721 0.41386 0.08515
0 0.82735 0.61026 0.43757 0.08468
0 0.81977 0.66331 0.43518 0.08638
0 0.86052 0.71636 0.43133 0.07553
0 0.88795 0.76941 0.43296 0.0734
0 0.82402 0.82246 0.40808 0.08645
0 0.96357 0.87551 0.40123 0.08262
0 0.91497 0.92856 0.39859 0.07446