0 0.09625 0.13281 0.3831 0.07751
0 0.09515 0.18586 0.38359 0.08484
0 0.11622 0.23891 0.37879 0.08306
0 0.11724 0.29196 0.41325 0.08019
0 0.11252 0.34501 0.43689 0.07397
0 0.10338 0.39806 0.3823 0.07865
0 0.10858 0.45111 0.37648 0.07941
0 0.09972 0.50416 0.37575 0.07603
0 0.09616 0.55721 0.41658 0.07638
0 0.0993 0.61026 0.4112 0.07461
0 0.10946 0.66331 0.43197 0.07434
0 0.10184 0.71636 0.4179 0.07602
0 0.09541 0.76941 0.37716 0.0731
0 0.0986 0.82246 0.43001 0.08292
0 0.11054 0.87551 0.41508 0.08282
0 0.10938 0.92856 0.37783 0.07756
0 0.33268 0.14609 0.3882 0.08451
0 0.30808 0.20444 0.38149 0.07532
0 0.30725 0.26280 0.43695 0.08156
0 0.31419 0.32115 0.40445 0.07972
0 0.3041 0.37951 0.41845 0.07841
0 0.29404 0.43786 0.4132 0.08101
0 0.28762 0.49622 0.37976 0.07852
0 0.31905 0.55457 0.41408 0.0795
0 0.34881 0.61293 0.42346 0.07767
0 0.2949 0.67129 0.42179 0.07635
0 0.27997 0.72964 0.43158 0.07821
0 0.3086 0.78800 0.37894 0.07432
0 0.36048 0.84635 0.43711 0.07647
0 0.28486 0.90471 0.39514 0.07615
0 0.33627 0.96306 0.42532 0.07812
0 0.60237 0.13281 0.44026 0.07912
0 0.59098 0.18586 0.44199 0.08274
0 0.46731 0.23891 0.40159 0.0773
0 0.57702 0.29196 0.3745 0.08669
0 0.47106 0.34501 0.38569 0.07995
0 0.50082 0.39806 0.3741 0.08099
0 0.55829 0.45111 0.40269 0.08684
0 0.46411 0.50416 0.39649 0.08648
0 0.60194 0.55721 0.40365 0.07686
0 0.58714 0.61026 0.43961 0.08031
0 0.46692 0.66331 0.3983 0.07862
0 0.55221 0.71636 0.42742 0.07354
0 0.53033 0.76941 0.42071 0.08202
0 0.54293 0.82246 0.41873 0.07472
0 0.5975 0.87551 0.42196 0.0852
0 0.57279 0.92856 0.41174 0.08177
0 0.80738 0.11953 0.43715 0.07456
0 0.68066 0.16727 0.36916 0.07711
0 0.83968 0.21502 0.42826 0.08083
0 0.80975 0.26276 0.40552 0.08272
0 0.7071 0.31051 0.42746 0.07589
0 0.67586 0.35825 0.43398 0.08322
0 0.73832 0.40600 0.43672 0.08559
0 0.80937 0.45374 0.39593 0.07932
0 0.73605 0.50149 0.38115 0.07357
0 0.83497 0.54923 0.36883 0.079
0 0.82647 0.59698 0.41079 0.07873
0 0.6545 0.64472 0.43883 0.07572
0 0.67093 0.69247 0.41211 0.08301
0 0.80833 0.74021 0.37368 0.08153
0 0.70573 0.78796 0.39893 0.08614
0 0.68072 0.83571 0.39741 0.07616
0 0.87882 0.13281 0.39746 0.07866
0 0.81813 0.18586 0.37061 0.0754
0 0.89724 0.34501 0.43559 0.08028
0 0.99523 0.39806 0.43441 0.08729
0 0.96126 0.45111 0.42024 0.0787
0 0.83693 0.50416 0.43368 0.07605
0 0.93892 0.55721 0.37937 0.07508
0 0.90318 0.66331 0.4399 0.07507
0 0.969 0.71636 0.41661 0.07839
0 0.93175 0.76941 0.40037 0.08079
0 0.89901 0.82246 0.39376 0.0806
0 0.91231 0.87551 0.36936 0.07476