0 0.10561 0.13281 0.38737 0.07623
0 0.10983 0.18586 0.40836 0.07895
0 0.10509 0.23891 0.41755 0.08272
0 0.10672 0.29196 0.38819 0.07356
0 0.11222 0.34501 0.43015 0.07626
0 0.10221 0.39806 0.44201 0.08118
0 0.11022 0.45111 0.4276 0.07832
0 0.09482 0.50416 0.43623 0.085
0 0.11461 0.55721 0.39997 0.08479
0 0.10902 0.61026 0.3713 0.08127
0 0.11127 0.66331 0.3762 0.07708
0 0.10559 0.71636 0.41399 0.0751
0 0.1086 0.76941 0.39435 0.08496
0 0.11358 0.82246 0.396 0.08295
0 0.10049 0.87551 0.3918 0.08309
0 0.10205 0.92856 0.43327 0.08033
0 0.33535 0.14609 0.41242 0.08651
0 0.30982 0.20444 0.40026 0.07579
0 0.31196 0.26280 0.41012 0.08121
0 0.28978 0.32115 0.37823 0.07874
0 0.30254 0.37951 0.42053 0.0828
0 0.32236 0.43786 0.43594 0.07524
0 0.29155 0.49622 0.37575 0.08182
0 0.3401 0.55457 0.39147 0.08378
0 0.29309 0.61293 0.37776 0.08223
0 0.30223 0.67129 0.39385 0.08375
0 0.35302 0.72964 0.43945 0.07798
0 0.27861 0.78800 0.37461 0.08139
0 0.34235 0.84635 0.40568 0.08324
0 0.29438 0.90471 0.39963 0.08629
0 0.31532 0.96306 0.43196 0.07596
0 0.54436 0.13281 0.42044 0.0832
0 0.51934 0.18586 0.38548 0.08326
0 0.49941 0.23891 0.37852 0.08046
0 0.5398 0.29196 0.39036 0.08042
0 0.59122 0.34501 0.39495 0.08258
0 0.5812 0.39806 0.42094 0.0762
0 0.54495 0.45111 0.43348 0.07416
0 0.53929 0.50416 0.41928 0.08156
0 0.55945 0.55721 0.37985 0.07614
0 0.5453 0.61026 0.40398 0.08115
0 0.55801 0.66331 0.40034 0.07408
0 0.57387 0.71636 0.40612 0.08373
0 0.48107 0.76941 0.42762 0.08288
0 0.53513 0.82246 0.40803 0.07787
0 0.46739 0.87551 0.43474 0.074
0 0.49954 0.92856 0.40049 0.08007
0 0.78633 0.11953 0.37502 0.0787
0 0.75881 0.16727 0.39933 0.084
0 0.81564 0.21502 0.38605 0.08141
0 0.73541 0.26276 0.396 0.08231
0 0.67691 0.31051 0.37852 0.08463
0 0.75013 0.35825 0.42273 0.08478
0 0.78398 0.40600 0.42819 0.07797
0 0.79901 0.45374 0.39637 0.07391
0 0.79606 0.50149 0.42796 0.07757
0 0.81525 0.54923 0.4111 0.08199
0 0.78853 0.59698 0.42343 0.08248
0 0.66298 0.64472 0.40805 0.08443
0 0.77478 0.69247 0.43684 0.07996
0 0.67964 0.74021 0.37397 0.08564
0 0.75962 0.78796 0.42311 0.08729
0 0.65073 0.83571 0.40426 0.08484
0 0.97881 0.18586 0.43246 0.08504
0 0.80475 0.23891 0.44244 0.08733
0 0.89031 0.29196 0.37199 0.08055
0 0.93262 0.34501 0.41218 0.08372
0 0.9475 0.39806 0.40514 0.07425
0 0.99199 0.45111 0.42265 0.08065
0 0.92044 0.50416 0.42591 0.08477
0 0.80124 0.55721 0.40512 0.07435
0 0.90812 0.61026 0.3703 0.0781
0 0.95479 0.71636 0.40532 0.08747
0 0.95242 0.87551 0.43073 0.07549
0 0.96144 0.92856 0.3899 0.07542