0 0.09423 0.13281 0.3886 0.07317
0 0.11157 0.18586 0.3785 0.07345
0 0.11004 0.23891 0.41757 0.08587
0 0.10192 0.29196 0.39555 0.07473
0 0.09886 0.34501 0.42293 0.08016
0 0.10934 0.39806 0.39221 0.07956
0 0.11718 0.45111 0.43951 0.08076
0 0.11602 0.50416 0.40599 0.08282
0 0.09552 0.55721 0.38429 0.07812
0 0.11382 0.61026 0.43394 0.08411
0 0.09374 0.66331 0.40887 0.08674
0 0.10724 0.71636 0.3875 0.0778
0 0.11183 0.76941 0.38507 0.07307
0 0.10929 0.82246 0.42004 0.07447
0 0.10303 0.87551 0.37153 0.08185
0 0.10722 0.92856 0.38967 0.0808
0 0.32353 0.14609 0.37637 0.07632
0 0.35692 0.20444 0.4095 0.08538
0 0.3166 0.26280 0.36939 0.08144
0 0.29839 0.32115 0.40268 0.07676
0 0.32602 0.37951 0.43891 0.08093
0 0.32332 0.43786 0.38023 0.08045
0 0.29997 0.49622 0.44024 0.08187
0 0.28865 0.55457 0.42981 0.07594
0 0.3053 0.61293 0.37496 0.08742
0 0.34138 0.67129 0.41082 0.07744
0 0.32512 0.72964 0.37312 0.07739
0 0.29678 0.78800 0.40972 0.08576
0 0.3598 0.84635 0.38604 0.07378
0 0.31718 0.90471 0.40293 0.08098
0 0.31876 0.96306 0.43559 0.07504
0 0.56217 0.13281 0.42121 0.0852
0 0.57791 0.18586 0.39374 0.07831
0 0.51323 0.23891 0.44251 0.07513
0 0.58351 0.29196 0.44044 0.08369
0 0.59222 0.34501 0.40597 0.08685
0 0.47414 0.39806 0.42263 0.07535
0 0.5419 0.45111 0.42889 0.07593
0 0.51488 0.50416 0.37796 0.07361
0 0.53864 0.55721 0.37918 0.08175
0 0.58735 0.61026 0.4389 0.07843
0 0.47651 0.66331 0.41997 0.07303
0 0.52668 0.71636 0.39102 0.08604
0 0.57464 0.76941 0.37386 0.08503
0 0.54207 0.82246 0.41428 0.0855
0 0.52975 0.87551 0.41318 0.0831
0 0.50584 0.92856 0.44211 0.0829
0 0.67528 0.11953 0.3753 0.07361
0 0.78261 0.16727 0.37506 0.08582
0 0.65972 0.21502 0.37593 0.08319
0 0.84392 0.26276 0.41588 0.07656
0 0.82987 0.31051 0.40947 0.07969
0 0.66918 0.35825 0.43332 0.07561
0 0.73215 0.40600 0.38421 0.07843
0 0.82029 0.45374 0.39745 0.08171
0 0.77225 0.50149 0.43287 0.08528
0 0.76681 0.54923 0.38394 0.07732
0 0.77447 0.59698 0.42163 0.0739
0 0.71206 0.64472 0.38315 0.08513
0 0.67162 0.69247 0.40561 0.08378
0 0.82203 0.74021 0.43034 0.07368
0 0.76575 0.78796 0.41917 0.08193
0 0.82788 0.83571 0.38576 0.07983
0 0.85666 0.13281 0.37026 0.07528
0 0.8247 0.18586 0.39717 0.08041
0 0.93454 0.23891 0.38775 0.07914
0 0.88718 0.29196 0.37404 0.07685
0 0.91979 0.39806 0.43562 0.08738
0 0.81915 0.45111 0.41026 0.07589
0 0.97706 0.50416 0.43583 0.08573
0 0.94008 0.55721 0.43507 0.07392
0 0.92986 0.61026 0.42406 0.08078
0 0.89436 0.66331 0.40872 0.07809
0 0.96241 0.71636 0.40811 0.07647
0 0.87026 0.76941 0.41405 0.08437
0 0.80224 0.82246 0.4023 0.08113
0 0.96094 0.87551 0.37746 0.07796
0 0.97558 0.92856 0.40773 0.08588