0 0.102 0.13281 0.43614 0.08139
0 0.09398 0.18586 0.39589 0.08067
0 0.09565 0.23891 0.37721 0.07705
0 0.10697 0.29196 0.40069 0.08285
0 0.09308 0.34501 0.39441 0.07619
0 0.1071 0.39806 0.40974 0.07634
0 0.11173 0.45111 0.43721 0.07371
0 0.11062 0.50416 0.39669 0.08483
0 0.10116 0.55721 0.37861 0.0828
0 0.09539 0.61026 0.40153 0.08286
0 0.12003 0.66331 0.40756 0.07877
0 0.11023 0.71636 0.41653 0.07666
0 0.1102 0.76941 0.41331 0.08339
0 0.10926 0.82246 0.4006 0.07917
0 0.11392 0.87551 0.375 0.08627
0 0.11055 0.92856 0.37186 0.07956
0 0.31721 0.14609 0.43571 0.08247
0 0.32832 0.20444 0.40127 0.07455
0 0.29354 0.26280 0.37061 0.08085
0 0.31665 0.32115 0.37286 0.08339
0 0.35248 0.37951 0.43956 0.08382
0 0.32807 0.43786 0.43478 0.07572
0 0.2875 0.49622 0.39533 0.07851
0 0.32009 0.55457 0.38978 0.08528
0 0.35326 0.61293 0.37391 0.08437
0 0.33987 0.67129 0.37768 0.08103
0 0.28796 0.72964 0.43654 0.07964
0 0.35328 0.78800 0.39016 0.07549
0 0.2818 0.84635 0.38801 0.08022
0 0.29277 0.90471 0.36959 0.08719
0 0.35017 0.96306 0.41614 0.08473
0 0.56367 0.13281 0.37911 0.08397
0 0.51913 0.18586 0.38136 0.07942
0 0.5125 0.23891 0.40322 0.07487
0 0.46585 0.29196 0.41192 0.07629
0 0.50324 0.34501 0.37126 0.08576
0 0.53827 0.39806 0.43736 0.08388
0 0.55842 0.45111 0.42277 0.08225
0 0.46201 0.50416 0.4073 0.07453
0 0.48869 0.55721 0.39788 0.08254
0 0.51984 0.61026 0.38086 0.08428
0 0.50184 0.66331 0.41797 0.08565
0 0.48215 0.71636 0.37735 0.07836
0 0.5359 0.76941 0.37874 0.0735
0 0.5169 0.82246 0.41559 0.07459
0 0.56262 0.87551 0.38978 0.08447
0 0.49442 0.92856 0.38922 0.07868
0 0.7471 0.11953 0.37145 0.07452
0 0.80534 0.16727 0.43055 0.07981
0 0.72204 0.21502 0.43954 0.07443
0 0.84161 0.26276 0.44221 0.07508
0 0.69792 0.31051 0.39889 0.08448
0 0.82471 0.35825 0.43897 0.08178
0 0.66842 0.40600 0.39862 0.0786
0 0.70127 0.45374 0.39944 0.08245
0 0.84127 0.50149 0.40812 0.08089
0 0.69401 0.54923 0.38257 0.07401
0 0.82444 0.59698 0.38195 0.08436
0 0.75378 0.64472 0.38913 0.0761
0 0.84044 0.69247 0.3997 0.08679
0 0.81428 0.74021 0.43864 0.07719
0 0.84169 0.78796 0.40285 0.08756
0 0.71105 0.83571 0.41364 0.07597
0 0.93012 0.13281 0.3982 0.07439
0 0.91151 0.18586 0.42765 0.08277
0 0.95453 0.23891 0.41604 0.08193
0 0.92993 0.29196 0.3897 0.08001
0 0.90981 0.34501 0.37964 0.07382
0 0.96746 0.39806 0.41654 0.07299
0 0.85077 0.45111 0.4397 0.08406
0 0.90327 0.50416 0.42953 0.08389
0 0.96671 0.55721 0.39119 0.08026
0 0.98589 0.61026 0.38002 0.07874
0 0.8245 0.66331 0.43292 0.08674
0 0.89153 0.71636 0.43198 0.07592
0 0.9082 0.76941 0.38352 0.07773
0 0.93652 0.82246 0.40114 0.07848
0 0.97271 0.87551 0.42656 0.07908
0 0.8047 0.92856 0.42739 0.08057