0 0.09467 0.13281 0.37901 0.08645
0 0.11541 0.18586 0.40119 0.08652
0 0.11387 0.23891 0.41781 0.08214
0 0.10232 0.29196 0.38273 0.08318
0 0.10054 0.34501 0.41673 0.07462
0 0.11737 0.39806 0.42618 0.07403
0 0.11657 0.45111 0.41569 0.07344
0 0.09481 0.50416 0.42377 0.08015
0 0.1149 0.55721 0.37216 0.07872
0 0.09367 0.61026 0.43548 0.08254
0 0.12015 0.66331 0.39243 0.07304
0 0.11601 0.71636 0.40483 0.0765
0 0.10494 0.76941 0.43637 0.08098
0 0.11344 0.82246 0.38067 0.08676
0 0.11812 0.87551 0.38755 0.07459
0 0.11014 0.92856 0.38735 0.08111
0 0.28637 0.14609 0.41598 0.07903
0 0.29024 0.20444 0.38135 0.08667
0 0.28561 0.26280 0.43628 0.08315
0 0.30952 0.32115 0.37218 0.08704
0 0.29766 0.37951 0.37945 0.0805
0 0.33748 0.43786 0.43798 0.08006
0 0.31428 0.49622 0.42447 0.07977
0 0.31733 0.55457 0.37156 0.08414
0 0.35693 0.61293 0.4386 0.08126
0 0.31485 0.67129 0.42908 0.08548
0 0.32873 0.72964 0.42548 0.07501
0 0.3018 0.78800 0.43598 0.08284
0 0.34121 0.84635 0.36902 0.074
0 0.31348 0.90471 0.37277 0.07612
0 0.32112 0.96306 0.38083 0.08686
0 0.60042 0.13281 0.40677 0.08712
0 0.48393 0.18586 0.43144 0.08503
0 0.46649 0.23891 0.38552 0.08489
0 0.51519 0.29196 0.39885 0.08716
0 0.53307 0.34501 0.40777 0.0732
0 0.48815 0.39806 0.43998 0.07383
0 0.59231 0.45111 0.37785 0.08605
0 0.4745 0.50416 0.43589 0.08079
0 0.53813 0.55721 0.41626 0.08034
0 0.52569 0.61026 0.43492 0.07766
0 0.52264 0.66331 0.39316 0.08602
0 0.49 0.71636 0.43864 0.0779
0 0.52803 0.76941 0.42315 0.0761
0 0.46214 0.82246 0.42591 0.08196
0 0.59895 0.87551 0.41712 0.07328
0 0.50139 0.92856 0.41302 0.08361
0 0.79974 0.11953 0.43568 0.08268
0 0.65549 0.16727 0.38438 0.07754
0 0.70282 0.21502 0.40328 0.0842
0 0.70636 0.26276 0.39113 0.0845
0 0.70132 0.31051 0.44198 0.08583
0 0.80691 0.35825 0.43505 0.08138
0 0.70381 0.40600 0.42854 0.07391
0 0.72388 0.45374 0.40665 0.07774
0 0.66546 0.50149 0.43855 0.08316
0 0.67054 0.54923 0.42871 0.08
0 0.83682 0.59698 0.38412 0.08725
0 0.75699 0.64472 0.40682 0.07864
0 0.72433 0.69247 0.38395 0.07324
0 0.8351 0.74021 0.39488 0.07664
0 0.67966 0.78796 0.38813 0.07915
0 0.77097 0.83571 0.41915 0.08447
0 0.82182 0.13281 0.42114 0.07483
0 0.92048 0.18586 0.42246 0.08598
0 0.80218 0.23891 0.41733 0.07917
0 0.84467 0.29196 0.38558 0.07345
0 0.98195 0.39806 0.37637 0.07678
0 0.83527 0.45111 0.40337 0.08108
0 0.9159 0.55721 0.42941 0.07943
0 0.82879 0.61026 0.38068 0.08706
0 0.95449 0.66331 0.41666 0.08112
0 0.9364 0.71636 0.43977 0.07441
0 0.99817 0.76941 0.4345 0.07519
0 0.9521 0.87551 0.37119 0.0857
0 0.96135 0.92856 0.42502 0.08105