0 0.09332 0.13281 0.39007 0.08195
0 0.10824 0.18586 0.43661 0.07998
0 0.09408 0.23891 0.43868 0.08149
0 0.11807 0.29196 0.37424 0.07645
0 0.09988 0.34501 0.44084 0.08136
0 0.09299 0.39806 0.41414 0.07696
0 0.12039 0.45111 0.43088 0.07893
0 0.10127 0.50416 0.44072 0.07718
0 0.09499 0.55721 0.43292 0.08042
0 0.10543 0.61026 0.37271 0.08135
0 0.1179 0.66331 0.43947 0.0758
0 0.1169 0.71636 0.38927 0.07537
0 0.11605 0.76941 0.43028 0.08248
0 0.1056 0.82246 0.37671 0.07909
0 0.12071 0.87551 0.37048 0.08389
0 0.12021 0.92856 0.43061 0.07647
0 0.34376 0.14609 0.37053 0.08725
0 0.30561 0.20444 0.41777 0.0779
0 0.31085 0.26280 0.3746 0.07515
0 0.35578 0.32115 0.42696 0.07519
0 0.34342 0.37951 0.41752 0.0761
0 0.35111 0.43786 0.42043 0.07803
0 0.29248 0.49622 0.43957 0.07824
0 0.31852 0.55457 0.37524 0.08215
0 0.32321 0.61293 0.40679 0.08536
0 0.32852 0.67129 0.38495 0.07386
0 0.2915 0.72964 0.42661 0.07741
0 0.29532 0.78800 0.40474 0.08327
0 0.35472 0.84635 0.40623 0.08597
0 0.30541 0.90471 0.4398 0.07827
0 0.33519 0.96306 0.36926 0.07767
0 0.47004 0.13281 0.41412 0.07972
0 0.53528 0.18586 0.41343 0.08595
0 0.55704 0.23891 0.41323 0.07886
0 0.5373 0.29196 0.40564 0.07618
0 0.47974 0.34501 0.37698 0.07404
0 0.56252 0.39806 0.4169 0.0748
0 0.50979 0.45111 0.38833 0.07966
0 0.60068 0.50416 0.41573 0.08098
0 0.52601 0.55721 0.42656 0.08679
0 0.5493 0.61026 0.43502 0.08357
0 0.51255 0.66331 0.37671 0.07428
0 0.52411 0.71636 0.40237 0.0855
0 0.50147 0.76941 0.39037 0.07462
0 0.50797 0.82246 0.42886 0.08132
0 0.59161 0.87551 0.42729 0.07834
0 0.50225 0.92856 0.38669 0.07848
0 0.6888 0.11953 0.41914 0.07474
0 0.66004 0.16727 0.44004 0.08257
0 0.81118 0.21502 0.36952 0.07424
0 0.6819 0.26276 0.415 0.08752
0 0.6513 0.31051 0.42028 0.08353
0 0.82122 0.35825 0.43495 0.08193
0 0.79315 0.40600 0.38175 0.08286
0 0.82341 0.45374 0.4296 0.08424
0 0.72713 0.50149 0.41021 0.07635
0 0.8314 0.54923 0.3871 0.087
0 0.82177 0.59698 0.42508 0.08074
0 0.73356 0.64472 0.42875 0.07788
0 0.72513 0.69247 0.40552 0.07792
0 0.78806 0.74021 0.42043 0.07838
0 0.72867 0.78796 0.40134 0.08049
0 0.82426 0.83571 0.41945 0.08178
0 0.94467 0.13281 0.43864 0.08627
0 0.87515 0.18586 0.38585 0.07382
0 0.82085 0.23891 0.39892 0.08657
0 0.85081 0.29196 0.44111 0.07303
0 0.94212 0.34501 0.42395 0.07576
0 0.82018 0.39806 0.41417 0.08614
0 0.80201 0.45111 0.43024 0.0801
0 0.87744 0.55721 0.43376 0.07586
0 0.99008 0.61026 0.39405 0.08444
0 0.96691 0.71636 0.39466 0.0864
0 0.91305 0.76941 0.42427 0.0806
0 0.84646 0.82246 0.44227 0.08353
0 0.90982 0.87551 0.43689 0.08611
0 0.96652 0.92856 0.42652 0.08376