0 0.11051 0.13281 0.44052 0.07805
0 0.09978 0.18586 0.43853 0.07555
0 0.11964 0.23891 0.3971 0.0836
0 0.11279 0.29196 0.39345 0.08647
0 0.11756 0.34501 0.37486 0.08049
0 0.11322 0.39806 0.39768 0.08115
0 0.10384 0.45111 0.40747 0.07539
0 0.10745 0.50416 0.43385 0.08535
0 0.10437 0.55721 0.40415 0.07517
0 0.09929 0.61026 0.37641 0.07744
0 0.10785 0.66331 0.43178 0.07952
0 0.09731 0.71636 0.42842 0.07958
0 0.10557 0.76941 0.38548 0.08281
0 0.10981 0.82246 0.39233 0.08133
0 0.11047 0.87551 0.42282 0.07807
0 0.09461 0.92856 0.38835 0.08187
0 0.35251 0.14609 0.37136 0.08126
0 0.32541 0.20444 0.37963 0.07753
0 0.34884 0.26280 0.40362 0.08265
0 0.33338 0.32115 0.36934 0.08684
0 0.29831 0.37951 0.39947 0.08067
0 0.33044 0.43786 0.43711 0.08217
0 0.31213 0.49622 0.42852 0.08398
0 0.33045 0.55457 0.42353 0.08424
0 0.2846 0.61293 0.39597 0.0768
0 0.28956 0.67129 0.44049 0.08454
0 0.33562 0.72964 0.40978 0.08232
0 0.31184 0.78800 0.405 0.07542
0 0.35401 0.84635 0.373 0.07705
0 0.34033 0.90471 0.37431 0.08226
0 0.31274 0.96306 0.43453 0.08439
0 0.50905 0.13281 0.38273 0.07677
0 0.52497 0.18586 0.38586 0.07338
0 0.5892 0.23891 0.38188 0.07607
0 0.54617 0.29196 0.43943 0.08745
0 0.53068 0.34501 0.39376 0.0855
0 0.60258 0.39806 0.41857 0.08415
0 0.56993 0.45111 0.40029 0.08161
0 0.5486 0.50416 0.39473 0.08531
0 0.53927 0.55721 0.37253 0.08273
0 0.60105 0.61026 0.41492 0.07428
0 0.58394 0.66331 0.39452 0.08421
0 0.48321 0.71636 0.38207 0.07961
0 0.57321 0.76941 0.41587 0.08606
0 0.46509 0.82246 0.43373 0.08284
0 0.5322 0.87551 0.37424 0.0814
0 0.51058 0.92856 0.40975 0.07779
0 0.73667 0.11953 0.37172 0.08063
0 0.77139 0.16727 0.42768 0.0757
0 0.79737 0.21502 0.43244 0.07843
0 0.84014 0.26276 0.44211 0.07913
0 0.79587 0.31051 0.39723 0.07583
0 0.78458 0.35825 0.38414 0.07853
0 0.81023 0.40600 0.40146 0.07987
0 0.69563 0.45374 0.37676 0.07984
0 0.80103 0.50149 0.39185 0.07524
0 0.84105 0.54923 0.42354 0.07509
0 0.76347 0.59698 0.42018 0.0822
0 0.78425 0.64472 0.4033 0.08437
0 0.65321 0.69247 0.43545 0.08043
0 0.694 0.74021 0.42468 0.0827
0 0.83247 0.78796 0.4174 0.07752
0 0.77837 0.83571 0.43376 0.07535
0 0.91587 0.13281 0.40551 0.08307
0 0.99408 0.18586 0.43407 0.07971
0 0.87801 0.23891 0.3783 0.08424
0 0.97263 0.29196 0.41044 0.08477
0 0.92286 0.34501 0.37821 0.08723
0 0.93373 0.45111 0.4274 0.07945
0 0.95996 0.50416 0.41431 0.08373
0 0.83361 0.61026 0.43937 0.07805
0 0.84312 0.71636 0.43775 0.07392
0 0.83822 0.76941 0.40215 0.07526
0 0.8203 0.82246 0.4115 0.07396
0 0.96183 0.87551 0.4218 0.07945
0 0.8545 0.92856 0.42138 0.08577