0 0.10273 0.13281 0.38032 0.08109
0 0.10022 0.18586 0.41586 0.07637
0 0.11261 0.23891 0.43484 0.07836
0 0.10271 0.29196 0.37118 0.08714
0 0.09496 0.34501 0.38817 0.08229
0 0.11852 0.39806 0.39379 0.08234
0 0.11489 0.45111 0.43724 0.07934
0 0.11585 0.50416 0.39823 0.08262
0 0.10149 0.55721 0.39314 0.08413
0 0.11166 0.61026 0.37508 0.07791
0 0.11986 0.66331 0.43824 0.08457
0 0.12001 0.71636 0.38948 0.08024
0 0.10567 0.76941 0.3855 0.07556
0 0.11696 0.82246 0.37197 0.08288
0 0.11601 0.87551 0.41597 0.07588
0 0.11452 0.92856 0.38796 0.08476
0 0.35585 0.14609 0.42466 0.07724
0 0.35643 0.20444 0.43646 0.08725
0 0.35021 0.26280 0.37935 0.08209
0 0.32719 0.32115 0.37468 0.07347
0 0.3486 0.37951 0.4335 0.07758
0 0.348 0.43786 0.41553 0.0835
0 0.31528 0.49622 0.43905 0.07445
0 0.30841 0.55457 0.4138 0.07644
0 0.34902 0.61293 0.41018 0.08746
0 0.28402 0.67129 0.41071 0.08055
0 0.32843 0.72964 0.41447 0.07928
0 0.28271 0.78800 0.4136 0.08128
0 0.29547 0.84635 0.41816 0.08237
0 0.34564 0.90471 0.39304 0.08253
0 0.31558 0.96306 0.43 0.08317
0 0.49545 0.13281 0.41895 0.08206
0 0.5965 0.18586 0.44112 0.07942
0 0.57065 0.23891 0.43606 0.08536
0 0.51228 0.29196 0.43063 0.08432
0 0.55233 0.34501 0.42863 0.07479
0 0.56194 0.39806 0.38794 0.07376
0 0.47718 0.45111 0.41091 0.0739
0 0.57938 0.50416 0.37139 0.07556
0 0.5512 0.55721 0.41841 0.07727
0 0.52371 0.61026 0.36985 0.08019
0 0.57483 0.66331 0.42541 0.07417
0 0.51678 0.71636 0.41856 0.08667
0 0.53326 0.76941 0.41947 0.08155
0 0.55 0.82246 0.41288 0.08053
0 0.49984 0.87551 0.39346 0.07603
0 0.5107 0.92856 0.41498 0.08525
0 0.71303 0.11953 0.40072 0.08092
0 0.83678 0.16727 0.42931 0.08275
0 0.80253 0.21502 0.36916 0.08674
0 0.81163 0.26276 0.36983 0.0739
0 0.73081 0.31051 0.42692 0.07365
0 0.66683 0.35825 0.39637 0.0746
0 0.75148 0.40600 0.42533 0.08447
0 0.70436 0.45374 0.43954 0.07609
0 0.67949 0.50149 0.40308 0.07705
0 0.71569 0.54923 0.38794 0.08435
0 0.65364 0.59698 0.41703 0.07734
0 0.81282 0.64472 0.43488 0.0852
0 0.83459 0.69247 0.43216 0.08552
0 0.76371 0.74021 0.41886 0.08181
0 0.71051 0.78796 0.37817 0.0815
0 0.66043 0.83571 0.36941 0.0822
0 0.88653 0.13281 0.41051 0.07898
0 0.83447 0.18586 0.38486 0.07652
0 0.86733 0.29196 0.37058 0.08327
0 0.98002 0.34501 0.39042 0.08534
0 0.96442 0.45111 0.42489 0.08714
0 0.98983 0.50416 0.43328 0.07944
0 0.80759 0.55721 0.39102 0.08445
0 0.99104 0.61026 0.43227 0.08469
0 0.96506 0.66331 0.41007 0.07894
0 0.89625 0.76941 0.38764 0.0787
0 0.84925 0.82246 0.40658 0.08238