0 0.10115 0.13281 0.4381 0.08166
0 0.09757 0.18586 0.4095 0.08603
0 0.11742 0.23891 0.42328 0.07546
0 0.1042 0.29196 0.41857 0.07967
0 0.09594 0.34501 0.37775 0.07437
0 0.10257 0.39806 0.42844 0.077
0 0.11905 0.45111 0.37639 0.0744
0 0.11016 0.50416 0.38929 0.07733
0 0.09831 0.55721 0.44226 0.0803
0 0.1028 0.61026 0.40178 0.08645
0 0.1041 0.66331 0.41753 0.07396
0 0.09981 0.71636 0.38516 0.07502
0 0.10881 0.76941 0.37138 0.08737
0 0.09748 0.82246 0.42722 0.07921
0 0.11428 0.87551 0.40572 0.0855
0 0.09682 0.92856 0.43811 0.08517
0 0.30559 0.14609 0.40539 0.08151
0 0.29674 0.20444 0.41986 0.08504
0 0.29904 0.26280 0.40251 0.07803
0 0.34654 0.32115 0.44031 0.07467
0 0.34496 0.37951 0.4076 0.08486
0 0.29331 0.43786 0.40283 0.08304
0 0.3217 0.49622 0.40626 0.08426
0 0.332 0.55457 0.43489 0.08678
0 0.33893 0.61293 0.39564 0.08155
0 0.36098 0.67129 0.37297 0.084
0 0.28575 0.72964 0.38957 0.07559
0 0.34399 0.78800 0.37721 0.08
0 0.27989 0.84635 0.39364 0.08468
0 0.34965 0.90471 0.40651 0.07975
0 0.33343 0.96306 0.39037 0.08346
0 0.50077 0.13281 0.41292 0.08449
0 0.56481 0.18586 0.40811 0.07937
0 0.51536 0.23891 0.3965 0.0835
0 0.524 0.29196 0.42112 0.07934
0 0.48128 0.34501 0.41062 0.07627
0 0.54611 0.39806 0.42375 0.07947
0 0.47503 0.45111 0.37176 0.08195
0 0.56027 0.50416 0.38483 0.07843
0 0.49715 0.55721 0.40514 0.08299
0 0.5976 0.61026 0.39073 0.07754
0 0.47569 0.66331 0.40528 0.08714
0 0.47788 0.71636 0.42869 0.08496
0 0.5172 0.76941 0.38053 0.07748
0 0.47761 0.82246 0.43323 0.07298
0 0.5932 0.87551 0.42633 0.08691
0 0.51292 0.92856 0.38139 0.07739
0 0.7831 0.11953 0.39892 0.07853
0 0.77278 0.16727 0.40084 0.08327
0 0.82177 0.21502 0.4247 0.08047
0 0.80753 0.26276 0.41259 0.07753
0 0.74016 0.31051 0.39208 0.0745
0 0.79716 0.35825 0.44077 0.07938
0 0.82189 0.40600 0.4148 0.08332
0 0.75909 0.45374 0.42888 0.08016
0 0.66328 0.50149 0.41294 0.07413
0 0.72215 0.54923 0.4023 0.08272
0 0.78177 0.59698 0.39727 0.0766
0 0.76367 0.64472 0.43393 0.0865
0 0.6707 0.69247 0.37472 0.07711
0 0.78984 0.74021 0.37206 0.08226
0 0.83839 0.78796 0.43588 0.07985
0 0.75799 0.83571 0.42546 0.07454
0 0.86668 0.13281 0.43343 0.08083
0 0.81022 0.18586 0.40819 0.07591
0 0.96316 0.29196 0.41741 0.07402
0 0.81465 0.34501 0.38341 0.08191
0 0.92117 0.39806 0.38544 0.07807
0 0.84119 0.50416 0.39917 0.08274
0 0.81303 0.55721 0.37249 0.08316
0 0.90668 0.66331 0.38704 0.08708
0 0.83615 0.71636 0.43183 0.07676
0 0.93682 0.76941 0.42603 0.07301
0 0.92313 0.87551 0.4359 0.07724