0 0.10935 0.13281 0.42895 0.07673
0 0.09871 0.18586 0.38365 0.08692
0 0.09567 0.23891 0.41082 0.08313
0 0.09773 0.29196 0.38877 0.07971
0 0.1186 0.34501 0.37286 0.08342
0 0.09924 0.39806 0.41447 0.07378
0 0.11238 0.45111 0.37083 0.08344
0 0.10641 0.50416 0.39634 0.07603
0 0.09966 0.55721 0.42236 0.07604
0 0.09438 0.61026 0.43756 0.08295
0 0.1071 0.66331 0.3693 0.07421
0 0.1058 0.71636 0.37278 0.08312
0 0.10768 0.76941 0.38425 0.07375
0 0.11487 0.82246 0.42273 0.08741
0 0.10702 0.87551 0.42102 0.07397
0 0.09453 0.92856 0.43915 0.07658
0 0.30015 0.14609 0.43756 0.0858
0 0.27786 0.20444 0.40602 0.08188
0 0.30269 0.26280 0.4378 0.07405
0 0.29712 0.32115 0.37156 0.08232
0 0.32569 0.37951 0.40751 0.07768
0 0.31574 0.43786 0.37023 0.07672
0 0.2967 0.49622 0.36956 0.08123
0 0.31392 0.55457 0.44088 0.08727
0 0.30169 0.61293 0.38167 0.07851
0 0.32564 0.67129 0.40797 0.0785
0 0.31926 0.72964 0.37395 0.08216
0 0.33707 0.78800 0.42002 0.08673
0 0.32729 0.84635 0.3862 0.08261
0 0.35792 0.90471 0.37576 0.07525
0 0.31175 0.96306 0.42483 0.08549
0 0.58348 0.13281 0.39791 0.07972
0 0.56625 0.18586 0.41954 0.07891
0 0.50524 0.23891 0.39468 0.08113
0 0.59971 0.29196 0.40881 0.07899
0 0.55099 0.34501 0.43244 0.07863
0 0.50972 0.39806 0.42685 0.0821
0 0.4943 0.45111 0.41821 0.07617
0 0.52501 0.50416 0.43765 0.07357
0 0.46497 0.55721 0.41711 0.08196
0 0.52875 0.61026 0.43963 0.07969
0 0.53203 0.66331 0.42361 0.08271
0 0.49761 0.71636 0.37328 0.08459
0 0.46194 0.76941 0.39881 0.07686
0 0.59459 0.82246 0.4233 0.07821
0 0.47189 0.87551 0.43011 0.08093
0 0.56248 0.92856 0.41703 0.08684
0 0.84125 0.11953 0.37051 0.08331
0 0.67341 0.16727 0.39271 0.08367
0 0.66868 0.21502 0.43966 0.08654
0 0.68757 0.26276 0.388 0.07725
0 0.68755 0.31051 0.36912 0.08176
0 0.67976 0.35825 0.38671 0.08709
0 0.71646 0.40600 0.43538 0.07392
0 0.67542 0.45374 0.39909 0.08183
0 0.70234 0.50149 0.38942 0.07545
0 0.6687 0.54923 0.39555 0.07702
0 0.69506 0.59698 0.39595 0.0782
0 0.73256 0.64472 0.40364 0.0758
0 0.76925 0.69247 0.39762 0.08724
0 0.76823 0.74021 0.3951 0.07543
0 0.67529 0.78796 0.37798 0.08511
0 0.6669 0.83571 0.4293 0.07996
0 0.80107 0.13281 0.43486 0.08623
0 0.87894 0.18586 0.37771 0.08352
0 0.99482 0.23891 0.41523 0.07334
0 0.96231 0.29196 0.40823 0.07344
0 0.95562 0.45111 0.41273 0.0806
0 0.93381 0.50416 0.40598 0.08325
0 0.82899 0.55721 0.37598 0.08611
0 0.80983 0.61026 0.39754 0.07409
0 0.85415 0.71636 0.43791 0.07314
0 0.83081 0.76941 0.41247 0.07914
0 0.82341 0.82246 0.37692 0.0767
0 0.99567 0.87551 0.38376 0.07475
0 0.87326 0.92856 0.41054 0.08422