0 0.10319 0.13281 0.39332 0.08148
0 0.09454 0.18586 0.42331 0.08195
0 0.10902 0.23891 0.37303 0.07908
0 0.10276 0.29196 0.40332 0.08051
0 0.11578 0.34501 0.37957 0.08358
0 0.09813 0.39806 0.39262 0.08336
0 0.09387 0.45111 0.42297 0.07613
0 0.10716 0.50416 0.38451 0.08705
0 0.09781 0.55721 0.37697 0.0744
0 0.10482 0.61026 0.38844 0.08473
0 0.11431 0.66331 0.40991 0.08026
0 0.11694 0.71636 0.38255 0.0816
0 0.10495 0.76941 0.38356 0.07989
0 0.11071 0.82246 0.38655 0.08078
0 0.09714 0.87551 0.43315 0.07595
0 0.11481 0.92856 0.43312 0.08445
0 0.35588 0.14609 0.39406 0.08394
0 0.33104 0.20444 0.38027 0.07932
0 0.31417 0.26280 0.37609 0.07642
0 0.33714 0.32115 0.38269 0.07733
0 0.32701 0.37951 0.40299 0.07342
0 0.33953 0.43786 0.43958 0.07927
0 0.30661 0.49622 0.41373 0.0778
0 0.3363 0.55457 0.42034 0.08576
0 0.32935 0.61293 0.38222 0.07741
0 0.34784 0.67129 0.37675 0.07866
0 0.32716 0.72964 0.39355 0.08402
0 0.31261 0.78800 0.37082 0.08269
0 0.32838 0.84635 0.40582 0.08572
0 0.299 0.90471 0.37831 0.08653
0 0.35503 0.96306 0.39432 0.08126
0 0.559 0.13281 0.37674 0.07614
0 0.52853 0.18586 0.43274 0.0811
0 0.46894 0.23891 0.38176 0.07551
0 0.50692 0.29196 0.37641 0.07961
0 0.46443 0.34501 0.40366 0.08477
0 0.58907 0.39806 0.41479 0.07534
0 0.49846 0.45111 0.40181 0.07314
0 0.5275 0.50416 0.39047 0.08078
0 0.55284 0.55721 0.41074 0.07752
0 0.51919 0.61026 0.41588 0.08066
0 0.47776 0.66331 0.39158 0.08164
0 0.48202 0.71636 0.39601 0.08547
0 0.49036 0.76941 0.40535 0.07761
0 0.49181 0.82246 0.42241 0.07817
0 0.50467 0.87551 0.41808 0.08263
0 0.59702 0.92856 0.38708 0.08369
0 0.71002 0.11953 0.42651 0.07822
0 0.76781 0.16727 0.41831 0.08707
0 0.75256 0.21502 0.4225 0.08333
0 0.71967 0.26276 0.39028 0.07675
0 0.72201 0.31051 0.37965 0.08191
0 0.76059 0.35825 0.40741 0.07648
0 0.67467 0.40600 0.38778 0.07927
0 0.83656 0.45374 0.37386 0.07686
0 0.75926 0.50149 0.43869 0.0741
0 0.80275 0.54923 0.40588 0.07571
0 0.77372 0.59698 0.43667 0.07642
0 0.7407 0.64472 0.4144 0.08348
0 0.72749 0.69247 0.43846 0.08626
0 0.68109 0.74021 0.42817 0.08454
0 0.66537 0.78796 0.44077 0.08367
0 0.68801 0.83571 0.42776 0.08366
0 0.82817 0.13281 0.39737 0.07891
0 0.80581 0.23891 0.43696 0.0736
0 0.83751 0.29196 0.38469 0.07971
0 0.95797 0.34501 0.43835 0.08274
0 0.93136 0.39806 0.39918 0.0806
0 0.84554 0.45111 0.41192 0.07688
0 0.9 0.61026 0.38583 0.08452
0 0.81267 0.66331 0.37925 0.07607
0 0.95137 0.76941 0.42959 0.07789
0 0.96341 0.82246 0.37116 0.08146
0 0.97342 0.87551 0.4123 0.07918
0 0.80549 0.92856 0.40275 0.07546