0 0.09483 0.13281 0.41968 0.07463
0 0.11155 0.18586 0.39754 0.07519
0 0.11576 0.23891 0.43148 0.08505
0 0.09579 0.29196 0.44102 0.08593
0 0.10935 0.34501 0.39822 0.08594
0 0.11274 0.39806 0.39022 0.08106
0 0.09738 0.45111 0.43074 0.08315
0 0.09625 0.50416 0.3884 0.08747
0 0.11868 0.55721 0.42957 0.07898
0 0.10937 0.61026 0.37313 0.08734
0 0.09772 0.66331 0.43941 0.07867
0 0.11698 0.71636 0.43631 0.0763
0 0.11504 0.76941 0.40311 0.08542
0 0.11015 0.82246 0.3776 0.0752
0 0.11738 0.87551 0.43402 0.07887
0 0.11206 0.92856 0.4022 0.0855
0 0.31823 0.14609 0.42376 0.0783
0 0.33373 0.20444 0.39852 0.08697
0 0.3385 0.26280 0.43843 0.08624
0 0.29206 0.32115 0.38662 0.08163
0 0.31508 0.37951 0.3855 0.0762
0 0.32736 0.43786 0.42712 0.08104
0 0.3295 0.49622 0.42076 0.07956
0 0.34024 0.55457 0.39569 0.08583
0 0.3423 0.61293 0.42548 0.07717
0 0.31447 0.67129 0.42002 0.08479
0 0.33474 0.72964 0.38097 0.07435
0 0.28785 0.78800 0.37243 0.07861
0 0.33506 0.84635 0.38276 0.085
0 0.31803 0.90471 0.42651 0.07697
0 0.34584 0.96306 0.39226 0.07315
0 0.54824 0.13281 0.44005 0.08079
0 0.59411 0.18586 0.38189 0.07819
0 0.48818 0.23891 0.37125 0.08694
0 0.47683 0.29196 0.41171 0.0742
0 0.53042 0.34501 0.41953 0.08215
0 0.52198 0.39806 0.42533 0.07684
0 0.53988 0.45111 0.39875 0.08553
0 0.58009 0.50416 0.42756 0.08289
0 0.49233 0.55721 0.42451 0.08143
0 0.57731 0.61026 0.39084 0.08501
0 0.6031 0.66331 0.38546 0.07888
0 0.53169 0.71636 0.38699 0.08027
0 0.49405 0.76941 0.42146 0.07362
0 0.56266 0.82246 0.37415 0.07308
0 0.51407 0.87551 0.37693 0.07314
0 0.56991 0.92856 0.42375 0.08427
0 0.78098 0.11953 0.41326 0.07842
0 0.81046 0.16727 0.38764 0.0831
0 0.65862 0.21502 0.41066 0.08459
0 0.83513 0.26276 0.37197 0.08095
0 0.72599 0.31051 0.39211 0.08077
0 0.71657 0.35825 0.39952 0.07826
0 0.75888 0.40600 0.39377 0.08069
0 0.79906 0.45374 0.43683 0.07819
0 0.778 0.50149 0.38499 0.08114
0 0.73851 0.54923 0.37569 0.0807
0 0.69594 0.59698 0.40355 0.07385
0 0.72795 0.64472 0.38298 0.07861
0 0.8253 0.69247 0.40376 0.07715
0 0.75517 0.74021 0.40877 0.08141
0 0.84051 0.78796 0.42533 0.07636
0 0.72351 0.83571 0.42175 0.08037
0 0.93952 0.13281 0.39081 0.07601
0 0.87313 0.23891 0.36913 0.08455
0 0.9947 0.29196 0.41915 0.07841
0 0.99018 0.39806 0.42271 0.07666
0 0.9627 0.50416 0.43084 0.07485
0 0.84007 0.55721 0.38807 0.07446
0 0.97852 0.61026 0.40868 0.0793
0 0.90458 0.76941 0.3734 0.07792
0 0.97203 0.82246 0.41304 0.08697
0 0.89689 0.87551 0.43413 0.08336
0 0.91695 0.92856 0.40941 0.08454