0 0.10436 0.13281 0.4303 0.07653
0 0.1159 0.18586 0.41498 0.07916
0 0.1023 0.23891 0.38138 0.07875
0 0.09488 0.29196 0.37572 0.08293
0 0.09477 0.34501 0.38756 0.08095
0 0.11873 0.39806 0.39053 0.08287
0 0.10392 0.45111 0.42326 0.08034
0 0.11985 0.50416 0.3739 0.0844
0 0.0988 0.55721 0.39028 0.07462
0 0.11577 0.61026 0.42514 0.07995
0 0.09849 0.66331 0.43564 0.08601
0 0.09275 0.71636 0.37901 0.08222
0 0.10396 0.76941 0.39541 0.07379
0 0.10035 0.82246 0.40565 0.07485
0 0.10964 0.87551 0.42264 0.07759
0 0.11534 0.92856 0.3897 0.08293
0 0.31433 0.14609 0.4092 0.08616
0 0.30556 0.20444 0.41156 0.07958
0 0.33231 0.26280 0.41796 0.07475
0 0.30642 0.32115 0.42573 0.08271
0 0.31217 0.37951 0.4156 0.07474
0 0.3375 0.43786 0.42242 0.08132
0 0.32152 0.49622 0.41845 0.08572
0 0.30634 0.55457 0.40406 0.07988
0 0.35179 0.61293 0.44243 0.0786
0 0.30854 0.67129 0.39958 0.07373
0 0.32632 0.72964 0.43043 0.07388
0 0.28824 0.78800 0.39015 0.07347
0 0.34309 0.84635 0.37705 0.0807
0 0.29046 0.90471 0.40362 0.0858
0 0.31239 0.96306 0.41055 0.08351
0 0.51363 0.13281 0.4104 0.08708
0 0.59235 0.18586 0.3737 0.0763
0 0.57507 0.23891 0.39863 0.08406
0 0.46491 0.29196 0.42544 0.08287
0 0.57089 0.34501 0.40241 0.08086
0 0.5927 0.39806 0.43254 0.07585
0 0.54371 0.45111 0.40409 0.08177
0 0.48334 0.50416 0.413 0.07492
0 0.55286 0.55721 0.41841 0.08127
0 0.52293 0.61026 0.40129 0.08423
0 0.50564 0.66331 0.37091 0.08688
0 0.54083 0.71636 0.44048 0.07956
0 0.50152 0.76941 0.42093 0.08555
0 0.48966 0.82246 0.40134 0.076
0 0.52348 0.87551 0.43157 0.08635
0 0.55261 0.92856 0.43301 0.08398
0 0.8229 0.11953 0.39048 0.07456
0 0.71728 0.16727 0.39945 0.08562
0 0.84397 0.21502 0.37075 0.08211
0 0.73183 0.26276 0.38108 0.07338
0 0.81758 0.31051 0.41472 0.08617
0 0.73761 0.35825 0.42082 0.07869
0 0.75087 0.40600 0.37684 0.07853
0 0.77171 0.45374 0.42556 0.07944
0 0.67403 0.50149 0.42807 0.08734
0 0.69381 0.54923 0.4117 0.07758
0 0.79072 0.59698 0.42524 0.08734
0 0.79498 0.64472 0.43415 0.08322
0 0.71369 0.69247 0.43593 0.07529
0 0.76963 0.74021 0.43475 0.08643
0 0.84352 0.78796 0.43171 0.08694
0 0.78409 0.83571 0.40341 0.08008
0 0.89266 0.13281 0.39922 0.08136
0 0.96599 0.18586 0.41385 0.07457
0 0.86448 0.23891 0.43745 0.07883
0 0.97582 0.29196 0.38484 0.08253
0 0.85184 0.34501 0.39021 0.07694
0 0.88613 0.39806 0.43244 0.08096
0 0.85686 0.45111 0.42577 0.0775
0 0.92672 0.50416 0.39921 0.0792
0 0.8735 0.55721 0.43866 0.08638
0 0.8929 0.61026 0.38401 0.0802
0 0.90991 0.66331 0.4237 0.08692
0 0.99497 0.87551 0.40171 0.084