0 0.09561 0.13281 0.42929 0.08448
0 0.11589 0.18586 0.43135 0.07971
0 0.11709 0.23891 0.37385 0.07861
0 0.1078 0.29196 0.44068 0.08424
0 0.09614 0.34501 0.41977 0.08098
0 0.10349 0.39806 0.40953 0.08339
0 0.10027 0.45111 0.37516 0.08211
0 0.10604 0.50416 0.43514 0.0835
0 0.11589 0.55721 0.42921 0.07473
0 0.10202 0.61026 0.39039 0.07315
0 0.1167 0.66331 0.37722 0.07681
0 0.11433 0.71636 0.42067 0.08481
0 0.10852 0.76941 0.39735 0.08225
0 0.11277 0.82246 0.43769 0.08249
0 0.0926 0.87551 0.38509 0.08391
0 0.10692 0.92856 0.37941 0.07469
0 0.34503 0.14609 0.40337 0.08404
0 0.29681 0.20444 0.3817 0.07964
0 0.2971 0.26280 0.3689 0.07839
0 0.3372 0.32115 0.37068 0.07767
0 0.28146 0.37951 0.41007 0.07486
0 0.3359 0.43786 0.40486 0.08451
0 0.34123 0.49622 0.37746 0.08151
0 0.27961 0.55457 0.4294 0.08729
0 0.31312 0.61293 0.39965 0.07433
0 0.30328 0.67129 0.37594 0.0798
0 0.33593 0.72964 0.4186 0.08161
0 0.28759 0.78800 0.43955 0.08091
0 0.33427 0.84635 0.42089 0.08581
0 0.29713 0.90471 0.43653 0.08319
0 0.35874 0.96306 0.39031 0.08067
0 0.47562 0.13281 0.39539 0.08469
0 0.59842 0.18586 0.43162 0.07522
0 0.57476 0.23891 0.435 0.08187
0 0.49933 0.29196 0.43927 0.0858
0 0.48307 0.34501 0.41707 0.07826
0 0.57904 0.39806 0.41485 0.08158
0 0.49572 0.45111 0.43181 0.08235
0 0.53442 0.50416 0.40727 0.07839
0 0.54547 0.55721 0.37798 0.08513
0 0.58494 0.61026 0.4289 0.07975
0 0.56279 0.66331 0.44075 0.08678
0 0.58358 0.71636 0.37622 0.08508
0 0.5302 0.76941 0.43884 0.07908
0 0.56208 0.82246 0.40968 0.07379
0 0.47579 0.87551 0.44242 0.07689
0 0.4945 0.92856 0.38715 0.07829
0 0.80135 0.11953 0.40958 0.08432
0 0.69607 0.16727 0.38027 0.07378
0 0.75358 0.21502 0.37963 0.08262
0 0.76167 0.26276 0.37733 0.07808
0 0.72424 0.31051 0.43523 0.08751
0 0.84053 0.35825 0.37519 0.08507
0 0.75714 0.40600 0.41585 0.07441
0 0.75235 0.45374 0.39759 0.07329
0 0.71551 0.50149 0.40167 0.08591
0 0.78457 0.54923 0.37143 0.07782
0 0.70313 0.59698 0.38909 0.075
0 0.81725 0.64472 0.37342 0.08556
0 0.76595 0.69247 0.37128 0.08093
0 0.6939 0.74021 0.38675 0.08425
0 0.77525 0.78796 0.4249 0.0817
0 0.67232 0.83571 0.37192 0.07714
0 0.82458 0.13281 0.37143 0.08012
0 0.80699 0.18586 0.43783 0.07309
0 0.93669 0.29196 0.43598 0.07576
0 0.87827 0.34501 0.4385 0.0816
0 0.85253 0.39806 0.40234 0.07322
0 0.82179 0.50416 0.43252 0.07798
0 0.90112 0.55721 0.41553 0.08426
0 0.84606 0.61026 0.40072 0.07767
0 0.84712 0.66331 0.3952 0.07586
0 0.91476 0.71636 0.39343 0.08729
0 0.80674 0.82246 0.40869 0.0768
0 0.95186 0.87551 0.397 0.08733
0 0.86212 0.92856 0.43121 0.07435