0 0.09822 0.13281 0.36923 0.07863
0 0.12001 0.18586 0.4004 0.0782
0 0.11457 0.23891 0.37593 0.08163
0 0.1186 0.29196 0.43756 0.07362
0 0.09899 0.34501 0.37913 0.08335
0 0.11784 0.39806 0.37435 0.07876
0 0.09445 0.45111 0.39279 0.0814
0 0.10409 0.50416 0.40545 0.07892
0 0.11348 0.55721 0.39469 0.07711
0 0.1045 0.61026 0.40028 0.08163
0 0.10801 0.66331 0.41371 0.07767
0 0.11233 0.71636 0.44108 0.08401
0 0.09836 0.76941 0.41999 0.07336
0 0.11356 0.82246 0.4222 0.08234
0 0.11326 0.87551 0.3733 0.07828
0 0.10017 0.92856 0.43188 0.07749
0 0.27858 0.14609 0.38619 0.08372
0 0.34642 0.20444 0.40814 0.07525
0 0.29138 0.26280 0.40888 0.07577
0 0.31973 0.32115 0.42668 0.0735
0 0.31265 0.37951 0.39786 0.08332
0 0.29874 0.43786 0.39101 0.0733
0 0.33181 0.49622 0.37343 0.07933
0 0.34422 0.55457 0.43481 0.07416
0 0.30773 0.61293 0.42903 0.08642
0 0.34422 0.67129 0.37016 0.07342
0 0.30855 0.72964 0.4222 0.07685
0 0.3172 0.78800 0.39134 0.0745
0 0.30982 0.84635 0.39864 0.0745
0 0.32648 0.90471 0.41953 0.08169
0 0.34461 0.96306 0.38517 0.07515
0 0.51239 0.13281 0.37826 0.08472
0 0.53242 0.18586 0.43267 0.08253
0 0.49421 0.23891 0.42908 0.07754
0 0.46419 0.29196 0.40556 0.08415
0 0.50782 0.34501 0.43159 0.08473
0 0.5889 0.39806 0.41475 0.08466
0 0.5408 0.45111 0.37264 0.08059
0 0.48157 0.50416 0.40757 0.08616
0 0.48417 0.55721 0.42289 0.07309
0 0.47873 0.61026 0.42315 0.07616
0 0.5962 0.66331 0.38281 0.07361
0 0.5234 0.71636 0.4336 0.08191
0 0.55037 0.76941 0.3852 0.07659
0 0.5997 0.82246 0.37323 0.07859
0 0.53068 0.87551 0.4241 0.0858
0 0.47483 0.92856 0.43898 0.08513
0 0.76491 0.11953 0.4197 0.08048
0 0.81906 0.16727 0.38522 0.07392
0 0.70946 0.21502 0.37886 0.07929
0 0.83982 0.26276 0.44173 0.07595
0 0.73483 0.31051 0.42664 0.08006
0 0.6608 0.35825 0.43539 0.08701
0 0.80896 0.40600 0.43213 0.07498
0 0.68942 0.45374 0.42972 0.08006
0 0.70589 0.50149 0.38689 0.07777
0 0.71597 0.54923 0.41069 0.08112
0 0.81175 0.59698 0.40549 0.07776
0 0.69471 0.64472 0.37002 0.08312
0 0.66112 0.69247 0.41343 0.08415
0 0.80498 0.74021 0.38235 0.07376
0 0.76957 0.78796 0.43135 0.083
0 0.78564 0.83571 0.38515 0.08173
0 0.90118 0.13281 0.3859 0.08691
0 0.91673 0.18586 0.39033 0.08179
0 0.98421 0.23891 0.43602 0.08334
0 0.97315 0.29196 0.38044 0.07898
0 0.94995 0.39806 0.4276 0.08133
0 0.91034 0.45111 0.42539 0.08221
0 0.89798 0.50416 0.36974 0.07708
0 0.91428 0.55721 0.38381 0.08713
0 0.95235 0.61026 0.42664 0.07635
0 0.99793 0.66331 0.38698 0.0794
0 0.97853 0.71636 0.3811 0.07725
0 0.94705 0.76941 0.37198 0.07519
0 0.8693 0.82246 0.4187 0.08052
0 0.93183 0.87551 0.4029 0.08149
0 0.88155 0.92856 0.38898 0.07614