0 0.11582 0.13281 0.43806 0.08135
0 0.10639 0.18586 0.39586 0.07865
0 0.11942 0.23891 0.40994 0.08177
0 0.11975 0.29196 0.37542 0.08716
0 0.09807 0.34501 0.38005 0.08424
0 0.10505 0.39806 0.38913 0.08726
0 0.11835 0.45111 0.41042 0.07983
0 0.09359 0.50416 0.3915 0.07347
0 0.09815 0.55721 0.38291 0.07385
0 0.11973 0.61026 0.42681 0.07543
0 0.10895 0.66331 0.38398 0.07905
0 0.12024 0.71636 0.43229 0.07733
0 0.11117 0.76941 0.37641 0.08723
0 0.11126 0.82246 0.42632 0.07479
0 0.11818 0.87551 0.37293 0.08732
0 0.10717 0.92856 0.37867 0.07769
0 0.30506 0.14609 0.40938 0.08398
0 0.3409 0.20444 0.39566 0.07971
0 0.31502 0.26280 0.42453 0.07429
0 0.31337 0.32115 0.40073 0.08142
0 0.3288 0.37951 0.40358 0.0788
0 0.30053 0.43786 0.40431 0.08451
0 0.34163 0.49622 0.38089 0.0763
0 0.35372 0.55457 0.37307 0.08371
0 0.32374 0.61293 0.41106 0.08277
0 0.32555 0.67129 0.42443 0.07421
0 0.30598 0.72964 0.39774 0.07626
0 0.28494 0.78800 0.41503 0.08616
0 0.36146 0.84635 0.40079 0.08171
0 0.35008 0.90471 0.36907 0.08428
0 0.3252 0.96306 0.37182 0.07938
0 0.60263 0.13281 0.3937 0.08627
0 0.53328 0.18586 0.39 0.07532
0 0.53121 0.23891 0.39794 0.07533
0 0.48998 0.29196 0.37948 0.07504
0 0.57478 0.34501 0.39615 0.07436
0 0.51745 0.39806 0.4092 0.08237
0 0.59833 0.45111 0.4094 0.08069
0 0.54546 0.50416 0.42358 0.08525
0 0.53499 0.55721 0.4335 0.07444
0 0.53953 0.61026 0.42527 0.08122
0 0.56304 0.66331 0.40572 0.07917
0 0.51362 0.71636 0.38805 0.07655
0 0.58 0.76941 0.39867 0.07734
0 0.4628 0.82246 0.37336 0.0837
0 0.50421 0.87551 0.37588 0.07601
0 0.49715 0.92856 0.38631 0.07975
0 0.77088 0.11953 0.36945 0.08336
0 0.66416 0.16727 0.40852 0.07999
0 0.67258 0.21502 0.39022 0.07732
0 0.8051 0.26276 0.40387 0.08109
0 0.6521 0.31051 0.39223 0.08324
0 0.77857 0.35825 0.41266 0.08012
0 0.65342 0.40600 0.42695 0.08399
0 0.73388 0.45374 0.37688 0.08525
0 0.78658 0.50149 0.41852 0.08184
0 0.76222 0.54923 0.40131 0.08234
0 0.74182 0.59698 0.38462 0.07544
0 0.76697 0.64472 0.39732 0.08698
0 0.78879 0.69247 0.37033 0.08012
0 0.6477 0.74021 0.38634 0.08018
0 0.75733 0.78796 0.3875 0.08415
0 0.75779 0.83571 0.42505 0.07908
0 0.91452 0.13281 0.36975 0.07679
0 0.87324 0.18586 0.43069 0.08454
0 0.84675 0.23891 0.41798 0.07385
0 0.885 0.29196 0.42127 0.08413
0 0.81857 0.34501 0.3949 0.08365
0 0.95738 0.39806 0.39306 0.08656
0 0.86376 0.45111 0.39313 0.07928
0 0.93575 0.50416 0.43137 0.08237
0 0.95155 0.55721 0.4222 0.08748
0 0.90918 0.66331 0.42183 0.07873
0 0.84333 0.71636 0.41845 0.08438
0 0.80582 0.82246 0.40424 0.07424
0 0.9542 0.87551 0.43169 0.07905
0 0.91583 0.92856 0.42993 0.08418