0 0.10968 0.13281 0.43335 0.08216
0 0.11384 0.18586 0.39195 0.07488
0 0.09665 0.23891 0.40689 0.07665
0 0.10261 0.29196 0.3927 0.07765
0 0.09893 0.34501 0.38294 0.0776
0 0.11418 0.39806 0.42267 0.0834
0 0.10571 0.45111 0.3825 0.08128
0 0.10161 0.50416 0.38417 0.08417
0 0.1063 0.55721 0.40033 0.0778
0 0.0959 0.61026 0.4072 0.07902
0 0.10503 0.66331 0.41167 0.08671
0 0.10234 0.71636 0.37156 0.08082
0 0.1013 0.76941 0.42078 0.07716
0 0.10598 0.82246 0.37654 0.08438
0 0.09447 0.87551 0.37371 0.08127
0 0.11609 0.92856 0.43171 0.08316
0 0.34209 0.14609 0.42624 0.074
0 0.3022 0.20444 0.37615 0.08199
0 0.31365 0.26280 0.42078 0.08464
0 0.32676 0.32115 0.36943 0.08666
0 0.3034 0.37951 0.42068 0.08175
0 0.33744 0.43786 0.44078 0.08634
0 0.3449 0.49622 0.41736 0.08351
0 0.33704 0.55457 0.42561 0.07542
0 0.31118 0.61293 0.42093 0.08737
0 0.33286 0.67129 0.40832 0.08133
0 0.35836 0.72964 0.40349 0.08124
0 0.2915 0.78800 0.39087 0.07306
0 0.29863 0.84635 0.36984 0.08252
0 0.32483 0.90471 0.40957 0.08536
0 0.30835 0.96306 0.38942 0.07308
0 0.50112 0.13281 0.3884 0.0791
0 0.50903 0.18586 0.43496 0.07887
0 0.50049 0.23891 0.43407 0.07579
0 0.50155 0.29196 0.38194 0.07752
0 0.57065 0.34501 0.38902 0.07935
0 0.47837 0.39806 0.40182 0.07948
0 0.47034 0.45111 0.42618 0.08022
0 0.52058 0.50416 0.42212 0.08482
0 0.55684 0.55721 0.43626 0.08555
0 0.5549 0.61026 0.43824 0.0759
0 0.46542 0.66331 0.42797 0.084
0 0.59738 0.71636 0.37255 0.08665
0 0.52241 0.76941 0.42279 0.0811
0 0.5886 0.82246 0.44222 0.08566
0 0.56048 0.87551 0.43871 0.08276
0 0.59583 0.92856 0.41713 0.08427
0 0.68197 0.11953 0.41346 0.07553
0 0.77406 0.16727 0.39875 0.07657
0 0.80623 0.21502 0.36911 0.08634
0 0.69723 0.26276 0.40262 0.07555
0 0.68043 0.31051 0.40871 0.0873
0 0.66751 0.35825 0.39723 0.08059
0 0.82298 0.40600 0.43763 0.07548
0 0.65278 0.45374 0.41854 0.08706
0 0.6669 0.50149 0.42558 0.08653
0 0.80081 0.54923 0.42279 0.07467
0 0.72144 0.59698 0.43094 0.07533
0 0.79971 0.64472 0.43074 0.08
0 0.7393 0.69247 0.38018 0.07704
0 0.81951 0.74021 0.39222 0.08164
0 0.65844 0.78796 0.42155 0.08452
0 0.8087 0.83571 0.44202 0.08607
0 0.80532 0.13281 0.3784 0.08406
0 0.8144 0.18586 0.42738 0.08042
0 0.81092 0.23891 0.43445 0.08316
0 0.83603 0.29196 0.37181 0.07589
0 0.96839 0.34501 0.38212 0.07839
0 0.98446 0.39806 0.4299 0.07309
0 0.91848 0.45111 0.40206 0.08738
0 0.98886 0.50416 0.38694 0.08385
0 0.99039 0.55721 0.43625 0.07912
0 0.95047 0.66331 0.43729 0.08438
0 0.99347 0.71636 0.38391 0.07479
0 0.88045 0.76941 0.43076 0.08562
0 0.94663 0.82246 0.39011 0.08329
0 0.96418 0.87551 0.43674 0.08103