0 0.11777 0.13281 0.42176 0.08047
0 0.11719 0.18586 0.43794 0.07706
0 0.1075 0.23891 0.40288 0.07925
0 0.1024 0.29196 0.40326 0.08743
0 0.11514 0.34501 0.42533 0.08288
0 0.11223 0.39806 0.42676 0.07966
0 0.11455 0.45111 0.38143 0.08019
0 0.10777 0.50416 0.37553 0.08138
0 0.09478 0.55721 0.37769 0.07327
0 0.10644 0.61026 0.37658 0.08199
0 0.09845 0.66331 0.40619 0.07629
0 0.09622 0.71636 0.42084 0.07751
0 0.10561 0.76941 0.41904 0.08177
0 0.11934 0.82246 0.41392 0.07766
0 0.10351 0.87551 0.41806 0.07596
0 0.10778 0.92856 0.38263 0.07661
0 0.32831 0.14609 0.37914 0.08387
0 0.28356 0.20444 0.4257 0.07887
0 0.27759 0.26280 0.38735 0.07548
0 0.30615 0.32115 0.42236 0.07886
0 0.35473 0.37951 0.41752 0.0834
0 0.34365 0.43786 0.41457 0.07772
0 0.34024 0.49622 0.37228 0.08637
0 0.35467 0.55457 0.38471 0.07678
0 0.34495 0.61293 0.40124 0.08285
0 0.33561 0.67129 0.43339 0.0779
0 0.29016 0.72964 0.44166 0.07737
0 0.32075 0.78800 0.37779 0.08692
0 0.3272 0.84635 0.39164 0.0869
0 0.28749 0.90471 0.38742 0.08656
0 0.30592 0.96306 0.40961 0.07364
0 0.55601 0.13281 0.40297 0.0815
0 0.49591 0.18586 0.41945 0.08242
0 0.47933 0.23891 0.39694 0.0868
0 0.56747 0.29196 0.41851 0.08008
0 0.56086 0.34501 0.39925 0.08201
0 0.52646 0.39806 0.38209 0.08483
0 0.46484 0.45111 0.375 0.08732
0 0.48728 0.50416 0.3697 0.08486
0 0.57078 0.55721 0.39986 0.08354
0 0.55635 0.61026 0.40977 0.08699
0 0.51398 0.66331 0.38176 0.07693
0 0.51341 0.71636 0.37416 0.07989
0 0.4835 0.76941 0.407 0.08422
0 0.46917 0.82246 0.44174 0.08277
0 0.52501 0.87551 0.3742 0.08485
0 0.48188 0.92856 0.41376 0.0843
0 0.77146 0.11953 0.37267 0.08321
0 0.65962 0.16727 0.38587 0.08602
0 0.6494 0.21502 0.38984 0.07756
0 0.79184 0.26276 0.3994 0.07806
0 0.83848 0.31051 0.40319 0.07647
0 0.81826 0.35825 0.44037 0.07392
0 0.73456 0.40600 0.40539 0.0854
0 0.71393 0.45374 0.40485 0.0775
0 0.77844 0.50149 0.37342 0.07556
0 0.77709 0.54923 0.38665 0.07518
0 0.68638 0.59698 0.39672 0.0814
0 0.76414 0.64472 0.42236 0.07568
0 0.76681 0.69247 0.41084 0.08667
0 0.81533 0.74021 0.44115 0.08706
0 0.69588 0.78796 0.37721 0.07322
0 0.75695 0.83571 0.4071 0.07692
0 0.8269 0.13281 0.42701 0.07587
0 0.93291 0.18586 0.40639 0.07688
0 0.96991 0.23891 0.42934 0.07987
0 0.80648 0.29196 0.39187 0.08035
0 0.93878 0.39806 0.3925 0.08649
0 0.82753 0.45111 0.4009 0.07763
0 0.80313 0.50416 0.41209 0.0775
0 0.96244 0.55721 0.42544 0.07965
0 0.9299 0.66331 0.3929 0.08582
0 0.92279 0.71636 0.42344 0.08397
0 0.81043 0.76941 0.40661 0.08323
0 0.96246 0.82246 0.42446 0.08651
0 0.85541 0.87551 0.44096 0.08565
0 0.947 0.92856 0.43529 0.08064