0 0.10442 0.13281 0.3868 0.08063
0 0.10139 0.18586 0.37246 0.07892
0 0.11464 0.23891 0.39544 0.08036
0 0.10087 0.29196 0.40424 0.08148
0 0.10847 0.34501 0.40427 0.08157
0 0.12047 0.39806 0.38174 0.07461
0 0.10488 0.45111 0.43952 0.08378
0 0.10923 0.50416 0.39444 0.08364
0 0.10768 0.55721 0.42183 0.07998
0 0.09707 0.61026 0.38246 0.07698
0 0.10281 0.66331 0.39092 0.07794
0 0.11219 0.71636 0.43446 0.08193
0 0.09335 0.76941 0.3855 0.07505
0 0.12016 0.82246 0.37728 0.08082
0 0.1067 0.87551 0.38736 0.0864
0 0.11836 0.92856 0.36886 0.07303
0 0.34474 0.14609 0.38157 0.08537
0 0.29324 0.20444 0.43999 0.08523
0 0.34225 0.26280 0.40639 0.08206
0 0.29047 0.32115 0.42183 0.07992
0 0.3093 0.37951 0.37159 0.07888
0 0.30744 0.43786 0.42989 0.08567
0 0.27853 0.49622 0.43502 0.08292
0 0.35049 0.55457 0.40437 0.08095
0 0.29552 0.61293 0.41292 0.07383
0 0.31651 0.67129 0.43074 0.07556
0 0.27874 0.72964 0.38395 0.0737
0 0.34119 0.78800 0.42412 0.07298
0 0.33382 0.84635 0.42422 0.07751
0 0.31094 0.90471 0.37659 0.08419
0 0.33367 0.96306 0.39982 0.08061
0 0.51166 0.13281 0.38382 0.08359
0 0.56303 0.18586 0.42453 0.07738
0 0.58581 0.23891 0.44251 0.07304
0 0.53631 0.29196 0.41659 0.07565
0 0.483 0.34501 0.41953 0.07402
0 0.57321 0.39806 0.3712 0.08674
0 0.46189 0.45111 0.41684 0.08569
0 0.52469 0.50416 0.41183 0.08397
0 0.5277 0.55721 0.37039 0.07964
0 0.53453 0.61026 0.39286 0.0753
0 0.4866 0.66331 0.3872 0.08563
0 0.60184 0.71636 0.44195 0.07477
0 0.56312 0.76941 0.42304 0.08142
0 0.59883 0.82246 0.39886 0.07664
0 0.567 0.87551 0.42326 0.08476
0 0.51387 0.92856 0.42944 0.08526
0 0.77266 0.11953 0.40637 0.08582
0 0.71375 0.16727 0.4112 0.08095
0 0.74815 0.21502 0.39731 0.07882
0 0.79474 0.26276 0.41318 0.07337
0 0.80262 0.31051 0.38867 0.08007
0 0.68464 0.35825 0.36917 0.08267
0 0.81467 0.40600 0.37038 0.07534
0 0.65556 0.45374 0.3848 0.07884
0 0.83767 0.50149 0.42179 0.08545
0 0.82202 0.54923 0.3777 0.07422
0 0.72917 0.59698 0.42329 0.07353
0 0.76446 0.64472 0.38051 0.08628
0 0.67158 0.69247 0.39705 0.07361
0 0.74153 0.74021 0.41694 0.0845
0 0.76531 0.78796 0.38614 0.0858
0 0.66929 0.83571 0.39306 0.08308
0 0.89401 0.13281 0.43199 0.07587
0 0.92916 0.18586 0.3967 0.08646
0 0.88504 0.23891 0.43383 0.0732
0 0.9871 0.29196 0.38043 0.08433
0 0.80846 0.34501 0.37463 0.07555
0 0.90232 0.39806 0.42714 0.0812
0 0.87514 0.45111 0.4283 0.08077
0 0.87148 0.50416 0.37696 0.07355
0 0.89572 0.55721 0.43109 0.08697
0 0.80889 0.61026 0.40889 0.08478
0 0.94149 0.66331 0.38813 0.08398
0 0.89061 0.71636 0.42705 0.07784
0 0.9358 0.76941 0.39916 0.07746
0 0.88062 0.82246 0.40826 0.07845
0 0.8626 0.87551 0.41981 0.07564
0 0.99264 0.92856 0.41196 0.07871