0 0.11097 0.13281 0.39265 0.08392
0 0.11927 0.18586 0.44132 0.07891
0 0.1056 0.23891 0.41177 0.08255
0 0.11824 0.29196 0.43118 0.08293
0 0.11292 0.34501 0.38208 0.07704
0 0.09807 0.39806 0.39309 0.08695
0 0.1202 0.45111 0.42247 0.08318
0 0.09403 0.50416 0.39804 0.08696
0 0.09308 0.55721 0.40551 0.08458
0 0.11728 0.61026 0.42291 0.08572
0 0.12033 0.66331 0.38117 0.08592
0 0.10798 0.71636 0.4146 0.08287
0 0.10881 0.76941 0.43179 0.07462
0 0.09685 0.82246 0.42076 0.08612
0 0.11923 0.87551 0.40179 0.07982
0 0.09388 0.92856 0.4387 0.07452
0 0.34944 0.14609 0.40958 0.07947
0 0.30555 0.20444 0.41477 0.08651
0 0.32238 0.26280 0.38077 0.08372
0 0.29608 0.32115 0.41477 0.08723
0 0.35591 0.37951 0.37323 0.08058
0 0.31476 0.43786 0.36883 0.08357
0 0.35615 0.49622 0.44068 0.07945
0 0.32208 0.55457 0.42107 0.08748
0 0.35871 0.61293 0.41467 0.08398
0 0.3513 0.67129 0.43189 0.07735
0 0.29806 0.72964 0.42831 0.07632
0 0.30224 0.78800 0.43732 0.0736
0 0.34076 0.84635 0.41812 0.08079
0 0.34152 0.90471 0.39489 0.07943
0 0.33695 0.96306 0.36998 0.0774
0 0.58163 0.13281 0.42706 0.08728
0 0.50336 0.18586 0.4234 0.07753
0 0.57879 0.23891 0.42866 0.07877
0 0.54212 0.29196 0.42189 0.0779
0 0.46898 0.34501 0.39258 0.08576
0 0.53773 0.39806 0.37533 0.07534
0 0.59914 0.45111 0.44171 0.08403
0 0.49652 0.50416 0.43936 0.07661
0 0.55283 0.55721 0.41297 0.08061
0 0.56684 0.61026 0.40019 0.08222
0 0.49353 0.66331 0.37135 0.07326
0 0.46434 0.71636 0.43139 0.07579
0 0.55971 0.76941 0.38146 0.07838
0 0.51247 0.82246 0.37866 0.08307
0 0.49526 0.87551 0.40393 0.08702
0 0.58583 0.92856 0.39328 0.07357
0 0.80231 0.11953 0.39912 0.08146
0 0.82041 0.16727 0.4081 0.07828
0 0.80661 0.21502 0.39958 0.07504
0 0.6948 0.26276 0.40133 0.0862
0 0.83431 0.31051 0.38511 0.08279
0 0.71758 0.35825 0.39753 0.07697
0 0.71117 0.40600 0.39569 0.07412
0 0.82056 0.45374 0.42498 0.08188
0 0.69474 0.50149 0.42921 0.07566
0 0.80188 0.54923 0.4208 0.08095
0 0.80374 0.59698 0.44076 0.07636
0 0.80713 0.64472 0.38807 0.07589
0 0.8229 0.69247 0.40262 0.08378
0 0.72375 0.74021 0.43067 0.0805
0 0.65576 0.78796 0.40506 0.08043
0 0.67111 0.83571 0.414 0.08292
0 0.95213 0.13281 0.38936 0.07416
0 0.94221 0.18586 0.37881 0.07965
0 0.84349 0.23891 0.44243 0.07781
0 0.93604 0.29196 0.39538 0.07437
0 0.88172 0.34501 0.40557 0.07474
0 0.9631 0.45111 0.43753 0.07321
0 0.82097 0.50416 0.38829 0.07772
0 0.9189 0.55721 0.41268 0.07688
0 0.86173 0.61026 0.44066 0.08364
0 0.90797 0.66331 0.37621 0.08222
0 0.90343 0.76941 0.38877 0.08647
0 0.96387 0.87551 0.40611 0.07553
0 0.86661 0.92856 0.39966 0.07512