0 0.11165 0.13281 0.4316 0.08124
0 0.09377 0.18586 0.41316 0.07317
0 0.09747 0.23891 0.4194 0.07892
0 0.10196 0.29196 0.38163 0.07402
0 0.11209 0.34501 0.40651 0.08466
0 0.10092 0.39806 0.43477 0.07643
0 0.09712 0.45111 0.40298 0.08552
0 0.10029 0.50416 0.40496 0.08441
0 0.11349 0.55721 0.38412 0.08746
0 0.11235 0.61026 0.40515 0.08009
0 0.09695 0.66331 0.43636 0.08032
0 0.11878 0.71636 0.37357 0.07514
0 0.09941 0.76941 0.37248 0.08183
0 0.09891 0.82246 0.41585 0.07448
0 0.10546 0.87551 0.41501 0.07802
0 0.1086 0.92856 0.37892 0.07852
0 0.28096 0.14609 0.38573 0.0822
0 0.35845 0.20444 0.38241 0.08562
0 0.30328 0.26280 0.40312 0.07753
0 0.34205 0.32115 0.42941 0.07762
0 0.34178 0.37951 0.43744 0.07746
0 0.30444 0.43786 0.38055 0.08706
0 0.29888 0.49622 0.37993 0.07338
0 0.31762 0.55457 0.37057 0.08487
0 0.31182 0.61293 0.37893 0.08057
0 0.36036 0.67129 0.42439 0.08517
0 0.28003 0.72964 0.37074 0.07481
0 0.3365 0.78800 0.40287 0.08052
0 0.28369 0.84635 0.40642 0.08286
0 0.30694 0.90471 0.38841 0.08703
0 0.28952 0.96306 0.3793 0.0805
0 0.52693 0.13281 0.37067 0.0844
0 0.56338 0.18586 0.4087 0.08252
0 0.56855 0.23891 0.40913 0.08396
0 0.5559 0.29196 0.39928 0.0752
0 0.55357 0.34501 0.39943 0.08129
0 0.59715 0.39806 0.43768 0.07297
0 0.52399 0.45111 0.38719 0.07723
0 0.58341 0.50416 0.37397 0.075
0 0.56194 0.55721 0.432 0.08011
0 0.5097 0.61026 0.37309 0.08612
0 0.50695 0.66331 0.40746 0.0848
0 0.50049 0.71636 0.37384 0.08008
0 0.47278 0.76941 0.43139 0.0756
0 0.47346 0.82246 0.39267 0.07569
0 0.56245 0.87551 0.3722 0.08338
0 0.50718 0.92856 0.37606 0.0755
0 0.81205 0.11953 0.37483 0.07553
0 0.82266 0.16727 0.38816 0.08382
0 0.82653 0.21502 0.40452 0.08003
0 0.69848 0.26276 0.43897 0.07614
0 0.76699 0.31051 0.40419 0.07577
0 0.7887 0.35825 0.43885 0.08698
0 0.79612 0.40600 0.42005 0.08225
0 0.6918 0.45374 0.38075 0.07504
0 0.70046 0.50149 0.44209 0.07369
0 0.7746 0.54923 0.41169 0.0871
0 0.78674 0.59698 0.41412 0.07356
0 0.81742 0.64472 0.38361 0.08017
0 0.75857 0.69247 0.38168 0.07754
0 0.81486 0.74021 0.43103 0.08331
0 0.71846 0.78796 0.40508 0.07513
0 0.80387 0.83571 0.3969 0.0817
0 0.89903 0.13281 0.38448 0.0819
0 0.99464 0.18586 0.38993 0.0843
0 0.99213 0.23891 0.38734 0.08466
0 0.8512 0.29196 0.36964 0.08292
0 0.99751 0.34501 0.37855 0.07995
0 0.9831 0.39806 0.41883 0.087
0 0.91416 0.45111 0.37684 0.08216
0 0.88468 0.50416 0.42735 0.08681
0 0.81524 0.55721 0.41345 0.08301
0 0.84999 0.61026 0.43547 0.08352
0 0.93551 0.66331 0.42918 0.08076
0 0.88014 0.71636 0.40232 0.07883
0 0.95587 0.76941 0.43732 0.08566
0 0.84637 0.92856 0.39368 0.08264