0 0.10572 0.13281 0.43396 0.08
0 0.09411 0.18586 0.40671 0.07944
0 0.09651 0.23891 0.40678 0.08629
0 0.10965 0.29196 0.43259 0.07553
0 0.115 0.34501 0.38712 0.07948
0 0.11832 0.39806 0.37766 0.08286
0 0.11883 0.45111 0.371 0.08001
0 0.10553 0.50416 0.40195 0.07595
0 0.10993 0.55721 0.37452 0.07929
0 0.10677 0.61026 0.37383 0.08337
0 0.10275 0.66331 0.40752 0.08626
0 0.11746 0.71636 0.4208 0.07917
0 0.11007 0.76941 0.43143 0.0781
0 0.12012 0.82246 0.40073 0.0752
0 0.10481 0.87551 0.40936 0.08417
0 0.11702 0.92856 0.38871 0.08644
0 0.32652 0.14609 0.40796 0.07556
0 0.3155 0.20444 0.38831 0.08232
0 0.34432 0.26280 0.42612 0.07778
0 0.32766 0.32115 0.42104 0.07849
0 0.29264 0.37951 0.39177 0.08325
0 0.33291 0.43786 0.41123 0.0777
0 0.34702 0.49622 0.36974 0.08024
0 0.3006 0.55457 0.43006 0.07561
0 0.29204 0.61293 0.4269 0.08217
0 0.3504 0.67129 0.42161 0.07935
0 0.2817 0.72964 0.37732 0.07841
0 0.27792 0.78800 0.4297 0.08173
0 0.28905 0.84635 0.40702 0.07698
0 0.34165 0.90471 0.43943 0.07586
0 0.28351 0.96306 0.43718 0.08129
0 0.60022 0.13281 0.41487 0.08659
0 0.50891 0.18586 0.39411 0.08114
0 0.56888 0.23891 0.37087 0.07915
0 0.51575 0.29196 0.37469 0.08705
0 0.48561 0.34501 0.38995 0.08425
0 0.57115 0.39806 0.37596 0.07881
0 0.51616 0.45111 0.4294 0.08388
0 0.59813 0.50416 0.42081 0.08225
0 0.58552 0.55721 0.36958 0.0753
0 0.5488 0.61026 0.44069 0.08147
0 0.49722 0.66331 0.39155 0.08615
0 0.47264 0.71636 0.42279 0.08147
0 0.52138 0.76941 0.38148 0.08402
0 0.56828 0.82246 0.37261 0.08728
0 0.53344 0.87551 0.38683 0.07381
0 0.5052 0.92856 0.42041 0.08273
0 0.6984 0.11953 0.3743 0.07536
0 0.6566 0.16727 0.37476 0.0872
0 0.66386 0.21502 0.40339 0.07408
0 0.69391 0.26276 0.39818 0.07963
0 0.69772 0.31051 0.43849 0.07423
0 0.7088 0.35825 0.43992 0.08732
0 0.68911 0.40600 0.37201 0.0852
0 0.72728 0.45374 0.40627 0.07998
0 0.73988 0.50149 0.37542 0.08379
0 0.71043 0.54923 0.42906 0.07996
0 0.68782 0.59698 0.41183 0.08478
0 0.76439 0.64472 0.41658 0.08503
0 0.67883 0.69247 0.4032 0.08517
0 0.82578 0.74021 0.41816 0.08175
0 0.67257 0.78796 0.43896 0.08026
0 0.69197 0.83571 0.40943 0.0818
0 0.931 0.13281 0.37743 0.07796
0 0.97756 0.18586 0.38447 0.07901
0 0.85749 0.23891 0.43908 0.08618
0 0.88008 0.29196 0.41477 0.07605
0 0.84689 0.34501 0.38906 0.07452
0 0.89249 0.39806 0.38931 0.07769
0 0.91663 0.45111 0.40031 0.08089
0 0.97966 0.50416 0.39526 0.08125
0 0.9501 0.55721 0.43373 0.07362
0 0.88621 0.61026 0.40396 0.08241
0 0.99327 0.66331 0.4372 0.08657
0 0.90385 0.71636 0.38852 0.07756
0 0.96834 0.82246 0.4424 0.07436
0 0.86123 0.87551 0.41306 0.08553
0 0.8484 0.92856 0.4412 0.07335