0 0.10419 0.13281 0.43072 0.07485
0 0.11744 0.18586 0.42967 0.07495
0 0.0984 0.23891 0.43035 0.07806
0 0.11167 0.29196 0.37033 0.08745
0 0.10077 0.34501 0.40394 0.07699
0 0.11509 0.39806 0.41701 0.08705
0 0.09874 0.45111 0.44009 0.07631
0 0.11796 0.50416 0.38395 0.08039
0 0.11816 0.55721 0.38459 0.08687
0 0.09408 0.61026 0.4081 0.07996
0 0.11612 0.66331 0.4238 0.08615
0 0.10821 0.71636 0.42694 0.07403
0 0.09681 0.76941 0.44137 0.08291
0 0.09529 0.82246 0.40766 0.08393
0 0.12034 0.87551 0.41433 0.07848
0 0.11777 0.92856 0.39223 0.08064
0 0.34652 0.14609 0.42702 0.08397
0 0.33553 0.20444 0.42751 0.08091
0 0.28617 0.26280 0.43851 0.07846
0 0.32129 0.32115 0.37602 0.07734
0 0.29229 0.37951 0.42711 0.08107
0 0.33124 0.43786 0.40651 0.08722
0 0.33534 0.49622 0.40768 0.07947
0 0.29658 0.55457 0.42501 0.08257
0 0.32803 0.61293 0.37866 0.07504
0 0.29598 0.67129 0.36964 0.07467
0 0.32263 0.72964 0.37747 0.08586
0 0.28359 0.78800 0.41942 0.0768
0 0.30671 0.84635 0.38077 0.08092
0 0.33717 0.90471 0.40632 0.08348
0 0.3442 0.96306 0.37617 0.07842
0 0.50364 0.13281 0.41198 0.07848
0 0.48944 0.18586 0.42332 0.07623
0 0.53766 0.23891 0.43642 0.07305
0 0.53849 0.29196 0.43288 0.07982
0 0.51394 0.34501 0.43683 0.08498
0 0.47883 0.39806 0.43019 0.08193
0 0.52411 0.45111 0.38797 0.07889
0 0.55588 0.50416 0.3755 0.08675
0 0.49666 0.55721 0.4355 0.07452
0 0.51647 0.61026 0.38478 0.08098
0 0.57668 0.66331 0.39599 0.08386
0 0.56471 0.71636 0.37705 0.07909
0 0.48758 0.76941 0.40277 0.07924
0 0.51109 0.82246 0.42858 0.08042
0 0.47639 0.87551 0.4369 0.08312
0 0.51751 0.92856 0.37256 0.08404
0 0.7884 0.11953 0.44006 0.08546
0 0.81586 0.16727 0.43061 0.08213
0 0.78214 0.21502 0.38554 0.08423
0 0.83628 0.26276 0.3915 0.07375
0 0.758 0.31051 0.43861 0.07504
0 0.8233 0.35825 0.37525 0.07706
0 0.67797 0.40600 0.42958 0.07454
0 0.70936 0.45374 0.37308 0.07652
0 0.75728 0.50149 0.42814 0.07748
0 0.73734 0.54923 0.39362 0.07626
0 0.72539 0.59698 0.42221 0.07719
0 0.76001 0.64472 0.40146 0.07823
0 0.84072 0.69247 0.407 0.08384
0 0.64781 0.74021 0.39953 0.08369
0 0.72024 0.78796 0.37013 0.08091
0 0.67904 0.83571 0.39856 0.07896
0 0.86969 0.13281 0.4291 0.08026
0 0.89803 0.18586 0.38621 0.0749
0 0.97059 0.23891 0.42772 0.08499
0 0.89369 0.34501 0.41322 0.08229
0 0.90252 0.39806 0.43193 0.07964
0 0.92183 0.45111 0.38828 0.0759
0 0.90469 0.55721 0.38054 0.0874
0 0.8935 0.61026 0.41822 0.0828
0 0.99691 0.66331 0.42725 0.08026
0 0.95768 0.71636 0.39953 0.08133
0 0.98201 0.82246 0.39074 0.08209
0 0.94393 0.87551 0.43709 0.08218
0 0.86314 0.92856 0.36961 0.07973