0 0.10666 0.13281 0.43621 0.07546
0 0.09923 0.18586 0.37083 0.0864
0 0.10771 0.23891 0.44103 0.08563
0 0.10928 0.29196 0.38366 0.07793
0 0.09629 0.34501 0.38895 0.08369
0 0.10736 0.39806 0.4225 0.07408
0 0.10154 0.45111 0.43304 0.07962
0 0.11441 0.50416 0.39064 0.08225
0 0.1195 0.55721 0.37944 0.08619
0 0.11681 0.61026 0.38529 0.07665
0 0.11845 0.66331 0.42177 0.07424
0 0.11613 0.71636 0.42798 0.08573
0 0.09419 0.76941 0.39573 0.07591
0 0.10799 0.82246 0.3966 0.08247
0 0.11119 0.87551 0.41325 0.08754
0 0.10114 0.92856 0.38312 0.07335
0 0.29965 0.14609 0.40879 0.08445
0 0.34674 0.20444 0.37187 0.08423
0 0.29922 0.26280 0.43328 0.0765
0 0.28351 0.32115 0.43048 0.08743
0 0.30631 0.37951 0.43303 0.08536
0 0.31125 0.43786 0.40355 0.08734
0 0.35865 0.49622 0.38734 0.08192
0 0.29764 0.55457 0.39986 0.07791
0 0.33628 0.61293 0.4385 0.08306
0 0.28058 0.67129 0.37754 0.08078
0 0.327 0.72964 0.43009 0.07658
0 0.34019 0.78800 0.37718 0.08439
0 0.35004 0.84635 0.38286 0.07694
0 0.31291 0.90471 0.43732 0.08601
0 0.356 0.96306 0.40185 0.08074
0 0.49955 0.13281 0.4283 0.0823
0 0.59437 0.18586 0.42536 0.07838
0 0.57512 0.23891 0.4215 0.0789
0 0.58933 0.29196 0.37413 0.08486
0 0.47961 0.34501 0.39714 0.07698
0 0.57649 0.39806 0.3884 0.08277
0 0.56782 0.45111 0.38084 0.07477
0 0.55002 0.50416 0.38546 0.0843
0 0.54024 0.55721 0.37787 0.07566
0 0.52222 0.61026 0.3711 0.07551
0 0.46887 0.66331 0.38844 0.07389
0 0.50872 0.71636 0.39151 0.07532
0 0.51994 0.76941 0.42776 0.07963
0 0.55505 0.82246 0.43745 0.07661
0 0.48444 0.87551 0.40149 0.08041
0 0.50839 0.92856 0.39935 0.08712
0 0.75585 0.11953 0.37435 0.08336
0 0.69636 0.16727 0.42079 0.08134
0 0.70675 0.21502 0.39788 0.07632
0 0.78248 0.26276 0.38663 0.07322
0 0.66809 0.31051 0.39417 0.07635
0 0.76232 0.35825 0.37182 0.0821
0 0.67295 0.40600 0.43473 0.08752
0 0.83084 0.45374 0.39168 0.08247
0 0.8423 0.50149 0.43051 0.07978
0 0.6955 0.54923 0.40582 0.08716
0 0.80581 0.59698 0.41364 0.08252
0 0.68572 0.64472 0.38651 0.08722
0 0.81782 0.69247 0.39966 0.07854
0 0.68828 0.74021 0.38229 0.07861
0 0.75201 0.78796 0.37399 0.08358
0 0.73866 0.83571 0.38671 0.08726
0 0.98006 0.13281 0.40739 0.08094
0 0.92642 0.18586 0.41887 0.08741
0 0.86474 0.23891 0.37561 0.08315
0 0.80495 0.29196 0.43005 0.0843
0 0.9562 0.34501 0.42198 0.07629
0 0.97993 0.39806 0.37033 0.07621
0 0.83392 0.61026 0.39923 0.08564
0 0.82523 0.66331 0.40449 0.08018
0 0.92554 0.71636 0.37108 0.08151
0 0.85321 0.76941 0.42951 0.08683
0 0.81164 0.82246 0.40097 0.07742
0 0.92328 0.87551 0.43506 0.0782
0 0.98268 0.92856 0.41547 0.07933