0 0.11984 0.13281 0.37788 0.08637
0 0.09886 0.18586 0.42152 0.0772
0 0.09315 0.23891 0.42754 0.0834
0 0.09525 0.29196 0.44104 0.07665
0 0.1074 0.34501 0.40443 0.0747
0 0.09345 0.39806 0.42326 0.0786
0 0.10822 0.45111 0.43578 0.07642
0 0.10755 0.50416 0.38995 0.07388
0 0.106 0.55721 0.43474 0.08643
0 0.11308 0.61026 0.40925 0.08639
0 0.10259 0.66331 0.43595 0.07787
0 0.10874 0.71636 0.39272 0.0782
0 0.10129 0.76941 0.36969 0.07696
0 0.1052 0.82246 0.41964 0.07991
0 0.11073 0.87551 0.39942 0.07973
0 0.09246 0.92856 0.42416 0.07695
0 0.33131 0.14609 0.42277 0.07402
0 0.32883 0.20444 0.38283 0.07864
0 0.28688 0.26280 0.37179 0.0842
0 0.33994 0.32115 0.42666 0.08342
0 0.28144 0.37951 0.43285 0.08356
0 0.30788 0.43786 0.39198 0.08718
0 0.2823 0.49622 0.42348 0.08111
0 0.28295 0.55457 0.3758 0.07679
0 0.35504 0.61293 0.38297 0.08342
0 0.34716 0.67129 0.42018 0.08284
0 0.32262 0.72964 0.37229 0.07837
0 0.35936 0.78800 0.39586 0.08404
0 0.28532 0.84635 0.43437 0.08576
0 0.2898 0.90471 0.42335 0.07864
0 0.36138 0.96306 0.42905 0.08358
0 0.52513 0.13281 0.43737 0.08694
0 0.53827 0.18586 0.38637 0.08398
0 0.55894 0.23891 0.42205 0.08011
0 0.54823 0.29196 0.38172 0.07616
0 0.49051 0.34501 0.41597 0.08394
0 0.4655 0.39806 0.4338 0.07541
0 0.51048 0.45111 0.39698 0.07899
0 0.4795 0.50416 0.38866 0.07542
0 0.5031 0.55721 0.40395 0.07405
0 0.58129 0.61026 0.39795 0.07948
0 0.56141 0.66331 0.42807 0.08192
0 0.47368 0.71636 0.41612 0.08409
0 0.49374 0.76941 0.4406 0.0792
0 0.53501 0.82246 0.40622 0.08083
0 0.48368 0.87551 0.38254 0.07651
0 0.5576 0.92856 0.40848 0.08546
0 0.66574 0.11953 0.4247 0.08228
0 0.68554 0.16727 0.37348 0.07611
0 0.66424 0.21502 0.40207 0.07817
0 0.66831 0.26276 0.39927 0.07345
0 0.64759 0.31051 0.38051 0.07437
0 0.82605 0.35825 0.39613 0.086
0 0.82984 0.40600 0.37017 0.07297
0 0.83125 0.45374 0.41114 0.07738
0 0.66414 0.50149 0.37666 0.08344
0 0.84425 0.54923 0.36944 0.08605
0 0.72567 0.59698 0.43907 0.08755
0 0.66915 0.64472 0.41323 0.07359
0 0.67195 0.69247 0.40971 0.08088
0 0.72822 0.74021 0.42268 0.08625
0 0.81105 0.78796 0.42038 0.07993
0 0.72564 0.83571 0.40123 0.07483
0 0.85001 0.13281 0.40492 0.07597
0 0.96092 0.18586 0.38461 0.07836
0 0.88654 0.23891 0.43399 0.08482
0 0.94804 0.29196 0.3944 0.08472
0 0.82751 0.39806 0.39471 0.07579
0 0.82425 0.45111 0.43484 0.0732
0 0.931 0.55721 0.40537 0.07314
0 0.92649 0.61026 0.42133 0.08421
0 0.90025 0.66331 0.43223 0.0813
0 0.93228 0.76941 0.43421 0.07939
0 0.85457 0.82246 0.41217 0.08394
0 0.88098 0.87551 0.37204 0.08551