0 0.09322 0.13281 0.4141 0.08136
0 0.11711 0.18586 0.4 0.087
0 0.11443 0.23891 0.40037 0.08266
0 0.10475 0.29196 0.40091 0.07298
0 0.11625 0.34501 0.38416 0.07907
0 0.11954 0.39806 0.37475 0.08249
0 0.10472 0.45111 0.43707 0.07309
0 0.09711 0.50416 0.43531 0.07901
0 0.10608 0.55721 0.40194 0.07512
0 0.11858 0.61026 0.43637 0.08289
0 0.10502 0.66331 0.38216 0.08461
0 0.10262 0.71636 0.38733 0.08373
0 0.10877 0.76941 0.39015 0.07998
0 0.1065 0.82246 0.38904 0.08538
0 0.10885 0.87551 0.44017 0.0875
0 0.0952 0.92856 0.4279 0.08226
0 0.29455 0.14609 0.39722 0.08329
0 0.27708 0.20444 0.38382 0.07647
0 0.29046 0.26280 0.40517 0.08199
0 0.29536 0.32115 0.39134 0.08248
0 0.28087 0.37951 0.37965 0.07421
0 0.35765 0.43786 0.41341 0.07569
0 0.30559 0.49622 0.4315 0.08268
0 0.31664 0.55457 0.38444 0.08493
0 0.35016 0.61293 0.3724 0.07971
0 0.29244 0.67129 0.4276 0.07563
0 0.29198 0.72964 0.42863 0.08578
0 0.29948 0.78800 0.4199 0.08069
0 0.35152 0.84635 0.38156 0.08146
0 0.32626 0.90471 0.40706 0.07479
0 0.32542 0.96306 0.43449 0.07487
0 0.60116 0.13281 0.39894 0.07611
0 0.55728 0.18586 0.39849 0.083
0 0.50264 0.23891 0.37239 0.07451
0 0.55397 0.29196 0.41605 0.08377
0 0.47324 0.34501 0.43615 0.07683
0 0.54855 0.39806 0.39963 0.08367
0 0.47599 0.45111 0.41434 0.0815
0 0.49309 0.50416 0.4076 0.08725
0 0.48354 0.55721 0.38896 0.08043
0 0.49507 0.61026 0.43531 0.07691
0 0.49932 0.66331 0.44175 0.07714
0 0.48622 0.71636 0.41973 0.08172
0 0.51792 0.76941 0.4256 0.07845
0 0.51468 0.82246 0.4032 0.07431
0 0.53946 0.87551 0.42778 0.08496
0 0.55446 0.92856 0.42058 0.0738
0 0.75985 0.11953 0.39668 0.0753
0 0.69688 0.16727 0.38964 0.08096
0 0.74566 0.21502 0.37551 0.07305
0 0.66808 0.26276 0.36932 0.08081
0 0.83237 0.31051 0.41853 0.08182
0 0.76225 0.35825 0.42293 0.08743
0 0.80376 0.40600 0.39866 0.08569
0 0.66632 0.45374 0.41681 0.07645
0 0.78678 0.50149 0.37699 0.08599
0 0.7696 0.54923 0.42983 0.07305
0 0.7719 0.59698 0.41701 0.0854
0 0.6982 0.64472 0.38145 0.08108
0 0.8427 0.69247 0.437 0.07735
0 0.74772 0.74021 0.38968 0.084
0 0.65645 0.78796 0.37902 0.07546
0 0.75228 0.83571 0.43034 0.07764
0 0.96012 0.13281 0.40691 0.08211
0 0.97635 0.18586 0.37458 0.08219
0 0.90143 0.23891 0.41123 0.08167
0 0.90373 0.29196 0.40486 0.08499
0 0.84627 0.34501 0.41934 0.07919
0 0.97525 0.39806 0.40418 0.081
0 0.85297 0.45111 0.40772 0.08556
0 0.83592 0.50416 0.40505 0.07354
0 0.93002 0.55721 0.36887 0.08066
0 0.80104 0.61026 0.37099 0.08691
0 0.8994 0.66331 0.39319 0.08208
0 0.92062 0.71636 0.39882 0.07623
0 0.93771 0.76941 0.39294 0.0788
0 0.87784 0.82246 0.42853 0.08606
0 0.85227 0.87551 0.38825 0.07322
0 0.86578 0.92856 0.42774 0.08698