0 0.10402 0.13281 0.41795 0.07337
0 0.1157 0.18586 0.40813 0.07805
0 0.10844 0.23891 0.39317 0.07443
0 0.09853 0.29196 0.39088 0.08547
0 0.10219 0.34501 0.43253 0.07812
0 0.09754 0.39806 0.43415 0.07437
0 0.09626 0.45111 0.38285 0.08557
0 0.11557 0.50416 0.36994 0.08534
0 0.1096 0.55721 0.42115 0.07997
0 0.1068 0.61026 0.4249 0.07674
0 0.10225 0.66331 0.39754 0.07808
0 0.11785 0.71636 0.41012 0.07584
0 0.11349 0.76941 0.41301 0.08714
0 0.11292 0.82246 0.43223 0.08181
0 0.09321 0.87551 0.43672 0.07897
0 0.10471 0.92856 0.42293 0.07937
0 0.29581 0.14609 0.37324 0.07703
0 0.34667 0.20444 0.42696 0.07503
0 0.31269 0.26280 0.38173 0.08041
0 0.28441 0.32115 0.38657 0.08302
0 0.33022 0.37951 0.40963 0.08123
0 0.35079 0.43786 0.41025 0.08177
0 0.33128 0.49622 0.40701 0.08548
0 0.28148 0.55457 0.4154 0.08319
0 0.29965 0.61293 0.41849 0.0875
0 0.30586 0.67129 0.38402 0.07327
0 0.32315 0.72964 0.3706 0.07605
0 0.28949 0.78800 0.42375 0.08665
0 0.29231 0.84635 0.39037 0.07977
0 0.35081 0.90471 0.42518 0.08311
0 0.34408 0.96306 0.40797 0.07936
0 0.48786 0.13281 0.39833 0.07548
0 0.55403 0.18586 0.43936 0.08048
0 0.56095 0.23891 0.43874 0.07914
0 0.55043 0.29196 0.37926 0.07997
0 0.58986 0.34501 0.39261 0.08347
0 0.49882 0.39806 0.37549 0.08241
0 0.55616 0.45111 0.3956 0.08192
0 0.51712 0.50416 0.37984 0.08347
0 0.57126 0.55721 0.39284 0.07867
0 0.47393 0.61026 0.40363 0.08395
0 0.51868 0.66331 0.37085 0.08262
0 0.46604 0.71636 0.40558 0.07609
0 0.55863 0.76941 0.3709 0.07868
0 0.57238 0.82246 0.42911 0.07492
0 0.57418 0.87551 0.43971 0.07614
0 0.4664 0.92856 0.37914 0.07771
0 0.67564 0.11953 0.40512 0.08721
0 0.80909 0.16727 0.39104 0.07983
0 0.72609 0.21502 0.38103 0.07633
0 0.82541 0.26276 0.41078 0.08055
0 0.81933 0.31051 0.4326 0.07583
0 0.78569 0.35825 0.376 0.085
0 0.67223 0.40600 0.39177 0.08281
0 0.68823 0.45374 0.38781 0.07901
0 0.66925 0.50149 0.43426 0.08143
0 0.70298 0.54923 0.39696 0.08637
0 0.77629 0.59698 0.4371 0.07357
0 0.70335 0.64472 0.42353 0.08496
0 0.79696 0.69247 0.4231 0.07516
0 0.81666 0.74021 0.38227 0.0759
0 0.6875 0.78796 0.38563 0.07529
0 0.7725 0.83571 0.38125 0.08151
0 0.89468 0.13281 0.38032 0.08272
0 0.88397 0.18586 0.38129 0.07331
0 0.9227 0.23891 0.42896 0.07631
0 0.87905 0.29196 0.42004 0.07444
0 0.8252 0.34501 0.40466 0.07744
0 0.97476 0.39806 0.42437 0.07764
0 0.81429 0.45111 0.42936 0.08576
0 0.87267 0.50416 0.43423 0.07425
0 0.87032 0.55721 0.3962 0.08163
0 0.88566 0.61026 0.37085 0.08524
0 0.98136 0.76941 0.3696 0.07755
0 0.81605 0.82246 0.38742 0.08489
0 0.9222 0.87551 0.38952 0.07703
0 0.9923 0.92856 0.37561 0.08695