0 0.12054 0.13281 0.41988 0.08636
0 0.10923 0.18586 0.41743 0.07764
0 0.09275 0.23891 0.39707 0.08484
0 0.09941 0.29196 0.41844 0.08479
0 0.09289 0.34501 0.42314 0.07638
0 0.11141 0.39806 0.37165 0.0756
0 0.11958 0.45111 0.43448 0.07467
0 0.10771 0.50416 0.37055 0.08387
0 0.09905 0.55721 0.3954 0.07858
0 0.11804 0.61026 0.40391 0.08025
0 0.11689 0.66331 0.43566 0.07442
0 0.11368 0.71636 0.41323 0.08272
0 0.09701 0.76941 0.41627 0.0792
0 0.11602 0.82246 0.38183 0.08717
0 0.11259 0.87551 0.43998 0.08127
0 0.10783 0.92856 0.37802 0.07349
0 0.28695 0.14609 0.43102 0.07903
0 0.33988 0.20444 0.40941 0.087
0 0.32982 0.26280 0.40973 0.08285
0 0.30361 0.32115 0.43835 0.07871
0 0.36072 0.37951 0.38867 0.08476
0 0.28357 0.43786 0.3849 0.08605
0 0.3421 0.49622 0.41472 0.08577
0 0.35194 0.55457 0.41428 0.08748
0 0.30257 0.61293 0.38722 0.08486
0 0.32482 0.67129 0.38373 0.07389
0 0.29721 0.72964 0.41382 0.07966
0 0.30286 0.78800 0.44123 0.07798
0 0.31789 0.84635 0.38219 0.07349
0 0.35592 0.90471 0.37148 0.08011
0 0.3229 0.96306 0.41257 0.08119
0 0.49917 0.13281 0.43046 0.08756
0 0.56932 0.18586 0.41598 0.08135
0 0.47516 0.23891 0.3726 0.07661
0 0.53445 0.29196 0.39727 0.07789
0 0.59821 0.34501 0.39985 0.08167
0 0.50073 0.39806 0.37096 0.08211
0 0.57822 0.45111 0.37797 0.08487
0 0.48685 0.50416 0.42651 0.07351
0 0.57583 0.55721 0.41509 0.07797
0 0.59323 0.61026 0.3888 0.07508
0 0.57423 0.66331 0.37618 0.08335
0 0.53613 0.71636 0.4015 0.0865
0 0.55152 0.76941 0.39171 0.08744
0 0.50672 0.82246 0.44107 0.07754
0 0.52707 0.87551 0.36975 0.07461
0 0.56263 0.92856 0.40963 0.07564
0 0.76341 0.11953 0.37478 0.08597
0 0.68926 0.16727 0.41058 0.08747
0 0.84212 0.21502 0.40087 0.08504
0 0.80289 0.26276 0.42862 0.08742
0 0.77599 0.31051 0.38716 0.08669
0 0.68687 0.35825 0.37052 0.08033
0 0.7537 0.40600 0.42909 0.07722
0 0.83338 0.45374 0.37524 0.08236
0 0.79775 0.50149 0.40168 0.07433
0 0.69687 0.54923 0.37882 0.08095
0 0.73487 0.59698 0.39265 0.0752
0 0.68288 0.64472 0.43083 0.08196
0 0.68637 0.69247 0.41641 0.07654
0 0.66065 0.74021 0.37623 0.08625
0 0.69537 0.78796 0.40302 0.08521
0 0.77896 0.83571 0.39699 0.0797
0 0.95597 0.18586 0.40151 0.08734
0 0.84978 0.23891 0.39068 0.07458
0 0.8317 0.34501 0.37694 0.0868
0 0.95607 0.39806 0.44116 0.07914
0 0.90368 0.50416 0.4019 0.08745
0 0.95613 0.61026 0.38521 0.08162
0 0.98352 0.66331 0.3721 0.07829
0 0.82922 0.71636 0.38049 0.08666
0 0.87874 0.76941 0.40548 0.08438
0 0.9893 0.92856 0.37669 0.07548