0 0.11973 0.13281 0.38443 0.07764
0 0.11384 0.18586 0.37321 0.07815
0 0.09941 0.23891 0.3953 0.07399
0 0.09687 0.29196 0.41253 0.07934
0 0.09359 0.34501 0.40233 0.08482
0 0.09927 0.39806 0.38868 0.07731
0 0.10824 0.45111 0.41787 0.07975
0 0.10649 0.50416 0.43915 0.07982
0 0.10071 0.55721 0.40978 0.08141
0 0.09349 0.61026 0.3791 0.07959
0 0.10032 0.66331 0.42847 0.07807
0 0.09892 0.71636 0.38264 0.07967
0 0.09274 0.76941 0.43057 0.08488
0 0.10974 0.82246 0.41835 0.08349
0 0.09588 0.87551 0.43238 0.07944
0 0.09414 0.92856 0.44169 0.07573
0 0.28861 0.14609 0.42741 0.08053
0 0.34177 0.20444 0.40535 0.07853
0 0.35806 0.26280 0.42689 0.08431
0 0.2925 0.32115 0.42472 0.07873
0 0.30241 0.37951 0.38717 0.0848
0 0.28861 0.43786 0.41163 0.07714
0 0.35459 0.49622 0.42136 0.0873
0 0.34542 0.55457 0.3767 0.07794
0 0.28167 0.61293 0.40612 0.07542
0 0.34909 0.67129 0.38271 0.08336
0 0.28744 0.72964 0.44256 0.08147
0 0.29986 0.78800 0.39127 0.08434
0 0.30444 0.84635 0.4422 0.07542
0 0.32786 0.90471 0.44019 0.07628
0 0.32671 0.96306 0.39607 0.07605
0 0.57892 0.13281 0.41077 0.08304
0 0.55828 0.18586 0.41278 0.08624
0 0.55535 0.23891 0.39784 0.07561
0 0.52654 0.29196 0.43031 0.08677
0 0.49923 0.34501 0.40479 0.07661
0 0.49555 0.39806 0.42024 0.08029
0 0.49346 0.45111 0.42604 0.07815
0 0.55575 0.50416 0.37061 0.08751
0 0.48745 0.55721 0.40055 0.07663
0 0.53183 0.61026 0.43166 0.08661
0 0.48325 0.66331 0.41612 0.086
0 0.54867 0.71636 0.40674 0.0751
0 0.5711 0.76941 0.37725 0.08241
0 0.58458 0.82246 0.38934 0.08137
0 0.54409 0.87551 0.39928 0.07536
0 0.59612 0.92856 0.371 0.07577
0 0.69365 0.11953 0.37899 0.07974
0 0.75311 0.16727 0.44209 0.076
0 0.73313 0.21502 0.43716 0.07735
0 0.80496 0.26276 0.41507 0.08433
0 0.77987 0.31051 0.39058 0.07895
0 0.81114 0.35825 0.39385 0.07909
0 0.78935 0.40600 0.39009 0.08301
0 0.73372 0.45374 0.38105 0.07713
0 0.67675 0.50149 0.41597 0.08162
0 0.82785 0.54923 0.42556 0.0792
0 0.73916 0.59698 0.38808 0.0851
0 0.79636 0.64472 0.3865 0.08175
0 0.7592 0.69247 0.38038 0.07367
0 0.65044 0.74021 0.3889 0.08531
0 0.70535 0.78796 0.40005 0.08261
0 0.81219 0.83571 0.37149 0.0827
0 0.97982 0.13281 0.41946 0.08295
0 0.94232 0.18586 0.41498 0.07583
0 0.91128 0.23891 0.38138 0.07935
0 0.92435 0.29196 0.42662 0.07773
0 0.96875 0.34501 0.42627 0.07801
0 0.8247 0.45111 0.41806 0.08105
0 0.84536 0.50416 0.38943 0.08077
0 0.8712 0.55721 0.41988 0.07457
0 0.89897 0.61026 0.40318 0.08324
0 0.95587 0.71636 0.40017 0.07948
0 0.82213 0.87551 0.44223 0.07734