0 0.09305 0.13281 0.39974 0.08508
0 0.1157 0.18586 0.37647 0.08703
0 0.10186 0.23891 0.39917 0.07863
0 0.11461 0.29196 0.38262 0.08041
0 0.11423 0.34501 0.38053 0.08454
0 0.10464 0.39806 0.42077 0.07879
0 0.1196 0.45111 0.38456 0.07856
0 0.1155 0.50416 0.43386 0.07789
0 0.09907 0.55721 0.44162 0.08145
0 0.11157 0.61026 0.39362 0.08237
0 0.11309 0.66331 0.43827 0.08741
0 0.0996 0.71636 0.38412 0.08637
0 0.11707 0.76941 0.4184 0.08432
0 0.10458 0.82246 0.42528 0.07913
0 0.09797 0.87551 0.38639 0.07759
0 0.10771 0.92856 0.42704 0.0785
0 0.36158 0.14609 0.42778 0.0867
0 0.33171 0.20444 0.38133 0.07546
0 0.30859 0.26280 0.40949 0.08206
0 0.32326 0.32115 0.39708 0.07887
0 0.28612 0.37951 0.43695 0.08129
0 0.34599 0.43786 0.40803 0.08211
0 0.28809 0.49622 0.3827 0.07764
0 0.3017 0.55457 0.40273 0.07765
0 0.28195 0.61293 0.37261 0.07948
0 0.33514 0.67129 0.43173 0.08287
0 0.29257 0.72964 0.41404 0.08568
0 0.30436 0.78800 0.42308 0.08109
0 0.35872 0.84635 0.43584 0.07713
0 0.32645 0.90471 0.38486 0.07533
0 0.28666 0.96306 0.41017 0.08689
0 0.50343 0.13281 0.44045 0.08017
0 0.55899 0.18586 0.39773 0.08415
0 0.57099 0.23891 0.37265 0.08031
0 0.5634 0.29196 0.41236 0.07476
0 0.60058 0.34501 0.42057 0.07779
0 0.59255 0.39806 0.40422 0.07764
0 0.52529 0.45111 0.37265 0.0827
0 0.47378 0.50416 0.37658 0.08567
0 0.52045 0.55721 0.39828 0.0809
0 0.58056 0.61026 0.39419 0.08222
0 0.58114 0.66331 0.40236 0.07316
0 0.49801 0.71636 0.41348 0.07463
0 0.55384 0.76941 0.39705 0.08118
0 0.59228 0.82246 0.37632 0.08339
0 0.5991 0.87551 0.38262 0.07724
0 0.59283 0.92856 0.43974 0.07468
0 0.73695 0.11953 0.42983 0.07314
0 0.77899 0.16727 0.43293 0.08082
0 0.82402 0.21502 0.41945 0.07784
0 0.76273 0.26276 0.43052 0.07477
0 0.75772 0.31051 0.37307 0.07302
0 0.74225 0.35825 0.41562 0.07603
0 0.80844 0.40600 0.42799 0.07639
0 0.69489 0.45374 0.38997 0.07893
0 0.71781 0.50149 0.3974 0.0772
0 0.82444 0.54923 0.36971 0.08591
0 0.68452 0.59698 0.37984 0.07308
0 0.70025 0.64472 0.42982 0.08743
0 0.66591 0.69247 0.43789 0.08121
0 0.83969 0.74021 0.38213 0.08528
0 0.73241 0.78796 0.41002 0.08639
0 0.6891 0.83571 0.38791 0.08516
0 0.95211 0.13281 0.40455 0.07402
0 0.80245 0.18586 0.37202 0.08331
0 0.95163 0.23891 0.42062 0.07424
0 0.85219 0.29196 0.39241 0.081
0 0.93254 0.39806 0.41935 0.07499
0 0.9028 0.45111 0.43924 0.07522
0 0.87454 0.50416 0.4122 0.08558
0 0.81594 0.55721 0.42635 0.07509
0 0.88724 0.61026 0.37845 0.08216
0 0.81915 0.66331 0.39526 0.08062
0 0.95361 0.71636 0.43032 0.07682
0 0.86211 0.76941 0.37248 0.07781
0 0.93716 0.82246 0.39469 0.08005
0 0.91886 0.87551 0.38756 0.08688
0 0.95818 0.92856 0.44172 0.07722