0 0.11834 0.13281 0.38317 0.07979
0 0.1072 0.18586 0.43512 0.08215
0 0.0939 0.23891 0.41048 0.074
0 0.1068 0.29196 0.38367 0.07584
0 0.11266 0.34501 0.37199 0.07736
0 0.11962 0.39806 0.43996 0.07628
0 0.094 0.45111 0.43799 0.07825
0 0.11138 0.50416 0.4377 0.08736
0 0.11769 0.55721 0.38401 0.0802
0 0.10093 0.61026 0.42725 0.08274
0 0.09901 0.66331 0.3715 0.07674
0 0.11165 0.71636 0.43248 0.08183
0 0.12056 0.76941 0.40337 0.08672
0 0.10184 0.82246 0.42776 0.07536
0 0.11824 0.87551 0.39368 0.07664
0 0.1031 0.92856 0.44135 0.07655
0 0.29588 0.14609 0.412 0.08723
0 0.3278 0.20444 0.37942 0.08238
0 0.34572 0.26280 0.38442 0.08745
0 0.30796 0.32115 0.40443 0.07495
0 0.3614 0.37951 0.37873 0.08749
0 0.35109 0.43786 0.38577 0.08482
0 0.27771 0.49622 0.41164 0.07505
0 0.29799 0.55457 0.37244 0.07519
0 0.33567 0.61293 0.42105 0.07381
0 0.32383 0.67129 0.4023 0.07805
0 0.30446 0.72964 0.39368 0.07485
0 0.34321 0.78800 0.42937 0.07313
0 0.33014 0.84635 0.41161 0.07514
0 0.35588 0.90471 0.38917 0.0826
0 0.3506 0.96306 0.40533 0.07584
0 0.52713 0.13281 0.40547 0.08266
0 0.55045 0.18586 0.38911 0.08336
0 0.49654 0.23891 0.43587 0.07677
0 0.53809 0.29196 0.37235 0.08144
0 0.54418 0.34501 0.43479 0.07332
0 0.54207 0.39806 0.41298 0.07969
0 0.53493 0.45111 0.39067 0.07378
0 0.47245 0.50416 0.39099 0.08033
0 0.47707 0.55721 0.43869 0.08258
0 0.59268 0.61026 0.4113 0.07749
0 0.46603 0.66331 0.42319 0.08041
0 0.49916 0.71636 0.41443 0.07311
0 0.5198 0.76941 0.41504 0.08618
0 0.55971 0.82246 0.4201 0.07462
0 0.4998 0.87551 0.4202 0.07459
0 0.54615 0.92856 0.37567 0.08081
0 0.77444 0.11953 0.38759 0.07929
0 0.77667 0.16727 0.40165 0.07708
0 0.74482 0.21502 0.41884 0.08271
0 0.72715 0.26276 0.37485 0.07993
0 0.73487 0.31051 0.42575 0.07325
0 0.69324 0.35825 0.39305 0.07396
0 0.64891 0.40600 0.36977 0.08282
0 0.82737 0.45374 0.42846 0.07469
0 0.66415 0.50149 0.43912 0.08262
0 0.7659 0.54923 0.44088 0.074
0 0.73249 0.59698 0.41634 0.0755
0 0.7421 0.64472 0.41923 0.08026
0 0.73435 0.69247 0.42004 0.0756
0 0.72998 0.74021 0.41133 0.07898
0 0.70157 0.78796 0.3733 0.08078
0 0.81441 0.83571 0.39783 0.08711
0 0.99989 0.13281 0.37782 0.08049
0 0.90581 0.18586 0.411 0.08654
0 0.89475 0.29196 0.40446 0.07834
0 0.82372 0.34501 0.37919 0.07552
0 0.93499 0.45111 0.41518 0.08527
0 0.89409 0.55721 0.38137 0.0744
0 0.95138 0.61026 0.37999 0.08366
0 0.87771 0.66331 0.42951 0.0842
0 0.84702 0.71636 0.41544 0.0866
0 0.82527 0.92856 0.38913 0.08285