0 0.10501 0.12873 0.1777 0.04115
0 0.10501 0.17310 0.18379 0.03371
0 0.10501 0.22061 0.16514 0.03408
0 0.10501 0.27821 0.18562 0.04329
0 0.10501 0.37152 0.17035 0.03984
0 0.10501 0.37038 0.19638 0.04017
0 0.10501 0.46804 0.19356 0.03714
0 0.10501 0.49879 0.18167 0.0367
0 0.10501 0.50760 0.20234 0.03665
0 0.10501 0.58724 0.1957 0.03906
0 0.10501 0.60835 0.17084 0.04247
0 0.10501 0.69445 0.21666 0.03669
0 0.10501 0.69596 0.21231 0.03647
0 0.10501 0.88313 0.20648 0.03451
0 0.10501 0.82510 0.16552 0.0364
0 0.3148 0.13894 0.16708 0.03759
0 0.3148 0.20777 0.20945 0.0397
0 0.3148 0.27416 0.19722 0.0431
0 0.3148 0.30721 0.2021 0.04117
0 0.3148 0.35356 0.22019 0.03252
0 0.3148 0.43162 0.21086 0.03926
0 0.3148 0.49168 0.17139 0.03655
0 0.3148 0.53838 0.17881 0.04061
0 0.3148 0.61431 0.17165 0.04226
0 0.3148 0.63681 0.19816 0.03941
0 0.3148 0.73855 0.19561 0.04323
0 0.3148 0.78509 0.21449 0.03731
0 0.3148 0.90846 0.17551 0.03371
0 0.3148 0.82280 0.17355 0.03685
0 0.3148 0.99384 0.17189 0.04219
0 0.52459 0.12504 0.16546 0.03351
0 0.52459 0.18679 0.18774 0.03559
0 0.52459 0.22337 0.21769 0.0365
0 0.52459 0.29807 0.18411 0.03593
0 0.52459 0.32005 0.21668 0.04239
0 0.52459 0.40350 0.2056 0.04014
0 0.52459 0.47736 0.19747 0.04362
0 0.52459 0.50677 0.16297 0.04184
0 0.52459 0.52790 0.19619 0.0343
0 0.52459 0.65547 0.17152 0.03513
0 0.52459 0.67116 0.19069 0.03373
0 0.52459 0.71771 0.18421 0.03888
0 0.52459 0.80500 0.18946 0.03905
0 0.52459 0.84384 0.19983 0.04221
0 0.52459 0.86372 0.17164 0.03804
0 0.52459 0.94014 0.2054 0.04057
0 0.73438 0.12366 0.19123 0.03841
0 0.73438 0.16782 0.19184 0.03346
0 0.73438 0.21805 0.20233 0.04205
0 0.73438 0.26629 0.20881 0.04174
0 0.73438 0.29838 0.19392 0.04088
0 0.73438 0.36800 0.19836 0.03587
0 0.73438 0.40193 0.21159 0.04226
0 0.73438 0.42322 0.20838 0.03894
0 0.73438 0.54773 0.21831 0.03392
0 0.73438 0.60029 0.19864 0.03705
0 0.73438 0.60288 0.21395 0.03852
0 0.73438 0.62477 0.21218 0.04108
0 0.73438 0.66316 0.21936 0.03326
0 0.73438 0.69878 0.2019 0.03738
0 0.73438 0.81909 0.17619 0.04084
0 0.73438 0.78168 0.20264 0.03773
0 0.90921 0.13444 0.20621 0.03644
0 0.90921 0.16815 0.19793 0.03506
0 0.90921 0.23117 0.17617 0.03579
0 0.90921 0.32036 0.188 0.0394
0 0.90921 0.34674 0.17005 0.03851
0 0.90921 0.39803 0.16548 0.03429
0 0.90921 0.47887 0.19169 0.04051
0 0.90921 0.49498 0.18548 0.03586
0 0.90921 0.56641 0.17094 0.03225
0 0.90921 0.59372 0.16669 0.04013
0 0.90921 0.68921 0.16936 0.03293
0 0.90921 0.77632 0.21578 0.04258
0 0.90921 0.81397 0.19238 0.0424
0 0.90921 0.74948 0.21284 0.03865
0 0.90921 0.81473 0.16351 0.04117
0 0.90921 0.95161 0.16974 0.03385