0 0.10501 0.12999 0.20945 0.039
0 0.10501 0.18887 0.17246 0.03638
0 0.10501 0.24496 0.19819 0.04248
0 0.10501 0.26454 0.22126 0.03765
0 0.10501 0.37842 0.208 0.04214
0 0.10501 0.42732 0.20916 0.04334
0 0.10501 0.46831 0.18552 0.0326
0 0.10501 0.47802 0.18396 0.03489
0 0.10501 0.50446 0.20849 0.03702
0 0.10501 0.65259 0.21368 0.04303
0 0.10501 0.60691 0.21822 0.04091
0 0.10501 0.70501 0.18191 0.03309
0 0.10501 0.75930 0.20863 0.03528
0 0.10501 0.89020 0.21203 0.04008
0 0.10501 0.82659 0.19524 0.03669
0 0.3148 0.14603 0.20476 0.03451
0 0.3148 0.20209 0.21782 0.03881
0 0.3148 0.25528 0.17077 0.03327
0 0.3148 0.33586 0.18761 0.03224
0 0.3148 0.37443 0.16823 0.0332
0 0.3148 0.44979 0.20404 0.03736
0 0.3148 0.48660 0.21382 0.0411
0 0.3148 0.50057 0.18226 0.03931
0 0.3148 0.65466 0.19813 0.04352
0 0.3148 0.70744 0.18454 0.03505
0 0.3148 0.77541 0.20431 0.04046
0 0.3148 0.81398 0.18354 0.03776
0 0.3148 0.79190 0.22071 0.03438
0 0.3148 0.95072 0.19154 0.04139
0 0.3148 0.88929 0.17054 0.03772
0 0.52459 0.13779 0.19406 0.03241
0 0.52459 0.19249 0.18309 0.03553
0 0.52459 0.23770 0.21143 0.04301
0 0.52459 0.30262 0.17997 0.03931
0 0.52459 0.32603 0.18187 0.03432
0 0.52459 0.42641 0.19436 0.04183
0 0.52459 0.47555 0.20609 0.03347
0 0.52459 0.53817 0.21195 0.03528
0 0.52459 0.51643 0.20268 0.03597
0 0.52459 0.66591 0.18068 0.03706
0 0.52459 0.63413 0.17469 0.03492
0 0.52459 0.77286 0.18448 0.03383
0 0.52459 0.70053 0.20079 0.03829
0 0.52459 0.77360 0.18339 0.04136
0 0.52459 0.82301 0.21771 0.03709
0 0.52459 0.98105 0.17263 0.03986
0 0.73438 0.11373 0.19237 0.04165
0 0.73438 0.17178 0.16341 0.03839
0 0.73438 0.20184 0.16312 0.03407
0 0.73438 0.24398 0.21765 0.03352
0 0.73438 0.33488 0.18391 0.04332
0 0.73438 0.38862 0.16866 0.03377
0 0.73438 0.39843 0.22016 0.0367
0 0.73438 0.42198 0.19278 0.03594
0 0.73438 0.46672 0.16286 0.03684
0 0.73438 0.57584 0.18493 0.03826
0 0.73438 0.65089 0.19744 0.03262
0 0.73438 0.69527 0.20899 0.03403
0 0.73438 0.64099 0.1842 0.03535
0 0.73438 0.78673 0.16366 0.03934
0 0.73438 0.81230 0.19426 0.04249
0 0.73438 0.76758 0.20893 0.03951
0 0.90921 0.13634 0.18691 0.0403
0 0.90921 0.17123 0.21984 0.04103
0 0.90921 0.22001 0.19758 0.04165
0 0.90921 0.27164 0.16409 0.03335
0 0.90921 0.36655 0.2119 0.03316
0 0.90921 0.39972 0.19624 0.04322
0 0.90921 0.42403 0.19682 0.04142
0 0.90921 0.45486 0.21334 0.03498
0 0.90921 0.61183 0.18676 0.03495
0 0.90921 0.64318 0.16429 0.04196
0 0.90921 0.64313 0.21254 0.03431
0 0.90921 0.70462 0.16599 0.03732
0 0.90921 0.80237 0.1717 0.03737
0 0.90921 0.79291 0.18901 0.03854
0 0.90921 0.84953 0.18562 0.03806
0 0.90921 0.92939 0.17115 0.03373