0 0.10501 0.13080 0.18468 0.0387
0 0.10501 0.17001 0.1933 0.03293
0 0.10501 0.23493 0.17451 0.03735
0 0.10501 0.31732 0.22035 0.03298
0 0.10501 0.32682 0.18589 0.03349
0 0.10501 0.36778 0.21825 0.03254
0 0.10501 0.47350 0.21245 0.03429
0 0.10501 0.46296 0.19602 0.03311
0 0.10501 0.52082 0.20876 0.03468
0 0.10501 0.64948 0.21145 0.03504
0 0.10501 0.68744 0.1761 0.03351
0 0.10501 0.66595 0.20882 0.04023
0 0.10501 0.80849 0.18512 0.03575
0 0.10501 0.77109 0.17123 0.03943
0 0.10501 0.81305 0.17797 0.03779
0 0.10501 0.94182 0.20799 0.04326
0 0.3148 0.14664 0.18329 0.03629
0 0.3148 0.18497 0.16343 0.0346
0 0.3148 0.25189 0.19639 0.03647
0 0.3148 0.32884 0.19165 0.03488
0 0.3148 0.38462 0.18003 0.04215
0 0.3148 0.40635 0.20683 0.03501
0 0.3148 0.49803 0.20059 0.03262
0 0.3148 0.52650 0.18702 0.03919
0 0.3148 0.60464 0.2124 0.03259
0 0.3148 0.72218 0.18473 0.03776
0 0.3148 0.77283 0.19452 0.03617
0 0.3148 0.78892 0.19396 0.03662
0 0.3148 0.79910 0.16797 0.04228
0 0.3148 0.90809 0.19842 0.04346
0 0.3148 0.88365 0.19279 0.03645
0 0.3148 0.92248 0.21082 0.03645
0 0.52459 0.13561 0.1902 0.03803
0 0.52459 0.20258 0.21805 0.0386
0 0.52459 0.23117 0.1807 0.04145
0 0.52459 0.29062 0.18042 0.03794
0 0.52459 0.35748 0.16554 0.03997
0 0.52459 0.42483 0.17109 0.03507
0 0.52459 0.41574 0.2156 0.03837
0 0.52459 0.53901 0.17466 0.03623
0 0.52459 0.50324 0.21351 0.04038
0 0.52459 0.66306 0.18873 0.03769
0 0.52459 0.68724 0.21782 0.03768
0 0.52459 0.78065 0.20207 0.03494
0 0.52459 0.71916 0.20079 0.03398
0 0.52459 0.81536 0.20943 0.03431
0 0.52459 0.88823 0.217 0.03369
0 0.52459 0.84882 0.21251 0.03489
0 0.73438 0.12845 0.1724 0.03695
0 0.73438 0.17524 0.16698 0.04018
0 0.73438 0.22532 0.19871 0.0325
0 0.73438 0.25817 0.18095 0.04006
0 0.73438 0.33206 0.18764 0.03328
0 0.73438 0.34731 0.18088 0.03313
0 0.73438 0.39239 0.21447 0.0403
0 0.73438 0.45910 0.18285 0.03239
0 0.73438 0.48149 0.16916 0.03934
0 0.73438 0.51795 0.18664 0.03378
0 0.73438 0.56659 0.17234 0.04305
0 0.73438 0.69713 0.19667 0.03766
0 0.73438 0.75536 0.17349 0.03719
0 0.73438 0.69969 0.17788 0.0341
0 0.73438 0.73779 0.18243 0.0399
0 0.73438 0.89208 0.21492 0.03219
0 0.90921 0.13530 0.20115 0.03351
0 0.90921 0.20395 0.21596 0.036
0 0.90921 0.25951 0.16619 0.03782
0 0.90921 0.30973 0.21848 0.04178
0 0.90921 0.37372 0.18746 0.03276
0 0.90921 0.37146 0.17683 0.04234
0 0.90921 0.40713 0.21012 0.04371
0 0.90921 0.53073 0.17257 0.03681
0 0.90921 0.53188 0.20798 0.03612
0 0.90921 0.60738 0.17193 0.04026
0 0.90921 0.68219 0.18982 0.04173
0 0.90921 0.66539 0.18362 0.03232
0 0.90921 0.75963 0.1842 0.04377
0 0.90921 0.79380 0.16402 0.04177
0 0.90921 0.84387 0.17323 0.03385
0 0.90921 0.89424 0.17073 0.04111