0 0.10501 0.13612 0.20818 0.0399
0 0.10501 0.19164 0.21284 0.04192
0 0.10501 0.25532 0.18892 0.03795
0 0.10501 0.28484 0.16256 0.03367
0 0.10501 0.32916 0.21535 0.03743
0 0.10501 0.39639 0.16288 0.04083
0 0.10501 0.48567 0.20514 0.0384
0 0.10501 0.52336 0.21458 0.03518
0 0.10501 0.57363 0.17158 0.03689
0 0.10501 0.64908 0.20657 0.04008
0 0.10501 0.60369 0.2087 0.03723
0 0.10501 0.71618 0.17862 0.04116
0 0.10501 0.78984 0.17489 0.03299
0 0.10501 0.74144 0.1954 0.04266
0 0.10501 0.79244 0.19412 0.03395
0 0.10501 0.87263 0.16359 0.04172
0 0.3148 0.15497 0.211 0.03586
0 0.3148 0.18658 0.19177 0.04008
0 0.3148 0.25731 0.2142 0.0416
0 0.3148 0.31328 0.20583 0.03221
0 0.3148 0.34210 0.16264 0.03976
0 0.3148 0.40466 0.18131 0.03336
0 0.3148 0.44804 0.17416 0.03717
0 0.3148 0.60470 0.20854 0.03877
0 0.3148 0.56584 0.1637 0.03867
0 0.3148 0.61410 0.16542 0.04364
0 0.3148 0.75475 0.16641 0.04307
0 0.3148 0.73512 0.20715 0.03854
0 0.3148 0.87838 0.17554 0.03387
0 0.3148 0.81978 0.2166 0.04343
0 0.52459 0.13568 0.16766 0.03876
0 0.52459 0.17702 0.20719 0.03677
0 0.52459 0.22036 0.21363 0.03494
0 0.52459 0.26722 0.20393 0.04197
0 0.52459 0.31297 0.18625 0.03484
0 0.52459 0.36320 0.17795 0.04352
0 0.52459 0.43391 0.17105 0.04369
0 0.52459 0.53905 0.20412 0.04287
0 0.52459 0.55847 0.18421 0.04333
0 0.52459 0.62790 0.20896 0.03364
0 0.52459 0.65461 0.21054 0.03249
0 0.52459 0.64851 0.21901 0.04116
0 0.52459 0.70812 0.17964 0.03726
0 0.52459 0.84870 0.19279 0.03904
0 0.52459 0.80516 0.20626 0.04359
0 0.52459 0.94517 0.21594 0.04277
0 0.73438 0.12914 0.17066 0.03289
0 0.73438 0.15285 0.20488 0.04304
0 0.73438 0.20617 0.21738 0.0336
0 0.73438 0.25286 0.19305 0.03255
0 0.73438 0.31426 0.18012 0.03669
0 0.73438 0.35440 0.1861 0.03314
0 0.73438 0.41890 0.166 0.03663
0 0.73438 0.46464 0.18891 0.03623
0 0.73438 0.47949 0.16812 0.03643
0 0.73438 0.53024 0.19876 0.03369
0 0.73438 0.60596 0.2201 0.04032
0 0.73438 0.59017 0.20755 0.03736
0 0.73438 0.68274 0.21348 0.03416
0 0.73438 0.66732 0.1895 0.03267
0 0.73438 0.83924 0.19744 0.03432
0 0.73438 0.81714 0.17606 0.03571
0 0.90921 0.12121 0.19697 0.03966
0 0.90921 0.19964 0.21565 0.04365
0 0.90921 0.22915 0.21172 0.04254
0 0.90921 0.26421 0.1802 0.0416
0 0.90921 0.34906 0.21375 0.03613
0 0.90921 0.42980 0.18692 0.03596
0 0.90921 0.45898 0.19429 0.03267
0 0.90921 0.53922 0.20179 0.03977
0 0.90921 0.54480 0.17947 0.03933
0 0.90921 0.63698 0.18181 0.03429
0 0.90921 0.66314 0.17312 0.04061
0 0.90921 0.64923 0.19914 0.04028
0 0.90921 0.84227 0.20478 0.04039
0 0.90921 0.83503 0.21197 0.04221
0 0.90921 0.86467 0.18718 0.04131
0 0.90921 0.85988 0.19889 0.03285