0 0.10501 0.14135 0.18805 0.03993
0 0.10501 0.17171 0.20125 0.04194
0 0.10501 0.23657 0.221 0.04081
0 0.10501 0.26448 0.20703 0.04371
0 0.10501 0.34762 0.17783 0.03966
0 0.10501 0.39308 0.21107 0.04013
0 0.10501 0.45461 0.17308 0.03697
0 0.10501 0.49829 0.20534 0.03501
0 0.10501 0.52024 0.1926 0.03862
0 0.10501 0.60405 0.21207 0.03286
0 0.10501 0.60580 0.18485 0.03534
0 0.10501 0.76145 0.17702 0.03785
0 0.10501 0.84572 0.19965 0.03612
0 0.10501 0.80952 0.19541 0.03911
0 0.10501 0.89711 0.19141 0.03651
0 0.10501 0.96658 0.18548 0.0405
0 0.3148 0.14006 0.17649 0.04236
0 0.3148 0.21482 0.20424 0.04066
0 0.3148 0.26893 0.18599 0.03879
0 0.3148 0.34873 0.19908 0.04032
0 0.3148 0.38915 0.19326 0.04233
0 0.3148 0.47117 0.21326 0.03378
0 0.3148 0.45046 0.19818 0.03645
0 0.3148 0.50415 0.1831 0.03297
0 0.3148 0.64605 0.21153 0.0428
0 0.3148 0.69909 0.21166 0.04297
0 0.3148 0.75374 0.20421 0.03695
0 0.3148 0.85904 0.18852 0.035
0 0.3148 0.88020 0.17016 0.03687
0 0.3148 0.90698 0.20942 0.03713
0 0.3148 0.91304 0.20782 0.04276
0 0.52459 0.12107 0.18067 0.03423
0 0.52459 0.18921 0.18798 0.03404
0 0.52459 0.22805 0.17871 0.03975
0 0.52459 0.27383 0.18437 0.03335
0 0.52459 0.37106 0.18215 0.0336
0 0.52459 0.36458 0.17383 0.038
0 0.52459 0.42887 0.18015 0.04172
0 0.52459 0.49198 0.17168 0.0341
0 0.52459 0.57351 0.20478 0.03338
0 0.52459 0.63673 0.19488 0.04248
0 0.52459 0.72918 0.18001 0.03388
0 0.52459 0.78549 0.1884 0.04144
0 0.52459 0.78009 0.19956 0.03568
0 0.52459 0.82493 0.19098 0.03644
0 0.52459 0.82987 0.19497 0.03353
0 0.52459 0.94489 0.16723 0.03406
0 0.73438 0.12449 0.16697 0.04163
0 0.73438 0.18132 0.17215 0.03973
0 0.73438 0.21860 0.17913 0.03392
0 0.73438 0.26988 0.17995 0.03357
0 0.73438 0.29812 0.21918 0.03974
0 0.73438 0.35287 0.21578 0.03377
0 0.73438 0.37498 0.1868 0.03518
0 0.73438 0.43836 0.21977 0.04292
0 0.73438 0.51234 0.21782 0.04245
0 0.73438 0.53818 0.18373 0.03891
0 0.73438 0.57001 0.17357 0.03214
0 0.73438 0.66955 0.17147 0.0329
0 0.73438 0.72396 0.21064 0.04156
0 0.73438 0.74631 0.17981 0.03948
0 0.73438 0.81819 0.17833 0.03608
0 0.73438 0.83739 0.20174 0.04278
0 0.90921 0.13750 0.20662 0.04193
0 0.90921 0.18258 0.21247 0.03399
0 0.90921 0.21648 0.18294 0.03276
0 0.90921 0.26721 0.19339 0.03255
0 0.90921 0.36006 0.20676 0.03393
0 0.90921 0.41253 0.17455 0.04147
0 0.90921 0.47370 0.17638 0.03831
0 0.90921 0.50077 0.18946 0.04112
0 0.90921 0.53753 0.16723 0.03936
0 0.90921 0.57481 0.21544 0.03515
0 0.90921 0.70048 0.18911 0.03544
0 0.90921 0.74502 0.18019 0.04298
0 0.90921 0.83754 0.17058 0.04225
0 0.90921 0.80445 0.18274 0.03913
0 0.90921 0.88787 0.18587 0.03726
0 0.90921 0.99501 0.21399 0.03768