0 0.10501 0.14027 0.21154 0.03383
0 0.10501 0.19490 0.20928 0.04054
0 0.10501 0.24126 0.17428 0.03962
0 0.10501 0.27978 0.2081 0.04128
0 0.10501 0.34238 0.19641 0.0427
0 0.10501 0.37257 0.17591 0.03237
0 0.10501 0.46780 0.21461 0.04365
0 0.10501 0.46111 0.19607 0.0382
0 0.10501 0.61266 0.18598 0.04234
0 0.10501 0.61532 0.1734 0.0402
0 0.10501 0.60270 0.18545 0.03542
0 0.10501 0.67167 0.1973 0.03967
0 0.10501 0.74672 0.19467 0.04223
0 0.10501 0.79769 0.19228 0.04218
0 0.10501 0.83252 0.16358 0.04375
0 0.10501 0.91436 0.21061 0.03465
0 0.3148 0.15868 0.17407 0.0373
0 0.3148 0.19215 0.20834 0.03345
0 0.3148 0.25091 0.21965 0.0343
0 0.3148 0.31907 0.18701 0.04316
0 0.3148 0.35591 0.17303 0.03963
0 0.3148 0.42803 0.19916 0.03789
0 0.3148 0.54581 0.21131 0.03468
0 0.3148 0.54178 0.20058 0.03436
0 0.3148 0.57829 0.16848 0.03474
0 0.3148 0.72747 0.21763 0.03525
0 0.3148 0.65995 0.16633 0.03299
0 0.3148 0.81957 0.17851 0.0384
0 0.3148 0.89375 0.20563 0.03751
0 0.3148 0.98735 0.18027 0.03656
0 0.3148 0.92205 0.16516 0.03284
0 0.52459 0.12515 0.21667 0.04161
0 0.52459 0.17536 0.16793 0.03238
0 0.52459 0.24381 0.19474 0.04141
0 0.52459 0.27662 0.20551 0.03563
0 0.52459 0.35436 0.21958 0.03384
0 0.52459 0.41676 0.20706 0.0368
0 0.52459 0.40767 0.21275 0.03857
0 0.52459 0.52667 0.20924 0.03528
0 0.52459 0.60279 0.19245 0.03972
0 0.52459 0.58282 0.21682 0.04003
0 0.52459 0.65021 0.20722 0.03641
0 0.52459 0.71653 0.1907 0.03482
0 0.52459 0.77259 0.20182 0.0377
0 0.52459 0.89111 0.19383 0.04232
0 0.52459 0.84142 0.17572 0.04159
0 0.52459 0.85199 0.21106 0.0432
0 0.73438 0.10772 0.21277 0.03739
0 0.73438 0.17422 0.16975 0.03829
0 0.73438 0.21835 0.1818 0.03575
0 0.73438 0.25029 0.18365 0.03531
0 0.73438 0.28702 0.20179 0.03758
0 0.73438 0.32519 0.19682 0.03258
0 0.73438 0.41736 0.20694 0.03772
0 0.73438 0.48799 0.16925 0.03367
0 0.73438 0.50908 0.1627 0.04373
0 0.73438 0.53836 0.20968 0.04194
0 0.73438 0.59338 0.18406 0.04075
0 0.73438 0.63776 0.18238 0.0343
0 0.73438 0.67711 0.179 0.04266
0 0.73438 0.69254 0.18925 0.03433
0 0.73438 0.77291 0.1691 0.03555
0 0.73438 0.84294 0.21638 0.03992
0 0.90921 0.13115 0.1755 0.03252
0 0.90921 0.17052 0.16796 0.03466
0 0.90921 0.22186 0.22077 0.03735
0 0.90921 0.26777 0.21132 0.03344
0 0.90921 0.31891 0.19445 0.03279
0 0.90921 0.37203 0.1689 0.03993
0 0.90921 0.46158 0.17503 0.03243
0 0.90921 0.51321 0.21498 0.03491
0 0.90921 0.58037 0.1795 0.04047
0 0.90921 0.56823 0.1903 0.03969
0 0.90921 0.60286 0.21711 0.04291
0 0.90921 0.68636 0.20688 0.03431
0 0.90921 0.81844 0.20918 0.03707
0 0.90921 0.88036 0.18641 0.04259
0 0.90921 0.85647 0.20578 0.04294
0 0.90921 0.86076 0.16708 0.04032