0 0.10501 0.14519 0.20546 0.03552
0 0.10501 0.20305 0.18161 0.03628
0 0.10501 0.25247 0.2034 0.04241
0 0.10501 0.28744 0.16746 0.04218
0 0.10501 0.33422 0.16934 0.0352
0 0.10501 0.41152 0.18848 0.03345
0 0.10501 0.43070 0.18006 0.03493
0 0.10501 0.46755 0.1787 0.03371
0 0.10501 0.55874 0.1882 0.03769
0 0.10501 0.63288 0.21528 0.03652
0 0.10501 0.60189 0.16786 0.03513
0 0.10501 0.67599 0.20746 0.03647
0 0.10501 0.84443 0.21755 0.03898
0 0.10501 0.76168 0.17971 0.04234
0 0.10501 0.81833 0.21688 0.03254
0 0.10501 0.91797 0.16992 0.03622
0 0.3148 0.13978 0.16445 0.0436
0 0.3148 0.21772 0.17742 0.04129
0 0.3148 0.25875 0.18756 0.03989
0 0.3148 0.31857 0.21341 0.03931
0 0.3148 0.39848 0.17979 0.036
0 0.3148 0.47448 0.19191 0.03764
0 0.3148 0.45112 0.21125 0.03385
0 0.3148 0.52295 0.16532 0.0398
0 0.3148 0.58044 0.18035 0.04058
0 0.3148 0.67227 0.1956 0.03235
0 0.3148 0.70520 0.18344 0.03862
0 0.3148 0.83675 0.2055 0.04323
0 0.3148 0.81717 0.1992 0.04285
0 0.3148 0.98144 0.21272 0.03353
0 0.52459 0.13639 0.19148 0.03771
0 0.52459 0.17862 0.1806 0.03669
0 0.52459 0.24086 0.17153 0.03736
0 0.52459 0.29157 0.18006 0.04122
0 0.52459 0.33199 0.21335 0.04356
0 0.52459 0.40057 0.2129 0.0419
0 0.52459 0.45107 0.16958 0.03713
0 0.52459 0.47760 0.17118 0.03819
0 0.52459 0.51556 0.21289 0.03521
0 0.52459 0.57322 0.16229 0.04238
0 0.52459 0.63324 0.20017 0.04129
0 0.52459 0.75031 0.2057 0.03652
0 0.52459 0.79422 0.20371 0.03528
0 0.52459 0.88239 0.21155 0.03321
0 0.52459 0.91944 0.20076 0.03605
0 0.52459 0.94067 0.16357 0.03299
0 0.73438 0.12291 0.17499 0.03562
0 0.73438 0.17604 0.17353 0.04238
0 0.73438 0.21312 0.16981 0.04087
0 0.73438 0.24590 0.17212 0.03899
0 0.73438 0.34135 0.18 0.03287
0 0.73438 0.34015 0.20914 0.04246
0 0.73438 0.41475 0.21658 0.0412
0 0.73438 0.44672 0.19685 0.03712
0 0.73438 0.46530 0.18706 0.03828
0 0.73438 0.53459 0.20523 0.0404
0 0.73438 0.64268 0.17889 0.03709
0 0.73438 0.70246 0.16438 0.04048
0 0.73438 0.69715 0.19217 0.03653
0 0.73438 0.75830 0.20773 0.03451
0 0.73438 0.84960 0.21148 0.03996
0 0.73438 0.80886 0.1967 0.03921
0 0.90921 0.14291 0.22014 0.04024
0 0.90921 0.19156 0.20745 0.03979
0 0.90921 0.24910 0.20042 0.0368
0 0.90921 0.28769 0.1733 0.03952
0 0.90921 0.34791 0.18927 0.04318
0 0.90921 0.43604 0.16602 0.0323
0 0.90921 0.46117 0.17555 0.03528
0 0.90921 0.53401 0.16921 0.04035
0 0.90921 0.53866 0.19886 0.03659
0 0.90921 0.60134 0.16882 0.03295
0 0.90921 0.69971 0.17514 0.04167
0 0.90921 0.71327 0.21024 0.04297
0 0.90921 0.76126 0.21689 0.04052
0 0.90921 0.79758 0.19699 0.0404
0 0.90921 0.93500 0.16408 0.0389
0 0.90921 0.92193 0.20285 0.042