0 0.10501 0.13175 0.17776 0.03934
0 0.10501 0.19170 0.17793 0.03441
0 0.10501 0.24889 0.16643 0.03376
0 0.10501 0.28223 0.17481 0.04311
0 0.10501 0.31227 0.19891 0.03466
0 0.10501 0.36448 0.17287 0.0424
0 0.10501 0.45006 0.19745 0.03452
0 0.10501 0.53025 0.22016 0.04297
0 0.10501 0.54781 0.19933 0.04367
0 0.10501 0.54976 0.18918 0.03557
0 0.10501 0.63441 0.19836 0.0393
0 0.10501 0.69305 0.19111 0.03688
0 0.10501 0.76051 0.21671 0.03306
0 0.10501 0.87993 0.20238 0.03894
0 0.10501 0.85895 0.19968 0.04003
0 0.10501 0.86663 0.20307 0.04275
0 0.3148 0.15329 0.20166 0.03334
0 0.3148 0.20384 0.18884 0.04002
0 0.3148 0.24825 0.20309 0.03792
0 0.3148 0.33048 0.19916 0.03256
0 0.3148 0.39474 0.17934 0.0342
0 0.3148 0.46171 0.1658 0.03773
0 0.3148 0.53064 0.18264 0.03888
0 0.3148 0.58389 0.1754 0.04163
0 0.3148 0.57882 0.18715 0.03219
0 0.3148 0.62403 0.16305 0.04091
0 0.3148 0.79486 0.19748 0.04156
0 0.3148 0.78083 0.21239 0.03897
0 0.3148 0.80321 0.18297 0.03735
0 0.3148 0.92129 0.19484 0.04201
0 0.52459 0.14177 0.20794 0.03823
0 0.52459 0.19607 0.20935 0.03261
0 0.52459 0.26149 0.2185 0.03532
0 0.52459 0.29065 0.1943 0.04178
0 0.52459 0.35124 0.22019 0.04377
0 0.52459 0.43735 0.2046 0.03225
0 0.52459 0.43247 0.20124 0.04343
0 0.52459 0.47624 0.17002 0.03345
0 0.52459 0.58725 0.18495 0.0382
0 0.52459 0.56210 0.21315 0.0381
0 0.52459 0.60895 0.21292 0.03367
0 0.52459 0.69501 0.19264 0.03775
0 0.52459 0.79857 0.18014 0.03709
0 0.52459 0.84191 0.1655 0.03212
0 0.52459 0.87847 0.1692 0.03373
0 0.52459 0.98471 0.21264 0.03586
0 0.73438 0.12441 0.17962 0.03733
0 0.73438 0.17843 0.18377 0.0338
0 0.73438 0.19949 0.16457 0.04014
0 0.73438 0.27590 0.17412 0.03493
0 0.73438 0.30909 0.20811 0.03512
0 0.73438 0.35690 0.20611 0.04362
0 0.73438 0.40498 0.1937 0.03692
0 0.73438 0.47776 0.21579 0.03687
0 0.73438 0.49254 0.21247 0.04285
0 0.73438 0.58713 0.18049 0.04348
0 0.73438 0.65526 0.21047 0.04284
0 0.73438 0.63324 0.21582 0.03422
0 0.73438 0.73148 0.21532 0.03712
0 0.73438 0.69453 0.21311 0.03499
0 0.73438 0.84672 0.22016 0.03306
0 0.73438 0.75604 0.21684 0.03526
0 0.90921 0.12619 0.18629 0.03603
0 0.90921 0.20088 0.16973 0.03555
0 0.90921 0.21709 0.16507 0.0375
0 0.90921 0.29617 0.1766 0.03998
0 0.90921 0.35742 0.1988 0.03344
0 0.90921 0.39988 0.20255 0.03575
0 0.90921 0.48046 0.18262 0.0361
0 0.90921 0.48764 0.19394 0.03227
0 0.90921 0.60793 0.21969 0.03752
0 0.90921 0.59973 0.21186 0.04164
0 0.90921 0.68126 0.19632 0.04254
0 0.90921 0.75796 0.22024 0.0429
0 0.90921 0.70047 0.19034 0.04322
0 0.90921 0.88951 0.18319 0.03972
0 0.90921 0.95730 0.21654 0.03783
0 0.90921 0.85474 0.20661 0.04081