0 0.10501 0.12313 0.16732 0.04219
0 0.10501 0.19205 0.21134 0.03833
0 0.10501 0.21615 0.17546 0.03835
0 0.10501 0.28558 0.17103 0.04249
0 0.10501 0.37849 0.18715 0.0418
0 0.10501 0.39350 0.17589 0.0329
0 0.10501 0.44577 0.19361 0.03654
0 0.10501 0.47020 0.18774 0.043
0 0.10501 0.60442 0.16652 0.04122
0 0.10501 0.61077 0.17694 0.03483
0 0.10501 0.64764 0.18094 0.04071
0 0.10501 0.68815 0.21726 0.03731
0 0.10501 0.74895 0.16496 0.03644
0 0.10501 0.78242 0.21034 0.03915
0 0.10501 0.81942 0.20111 0.03466
0 0.10501 0.92816 0.18778 0.03269
0 0.3148 0.14663 0.20093 0.04223
0 0.3148 0.21646 0.2032 0.03701
0 0.3148 0.24671 0.20167 0.0413
0 0.3148 0.31681 0.1791 0.03653
0 0.3148 0.36813 0.17754 0.04354
0 0.3148 0.41234 0.17014 0.04015
0 0.3148 0.53547 0.21082 0.04073
0 0.3148 0.54113 0.21511 0.03681
0 0.3148 0.62197 0.20746 0.04217
0 0.3148 0.60533 0.219 0.03573
0 0.3148 0.68302 0.1802 0.039
0 0.3148 0.75169 0.18655 0.03626
0 0.3148 0.88143 0.21258 0.03384
0 0.3148 0.85984 0.21182 0.03469
0 0.3148 0.93637 0.21508 0.03321
0 0.52459 0.13053 0.18988 0.0375
0 0.52459 0.17647 0.2073 0.0378
0 0.52459 0.24395 0.2054 0.04359
0 0.52459 0.29098 0.17111 0.03889
0 0.52459 0.37111 0.21217 0.03405
0 0.52459 0.39541 0.18658 0.03437
0 0.52459 0.48273 0.21967 0.03619
0 0.52459 0.48692 0.18756 0.04013
0 0.52459 0.53322 0.20927 0.03312
0 0.52459 0.66358 0.19916 0.04234
0 0.52459 0.59936 0.18973 0.03431
0 0.52459 0.70449 0.20555 0.03949
0 0.52459 0.69807 0.17025 0.03292
0 0.52459 0.85285 0.19829 0.03286
0 0.52459 0.82243 0.18216 0.03231
0 0.73438 0.10867 0.21175 0.04121
0 0.73438 0.16639 0.17019 0.03403
0 0.73438 0.22180 0.16524 0.03841
0 0.73438 0.28885 0.17907 0.03471
0 0.73438 0.28092 0.17676 0.03595
0 0.73438 0.32742 0.20174 0.0357
0 0.73438 0.41869 0.19251 0.03938
0 0.73438 0.49605 0.20352 0.04194
0 0.73438 0.47306 0.16922 0.03947
0 0.73438 0.52716 0.20392 0.0407
0 0.73438 0.61083 0.16596 0.03431
0 0.73438 0.63092 0.20973 0.03591
0 0.73438 0.67226 0.20717 0.03983
0 0.73438 0.75981 0.18081 0.03369
0 0.73438 0.71189 0.20911 0.03669
0 0.73438 0.81776 0.2187 0.04368
0 0.90921 0.12291 0.19914 0.04312
0 0.90921 0.17442 0.16592 0.03276
0 0.90921 0.24620 0.20486 0.04261
0 0.90921 0.28818 0.17427 0.03515
0 0.90921 0.32018 0.16968 0.03948
0 0.90921 0.39044 0.2079 0.03883
0 0.90921 0.47663 0.22111 0.04284
0 0.90921 0.49050 0.16554 0.0362
0 0.90921 0.52516 0.2155 0.03994
0 0.90921 0.61607 0.17941 0.03926
0 0.90921 0.66780 0.19283 0.03747
0 0.90921 0.75135 0.19436 0.03334
0 0.90921 0.83306 0.18787 0.04042
0 0.90921 0.86007 0.20882 0.0341
0 0.90921 0.91325 0.18597 0.03573
0 0.90921 0.86690 0.17799 0.03222