0 0.10501 0.13087 0.17672 0.04123
0 0.10501 0.17251 0.17642 0.03973
0 0.10501 0.23231 0.16825 0.03972
0 0.10501 0.27977 0.19807 0.0384
0 0.10501 0.34943 0.20477 0.03875
0 0.10501 0.36064 0.17662 0.03704
0 0.10501 0.43181 0.16251 0.04089
0 0.10501 0.49819 0.18653 0.03916
0 0.10501 0.55794 0.20446 0.03352
0 0.10501 0.61349 0.1681 0.03758
0 0.10501 0.59753 0.18764 0.03406
0 0.10501 0.77170 0.16804 0.03466
0 0.10501 0.83992 0.20749 0.03275
0 0.10501 0.77803 0.17946 0.03493
0 0.10501 0.95823 0.20095 0.04242
0 0.10501 0.95459 0.21194 0.03998
0 0.3148 0.15211 0.19803 0.0357
0 0.3148 0.21463 0.20571 0.03928
0 0.3148 0.28619 0.1661 0.03213
0 0.3148 0.28939 0.20144 0.0366
0 0.3148 0.39454 0.21635 0.04289
0 0.3148 0.41600 0.16698 0.03567
0 0.3148 0.48078 0.1971 0.04056
0 0.3148 0.60017 0.19687 0.03488
0 0.3148 0.65000 0.18707 0.03285
0 0.3148 0.71408 0.18629 0.03628
0 0.3148 0.66121 0.21307 0.03553
0 0.3148 0.83415 0.21351 0.04331
0 0.3148 0.84454 0.17691 0.0407
0 0.3148 0.84932 0.21798 0.04289
0 0.3148 0.97581 0.21476 0.04279
0 0.3148 0.92776 0.16453 0.042
0 0.52459 0.13844 0.20449 0.04317
0 0.52459 0.17410 0.17068 0.03744
0 0.52459 0.23181 0.18422 0.04299
0 0.52459 0.31023 0.2163 0.03786
0 0.52459 0.31955 0.19872 0.03381
0 0.52459 0.39226 0.20677 0.03366
0 0.52459 0.42524 0.21007 0.03423
0 0.52459 0.47618 0.18876 0.04036
0 0.52459 0.55727 0.21812 0.04109
0 0.52459 0.55341 0.16958 0.03943
0 0.52459 0.61671 0.17896 0.03213
0 0.52459 0.68603 0.21563 0.04371
0 0.52459 0.69294 0.21337 0.03253
0 0.52459 0.87749 0.17246 0.03767
0 0.52459 0.83496 0.20267 0.03354
0 0.52459 0.95833 0.18572 0.03469
0 0.73438 0.12253 0.17939 0.04259
0 0.73438 0.16714 0.17677 0.03408
0 0.73438 0.20699 0.2198 0.04308
0 0.73438 0.27094 0.20431 0.04209
0 0.73438 0.32321 0.21188 0.04043
0 0.73438 0.35706 0.17673 0.04252
0 0.73438 0.42022 0.19875 0.03424
0 0.73438 0.44847 0.17039 0.03638
0 0.73438 0.46215 0.20707 0.03213
0 0.73438 0.49860 0.18337 0.0429
0 0.73438 0.61078 0.20469 0.03981
0 0.73438 0.63412 0.19106 0.03738
0 0.73438 0.62603 0.16827 0.03769
0 0.73438 0.68530 0.21118 0.04341
0 0.73438 0.82797 0.17413 0.0371
0 0.73438 0.87497 0.21606 0.03374
0 0.90921 0.13919 0.17677 0.04164
0 0.90921 0.19981 0.1637 0.03984
0 0.90921 0.22604 0.20638 0.03418
0 0.90921 0.31853 0.19333 0.04368
0 0.90921 0.32094 0.18936 0.03664
0 0.90921 0.38553 0.20576 0.03653
0 0.90921 0.49483 0.2027 0.03885
0 0.90921 0.54372 0.19477 0.0432
0 0.90921 0.60869 0.1746 0.04081
0 0.90921 0.64260 0.215 0.0375
0 0.90921 0.65667 0.19232 0.04285
0 0.90921 0.77049 0.20209 0.04361
0 0.90921 0.72871 0.16302 0.03906
0 0.90921 0.85999 0.19607 0.04193
0 0.90921 0.91681 0.18067 0.04351
0 0.90921 0.97659 0.19612 0.0361