0 0.10501 0.14149 0.16335 0.03871
0 0.10501 0.17517 0.17479 0.03876
0 0.10501 0.21847 0.21441 0.03624
0 0.10501 0.29576 0.21752 0.04324
0 0.10501 0.35835 0.17042 0.03698
0 0.10501 0.41101 0.21376 0.03776
0 0.10501 0.41304 0.16538 0.03951
0 0.10501 0.53656 0.21807 0.03323
0 0.10501 0.54868 0.19798 0.03309
0 0.10501 0.65367 0.19606 0.04376
0 0.10501 0.61217 0.19245 0.03276
0 0.10501 0.78443 0.22112 0.03263
0 0.10501 0.82744 0.22115 0.03227
0 0.10501 0.78861 0.2076 0.0387
0 0.10501 0.83629 0.17336 0.03532
0 0.3148 0.14762 0.21529 0.03342
0 0.3148 0.18642 0.21779 0.03234
0 0.3148 0.23735 0.16617 0.04102
0 0.3148 0.34803 0.18145 0.03215
0 0.3148 0.38481 0.1856 0.03943
0 0.3148 0.44490 0.19846 0.0367
0 0.3148 0.52646 0.2023 0.04353
0 0.3148 0.60271 0.21391 0.04167
0 0.3148 0.58395 0.19604 0.03289
0 0.3148 0.61731 0.17155 0.04153
0 0.3148 0.68687 0.17644 0.03628
0 0.3148 0.84878 0.17062 0.03747
0 0.3148 0.77484 0.17959 0.04098
0 0.3148 0.91527 0.19719 0.03658
0 0.3148 0.95613 0.22097 0.04158
0 0.3148 0.96733 0.19527 0.03645
0 0.52459 0.13622 0.20353 0.03508
0 0.52459 0.18227 0.20255 0.033
0 0.52459 0.23827 0.17323 0.04097
0 0.52459 0.29917 0.16751 0.03227
0 0.52459 0.31713 0.21267 0.03504
0 0.52459 0.36474 0.2121 0.03313
0 0.52459 0.43157 0.18288 0.03377
0 0.52459 0.55449 0.1701 0.03666
0 0.52459 0.59616 0.1858 0.04287
0 0.52459 0.55542 0.16354 0.04176
0 0.52459 0.63707 0.21786 0.04243
0 0.52459 0.65872 0.21451 0.03789
0 0.52459 0.76711 0.17772 0.03852
0 0.52459 0.76858 0.19652 0.04012
0 0.52459 0.94951 0.21572 0.03787
0 0.52459 0.96786 0.18149 0.04335
0 0.73438 0.12648 0.21208 0.03648
0 0.73438 0.16016 0.20477 0.03494
0 0.73438 0.19747 0.21253 0.04174
0 0.73438 0.28265 0.19443 0.04092
0 0.73438 0.29924 0.17471 0.03712
0 0.73438 0.39319 0.18036 0.04064
0 0.73438 0.39912 0.20114 0.03315
0 0.73438 0.44550 0.16603 0.04296
0 0.73438 0.52349 0.17002 0.03372
0 0.73438 0.58458 0.17931 0.03798
0 0.73438 0.55602 0.20268 0.03294
0 0.73438 0.70033 0.2185 0.03819
0 0.73438 0.63634 0.20736 0.04213
0 0.73438 0.81085 0.19632 0.03265
0 0.73438 0.80760 0.21558 0.03514
0 0.73438 0.89187 0.18519 0.0415
0 0.90921 0.12864 0.18479 0.04355
0 0.90921 0.18124 0.16889 0.04216
0 0.90921 0.23465 0.21819 0.04219
0 0.90921 0.27933 0.18028 0.03819
0 0.90921 0.35951 0.21761 0.03612
0 0.90921 0.36214 0.18363 0.03763
0 0.90921 0.41484 0.20923 0.04095
0 0.90921 0.48237 0.1823 0.0365
0 0.90921 0.56973 0.18858 0.03321
0 0.90921 0.59557 0.19622 0.04204
0 0.90921 0.60781 0.17967 0.03688
0 0.90921 0.68101 0.20638 0.0435
0 0.90921 0.69569 0.17626 0.04002
0 0.90921 0.89628 0.19832 0.03262
0 0.90921 0.94658 0.17264 0.03966