0 0.10501 0.12977 0.16985 0.04151
0 0.10501 0.20306 0.21955 0.03338
0 0.10501 0.25402 0.19921 0.03944
0 0.10501 0.26413 0.2098 0.0327
0 0.10501 0.32699 0.1911 0.04179
0 0.10501 0.37167 0.18102 0.03389
0 0.10501 0.47879 0.19452 0.03914
0 0.10501 0.52379 0.16825 0.03386
0 0.10501 0.54146 0.18255 0.04107
0 0.10501 0.65646 0.20587 0.03985
0 0.10501 0.72853 0.17931 0.03657
0 0.10501 0.77763 0.16573 0.03906
0 0.10501 0.74648 0.17426 0.03555
0 0.10501 0.82563 0.17614 0.0434
0 0.10501 0.82772 0.17823 0.03258
0 0.10501 0.92034 0.19126 0.04205
0 0.3148 0.14174 0.18022 0.03801
0 0.3148 0.19934 0.17607 0.04338
0 0.3148 0.24475 0.17145 0.03826
0 0.3148 0.30644 0.18353 0.03676
0 0.3148 0.36544 0.16981 0.04374
0 0.3148 0.44364 0.19844 0.04153
0 0.3148 0.53196 0.16277 0.03698
0 0.3148 0.54808 0.17566 0.04014
0 0.3148 0.65700 0.17805 0.03901
0 0.3148 0.65440 0.17504 0.03357
0 0.3148 0.70822 0.17461 0.04018
0 0.3148 0.76450 0.18077 0.03797
0 0.3148 0.88532 0.19016 0.03278
0 0.3148 0.89852 0.21015 0.03422
0 0.3148 0.96671 0.1911 0.03293
0 0.52459 0.12285 0.21834 0.03691
0 0.52459 0.18042 0.18931 0.04096
0 0.52459 0.21668 0.16305 0.03785
0 0.52459 0.29620 0.16928 0.04254
0 0.52459 0.33272 0.17207 0.04083
0 0.52459 0.43340 0.16653 0.04205
0 0.52459 0.47439 0.16644 0.03603
0 0.52459 0.45900 0.19104 0.04175
0 0.52459 0.55261 0.19353 0.04146
0 0.52459 0.66732 0.16376 0.03961
0 0.52459 0.67829 0.18671 0.03248
0 0.52459 0.69698 0.21588 0.03542
0 0.52459 0.78180 0.17058 0.04187
0 0.52459 0.80115 0.21616 0.03627
0 0.52459 0.95875 0.17697 0.03531
0 0.52459 0.94971 0.18525 0.03785
0 0.73438 0.10855 0.16683 0.04334
0 0.73438 0.16727 0.17004 0.03575
0 0.73438 0.19390 0.19503 0.04054
0 0.73438 0.24988 0.19122 0.03498
0 0.73438 0.32338 0.19777 0.03987
0 0.73438 0.37613 0.21908 0.03358
0 0.73438 0.39739 0.19574 0.03995
0 0.73438 0.45401 0.20498 0.03259
0 0.73438 0.52263 0.21135 0.0334
0 0.73438 0.60232 0.20999 0.03888
0 0.73438 0.57792 0.21211 0.03341
0 0.73438 0.62542 0.16756 0.0344
0 0.73438 0.67304 0.17442 0.04123
0 0.73438 0.80890 0.18512 0.04342
0 0.73438 0.77488 0.17449 0.03979
0 0.73438 0.91040 0.21013 0.03581
0 0.90921 0.14080 0.21276 0.03456
0 0.90921 0.18851 0.16503 0.04183
0 0.90921 0.21763 0.16504 0.04357
0 0.90921 0.28283 0.1691 0.03862
0 0.90921 0.37714 0.1774 0.04262
0 0.90921 0.42942 0.20261 0.03568
0 0.90921 0.44133 0.16376 0.04103
0 0.90921 0.47311 0.16946 0.03817
0 0.90921 0.56326 0.18765 0.03937
0 0.90921 0.62416 0.2014 0.03777
0 0.90921 0.65412 0.2133 0.0343
0 0.90921 0.69269 0.16964 0.03742
0 0.90921 0.70339 0.21739 0.0436
0 0.90921 0.84585 0.19023 0.03213
0 0.90921 0.93096 0.20979 0.03438
0 0.90921 0.95065 0.18738 0.03919