0 0.10501 0.14243 0.16454 0.04299
0 0.10501 0.17834 0.19377 0.03273
0 0.10501 0.25159 0.16235 0.03866
0 0.10501 0.31066 0.18621 0.04076
0 0.10501 0.32362 0.22063 0.04358
0 0.10501 0.37893 0.2094 0.03466
0 0.10501 0.41158 0.18347 0.04278
0 0.10501 0.50867 0.19105 0.04166
0 0.10501 0.51372 0.19155 0.03959
0 0.10501 0.64831 0.16615 0.04335
0 0.10501 0.65433 0.2031 0.03868
0 0.10501 0.74319 0.17096 0.03288
0 0.10501 0.83263 0.21996 0.03395
0 0.10501 0.76253 0.16684 0.03477
0 0.10501 0.91234 0.19108 0.03597
0 0.10501 0.96993 0.168 0.03217
0 0.3148 0.14755 0.1776 0.03301
0 0.3148 0.20389 0.20754 0.0339
0 0.3148 0.25034 0.18221 0.0416
0 0.3148 0.34488 0.17538 0.03291
0 0.3148 0.37155 0.21533 0.03851
0 0.3148 0.46468 0.18788 0.03838
0 0.3148 0.49213 0.19196 0.03349
0 0.3148 0.60411 0.21507 0.04148
0 0.3148 0.66395 0.21269 0.03476
0 0.3148 0.62929 0.17371 0.03384
0 0.3148 0.72261 0.16735 0.03677
0 0.3148 0.81591 0.20792 0.03644
0 0.3148 0.86354 0.18415 0.04315
0 0.3148 0.93480 0.19792 0.03858
0 0.52459 0.13721 0.17003 0.03919
0 0.52459 0.19883 0.21846 0.03302
0 0.52459 0.23595 0.19017 0.03642
0 0.52459 0.30185 0.16734 0.04301
0 0.52459 0.32649 0.17379 0.03721
0 0.52459 0.36966 0.20917 0.03375
0 0.52459 0.42952 0.18425 0.03663
0 0.52459 0.46143 0.21011 0.03854
0 0.52459 0.50415 0.18388 0.03597
0 0.52459 0.66295 0.17385 0.0413
0 0.52459 0.66330 0.18086 0.03979
0 0.52459 0.77767 0.19651 0.04194
0 0.52459 0.69876 0.16644 0.04163
0 0.52459 0.85952 0.18147 0.03306
0 0.52459 0.82465 0.19506 0.0387
0 0.52459 0.90144 0.20796 0.0422
0 0.73438 0.10891 0.16818 0.03784
0 0.73438 0.15449 0.18778 0.04044
0 0.73438 0.20341 0.21616 0.03822
0 0.73438 0.28009 0.21753 0.03557
0 0.73438 0.28763 0.21937 0.03389
0 0.73438 0.38647 0.16743 0.03718
0 0.73438 0.42520 0.20192 0.03624
0 0.73438 0.45041 0.20094 0.04342
0 0.73438 0.51104 0.16853 0.04282
0 0.73438 0.50495 0.16636 0.03633
0 0.73438 0.65215 0.19874 0.04032
0 0.73438 0.63087 0.20733 0.03861
0 0.73438 0.67130 0.21993 0.04121
0 0.73438 0.77483 0.17151 0.04134
0 0.73438 0.72642 0.17513 0.04227
0 0.73438 0.80176 0.18615 0.03737
0 0.90921 0.14086 0.19646 0.03304
0 0.90921 0.19869 0.17382 0.03761
0 0.90921 0.24249 0.21161 0.03488
0 0.90921 0.31378 0.20485 0.03879
0 0.90921 0.33949 0.22108 0.03711
0 0.90921 0.36757 0.16784 0.04239
0 0.90921 0.48855 0.1868 0.03999
0 0.90921 0.52847 0.19121 0.03349
0 0.90921 0.57314 0.21829 0.03627
0 0.90921 0.56319 0.20783 0.03509
0 0.90921 0.69845 0.21457 0.04087
0 0.90921 0.77012 0.16331 0.03472
0 0.90921 0.74866 0.20132 0.04173
0 0.90921 0.85910 0.16756 0.03687
0 0.90921 0.83823 0.19372 0.03845
0 0.90921 0.99614 0.20159 0.03791