0 0.10501 0.13676 0.20705 0.03939
0 0.10501 0.19620 0.19316 0.03501
0 0.10501 0.21781 0.16794 0.04285
0 0.10501 0.27734 0.16331 0.04153
0 0.10501 0.36497 0.20396 0.0322
0 0.10501 0.35885 0.22127 0.0341
0 0.10501 0.41696 0.18465 0.04363
0 0.10501 0.47627 0.17085 0.03362
0 0.10501 0.50332 0.18722 0.0377
0 0.10501 0.56572 0.17168 0.03391
0 0.10501 0.65491 0.19976 0.04254
0 0.10501 0.71381 0.19763 0.03483
0 0.10501 0.77063 0.1948 0.04218
0 0.10501 0.77343 0.20431 0.03448
0 0.10501 0.90738 0.17881 0.03543
0 0.10501 0.90533 0.18414 0.03647
0 0.3148 0.14776 0.21174 0.03745
0 0.3148 0.18726 0.17532 0.04085
0 0.3148 0.28905 0.21769 0.04282
0 0.3148 0.34138 0.2115 0.03754
0 0.3148 0.39480 0.19561 0.0406
0 0.3148 0.43794 0.20159 0.04207
0 0.3148 0.51032 0.17895 0.04153
0 0.3148 0.54292 0.20657 0.03454
0 0.3148 0.57878 0.20492 0.04159
0 0.3148 0.71345 0.16572 0.04324
0 0.3148 0.69138 0.16863 0.03577
0 0.3148 0.80178 0.19031 0.03657
0 0.3148 0.82852 0.20743 0.04191
0 0.3148 0.82303 0.21997 0.04187
0 0.3148 0.95306 0.17874 0.04219
0 0.52459 0.13623 0.18299 0.03875
0 0.52459 0.18816 0.20542 0.04199
0 0.52459 0.21967 0.18191 0.03759
0 0.52459 0.29080 0.21865 0.03627
0 0.52459 0.35269 0.18401 0.03869
0 0.52459 0.41715 0.16588 0.04016
0 0.52459 0.44298 0.17714 0.04214
0 0.52459 0.47227 0.17113 0.03746
0 0.52459 0.57886 0.19574 0.04071
0 0.52459 0.61379 0.19738 0.0352
0 0.52459 0.62436 0.20584 0.03427
0 0.52459 0.69577 0.18744 0.03958
0 0.52459 0.75219 0.16786 0.04159
0 0.52459 0.84706 0.18292 0.0376
0 0.52459 0.84825 0.20645 0.03507
0 0.52459 0.96847 0.17111 0.04143
0 0.73438 0.11268 0.1726 0.03235
0 0.73438 0.17564 0.17956 0.04037
0 0.73438 0.21127 0.21919 0.03625
0 0.73438 0.25693 0.1739 0.0386
0 0.73438 0.28088 0.16236 0.04323
0 0.73438 0.35911 0.17118 0.03458
0 0.73438 0.42789 0.21436 0.03389
0 0.73438 0.44681 0.16553 0.04216
0 0.73438 0.53134 0.17011 0.03458
0 0.73438 0.50551 0.18535 0.03758
0 0.73438 0.62812 0.18608 0.03409
0 0.73438 0.64544 0.18887 0.033
0 0.73438 0.64794 0.21949 0.03953
0 0.73438 0.77139 0.17239 0.04035
0 0.73438 0.76026 0.21052 0.03785
0 0.73438 0.84961 0.21524 0.03608
0 0.90921 0.13347 0.19911 0.03928
0 0.90921 0.19106 0.1834 0.03696
0 0.90921 0.24415 0.1972 0.03385
0 0.90921 0.26651 0.16973 0.03343
0 0.90921 0.33640 0.17186 0.03794
0 0.90921 0.41876 0.18945 0.03697
0 0.90921 0.42141 0.16833 0.04174
0 0.90921 0.52370 0.21359 0.03876
0 0.90921 0.59509 0.18257 0.04249
0 0.90921 0.62058 0.18482 0.03912
0 0.90921 0.70535 0.18582 0.04256
0 0.90921 0.66884 0.17922 0.03893
0 0.90921 0.81191 0.19003 0.03412
0 0.90921 0.74199 0.22052 0.03442
0 0.90921 0.95094 0.16629 0.03402
0 0.90921 0.86103 0.20523 0.03329