0 0.10501 0.14243 0.16872 0.03789
0 0.10501 0.18057 0.21433 0.03396
0 0.10501 0.23956 0.203 0.04376
0 0.10501 0.30530 0.1719 0.04215
0 0.10501 0.31748 0.19335 0.03291
0 0.10501 0.43735 0.17119 0.04259
0 0.10501 0.44949 0.19555 0.03662
0 0.10501 0.45732 0.21755 0.03224
0 0.10501 0.58140 0.16471 0.04244
0 0.10501 0.64736 0.19997 0.03548
0 0.10501 0.61818 0.18539 0.03415
0 0.10501 0.72590 0.16287 0.03536
0 0.10501 0.76753 0.19902 0.04051
0 0.10501 0.77296 0.18041 0.04365
0 0.10501 0.92075 0.21776 0.03985
0 0.10501 0.91939 0.18004 0.03338
0 0.3148 0.15853 0.18419 0.03837
0 0.3148 0.20270 0.20737 0.04057
0 0.3148 0.24577 0.16345 0.03626
0 0.3148 0.31664 0.21214 0.0324
0 0.3148 0.38601 0.21312 0.03411
0 0.3148 0.46003 0.22002 0.04163
0 0.3148 0.50063 0.19133 0.04095
0 0.3148 0.51316 0.17695 0.03589
0 0.3148 0.67175 0.20562 0.03424
0 0.3148 0.65616 0.17134 0.03674
0 0.3148 0.76095 0.17419 0.03884
0 0.3148 0.83957 0.1866 0.04351
0 0.3148 0.84979 0.20779 0.04242
0 0.3148 0.81751 0.20255 0.04141
0 0.3148 0.95938 0.19209 0.04229
0 0.52459 0.12673 0.21092 0.0347
0 0.52459 0.18717 0.18381 0.03517
0 0.52459 0.22995 0.20162 0.03578
0 0.52459 0.29282 0.21662 0.03703
0 0.52459 0.32071 0.20347 0.03249
0 0.52459 0.42505 0.21206 0.03356
0 0.52459 0.45728 0.16374 0.03598
0 0.52459 0.46642 0.20285 0.03424
0 0.52459 0.56893 0.16929 0.03964
0 0.52459 0.62119 0.18709 0.03713
0 0.52459 0.66736 0.21625 0.03447
0 0.52459 0.76909 0.17459 0.03975
0 0.52459 0.77924 0.17748 0.03377
0 0.52459 0.80731 0.17809 0.03336
0 0.52459 0.80849 0.18394 0.03938
0 0.52459 0.96209 0.17792 0.0421
0 0.73438 0.11735 0.17627 0.04224
0 0.73438 0.15474 0.17316 0.04108
0 0.73438 0.23584 0.18313 0.04259
0 0.73438 0.27577 0.19173 0.03497
0 0.73438 0.33570 0.20308 0.03828
0 0.73438 0.33172 0.2005 0.04178
0 0.73438 0.43686 0.21069 0.04189
0 0.73438 0.49822 0.19845 0.04191
0 0.73438 0.45184 0.20383 0.03444
0 0.73438 0.60018 0.22039 0.03971
0 0.73438 0.57248 0.16931 0.03348
0 0.73438 0.65385 0.17355 0.03232
0 0.73438 0.68502 0.19997 0.0369
0 0.73438 0.69830 0.20949 0.0388
0 0.73438 0.71519 0.18032 0.03493
0 0.73438 0.85557 0.19017 0.04027
0 0.90921 0.14054 0.19816 0.03482
0 0.90921 0.18972 0.21448 0.0378
0 0.90921 0.25164 0.16801 0.04254
0 0.90921 0.26530 0.22006 0.04293
0 0.90921 0.32698 0.18504 0.03276
0 0.90921 0.41034 0.18341 0.0354
0 0.90921 0.43219 0.1813 0.03469
0 0.90921 0.53227 0.19772 0.0395
0 0.90921 0.50539 0.20391 0.04292
0 0.90921 0.60612 0.18789 0.04092
0 0.90921 0.61665 0.18645 0.04084
0 0.90921 0.68171 0.21554 0.03294
0 0.90921 0.81680 0.18961 0.04065
0 0.90921 0.82184 0.20369 0.03345
0 0.90921 0.91379 0.2022 0.04369
0 0.90921 0.98739 0.21262 0.03728