0 0.10501 0.13267 0.20925 0.03492
0 0.10501 0.17202 0.19209 0.03669
0 0.10501 0.23183 0.19775 0.03661
0 0.10501 0.26790 0.18486 0.04104
0 0.10501 0.33469 0.21417 0.03324
0 0.10501 0.43413 0.21682 0.03767
0 0.10501 0.44335 0.16738 0.04285
0 0.10501 0.51163 0.21797 0.03734
0 0.10501 0.58684 0.19288 0.03621
0 0.10501 0.55768 0.19669 0.03248
0 0.10501 0.61591 0.16959 0.03848
0 0.10501 0.75595 0.20464 0.04256
0 0.10501 0.70447 0.17365 0.04124
0 0.10501 0.87398 0.17312 0.03613
0 0.10501 0.89539 0.21192 0.04173
0 0.10501 0.87514 0.20516 0.04199
0 0.3148 0.13931 0.17718 0.03748
0 0.3148 0.22134 0.20571 0.04003
0 0.3148 0.28441 0.20776 0.03301
0 0.3148 0.33264 0.18157 0.03918
0 0.3148 0.40234 0.20349 0.0406
0 0.3148 0.44095 0.21815 0.03729
0 0.3148 0.51045 0.17835 0.03309
0 0.3148 0.56085 0.19764 0.03327
0 0.3148 0.55815 0.18933 0.03513
0 0.3148 0.69235 0.21333 0.03996
0 0.3148 0.71251 0.16281 0.03516
0 0.3148 0.78134 0.20322 0.03486
0 0.3148 0.83312 0.21101 0.04053
0 0.3148 0.91704 0.20669 0.03263
0 0.3148 0.93319 0.17896 0.03564
0 0.52459 0.14322 0.20117 0.0366
0 0.52459 0.19864 0.20241 0.03801
0 0.52459 0.23873 0.16871 0.0326
0 0.52459 0.31070 0.21904 0.04222
0 0.52459 0.37098 0.17003 0.03347
0 0.52459 0.41298 0.17455 0.0335
0 0.52459 0.44535 0.16946 0.04357
0 0.52459 0.55283 0.16346 0.03965
0 0.52459 0.52259 0.1727 0.03589
0 0.52459 0.63934 0.21159 0.04205
0 0.52459 0.72193 0.18302 0.03919
0 0.52459 0.69948 0.16829 0.03484
0 0.52459 0.74479 0.17572 0.03602
0 0.52459 0.77160 0.19355 0.04333
0 0.52459 0.91614 0.19171 0.04227
0 0.52459 0.94791 0.18864 0.03717
0 0.73438 0.11857 0.16863 0.03215
0 0.73438 0.16030 0.18397 0.04227
0 0.73438 0.23201 0.20508 0.04018
0 0.73438 0.28572 0.18616 0.03734
0 0.73438 0.34101 0.17445 0.03263
0 0.73438 0.37735 0.20342 0.04163
0 0.73438 0.41112 0.16264 0.04132
0 0.73438 0.46882 0.16747 0.04341
0 0.73438 0.51168 0.17456 0.03853
0 0.73438 0.50133 0.18525 0.03713
0 0.73438 0.55681 0.16443 0.03389
0 0.73438 0.62354 0.16895 0.0375
0 0.73438 0.74836 0.18537 0.03449
0 0.73438 0.74838 0.20494 0.03924
0 0.73438 0.73711 0.17891 0.04254
0 0.73438 0.82817 0.16277 0.04244
0 0.90921 0.14463 0.21672 0.04085
0 0.90921 0.18466 0.18964 0.03737
0 0.90921 0.23851 0.18556 0.03533
0 0.90921 0.29207 0.16774 0.03244
0 0.90921 0.37481 0.16599 0.03364
0 0.90921 0.41322 0.18985 0.03722
0 0.90921 0.46085 0.21638 0.03411
0 0.90921 0.53659 0.19982 0.04091
0 0.90921 0.53634 0.21079 0.04236
0 0.90921 0.63382 0.19243 0.0385
0 0.90921 0.72077 0.19915 0.03505
0 0.90921 0.77691 0.20229 0.04055
0 0.90921 0.79710 0.21745 0.04308
0 0.90921 0.76754 0.18714 0.03361
0 0.90921 0.91420 0.19551 0.04018
0 0.90921 0.99261 0.17015 0.03656