0 0.10501 0.13202 0.1888 0.04122
0 0.10501 0.19410 0.16698 0.04324
0 0.10501 0.24599 0.18541 0.04097
0 0.10501 0.29540 0.20992 0.03873
0 0.10501 0.33421 0.18102 0.03874
0 0.10501 0.38772 0.22027 0.03835
0 0.10501 0.44694 0.18214 0.03736
0 0.10501 0.45531 0.1748 0.0391
0 0.10501 0.61028 0.18886 0.04133
0 0.10501 0.64383 0.19409 0.04156
0 0.10501 0.70733 0.18195 0.03362
0 0.10501 0.75232 0.20683 0.04005
0 0.10501 0.76319 0.17813 0.03548
0 0.10501 0.89082 0.18967 0.04147
0 0.10501 0.86119 0.1814 0.04008
0 0.10501 0.93245 0.19847 0.03905
0 0.3148 0.13956 0.21943 0.03502
0 0.3148 0.20620 0.21361 0.03766
0 0.3148 0.27435 0.19691 0.04226
0 0.3148 0.29991 0.19233 0.03879
0 0.3148 0.38134 0.2038 0.04133
0 0.3148 0.40871 0.18434 0.0403
0 0.3148 0.50770 0.16796 0.03734
0 0.3148 0.59821 0.19 0.03459
0 0.3148 0.67180 0.18945 0.03669
0 0.3148 0.73255 0.20462 0.04269
0 0.3148 0.69217 0.17067 0.04081
0 0.3148 0.78889 0.20634 0.03659
0 0.3148 0.78562 0.18553 0.03341
0 0.3148 0.84479 0.19186 0.03621
0 0.3148 0.97139 0.19519 0.03932
0 0.3148 0.98047 0.18227 0.03509
0 0.52459 0.12318 0.20861 0.04229
0 0.52459 0.19649 0.20029 0.04034
0 0.52459 0.25198 0.21664 0.03348
0 0.52459 0.28189 0.22 0.04332
0 0.52459 0.31798 0.16899 0.04103
0 0.52459 0.42672 0.16363 0.03958
0 0.52459 0.42866 0.18543 0.03218
0 0.52459 0.51264 0.16576 0.03379
0 0.52459 0.50255 0.17554 0.04137
0 0.52459 0.64954 0.19475 0.04226
0 0.52459 0.69896 0.21144 0.03921
0 0.52459 0.72186 0.18773 0.03444
0 0.52459 0.82680 0.21504 0.04214
0 0.52459 0.74740 0.17381 0.03537
0 0.52459 0.82337 0.17994 0.03396
0 0.52459 0.92366 0.18756 0.03929
0 0.73438 0.12200 0.19506 0.03809
0 0.73438 0.15394 0.19015 0.04233
0 0.73438 0.23517 0.22056 0.042
0 0.73438 0.26727 0.20611 0.03637
0 0.73438 0.32600 0.17759 0.03625
0 0.73438 0.34173 0.21368 0.04334
0 0.73438 0.36732 0.19952 0.04305
0 0.73438 0.47616 0.19612 0.03905
0 0.73438 0.48812 0.1692 0.04039
0 0.73438 0.50746 0.16428 0.04015
0 0.73438 0.60769 0.17251 0.04192
0 0.73438 0.70878 0.21379 0.03746
0 0.73438 0.74418 0.19333 0.03722
0 0.73438 0.66984 0.18565 0.04171
0 0.73438 0.72431 0.17254 0.03624
0 0.73438 0.90512 0.19581 0.03436
0 0.90921 0.13511 0.17912 0.04252
0 0.90921 0.17373 0.16513 0.03237
0 0.90921 0.23120 0.18934 0.03922
0 0.90921 0.29349 0.19465 0.03433
0 0.90921 0.35655 0.16842 0.03946
0 0.90921 0.37690 0.2196 0.04365
0 0.90921 0.42140 0.16446 0.04194
0 0.90921 0.51612 0.21278 0.03235
0 0.90921 0.60981 0.2002 0.03727
0 0.90921 0.60460 0.18633 0.03689
0 0.90921 0.67016 0.18897 0.04247
0 0.90921 0.71411 0.18454 0.03772
0 0.90921 0.74617 0.21787 0.03213
0 0.90921 0.80731 0.21958 0.03227
0 0.90921 0.83969 0.19745 0.03957