0 0.10501 0.12329 0.18085 0.03995
0 0.10501 0.18536 0.18802 0.03763
0 0.10501 0.24333 0.19162 0.03728
0 0.10501 0.28824 0.18029 0.04196
0 0.10501 0.31958 0.17973 0.04366
0 0.10501 0.41469 0.19433 0.03234
0 0.10501 0.47147 0.16349 0.0391
0 0.10501 0.46321 0.16543 0.04206
0 0.10501 0.60266 0.19833 0.03642
0 0.10501 0.64177 0.19205 0.04281
0 0.10501 0.60569 0.21473 0.03886
0 0.10501 0.67506 0.16628 0.03671
0 0.10501 0.73731 0.18424 0.03436
0 0.10501 0.76253 0.19868 0.0397
0 0.10501 0.84924 0.18167 0.03505
0 0.10501 0.91379 0.20948 0.03496
0 0.3148 0.15679 0.19537 0.03833
0 0.3148 0.19429 0.16472 0.03592
0 0.3148 0.28515 0.21496 0.0365
0 0.3148 0.29608 0.18496 0.04129
0 0.3148 0.40541 0.18982 0.03997
0 0.3148 0.44769 0.21733 0.03623
0 0.3148 0.46129 0.21966 0.04027
0 0.3148 0.52436 0.16399 0.03415
0 0.3148 0.60200 0.18031 0.03475
0 0.3148 0.71797 0.21017 0.03635
0 0.3148 0.69336 0.21529 0.04269
0 0.3148 0.75353 0.17112 0.03866
0 0.3148 0.92550 0.1772 0.04036
0 0.3148 0.85006 0.16872 0.03919
0 0.3148 0.88088 0.16376 0.0363
0 0.52459 0.14344 0.18711 0.03941
0 0.52459 0.17149 0.21984 0.04036
0 0.52459 0.22152 0.16908 0.03455
0 0.52459 0.27677 0.20239 0.03634
0 0.52459 0.35781 0.20706 0.03891
0 0.52459 0.36153 0.19497 0.03603
0 0.52459 0.45266 0.17809 0.04348
0 0.52459 0.49117 0.22024 0.03536
0 0.52459 0.57176 0.21188 0.04358
0 0.52459 0.61016 0.18608 0.03521
0 0.52459 0.70426 0.18511 0.04101
0 0.52459 0.68209 0.1942 0.03443
0 0.52459 0.75189 0.18558 0.03841
0 0.52459 0.80727 0.1963 0.04172
0 0.52459 0.86224 0.19268 0.03446
0 0.52459 0.85359 0.20723 0.03763
0 0.73438 0.11807 0.17337 0.03966
0 0.73438 0.16304 0.20314 0.03881
0 0.73438 0.21063 0.18937 0.03437
0 0.73438 0.25583 0.17142 0.03678
0 0.73438 0.32193 0.21364 0.03303
0 0.73438 0.33316 0.19394 0.0413
0 0.73438 0.37157 0.2211 0.04089
0 0.73438 0.49474 0.19034 0.03562
0 0.73438 0.53518 0.18646 0.03815
0 0.73438 0.56384 0.21231 0.03985
0 0.73438 0.65038 0.18769 0.03475
0 0.73438 0.64976 0.20862 0.03791
0 0.73438 0.63773 0.20575 0.03948
0 0.73438 0.68657 0.17799 0.03838
0 0.73438 0.78987 0.21005 0.04087
0 0.73438 0.80634 0.18818 0.0402
0 0.90921 0.14187 0.16957 0.04109
0 0.90921 0.19585 0.16623 0.03546
0 0.90921 0.22587 0.18643 0.03754
0 0.90921 0.31479 0.19824 0.03743
0 0.90921 0.37916 0.20106 0.04305
0 0.90921 0.37695 0.18605 0.03616
0 0.90921 0.48617 0.17148 0.04139
0 0.90921 0.50021 0.21716 0.03449
0 0.90921 0.57074 0.21482 0.04082
0 0.90921 0.57421 0.16424 0.03826
0 0.90921 0.65476 0.16509 0.03801
0 0.90921 0.66731 0.17821 0.04344
0 0.90921 0.73810 0.16785 0.03644
0 0.90921 0.74228 0.19507 0.03306
0 0.90921 0.92316 0.16778 0.04091