0 0.10501 0.13164 0.21657 0.04147
0 0.10501 0.19937 0.18932 0.03869
0 0.10501 0.23303 0.19313 0.04154
0 0.10501 0.27071 0.1846 0.03455
0 0.10501 0.35327 0.21532 0.03805
0 0.10501 0.39129 0.16274 0.04342
0 0.10501 0.47633 0.20815 0.04312
0 0.10501 0.50561 0.16255 0.03275
0 0.10501 0.57434 0.20339 0.04293
0 0.10501 0.56335 0.18709 0.04175
0 0.10501 0.62999 0.16287 0.036
0 0.10501 0.67910 0.19202 0.03688
0 0.10501 0.79933 0.20776 0.04317
0 0.10501 0.82215 0.18586 0.04213
0 0.10501 0.82105 0.20784 0.0327
0 0.10501 0.84278 0.16718 0.03689
0 0.3148 0.14783 0.16486 0.04161
0 0.3148 0.18645 0.19067 0.0328
0 0.3148 0.23722 0.18944 0.04321
0 0.3148 0.32815 0.17681 0.0417
0 0.3148 0.37909 0.20749 0.04141
0 0.3148 0.42706 0.20084 0.03337
0 0.3148 0.50617 0.19975 0.03961
0 0.3148 0.51427 0.21349 0.0434
0 0.3148 0.64205 0.17345 0.03331
0 0.3148 0.60571 0.1899 0.04151
0 0.3148 0.75628 0.18183 0.03808
0 0.3148 0.77196 0.17568 0.03946
0 0.3148 0.90055 0.20171 0.04331
0 0.3148 0.96362 0.1761 0.03609
0 0.3148 0.95521 0.20938 0.0366
0 0.3148 0.98646 0.20544 0.03854
0 0.52459 0.13369 0.21192 0.03879
0 0.52459 0.17679 0.1865 0.03507
0 0.52459 0.24104 0.18472 0.03949
0 0.52459 0.30202 0.1703 0.03698
0 0.52459 0.33029 0.20959 0.03555
0 0.52459 0.37769 0.19713 0.04365
0 0.52459 0.47974 0.17931 0.03838
0 0.52459 0.48051 0.18733 0.04333
0 0.52459 0.56195 0.18598 0.03503
0 0.52459 0.59414 0.20245 0.03845
0 0.52459 0.67936 0.16921 0.04351
0 0.52459 0.74967 0.16976 0.03944
0 0.52459 0.78828 0.18774 0.03935
0 0.52459 0.75310 0.19359 0.03841
0 0.52459 0.80175 0.17495 0.03751
0 0.73438 0.12389 0.18827 0.03649
0 0.73438 0.16787 0.21584 0.04176
0 0.73438 0.23346 0.17612 0.0358
0 0.73438 0.23772 0.20579 0.0388
0 0.73438 0.33200 0.20648 0.03458
0 0.73438 0.33087 0.17086 0.0324
0 0.73438 0.38231 0.21896 0.03886
0 0.73438 0.45661 0.20711 0.04005
0 0.73438 0.51016 0.21179 0.03582
0 0.73438 0.51921 0.20562 0.03297
0 0.73438 0.60375 0.21737 0.03906
0 0.73438 0.60254 0.19653 0.04236
0 0.73438 0.75824 0.20488 0.03409
0 0.73438 0.71796 0.18447 0.03687
0 0.73438 0.75381 0.17136 0.04139
0 0.73438 0.78832 0.20659 0.03487
0 0.90921 0.14519 0.17354 0.03875
0 0.90921 0.20378 0.18249 0.04071
0 0.90921 0.23039 0.17382 0.03355
0 0.90921 0.29806 0.17459 0.04226
0 0.90921 0.35438 0.17004 0.03403
0 0.90921 0.40546 0.18207 0.03778
0 0.90921 0.45887 0.21843 0.03971
0 0.90921 0.52869 0.19469 0.03391
0 0.90921 0.52590 0.2089 0.03464
0 0.90921 0.62019 0.16267 0.03446
0 0.90921 0.66689 0.19168 0.03358
0 0.90921 0.73451 0.18208 0.03826
0 0.90921 0.83207 0.20108 0.03889
0 0.90921 0.88051 0.2143 0.03714
0 0.90921 0.89699 0.21457 0.03527
0 0.90921 0.95303 0.20047 0.03506