0 0.10501 0.12308 0.18043 0.03224
0 0.10501 0.18295 0.19906 0.03937
0 0.10501 0.24480 0.196 0.04049
0 0.10501 0.26446 0.19836 0.03743
0 0.10501 0.33743 0.20239 0.03519
0 0.10501 0.35954 0.17342 0.03638
0 0.10501 0.49142 0.20678 0.04271
0 0.10501 0.51417 0.17183 0.0408
0 0.10501 0.60117 0.18656 0.03381
0 0.10501 0.59040 0.19592 0.04067
0 0.10501 0.72954 0.21529 0.03968
0 0.10501 0.65958 0.17997 0.03502
0 0.10501 0.71169 0.20533 0.03821
0 0.10501 0.82805 0.1644 0.03493
0 0.10501 0.82873 0.17697 0.03701
0 0.10501 0.88472 0.19235 0.03722
0 0.3148 0.14041 0.18157 0.03407
0 0.3148 0.21284 0.21259 0.03612
0 0.3148 0.24099 0.213 0.03898
0 0.3148 0.34433 0.17171 0.04304
0 0.3148 0.37057 0.17056 0.0354
0 0.3148 0.47583 0.19192 0.03746
0 0.3148 0.47769 0.2207 0.03298
0 0.3148 0.60329 0.18714 0.04137
0 0.3148 0.58077 0.20084 0.0364
0 0.3148 0.62034 0.18864 0.03563
0 0.3148 0.68986 0.20881 0.03788
0 0.3148 0.73746 0.16357 0.03527
0 0.3148 0.88936 0.22128 0.04337
0 0.3148 0.95245 0.20439 0.03384
0 0.52459 0.13107 0.16415 0.03742
0 0.52459 0.18170 0.16451 0.04357
0 0.52459 0.23054 0.20636 0.03432
0 0.52459 0.31007 0.21927 0.04084
0 0.52459 0.37246 0.16445 0.0402
0 0.52459 0.36389 0.17396 0.03803
0 0.52459 0.48167 0.18882 0.03887
0 0.52459 0.52004 0.17924 0.03245
0 0.52459 0.58583 0.17208 0.03704
0 0.52459 0.66547 0.19366 0.04131
0 0.52459 0.63897 0.20604 0.04024
0 0.52459 0.76454 0.20043 0.04336
0 0.52459 0.69898 0.21499 0.03778
0 0.52459 0.79502 0.16697 0.03371
0 0.52459 0.90941 0.18904 0.03795
0 0.73438 0.12332 0.18085 0.03656
0 0.73438 0.16416 0.20088 0.04148
0 0.73438 0.20024 0.16967 0.03274
0 0.73438 0.26851 0.17731 0.03733
0 0.73438 0.29840 0.19902 0.03724
0 0.73438 0.35411 0.19563 0.03301
0 0.73438 0.43479 0.18408 0.03514
0 0.73438 0.49433 0.22052 0.033
0 0.73438 0.50851 0.20757 0.03667
0 0.73438 0.50339 0.19977 0.04187
0 0.73438 0.53815 0.215 0.03441
0 0.73438 0.64041 0.18827 0.03508
0 0.73438 0.66201 0.20605 0.04103
0 0.73438 0.80863 0.20795 0.04186
0 0.73438 0.78075 0.20239 0.04375
0 0.73438 0.91802 0.19949 0.04358
0 0.90921 0.14345 0.20038 0.0401
0 0.90921 0.17027 0.20732 0.03671
0 0.90921 0.24476 0.16762 0.03391
0 0.90921 0.29932 0.2064 0.03255
0 0.90921 0.33330 0.20183 0.04145
0 0.90921 0.37510 0.20265 0.03952
0 0.90921 0.46595 0.16834 0.03492
0 0.90921 0.53533 0.18829 0.04222
0 0.90921 0.53503 0.20255 0.04021
0 0.90921 0.59956 0.1726 0.03272
0 0.90921 0.64102 0.20483 0.0381
0 0.90921 0.78356 0.18124 0.03991
0 0.90921 0.79869 0.21194 0.03222
0 0.90921 0.83389 0.21612 0.03354
0 0.90921 0.79956 0.2104 0.04313