0 0.10501 0.12787 0.18905 0.0398
0 0.10501 0.20083 0.1671 0.04089
0 0.10501 0.23044 0.18708 0.03483
0 0.10501 0.31268 0.17135 0.03286
0 0.10501 0.37230 0.19726 0.03451
0 0.10501 0.42443 0.18776 0.03919
0 0.10501 0.43619 0.21951 0.03813
0 0.10501 0.47785 0.16713 0.0338
0 0.10501 0.50874 0.16881 0.04293
0 0.10501 0.62189 0.18752 0.03486
0 0.10501 0.71027 0.16946 0.03232
0 0.10501 0.66943 0.17419 0.04291
0 0.10501 0.76060 0.20381 0.03968
0 0.10501 0.87171 0.22062 0.0398
0 0.10501 0.92650 0.19335 0.03331
0 0.10501 0.88004 0.19525 0.03612
0 0.3148 0.15809 0.20946 0.03503
0 0.3148 0.21906 0.21697 0.03217
0 0.3148 0.26135 0.18013 0.04301
0 0.3148 0.33208 0.19193 0.03742
0 0.3148 0.39394 0.18398 0.04106
0 0.3148 0.41142 0.16453 0.03879
0 0.3148 0.48207 0.16882 0.04173
0 0.3148 0.58215 0.18329 0.04122
0 0.3148 0.55228 0.18032 0.03952
0 0.3148 0.61808 0.17209 0.03577
0 0.3148 0.66565 0.18179 0.04227
0 0.3148 0.72126 0.19346 0.03678
0 0.3148 0.83804 0.20383 0.03864
0 0.3148 0.90950 0.20874 0.03837
0 0.3148 0.96816 0.2163 0.03472
0 0.52459 0.12641 0.18752 0.03424
0 0.52459 0.19255 0.1679 0.03592
0 0.52459 0.25742 0.19669 0.03872
0 0.52459 0.30348 0.18332 0.0399
0 0.52459 0.34567 0.18706 0.0335
0 0.52459 0.42311 0.21262 0.0431
0 0.52459 0.46130 0.20051 0.03646
0 0.52459 0.47491 0.21377 0.03482
0 0.52459 0.60982 0.16304 0.03288
0 0.52459 0.55320 0.18336 0.04343
0 0.52459 0.67636 0.21065 0.04235
0 0.52459 0.70780 0.19037 0.04242
0 0.52459 0.75908 0.20361 0.03463
0 0.52459 0.87077 0.16357 0.03605
0 0.52459 0.81416 0.17848 0.03851
0 0.52459 0.88565 0.19021 0.04114
0 0.73438 0.11903 0.17031 0.03564
0 0.73438 0.18107 0.20442 0.03235
0 0.73438 0.21931 0.17631 0.03763
0 0.73438 0.26043 0.20467 0.0386
0 0.73438 0.29937 0.19723 0.03787
0 0.73438 0.33651 0.18531 0.03567
0 0.73438 0.38560 0.19272 0.03225
0 0.73438 0.49082 0.16405 0.03808
0 0.73438 0.47002 0.20558 0.04077
0 0.73438 0.55487 0.20055 0.04349
0 0.73438 0.56587 0.21961 0.03698
0 0.73438 0.64783 0.16689 0.03554
0 0.73438 0.62420 0.16793 0.04208
0 0.73438 0.68471 0.20407 0.0354
0 0.73438 0.83238 0.16314 0.04352
0 0.73438 0.87362 0.16833 0.04271
0 0.90921 0.14073 0.21353 0.04251
0 0.90921 0.20256 0.20064 0.0361
0 0.90921 0.22587 0.19698 0.03411
0 0.90921 0.29350 0.1843 0.03625
0 0.90921 0.34518 0.1982 0.03274
0 0.90921 0.36060 0.19388 0.03441
0 0.90921 0.43004 0.19435 0.03974
0 0.90921 0.50352 0.20591 0.04113
0 0.90921 0.59898 0.19045 0.03695
0 0.90921 0.62367 0.18894 0.04259
0 0.90921 0.68553 0.18321 0.04036
0 0.90921 0.72440 0.19115 0.03634
0 0.90921 0.70207 0.17996 0.04282
0 0.90921 0.84382 0.21172 0.04317
0 0.90921 0.87879 0.17295 0.04363
0 0.90921 0.87571 0.16823 0.04266