0 0.10501 0.13417 0.21647 0.03671
0 0.10501 0.18814 0.19264 0.03348
0 0.10501 0.22803 0.16313 0.0332
0 0.10501 0.29734 0.19892 0.03288
0 0.10501 0.31573 0.21909 0.03393
0 0.10501 0.41270 0.17106 0.03436
0 0.10501 0.47669 0.21332 0.0398
0 0.10501 0.54152 0.21911 0.03559
0 0.10501 0.58049 0.16792 0.03558
0 0.10501 0.59657 0.17708 0.04247
0 0.10501 0.62822 0.17491 0.04181
0 0.10501 0.68891 0.18415 0.04308
0 0.10501 0.74679 0.21393 0.04356
0 0.10501 0.80245 0.16408 0.03546
0 0.10501 0.84336 0.21758 0.03247
0 0.10501 0.96494 0.20945 0.03275
0 0.3148 0.15896 0.20136 0.03252
0 0.3148 0.19750 0.19968 0.03751
0 0.3148 0.24937 0.20554 0.03437
0 0.3148 0.33166 0.17921 0.03396
0 0.3148 0.41301 0.21409 0.03642
0 0.3148 0.45737 0.19671 0.03497
0 0.3148 0.51311 0.19591 0.04087
0 0.3148 0.55024 0.19705 0.04232
0 0.3148 0.59130 0.16689 0.03637
0 0.3148 0.71899 0.16452 0.03477
0 0.3148 0.75475 0.17063 0.03502
0 0.3148 0.78790 0.16532 0.04005
0 0.3148 0.86646 0.20511 0.04048
0 0.3148 0.88198 0.16929 0.04233
0 0.3148 0.89769 0.2074 0.03957
0 0.3148 0.98000 0.16847 0.03971
0 0.52459 0.13981 0.18758 0.03768
0 0.52459 0.17746 0.21618 0.0365
0 0.52459 0.25676 0.21341 0.0436
0 0.52459 0.28223 0.21303 0.03347
0 0.52459 0.34420 0.20326 0.03781
0 0.52459 0.41959 0.21543 0.03247
0 0.52459 0.47026 0.20595 0.03526
0 0.52459 0.55439 0.1919 0.03453
0 0.52459 0.51263 0.16691 0.04063
0 0.52459 0.64206 0.21703 0.03506
0 0.52459 0.65018 0.19648 0.03947
0 0.52459 0.77355 0.18751 0.04105
0 0.52459 0.74369 0.19024 0.03509
0 0.52459 0.77288 0.20702 0.0351
0 0.52459 0.82032 0.16949 0.03722
0 0.73438 0.12888 0.17852 0.03273
0 0.73438 0.17347 0.17387 0.03375
0 0.73438 0.21928 0.16387 0.03294
0 0.73438 0.25685 0.17621 0.03368
0 0.73438 0.30322 0.18179 0.03597
0 0.73438 0.35781 0.21245 0.04015
0 0.73438 0.44017 0.17798 0.04307
0 0.73438 0.43071 0.17701 0.03693
0 0.73438 0.51664 0.18218 0.03931
0 0.73438 0.55299 0.16919 0.04155
0 0.73438 0.59105 0.2154 0.03663
0 0.73438 0.60445 0.21878 0.03433
0 0.73438 0.64908 0.17856 0.04323
0 0.73438 0.75872 0.19947 0.04256
0 0.73438 0.81843 0.18134 0.04168
0 0.73438 0.79246 0.19174 0.03714
0 0.90921 0.12326 0.20621 0.03552
0 0.90921 0.18327 0.2086 0.04195
0 0.90921 0.26203 0.20812 0.0391
0 0.90921 0.31829 0.21536 0.03816
0 0.90921 0.37319 0.21283 0.0337
0 0.90921 0.41393 0.19379 0.04214
0 0.90921 0.42706 0.16894 0.04295
0 0.90921 0.50592 0.18507 0.03458
0 0.90921 0.50412 0.21791 0.03532
0 0.90921 0.63065 0.16774 0.04157
0 0.90921 0.72261 0.19715 0.03736
0 0.90921 0.71756 0.19413 0.03544
0 0.90921 0.73306 0.19209 0.03597
0 0.90921 0.83259 0.19452 0.03478
0 0.90921 0.79810 0.21249 0.0409
0 0.90921 0.88024 0.2092 0.03428