0 0.10501 0.12539 0.19543 0.04149
0 0.10501 0.18956 0.17656 0.03879
0 0.10501 0.24019 0.17394 0.03279
0 0.10501 0.30693 0.19719 0.03599
0 0.10501 0.32804 0.18993 0.04341
0 0.10501 0.43534 0.18655 0.03741
0 0.10501 0.42637 0.21332 0.04068
0 0.10501 0.54957 0.20911 0.03494
0 0.10501 0.59717 0.16704 0.03611
0 0.10501 0.57588 0.16602 0.03367
0 0.10501 0.68494 0.19325 0.04094
0 0.10501 0.74955 0.21531 0.0392
0 0.10501 0.69536 0.17026 0.03538
0 0.10501 0.76392 0.21419 0.04288
0 0.10501 0.94235 0.17335 0.0329
0 0.10501 0.85980 0.16441 0.0363
0 0.3148 0.15467 0.17359 0.04334
0 0.3148 0.21995 0.17041 0.03445
0 0.3148 0.26257 0.2024 0.03454
0 0.3148 0.31788 0.21523 0.04299
0 0.3148 0.35403 0.18535 0.03245
0 0.3148 0.40735 0.17329 0.03966
0 0.3148 0.45481 0.17243 0.03908
0 0.3148 0.50693 0.18836 0.04357
0 0.3148 0.66427 0.20266 0.0384
0 0.3148 0.65755 0.17371 0.03769
0 0.3148 0.69476 0.20231 0.03732
0 0.3148 0.83761 0.16465 0.03717
0 0.3148 0.84725 0.1922 0.04162
0 0.3148 0.88436 0.2007 0.04006
0 0.3148 0.89712 0.19085 0.03417
0 0.52459 0.13307 0.17913 0.03563
0 0.52459 0.18275 0.17517 0.0332
0 0.52459 0.23923 0.16446 0.03608
0 0.52459 0.28221 0.19727 0.03742
0 0.52459 0.36198 0.20292 0.03403
0 0.52459 0.41967 0.18056 0.0343
0 0.52459 0.49197 0.20365 0.03558
0 0.52459 0.46038 0.17509 0.04022
0 0.52459 0.59223 0.21395 0.03625
0 0.52459 0.60292 0.16983 0.04253
0 0.52459 0.64320 0.17154 0.04324
0 0.52459 0.78588 0.17272 0.04098
0 0.52459 0.74158 0.16707 0.03488
0 0.52459 0.79409 0.21754 0.03756
0 0.52459 0.87111 0.16231 0.04013
0 0.52459 0.99031 0.20961 0.04291
0 0.73438 0.11621 0.16651 0.0331
0 0.73438 0.17518 0.20195 0.04001
0 0.73438 0.22488 0.21814 0.04002
0 0.73438 0.23912 0.16477 0.03405
0 0.73438 0.33091 0.16924 0.03252
0 0.73438 0.38097 0.18351 0.03926
0 0.73438 0.36551 0.18794 0.03504
0 0.73438 0.42196 0.19893 0.04314
0 0.73438 0.50680 0.21115 0.04204
0 0.73438 0.53710 0.17634 0.03245
0 0.73438 0.56912 0.19408 0.03592
0 0.73438 0.63673 0.16437 0.0329
0 0.73438 0.72061 0.19071 0.04282
0 0.73438 0.78575 0.20508 0.03844
0 0.73438 0.71266 0.21663 0.0365
0 0.73438 0.84055 0.22094 0.03745
0 0.90921 0.12582 0.21019 0.03739
0 0.90921 0.17282 0.19932 0.0338
0 0.90921 0.25235 0.20518 0.03557
0 0.90921 0.27403 0.19891 0.03342
0 0.90921 0.32948 0.2104 0.03438
0 0.90921 0.39242 0.18403 0.03971
0 0.90921 0.42308 0.1937 0.04272
0 0.90921 0.51010 0.16603 0.03547
0 0.90921 0.51654 0.17968 0.03987
0 0.90921 0.64226 0.21449 0.04246
0 0.90921 0.63791 0.18726 0.03705
0 0.90921 0.76991 0.17205 0.03326
0 0.90921 0.70822 0.18493 0.03772
0 0.90921 0.78697 0.17743 0.03483
0 0.90921 0.83699 0.1687 0.03584
0 0.90921 0.85003 0.1996 0.03573