0 0.10501 0.14319 0.17143 0.03751
0 0.10501 0.17737 0.22031 0.03764
0 0.10501 0.21618 0.1644 0.03942
0 0.10501 0.31241 0.20865 0.03617
0 0.10501 0.31538 0.21148 0.03715
0 0.10501 0.39950 0.22041 0.03747
0 0.10501 0.43733 0.17635 0.0371
0 0.10501 0.45879 0.21705 0.03302
0 0.10501 0.50370 0.20167 0.03294
0 0.10501 0.64132 0.17276 0.03573
0 0.10501 0.61483 0.17904 0.03787
0 0.10501 0.76513 0.2068 0.04376
0 0.10501 0.70905 0.21131 0.03895
0 0.10501 0.80772 0.1961 0.03247
0 0.10501 0.81430 0.201 0.03957
0 0.10501 0.99016 0.21642 0.03588
0 0.3148 0.14490 0.17514 0.03692
0 0.3148 0.18823 0.21985 0.0404
0 0.3148 0.24589 0.21623 0.03931
0 0.3148 0.33094 0.17156 0.0418
0 0.3148 0.41153 0.17831 0.03979
0 0.3148 0.40281 0.17165 0.03774
0 0.3148 0.51353 0.18468 0.03803
0 0.3148 0.56379 0.17853 0.03368
0 0.3148 0.61626 0.19924 0.03596
0 0.3148 0.71253 0.18118 0.04104
0 0.3148 0.69729 0.18047 0.03554
0 0.3148 0.82132 0.16234 0.03367
0 0.3148 0.89315 0.17909 0.03226
0 0.3148 0.83966 0.17186 0.04207
0 0.52459 0.14310 0.16714 0.03778
0 0.52459 0.18499 0.2197 0.03675
0 0.52459 0.21817 0.19363 0.0355
0 0.52459 0.27700 0.20079 0.03833
0 0.52459 0.34219 0.2066 0.04169
0 0.52459 0.41416 0.17852 0.03685
0 0.52459 0.43501 0.21244 0.03588
0 0.52459 0.52692 0.19651 0.04177
0 0.52459 0.58653 0.18734 0.04259
0 0.52459 0.65030 0.19129 0.04308
0 0.52459 0.72123 0.16369 0.03718
0 0.52459 0.68250 0.19798 0.03992
0 0.52459 0.72334 0.20978 0.03988
0 0.52459 0.85976 0.19915 0.03418
0 0.52459 0.80599 0.16281 0.0429
0 0.52459 0.86211 0.21087 0.0423
0 0.73438 0.11268 0.17037 0.03627
0 0.73438 0.17484 0.17739 0.043
0 0.73438 0.19366 0.16775 0.0431
0 0.73438 0.27232 0.16926 0.03827
0 0.73438 0.33020 0.20262 0.03849
0 0.73438 0.32542 0.18847 0.04014
0 0.73438 0.40521 0.16681 0.04069
0 0.73438 0.45598 0.19707 0.0422
0 0.73438 0.46060 0.20123 0.04141
0 0.73438 0.50552 0.17939 0.03862
0 0.73438 0.55205 0.18486 0.03512
0 0.73438 0.59037 0.20344 0.03272
0 0.73438 0.66250 0.20591 0.03692
0 0.73438 0.76077 0.20463 0.03762
0 0.73438 0.84349 0.17587 0.04157
0 0.73438 0.86972 0.19524 0.04188
0 0.90921 0.13957 0.16572 0.04196
0 0.90921 0.18539 0.16576 0.04312
0 0.90921 0.23242 0.2085 0.03809
0 0.90921 0.28502 0.17654 0.03721
0 0.90921 0.37550 0.21703 0.04293
0 0.90921 0.37627 0.19601 0.03839
0 0.90921 0.41124 0.18308 0.03659
0 0.90921 0.53298 0.19812 0.03979
0 0.90921 0.59312 0.20819 0.03724
0 0.90921 0.63988 0.21736 0.03229
0 0.90921 0.67797 0.19809 0.04175
0 0.90921 0.65106 0.21983 0.03442
0 0.90921 0.81978 0.19508 0.03553
0 0.90921 0.81563 0.18378 0.03723
0 0.90921 0.95838 0.21557 0.04308
0 0.90921 0.88957 0.17278 0.03959