0 0.10501 0.12068 0.17081 0.04024
0 0.10501 0.20251 0.19659 0.03716
0 0.10501 0.25662 0.2155 0.0367
0 0.10501 0.30954 0.16786 0.03323
0 0.10501 0.36217 0.21879 0.03248
0 0.10501 0.39883 0.16627 0.04219
0 0.10501 0.47399 0.18887 0.03551
0 0.10501 0.53344 0.16568 0.04093
0 0.10501 0.54941 0.16818 0.0401
0 0.10501 0.65683 0.21317 0.03686
0 0.10501 0.72545 0.21537 0.03578
0 0.10501 0.67731 0.2065 0.04058
0 0.10501 0.73827 0.17465 0.03466
0 0.10501 0.87002 0.19338 0.03761
0 0.10501 0.86329 0.21782 0.03382
0 0.10501 0.88326 0.22006 0.03658
0 0.3148 0.15837 0.18302 0.0371
0 0.3148 0.20692 0.16872 0.04163
0 0.3148 0.27743 0.1737 0.04327
0 0.3148 0.31654 0.19993 0.03763
0 0.3148 0.34993 0.18471 0.04293
0 0.3148 0.41096 0.16839 0.03631
0 0.3148 0.52150 0.16446 0.03909
0 0.3148 0.49996 0.20281 0.03933
0 0.3148 0.62095 0.19954 0.03505
0 0.3148 0.72595 0.2056 0.0351
0 0.3148 0.74794 0.18294 0.04041
0 0.3148 0.74162 0.17039 0.04194
0 0.3148 0.78889 0.16496 0.04172
0 0.3148 0.84033 0.19666 0.03846
0 0.3148 0.89876 0.21751 0.03327
0 0.52459 0.13019 0.17214 0.03819
0 0.52459 0.19121 0.17254 0.0388
0 0.52459 0.22117 0.22032 0.04238
0 0.52459 0.28154 0.16348 0.03352
0 0.52459 0.34596 0.21593 0.03877
0 0.52459 0.42845 0.1753 0.04272
0 0.52459 0.45599 0.17488 0.0338
0 0.52459 0.55344 0.19858 0.04357
0 0.52459 0.57524 0.20952 0.0347
0 0.52459 0.55214 0.16736 0.03672
0 0.52459 0.61274 0.19063 0.03364
0 0.52459 0.66814 0.21472 0.04086
0 0.52459 0.69618 0.18736 0.04288
0 0.52459 0.75061 0.16407 0.04245
0 0.52459 0.88966 0.20094 0.03519
0 0.52459 0.97646 0.17749 0.04195
0 0.73438 0.12318 0.19138 0.03298
0 0.73438 0.15611 0.21145 0.03355
0 0.73438 0.20883 0.19204 0.03868
0 0.73438 0.28128 0.16925 0.03821
0 0.73438 0.30479 0.17419 0.03463
0 0.73438 0.36231 0.1898 0.04331
0 0.73438 0.44591 0.19575 0.03484
0 0.73438 0.41339 0.18678 0.03932
0 0.73438 0.46759 0.18355 0.03239
0 0.73438 0.52187 0.2046 0.04053
0 0.73438 0.62749 0.18948 0.03665
0 0.73438 0.60892 0.18278 0.0323
0 0.73438 0.71885 0.16989 0.04358
0 0.73438 0.75877 0.18182 0.0331
0 0.73438 0.76059 0.18256 0.04263
0 0.73438 0.86816 0.1812 0.03938
0 0.90921 0.13504 0.19463 0.03953
0 0.90921 0.17190 0.20223 0.03769
0 0.90921 0.26150 0.19519 0.03613
0 0.90921 0.31140 0.21598 0.03898
0 0.90921 0.34338 0.19878 0.03556
0 0.90921 0.41395 0.16647 0.04074
0 0.90921 0.42182 0.20126 0.03853
0 0.90921 0.53096 0.16886 0.03253
0 0.90921 0.56285 0.21429 0.03809
0 0.90921 0.60272 0.21695 0.03358
0 0.90921 0.70161 0.17705 0.03834
0 0.90921 0.77139 0.21414 0.03622
0 0.90921 0.84021 0.17859 0.04062
0 0.90921 0.90403 0.18504 0.03798
0 0.90921 0.94171 0.19952 0.03865
0 0.90921 0.93043 0.20168 0.03896