0 0.10501 0.14133 0.21039 0.03607
0 0.10501 0.19252 0.19162 0.03661
0 0.10501 0.25328 0.18326 0.04362
0 0.10501 0.28981 0.1897 0.0355
0 0.10501 0.37100 0.20266 0.03705
0 0.10501 0.41198 0.17158 0.0372
0 0.10501 0.45650 0.17358 0.04093
0 0.10501 0.48768 0.2056 0.03815
0 0.10501 0.54305 0.16547 0.0418
0 0.10501 0.61190 0.16931 0.0335
0 0.10501 0.69901 0.20084 0.04373
0 0.10501 0.71565 0.16382 0.03302
0 0.10501 0.79710 0.2017 0.0384
0 0.10501 0.88798 0.16611 0.03213
0 0.10501 0.80997 0.20149 0.04234
0 0.3148 0.14427 0.18293 0.03951
0 0.3148 0.20902 0.19288 0.03904
0 0.3148 0.28469 0.21401 0.04373
0 0.3148 0.34483 0.20952 0.03418
0 0.3148 0.34621 0.16984 0.03929
0 0.3148 0.44008 0.1731 0.03855
0 0.3148 0.46730 0.18734 0.04302
0 0.3148 0.54976 0.1964 0.04073
0 0.3148 0.67034 0.21862 0.04296
0 0.3148 0.66206 0.1707 0.03442
0 0.3148 0.79542 0.20331 0.03811
0 0.3148 0.72608 0.17302 0.03892
0 0.3148 0.91449 0.21125 0.03738
0 0.3148 0.87233 0.19227 0.04006
0 0.3148 0.94973 0.19276 0.04037
0 0.3148 0.95936 0.17087 0.04257
0 0.52459 0.13616 0.20947 0.0345
0 0.52459 0.18305 0.18948 0.04209
0 0.52459 0.25553 0.16493 0.03894
0 0.52459 0.26663 0.19365 0.03461
0 0.52459 0.33433 0.19999 0.03445
0 0.52459 0.43329 0.21593 0.03709
0 0.52459 0.43486 0.1715 0.0389
0 0.52459 0.46203 0.21827 0.03788
0 0.52459 0.51624 0.18588 0.04035
0 0.52459 0.63764 0.17844 0.03841
0 0.52459 0.65469 0.20243 0.03443
0 0.52459 0.73536 0.16361 0.03334
0 0.52459 0.70069 0.1782 0.03768
0 0.52459 0.80324 0.21119 0.03616
0 0.52459 0.80060 0.18547 0.03596
0 0.52459 0.86332 0.21864 0.04279
0 0.73438 0.11308 0.17992 0.03639
0 0.73438 0.16671 0.21133 0.04222
0 0.73438 0.21118 0.22111 0.03655
0 0.73438 0.27289 0.21831 0.03748
0 0.73438 0.29214 0.20109 0.03333
0 0.73438 0.34376 0.19598 0.0413
0 0.73438 0.43489 0.16957 0.03885
0 0.73438 0.45425 0.20151 0.04027
0 0.73438 0.47813 0.17826 0.03713
0 0.73438 0.50657 0.20585 0.04221
0 0.73438 0.59265 0.17474 0.03596
0 0.73438 0.67651 0.19369 0.04321
0 0.73438 0.74558 0.22015 0.04092
0 0.73438 0.77552 0.2036 0.04015
0 0.73438 0.84568 0.21558 0.03832
0 0.73438 0.82815 0.17376 0.04238
0 0.90921 0.13941 0.18421 0.03425
0 0.90921 0.19421 0.18617 0.04159
0 0.90921 0.24376 0.19834 0.04075
0 0.90921 0.29554 0.19423 0.0385
0 0.90921 0.34317 0.20021 0.03947
0 0.90921 0.35893 0.16755 0.04049
0 0.90921 0.44455 0.19424 0.03959
0 0.90921 0.50730 0.1665 0.04069
0 0.90921 0.60639 0.17233 0.03382
0 0.90921 0.56095 0.19283 0.04221
0 0.90921 0.63482 0.19408 0.03555
0 0.90921 0.66374 0.17864 0.03439
0 0.90921 0.74784 0.18329 0.03421
0 0.90921 0.74860 0.21008 0.0389
0 0.90921 0.94648 0.21438 0.03302
0 0.90921 0.95041 0.18032 0.04112