0 0.10501 0.12884 0.21925 0.03716
0 0.10501 0.18692 0.21596 0.03487
0 0.10501 0.23176 0.20372 0.03467
0 0.10501 0.26417 0.19744 0.04371
0 0.10501 0.36378 0.17963 0.03317
0 0.10501 0.38377 0.20125 0.03641
0 0.10501 0.42806 0.18914 0.03734
0 0.10501 0.47572 0.18912 0.03431
0 0.10501 0.51926 0.19567 0.03388
0 0.10501 0.64625 0.17961 0.04359
0 0.10501 0.64185 0.21752 0.04367
0 0.10501 0.76840 0.17923 0.04205
0 0.10501 0.77264 0.19557 0.03976
0 0.10501 0.79170 0.18295 0.03598
0 0.10501 0.95793 0.21296 0.03359
0 0.10501 0.85252 0.2205 0.03812
0 0.3148 0.13315 0.20111 0.0419
0 0.3148 0.21309 0.17654 0.04229
0 0.3148 0.26290 0.21353 0.03369
0 0.3148 0.34074 0.19615 0.03471
0 0.3148 0.37556 0.17561 0.03655
0 0.3148 0.39606 0.17974 0.04356
0 0.3148 0.50485 0.20236 0.0329
0 0.3148 0.53126 0.20948 0.0381
0 0.3148 0.61968 0.19247 0.03512
0 0.3148 0.62258 0.17616 0.03255
0 0.3148 0.66822 0.1798 0.03357
0 0.3148 0.74082 0.18718 0.04347
0 0.3148 0.85679 0.19825 0.04211
0 0.3148 0.96813 0.1736 0.04313
0 0.52459 0.13026 0.17546 0.03888
0 0.52459 0.19050 0.21559 0.04275
0 0.52459 0.25961 0.16431 0.03308
0 0.52459 0.28463 0.19174 0.03487
0 0.52459 0.34629 0.1751 0.03775
0 0.52459 0.38356 0.16609 0.04099
0 0.52459 0.44320 0.172 0.03344
0 0.52459 0.55418 0.21342 0.04217
0 0.52459 0.54003 0.16448 0.0375
0 0.52459 0.62047 0.19207 0.03467
0 0.52459 0.68220 0.20541 0.04271
0 0.52459 0.72955 0.19343 0.03471
0 0.52459 0.82632 0.18712 0.03741
0 0.52459 0.76166 0.17869 0.03589
0 0.52459 0.83784 0.18831 0.04218
0 0.52459 0.87844 0.19341 0.03248
0 0.73438 0.10852 0.20171 0.03943
0 0.73438 0.18209 0.1849 0.03514
0 0.73438 0.21449 0.21714 0.04228
0 0.73438 0.25637 0.19048 0.03639
0 0.73438 0.32891 0.16501 0.03648
0 0.73438 0.36942 0.1775 0.03555
0 0.73438 0.37333 0.18571 0.0405
0 0.73438 0.44313 0.1759 0.04232
0 0.73438 0.45213 0.1765 0.0429
0 0.73438 0.54986 0.21879 0.03681
0 0.73438 0.55824 0.21148 0.03941
0 0.73438 0.65604 0.17958 0.03726
0 0.73438 0.73883 0.18527 0.03738
0 0.73438 0.77103 0.19074 0.03249
0 0.73438 0.71501 0.17195 0.03815
0 0.73438 0.81502 0.18691 0.04015
0 0.90921 0.12102 0.18665 0.04182
0 0.90921 0.20002 0.18785 0.03903
0 0.90921 0.22782 0.21184 0.03824
0 0.90921 0.32109 0.18921 0.0344
0 0.90921 0.33882 0.16398 0.0341
0 0.90921 0.41768 0.22126 0.04118
0 0.90921 0.47247 0.17676 0.03756
0 0.90921 0.52000 0.21515 0.03971
0 0.90921 0.61245 0.19035 0.04099
0 0.90921 0.60277 0.1661 0.04042
0 0.90921 0.62930 0.21639 0.04063
0 0.90921 0.69013 0.19941 0.03565
0 0.90921 0.80091 0.20742 0.03565
0 0.90921 0.82819 0.21406 0.03559
0 0.90921 0.88451 0.2094 0.03448
0 0.90921 0.88437 0.19323 0.04015