0 0.10501 0.13736 0.19257 0.03403
0 0.10501 0.20342 0.2175 0.03481
0 0.10501 0.21944 0.17254 0.038
0 0.10501 0.28155 0.16228 0.03632
0 0.10501 0.31406 0.18476 0.03593
0 0.10501 0.37468 0.17439 0.03329
0 0.10501 0.47130 0.20883 0.04017
0 0.10501 0.52743 0.19237 0.03934
0 0.10501 0.53383 0.20156 0.03813
0 0.10501 0.61504 0.18969 0.03415
0 0.10501 0.61753 0.20148 0.03812
0 0.10501 0.71364 0.2093 0.04082
0 0.10501 0.80444 0.20851 0.03546
0 0.10501 0.77612 0.20491 0.04219
0 0.10501 0.82864 0.21066 0.0397
0 0.10501 0.93074 0.1928 0.04186
0 0.3148 0.15610 0.17463 0.03429
0 0.3148 0.20111 0.20715 0.03939
0 0.3148 0.25949 0.21141 0.03394
0 0.3148 0.33148 0.17154 0.04238
0 0.3148 0.37099 0.1737 0.03747
0 0.3148 0.47158 0.21146 0.03537
0 0.3148 0.51144 0.20396 0.0347
0 0.3148 0.50757 0.19228 0.04098
0 0.3148 0.66972 0.17743 0.0332
0 0.3148 0.72534 0.21077 0.03648
0 0.3148 0.65744 0.22086 0.04106
0 0.3148 0.83591 0.18498 0.04173
0 0.3148 0.83757 0.20726 0.03683
0 0.3148 0.99093 0.21454 0.04133
0 0.3148 0.96015 0.2041 0.03937
0 0.3148 0.97163 0.17749 0.04353
0 0.52459 0.13992 0.17869 0.04214
0 0.52459 0.18196 0.20721 0.0382
0 0.52459 0.25456 0.20256 0.04363
0 0.52459 0.27065 0.17056 0.03543
0 0.52459 0.36514 0.19856 0.03771
0 0.52459 0.42824 0.17086 0.04308
0 0.52459 0.41889 0.19981 0.03838
0 0.52459 0.50586 0.173 0.03647
0 0.52459 0.56335 0.16717 0.04332
0 0.52459 0.58796 0.16726 0.03699
0 0.52459 0.62950 0.18652 0.03483
0 0.52459 0.70495 0.17195 0.04055
0 0.52459 0.81537 0.19716 0.03581
0 0.52459 0.88523 0.18899 0.04197
0 0.52459 0.94278 0.21035 0.04164
0 0.52459 0.90094 0.2103 0.04044
0 0.73438 0.10790 0.19274 0.03325
0 0.73438 0.16985 0.16613 0.03637
0 0.73438 0.22840 0.17179 0.03213
0 0.73438 0.27915 0.18927 0.03443
0 0.73438 0.33536 0.17169 0.03524
0 0.73438 0.34173 0.16882 0.03801
0 0.73438 0.43918 0.2004 0.03619
0 0.73438 0.46639 0.19657 0.03671
0 0.73438 0.50591 0.18064 0.03443
0 0.73438 0.52602 0.17854 0.04009
0 0.73438 0.60334 0.1925 0.04141
0 0.73438 0.59025 0.18073 0.03448
0 0.73438 0.64835 0.19455 0.03722
0 0.73438 0.75818 0.17622 0.04222
0 0.73438 0.84550 0.1941 0.0423
0 0.73438 0.91134 0.16613 0.04011
0 0.90921 0.12375 0.18771 0.03781
0 0.90921 0.18956 0.20358 0.04154
0 0.90921 0.25360 0.21452 0.03686
0 0.90921 0.31755 0.18822 0.0425
0 0.90921 0.34931 0.2175 0.03892
0 0.90921 0.38239 0.20702 0.04331
0 0.90921 0.44650 0.17681 0.04247
0 0.90921 0.53486 0.16891 0.03888
0 0.90921 0.60207 0.21701 0.0349
0 0.90921 0.63355 0.20675 0.04291
0 0.90921 0.68037 0.18868 0.03625
0 0.90921 0.64771 0.17776 0.04326
0 0.90921 0.72695 0.21773 0.03782
0 0.90921 0.77656 0.18015 0.03724
0 0.90921 0.81517 0.19718 0.04373
0 0.90921 0.96177 0.1643 0.03712