0 0.10501 0.14298 0.17431 0.03819
0 0.10501 0.17256 0.1673 0.03252
0 0.10501 0.21651 0.19383 0.03609
0 0.10501 0.26946 0.16616 0.03395
0 0.10501 0.31198 0.19122 0.03646
0 0.10501 0.41159 0.16835 0.03797
0 0.10501 0.46248 0.16331 0.03791
0 0.10501 0.46816 0.19978 0.03977
0 0.10501 0.54273 0.20456 0.03394
0 0.10501 0.55271 0.16471 0.04262
0 0.10501 0.63180 0.16634 0.04105
0 0.10501 0.77272 0.16783 0.03589
0 0.10501 0.76148 0.16993 0.03681
0 0.10501 0.77744 0.19499 0.03521
0 0.10501 0.93778 0.18901 0.03883
0 0.10501 0.94973 0.19647 0.04097
0 0.3148 0.15209 0.1827 0.0397
0 0.3148 0.20369 0.21394 0.04104
0 0.3148 0.24054 0.20102 0.0378
0 0.3148 0.34818 0.17422 0.03786
0 0.3148 0.38888 0.19961 0.04139
0 0.3148 0.43064 0.20156 0.03669
0 0.3148 0.54562 0.19749 0.04312
0 0.3148 0.60611 0.19075 0.03617
0 0.3148 0.64384 0.18524 0.03489
0 0.3148 0.63009 0.21283 0.03593
0 0.3148 0.68869 0.16241 0.03805
0 0.3148 0.73430 0.16355 0.04011
0 0.3148 0.85914 0.18163 0.03599
0 0.3148 0.92975 0.17182 0.0392
0 0.3148 0.94961 0.21198 0.03288
0 0.3148 0.97815 0.18988 0.03922
0 0.52459 0.12268 0.18601 0.03939
0 0.52459 0.19123 0.20933 0.04349
0 0.52459 0.25982 0.22121 0.03727
0 0.52459 0.32006 0.20144 0.04207
0 0.52459 0.34648 0.16862 0.03405
0 0.52459 0.40631 0.18359 0.03692
0 0.52459 0.48996 0.18978 0.03388
0 0.52459 0.55075 0.19872 0.03889
0 0.52459 0.52771 0.19109 0.03507
0 0.52459 0.61596 0.16572 0.04019
0 0.52459 0.72421 0.20335 0.0328
0 0.52459 0.75262 0.18747 0.0334
0 0.52459 0.74593 0.19067 0.03741
0 0.52459 0.82913 0.16894 0.03909
0 0.52459 0.87840 0.20017 0.04196
0 0.52459 0.90337 0.21162 0.04086
0 0.73438 0.11961 0.17476 0.03844
0 0.73438 0.15964 0.1676 0.0324
0 0.73438 0.19986 0.22107 0.03994
0 0.73438 0.26440 0.20498 0.03997
0 0.73438 0.31011 0.20835 0.03592
0 0.73438 0.33042 0.17753 0.03718
0 0.73438 0.39337 0.20491 0.04037
0 0.73438 0.43216 0.18069 0.03412
0 0.73438 0.46897 0.18807 0.03423
0 0.73438 0.49465 0.19327 0.04092
0 0.73438 0.63626 0.2199 0.03776
0 0.73438 0.70638 0.18628 0.04315
0 0.73438 0.69213 0.20657 0.03502
0 0.73438 0.71286 0.22124 0.03665
0 0.73438 0.71618 0.16904 0.03307
0 0.73438 0.91251 0.19893 0.03372
0 0.90921 0.14535 0.18471 0.03722
0 0.90921 0.18002 0.16248 0.03643
0 0.90921 0.24562 0.21292 0.03282
0 0.90921 0.27684 0.18176 0.03707
0 0.90921 0.33578 0.22093 0.03287
0 0.90921 0.39362 0.16796 0.04257
0 0.90921 0.44797 0.2032 0.04017
0 0.90921 0.52520 0.21158 0.04041
0 0.90921 0.58885 0.20803 0.03936
0 0.90921 0.63288 0.21913 0.03289
0 0.90921 0.68063 0.20579 0.03835
0 0.90921 0.67324 0.22088 0.03994
0 0.90921 0.83084 0.19279 0.04295
0 0.90921 0.80988 0.20055 0.03984
0 0.90921 0.88362 0.20598 0.03481
0 0.90921 0.99460 0.21449 0.03251