0 0.10501 0.12132 0.18247 0.03636
0 0.10501 0.20081 0.17842 0.04108
0 0.10501 0.25009 0.17742 0.03839
0 0.10501 0.27246 0.21373 0.03922
0 0.10501 0.31439 0.19746 0.0347
0 0.10501 0.43139 0.19451 0.04323
0 0.10501 0.48091 0.16799 0.04292
0 0.10501 0.48281 0.20691 0.03925
0 0.10501 0.50959 0.17844 0.04087
0 0.10501 0.62788 0.16414 0.03551
0 0.10501 0.62246 0.16425 0.03563
0 0.10501 0.71819 0.17489 0.03567
0 0.10501 0.78959 0.19735 0.03413
0 0.10501 0.79095 0.20549 0.04135
0 0.10501 0.82446 0.16767 0.03974
0 0.10501 0.97636 0.21986 0.04347
0 0.3148 0.15695 0.18343 0.03913
0 0.3148 0.19095 0.16633 0.03929
0 0.3148 0.24153 0.16826 0.043
0 0.3148 0.34876 0.22003 0.03829
0 0.3148 0.34271 0.17207 0.04321
0 0.3148 0.40670 0.18059 0.03851
0 0.3148 0.48243 0.19943 0.03672
0 0.3148 0.56401 0.2124 0.0417
0 0.3148 0.57240 0.21153 0.04039
0 0.3148 0.60601 0.21103 0.03218
0 0.3148 0.78183 0.18564 0.03849
0 0.3148 0.85872 0.20747 0.03352
0 0.3148 0.88720 0.18613 0.03939
0 0.3148 0.81730 0.20452 0.03317
0 0.3148 0.93668 0.2123 0.03742
0 0.52459 0.12118 0.20542 0.03698
0 0.52459 0.19574 0.2005 0.03556
0 0.52459 0.22242 0.21197 0.0348
0 0.52459 0.27793 0.20409 0.04081
0 0.52459 0.31570 0.16762 0.03744
0 0.52459 0.40963 0.19592 0.03411
0 0.52459 0.47056 0.21705 0.03636
0 0.52459 0.50387 0.16334 0.0362
0 0.52459 0.52585 0.17489 0.03215
0 0.52459 0.65526 0.18717 0.04029
0 0.52459 0.71566 0.1926 0.03688
0 0.52459 0.76335 0.21007 0.04185
0 0.52459 0.73651 0.18618 0.0354
0 0.52459 0.74902 0.16281 0.03405
0 0.52459 0.93557 0.20745 0.03896
0 0.73438 0.10903 0.20624 0.04337
0 0.73438 0.16379 0.19669 0.03829
0 0.73438 0.22575 0.21713 0.03487
0 0.73438 0.26664 0.19696 0.04024
0 0.73438 0.28470 0.20384 0.03875
0 0.73438 0.35268 0.17589 0.04036
0 0.73438 0.40989 0.18704 0.03869
0 0.73438 0.46303 0.2064 0.03503
0 0.73438 0.48308 0.16549 0.03318
0 0.73438 0.58350 0.17459 0.03349
0 0.73438 0.57983 0.1743 0.03515
0 0.73438 0.70459 0.16479 0.03664
0 0.73438 0.71751 0.18668 0.03234
0 0.73438 0.78717 0.19805 0.03285
0 0.73438 0.82257 0.18185 0.04288
0 0.73438 0.91145 0.16789 0.03928
0 0.90921 0.14230 0.18742 0.03308
0 0.90921 0.19970 0.16585 0.03532
0 0.90921 0.22074 0.20757 0.03887
0 0.90921 0.28882 0.19808 0.0432
0 0.90921 0.31255 0.16597 0.03767
0 0.90921 0.39339 0.20916 0.03607
0 0.90921 0.45533 0.174 0.03907
0 0.90921 0.48313 0.1946 0.03689
0 0.90921 0.53328 0.19866 0.03494
0 0.90921 0.62852 0.16714 0.03589
0 0.90921 0.60506 0.17576 0.03499
0 0.90921 0.72890 0.18031 0.03629
0 0.90921 0.76188 0.17954 0.04273
0 0.90921 0.88093 0.21769 0.03886
0 0.90921 0.90065 0.17851 0.03255
0 0.90921 0.95423 0.2079 0.03235