0 0.10501 0.14255 0.19024 0.04267
0 0.10501 0.19089 0.19982 0.03991
0 0.10501 0.24918 0.2187 0.03961
0 0.10501 0.27979 0.20192 0.03285
0 0.10501 0.33060 0.22045 0.03392
0 0.10501 0.39077 0.194 0.03569
0 0.10501 0.49078 0.20106 0.04015
0 0.10501 0.52290 0.21575 0.03952
0 0.10501 0.61030 0.205 0.04139
0 0.10501 0.63958 0.20092 0.03292
0 0.10501 0.70131 0.20173 0.03756
0 0.10501 0.69665 0.18782 0.04224
0 0.10501 0.72762 0.21772 0.03923
0 0.10501 0.90060 0.22035 0.04335
0 0.10501 0.80447 0.20689 0.03871
0 0.10501 0.97390 0.21104 0.0372
0 0.3148 0.15370 0.19582 0.04236
0 0.3148 0.22008 0.20042 0.04375
0 0.3148 0.24257 0.19375 0.04091
0 0.3148 0.32469 0.2116 0.03731
0 0.3148 0.36369 0.19362 0.04078
0 0.3148 0.39546 0.19672 0.03713
0 0.3148 0.45165 0.20549 0.03648
0 0.3148 0.51746 0.20472 0.04239
0 0.3148 0.66224 0.1827 0.03779
0 0.3148 0.71642 0.21714 0.03632
0 0.3148 0.73236 0.21899 0.03714
0 0.3148 0.77141 0.19352 0.03915
0 0.3148 0.86598 0.17317 0.03917
0 0.3148 0.87882 0.2203 0.03798
0 0.52459 0.12077 0.21108 0.03657
0 0.52459 0.17709 0.17187 0.04259
0 0.52459 0.24333 0.1627 0.03512
0 0.52459 0.31521 0.21139 0.04152
0 0.52459 0.35373 0.18621 0.03431
0 0.52459 0.38804 0.19823 0.0357
0 0.52459 0.47977 0.17368 0.03872
0 0.52459 0.53219 0.21591 0.04206
0 0.52459 0.53398 0.1886 0.03603
0 0.52459 0.66436 0.17398 0.03347
0 0.52459 0.70944 0.21991 0.03977
0 0.52459 0.64629 0.17693 0.03838
0 0.52459 0.81413 0.2195 0.03959
0 0.52459 0.88535 0.16288 0.03557
0 0.52459 0.92206 0.19871 0.0437
0 0.52459 0.97355 0.16707 0.04292
0 0.73438 0.13039 0.19819 0.03229
0 0.73438 0.18370 0.17618 0.04359
0 0.73438 0.20243 0.17739 0.04003
0 0.73438 0.26195 0.18269 0.03281
0 0.73438 0.33445 0.19383 0.03857
0 0.73438 0.32808 0.2129 0.04222
0 0.73438 0.37741 0.19458 0.04171
0 0.73438 0.43124 0.16833 0.04084
0 0.73438 0.51702 0.17408 0.04376
0 0.73438 0.56968 0.17189 0.03632
0 0.73438 0.64985 0.19107 0.03231
0 0.73438 0.60673 0.18425 0.03213
0 0.73438 0.67802 0.20412 0.04077
0 0.73438 0.67763 0.18379 0.04317
0 0.73438 0.73423 0.19797 0.04063
0 0.73438 0.83103 0.21278 0.04093
0 0.90921 0.12836 0.20268 0.03491
0 0.90921 0.18620 0.21455 0.04048
0 0.90921 0.26246 0.17773 0.03298
0 0.90921 0.27261 0.20189 0.04329
0 0.90921 0.33395 0.16796 0.03926
0 0.90921 0.38873 0.17808 0.03693
0 0.90921 0.46792 0.18282 0.03565
0 0.90921 0.55321 0.19651 0.04219
0 0.90921 0.58354 0.2009 0.04047
0 0.90921 0.57649 0.22087 0.03725
0 0.90921 0.69368 0.20055 0.0435
0 0.90921 0.65672 0.18379 0.03595
0 0.90921 0.71766 0.16465 0.04368
0 0.90921 0.87496 0.17688 0.04191
0 0.90921 0.94225 0.16512 0.03878