0 0.10501 0.12662 0.19068 0.04113
0 0.10501 0.17411 0.18723 0.03619
0 0.10501 0.22818 0.21346 0.03846
0 0.10501 0.31229 0.19328 0.03887
0 0.10501 0.37461 0.22022 0.03336
0 0.10501 0.38100 0.18694 0.03415
0 0.10501 0.43352 0.16451 0.0389
0 0.10501 0.49551 0.16738 0.03899
0 0.10501 0.50444 0.18689 0.03859
0 0.10501 0.56341 0.20535 0.03475
0 0.10501 0.61560 0.18566 0.03758
0 0.10501 0.68124 0.19183 0.03214
0 0.10501 0.82664 0.18291 0.03847
0 0.10501 0.79928 0.20198 0.03566
0 0.10501 0.94832 0.21585 0.04368
0 0.10501 0.89749 0.21595 0.03578
0 0.3148 0.15591 0.17814 0.03693
0 0.3148 0.20858 0.20725 0.03262
0 0.3148 0.27637 0.19333 0.03657
0 0.3148 0.31706 0.19978 0.0408
0 0.3148 0.38109 0.20506 0.04099
0 0.3148 0.41510 0.18638 0.03625
0 0.3148 0.47151 0.21423 0.03385
0 0.3148 0.53286 0.18453 0.04274
0 0.3148 0.63005 0.18781 0.03371
0 0.3148 0.71407 0.18553 0.03672
0 0.3148 0.72475 0.21468 0.03813
0 0.3148 0.81121 0.20107 0.04228
0 0.3148 0.81426 0.20806 0.04072
0 0.3148 0.89953 0.20948 0.03255
0 0.3148 0.99499 0.16413 0.0348
0 0.3148 0.97861 0.21208 0.03431
0 0.52459 0.12755 0.21334 0.03731
0 0.52459 0.19069 0.20068 0.03976
0 0.52459 0.25771 0.16747 0.04
0 0.52459 0.27978 0.1735 0.03968
0 0.52459 0.33986 0.2108 0.04158
0 0.52459 0.38272 0.17634 0.037
0 0.52459 0.46408 0.21502 0.04339
0 0.52459 0.52606 0.16253 0.03539
0 0.52459 0.53617 0.18747 0.03294
0 0.52459 0.62009 0.17543 0.04182
0 0.52459 0.69261 0.19567 0.03689
0 0.52459 0.69496 0.21782 0.04345
0 0.52459 0.78696 0.17074 0.0424
0 0.52459 0.85769 0.20107 0.03893
0 0.52459 0.91229 0.20668 0.03397
0 0.52459 0.96805 0.22003 0.03761
0 0.73438 0.12191 0.19419 0.04063
0 0.73438 0.17259 0.17911 0.03646
0 0.73438 0.19455 0.20186 0.04294
0 0.73438 0.28317 0.20292 0.03297
0 0.73438 0.33660 0.20448 0.03287
0 0.73438 0.38995 0.19567 0.0342
0 0.73438 0.43259 0.17523 0.03628
0 0.73438 0.42227 0.19125 0.04328
0 0.73438 0.53436 0.18928 0.04237
0 0.73438 0.57768 0.17028 0.03712
0 0.73438 0.60766 0.18483 0.03712
0 0.73438 0.58831 0.1629 0.03802
0 0.73438 0.64557 0.2135 0.04069
0 0.73438 0.73235 0.18209 0.03374
0 0.73438 0.85729 0.20598 0.03693
0 0.73438 0.81435 0.22126 0.03912
0 0.90921 0.12663 0.19706 0.04184
0 0.90921 0.19713 0.17298 0.03761
0 0.90921 0.22618 0.16544 0.04304
0 0.90921 0.29200 0.17709 0.03735
0 0.90921 0.35670 0.21471 0.03663
0 0.90921 0.38387 0.18328 0.03339
0 0.90921 0.49515 0.17062 0.03674
0 0.90921 0.48771 0.19224 0.0356
0 0.90921 0.51570 0.20755 0.03815
0 0.90921 0.61233 0.17373 0.03535
0 0.90921 0.61132 0.19666 0.03513
0 0.90921 0.77275 0.18076 0.03628
0 0.90921 0.74653 0.18302 0.03495
0 0.90921 0.83018 0.22057 0.04238
0 0.90921 0.89508 0.16903 0.03876
0 0.90921 0.83880 0.16548 0.0431