0 0.10501 0.13355 0.17585 0.03456
0 0.10501 0.18220 0.21426 0.0342
0 0.10501 0.22840 0.18582 0.04338
0 0.10501 0.28675 0.16491 0.04012
0 0.10501 0.34794 0.20161 0.03805
0 0.10501 0.36708 0.20683 0.0375
0 0.10501 0.45247 0.16463 0.03246
0 0.10501 0.54373 0.19196 0.03235
0 0.10501 0.57188 0.19197 0.0409
0 0.10501 0.55902 0.16943 0.04187
0 0.10501 0.63216 0.16718 0.03872
0 0.10501 0.68299 0.2088 0.03439
0 0.10501 0.75421 0.20478 0.03622
0 0.10501 0.82484 0.1758 0.03702
0 0.10501 0.85576 0.209 0.04153
0 0.10501 0.87754 0.2044 0.03858
0 0.3148 0.15648 0.1762 0.03423
0 0.3148 0.19106 0.18677 0.03814
0 0.3148 0.28469 0.16331 0.03562
0 0.3148 0.33348 0.20272 0.04127
0 0.3148 0.36633 0.19543 0.03331
0 0.3148 0.46415 0.20754 0.04241
0 0.3148 0.48250 0.16817 0.04193
0 0.3148 0.57377 0.1625 0.03367
0 0.3148 0.64728 0.19238 0.04067
0 0.3148 0.67766 0.16313 0.04058
0 0.3148 0.66365 0.16515 0.03818
0 0.3148 0.71370 0.21965 0.03611
0 0.3148 0.90474 0.21735 0.03237
0 0.3148 0.81730 0.18104 0.03782
0 0.3148 0.99633 0.21041 0.03918
0 0.52459 0.13771 0.19214 0.03264
0 0.52459 0.17078 0.20208 0.03406
0 0.52459 0.22408 0.19572 0.0379
0 0.52459 0.30577 0.18484 0.04186
0 0.52459 0.37205 0.16582 0.03514
0 0.52459 0.43235 0.16901 0.04352
0 0.52459 0.47769 0.18597 0.04264
0 0.52459 0.51491 0.2016 0.037
0 0.52459 0.56200 0.16752 0.03891
0 0.52459 0.61816 0.19813 0.04125
0 0.52459 0.61405 0.16714 0.03991
0 0.52459 0.67187 0.18708 0.04169
0 0.52459 0.84318 0.18883 0.03858
0 0.52459 0.83560 0.21902 0.03217
0 0.52459 0.92747 0.17845 0.03616
0 0.52459 0.97316 0.21762 0.03599
0 0.73438 0.12529 0.17616 0.03806
0 0.73438 0.15776 0.1968 0.04007
0 0.73438 0.19804 0.21134 0.03585
0 0.73438 0.25366 0.21546 0.04196
0 0.73438 0.30503 0.20392 0.03725
0 0.73438 0.34105 0.17866 0.03634
0 0.73438 0.42271 0.19525 0.04232
0 0.73438 0.49552 0.20647 0.04037
0 0.73438 0.53050 0.2082 0.04292
0 0.73438 0.49559 0.21244 0.04297
0 0.73438 0.60523 0.22127 0.03946
0 0.73438 0.62468 0.16869 0.03598
0 0.73438 0.68381 0.18945 0.0324
0 0.73438 0.80998 0.20815 0.03501
0 0.73438 0.73496 0.20634 0.03411
0 0.73438 0.79237 0.18012 0.04187
0 0.90921 0.12672 0.2057 0.03241
0 0.90921 0.18523 0.16527 0.04198
0 0.90921 0.23707 0.19507 0.04256
0 0.90921 0.31917 0.19903 0.04377
0 0.90921 0.34920 0.17051 0.04371
0 0.90921 0.37781 0.20674 0.03229
0 0.90921 0.43328 0.18659 0.04265
0 0.90921 0.51889 0.20108 0.04349
0 0.90921 0.53879 0.17358 0.03853
0 0.90921 0.63762 0.21168 0.03985
0 0.90921 0.65954 0.18783 0.03299
0 0.90921 0.75163 0.17449 0.03689
0 0.90921 0.70396 0.18482 0.0355
0 0.90921 0.82970 0.18557 0.03798
0 0.90921 0.90803 0.19893 0.03232
0 0.90921 0.90576 0.21074 0.03991