0 0.10501 0.13726 0.18847 0.03856
0 0.10501 0.19165 0.18243 0.03428
0 0.10501 0.25112 0.17841 0.03607
0 0.10501 0.29377 0.16333 0.04037
0 0.10501 0.36492 0.16796 0.0432
0 0.10501 0.43619 0.20124 0.03415
0 0.10501 0.43042 0.16513 0.03315
0 0.10501 0.48005 0.17375 0.03281
0 0.10501 0.55915 0.1853 0.04227
0 0.10501 0.65451 0.19903 0.03785
0 0.10501 0.65851 0.181 0.04294
0 0.10501 0.72738 0.20241 0.03696
0 0.10501 0.81487 0.18385 0.03498
0 0.10501 0.82287 0.19253 0.03674
0 0.10501 0.81629 0.21105 0.0406
0 0.10501 0.89337 0.17726 0.04282
0 0.3148 0.14951 0.19534 0.04115
0 0.3148 0.20910 0.1921 0.03837
0 0.3148 0.27677 0.16823 0.04258
0 0.3148 0.30876 0.19725 0.04095
0 0.3148 0.36500 0.21109 0.0393
0 0.3148 0.45379 0.17572 0.03782
0 0.3148 0.54119 0.20822 0.03847
0 0.3148 0.55271 0.19601 0.03369
0 0.3148 0.57248 0.17995 0.04082
0 0.3148 0.69718 0.21174 0.04024
0 0.3148 0.73385 0.21983 0.04286
0 0.3148 0.84680 0.19384 0.03834
0 0.3148 0.79818 0.18935 0.04357
0 0.3148 0.83290 0.18173 0.03825
0 0.3148 0.97683 0.18504 0.037
0 0.52459 0.12672 0.21322 0.03506
0 0.52459 0.17013 0.19232 0.03995
0 0.52459 0.24032 0.16594 0.04172
0 0.52459 0.30994 0.16267 0.04006
0 0.52459 0.32368 0.21177 0.03348
0 0.52459 0.37801 0.16464 0.04229
0 0.52459 0.44910 0.18958 0.04084
0 0.52459 0.54112 0.20612 0.03576
0 0.52459 0.56713 0.21071 0.04102
0 0.52459 0.59242 0.21654 0.04346
0 0.52459 0.67002 0.1887 0.03714
0 0.52459 0.74169 0.20186 0.03769
0 0.52459 0.76439 0.1839 0.04168
0 0.52459 0.87826 0.20151 0.03922
0 0.52459 0.81853 0.20856 0.04293
0 0.52459 0.96810 0.21446 0.03713
0 0.73438 0.12454 0.20631 0.03923
0 0.73438 0.15866 0.17092 0.0415
0 0.73438 0.23597 0.20594 0.04153
0 0.73438 0.27402 0.17597 0.03794
0 0.73438 0.28225 0.19807 0.03611
0 0.73438 0.32714 0.20401 0.03838
0 0.73438 0.41543 0.19618 0.03524
0 0.73438 0.42225 0.18716 0.04279
0 0.73438 0.53038 0.16881 0.03456
0 0.73438 0.56091 0.18761 0.03324
0 0.73438 0.59343 0.1934 0.03274
0 0.73438 0.60259 0.21801 0.03763
0 0.73438 0.71330 0.16609 0.03609
0 0.73438 0.70310 0.1657 0.03814
0 0.73438 0.80470 0.18592 0.03331
0 0.73438 0.90485 0.20826 0.04315
0 0.90921 0.12893 0.18978 0.03359
0 0.90921 0.16998 0.22104 0.0416
0 0.90921 0.25093 0.18923 0.03247
0 0.90921 0.27173 0.16459 0.04083
0 0.90921 0.37572 0.21487 0.03626
0 0.90921 0.37687 0.19735 0.04097
0 0.90921 0.47690 0.21207 0.03804
0 0.90921 0.51263 0.16607 0.04262
0 0.90921 0.58299 0.19593 0.03374
0 0.90921 0.57682 0.20337 0.04044
0 0.90921 0.66205 0.18316 0.04328
0 0.90921 0.72462 0.17706 0.03472
0 0.90921 0.80610 0.1934 0.03729
0 0.90921 0.87142 0.17236 0.04297
0 0.90921 0.86274 0.2106 0.04343
0 0.90921 0.95634 0.19214 0.03819