0 0.10501 0.13017 0.19465 0.03927
0 0.10501 0.18834 0.17501 0.04032
0 0.10501 0.21728 0.19228 0.0346
0 0.10501 0.28071 0.16575 0.03427
0 0.10501 0.31109 0.20142 0.03527
0 0.10501 0.42298 0.17787 0.04184
0 0.10501 0.47150 0.1861 0.03482
0 0.10501 0.53547 0.17716 0.03295
0 0.10501 0.54861 0.20356 0.03568
0 0.10501 0.60755 0.18224 0.04149
0 0.10501 0.70325 0.22089 0.03347
0 0.10501 0.72711 0.1732 0.03644
0 0.10501 0.80670 0.19848 0.03539
0 0.10501 0.89817 0.17947 0.03862
0 0.10501 0.86446 0.17937 0.03441
0 0.10501 0.88398 0.20789 0.0423
0 0.3148 0.15622 0.19629 0.04334
0 0.3148 0.20482 0.1654 0.0354
0 0.3148 0.26619 0.21103 0.03261
0 0.3148 0.29564 0.21975 0.0347
0 0.3148 0.39815 0.18218 0.0418
0 0.3148 0.40733 0.17215 0.03763
0 0.3148 0.53950 0.19151 0.03278
0 0.3148 0.54427 0.18582 0.03954
0 0.3148 0.62981 0.17588 0.04317
0 0.3148 0.71343 0.17281 0.03911
0 0.3148 0.69151 0.17012 0.0361
0 0.3148 0.76159 0.21467 0.03638
0 0.3148 0.91529 0.1682 0.03899
0 0.3148 0.99440 0.20116 0.03465
0 0.3148 0.94014 0.19336 0.03409
0 0.52459 0.12715 0.18343 0.04142
0 0.52459 0.19009 0.18909 0.03808
0 0.52459 0.23694 0.19729 0.03846
0 0.52459 0.27579 0.21666 0.04014
0 0.52459 0.31082 0.16271 0.03251
0 0.52459 0.39716 0.20725 0.03934
0 0.52459 0.41801 0.2134 0.04116
0 0.52459 0.51018 0.2131 0.03992
0 0.52459 0.51298 0.17514 0.04021
0 0.52459 0.63068 0.19243 0.03294
0 0.52459 0.61203 0.17972 0.03588
0 0.52459 0.76585 0.20688 0.04322
0 0.52459 0.73672 0.20985 0.03911
0 0.52459 0.81965 0.16875 0.03223
0 0.52459 0.90618 0.20486 0.04265
0 0.52459 0.98844 0.19661 0.04204
0 0.73438 0.11950 0.22065 0.03622
0 0.73438 0.16297 0.16324 0.04065
0 0.73438 0.20001 0.19572 0.03401
0 0.73438 0.24242 0.21092 0.03514
0 0.73438 0.27980 0.20258 0.03216
0 0.73438 0.36963 0.21221 0.04173
0 0.73438 0.36790 0.18747 0.03799
0 0.73438 0.43368 0.19438 0.04137
0 0.73438 0.53823 0.18524 0.03776
0 0.73438 0.58060 0.19241 0.04219
0 0.73438 0.56697 0.21877 0.04027
0 0.73438 0.62241 0.21771 0.03946
0 0.73438 0.74812 0.21755 0.04289
0 0.73438 0.73082 0.18423 0.03615
0 0.73438 0.83181 0.21725 0.04061
0 0.73438 0.80824 0.17302 0.04196
0 0.90921 0.14256 0.16733 0.04002
0 0.90921 0.16856 0.17255 0.03793
0 0.90921 0.23337 0.17269 0.04102
0 0.90921 0.31578 0.19857 0.03293
0 0.90921 0.32514 0.21137 0.04349
0 0.90921 0.36931 0.20027 0.03493
0 0.90921 0.41315 0.20582 0.03512
0 0.90921 0.53136 0.2163 0.03947
0 0.90921 0.50841 0.1906 0.03722
0 0.90921 0.64655 0.19842 0.04354
0 0.90921 0.63634 0.21437 0.04137
0 0.90921 0.67548 0.21129 0.03457
0 0.90921 0.74451 0.16619 0.03835
0 0.90921 0.75633 0.17912 0.04183
0 0.90921 0.80540 0.17645 0.04045
0 0.90921 0.85904 0.22104 0.03973