0 0.10501 0.14464 0.17776 0.0348
0 0.10501 0.19814 0.16589 0.03494
0 0.10501 0.22672 0.17535 0.03949
0 0.10501 0.29919 0.20828 0.0351
0 0.10501 0.36228 0.20307 0.03808
0 0.10501 0.41264 0.21957 0.04069
0 0.10501 0.43010 0.20704 0.04267
0 0.10501 0.49900 0.19988 0.03707
0 0.10501 0.59208 0.19794 0.03578
0 0.10501 0.59400 0.20092 0.0344
0 0.10501 0.72570 0.21303 0.04225
0 0.10501 0.75627 0.19964 0.04107
0 0.10501 0.79348 0.18028 0.03865
0 0.10501 0.89789 0.1652 0.04081
0 0.10501 0.94721 0.16513 0.03236
0 0.10501 0.98282 0.18366 0.03573
0 0.3148 0.15793 0.18191 0.03845
0 0.3148 0.18588 0.21539 0.03891
0 0.3148 0.27800 0.18394 0.03526
0 0.3148 0.32656 0.17792 0.03293
0 0.3148 0.38652 0.1831 0.03709
0 0.3148 0.44476 0.17756 0.04052
0 0.3148 0.47197 0.18026 0.03244
0 0.3148 0.57254 0.1913 0.03614
0 0.3148 0.66720 0.21709 0.0348
0 0.3148 0.61678 0.20558 0.03782
0 0.3148 0.70151 0.1884 0.0347
0 0.3148 0.77696 0.17362 0.03474
0 0.3148 0.77354 0.21118 0.0398
0 0.3148 0.85785 0.18162 0.03253
0 0.3148 0.87757 0.19066 0.04341
0 0.3148 0.96204 0.17062 0.03743
0 0.52459 0.14138 0.19367 0.03675
0 0.52459 0.18795 0.20749 0.03871
0 0.52459 0.24740 0.20921 0.04083
0 0.52459 0.30527 0.19158 0.03576
0 0.52459 0.32599 0.21655 0.04092
0 0.52459 0.41758 0.1891 0.0368
0 0.52459 0.47024 0.1667 0.04335
0 0.52459 0.53701 0.19439 0.03778
0 0.52459 0.60499 0.18797 0.03967
0 0.52459 0.59953 0.22037 0.03532
0 0.52459 0.70350 0.21147 0.04278
0 0.52459 0.72393 0.21749 0.04117
0 0.52459 0.69655 0.17119 0.04304
0 0.52459 0.85449 0.18597 0.04146
0 0.52459 0.90348 0.20453 0.03734
0 0.73438 0.12702 0.19191 0.04146
0 0.73438 0.15062 0.19284 0.03985
0 0.73438 0.23017 0.19225 0.0368
0 0.73438 0.23730 0.16605 0.03232
0 0.73438 0.33290 0.17253 0.03576
0 0.73438 0.37153 0.21347 0.04108
0 0.73438 0.42123 0.21739 0.0373
0 0.73438 0.45195 0.20099 0.0342
0 0.73438 0.53217 0.19768 0.04183
0 0.73438 0.54395 0.17737 0.03225
0 0.73438 0.57196 0.21683 0.03805
0 0.73438 0.68023 0.20578 0.0353
0 0.73438 0.66700 0.19758 0.0435
0 0.73438 0.80466 0.19658 0.03624
0 0.73438 0.77341 0.1944 0.04369
0 0.73438 0.77911 0.21649 0.04052
0 0.90921 0.12585 0.18912 0.03827
0 0.90921 0.17789 0.20815 0.03674
0 0.90921 0.25151 0.19054 0.0324
0 0.90921 0.29654 0.20467 0.0348
0 0.90921 0.36875 0.19846 0.03584
0 0.90921 0.43776 0.17815 0.03544
0 0.90921 0.41996 0.21191 0.0324
0 0.90921 0.54419 0.21033 0.04302
0 0.90921 0.60005 0.18706 0.03595
0 0.90921 0.65869 0.20994 0.04084
0 0.90921 0.62746 0.20278 0.03485
0 0.90921 0.73373 0.18584 0.03996
0 0.90921 0.84375 0.16623 0.03838
0 0.90921 0.75423 0.17744 0.04161
0 0.90921 0.84468 0.20918 0.03846
0 0.90921 0.99326 0.20587 0.04327