0 0.10501 0.14230 0.18802 0.03725
0 0.10501 0.18194 0.21189 0.03873
0 0.10501 0.22531 0.18579 0.03583
0 0.10501 0.29135 0.20918 0.0422
0 0.10501 0.31879 0.21131 0.04244
0 0.10501 0.43751 0.19784 0.03279
0 0.10501 0.43557 0.18868 0.03374
0 0.10501 0.53322 0.16542 0.03503
0 0.10501 0.58007 0.21858 0.03238
0 0.10501 0.57390 0.1961 0.04211
0 0.10501 0.65432 0.21134 0.04151
0 0.10501 0.77826 0.20631 0.03565
0 0.10501 0.72211 0.18797 0.04015
0 0.10501 0.79814 0.18311 0.03319
0 0.10501 0.86165 0.21707 0.03306
0 0.10501 0.99274 0.19175 0.03875
0 0.3148 0.14602 0.17457 0.03437
0 0.3148 0.19610 0.17071 0.03238
0 0.3148 0.23713 0.19547 0.03592
0 0.3148 0.34607 0.16697 0.04344
0 0.3148 0.35386 0.18121 0.04219
0 0.3148 0.40281 0.22033 0.04356
0 0.3148 0.49389 0.17579 0.0397
0 0.3148 0.54232 0.1843 0.03814
0 0.3148 0.57954 0.2014 0.03378
0 0.3148 0.63825 0.1819 0.03926
0 0.3148 0.73327 0.21261 0.0383
0 0.3148 0.79866 0.18314 0.03841
0 0.3148 0.78718 0.19213 0.03945
0 0.3148 0.88147 0.18583 0.03638
0 0.3148 0.92942 0.1872 0.03711
0 0.52459 0.13620 0.22015 0.03258
0 0.52459 0.19273 0.21011 0.04343
0 0.52459 0.23586 0.1641 0.04197
0 0.52459 0.29042 0.19487 0.04035
0 0.52459 0.35008 0.19087 0.04018
0 0.52459 0.36218 0.19001 0.03574
0 0.52459 0.49161 0.22057 0.03491
0 0.52459 0.51806 0.19768 0.03396
0 0.52459 0.56757 0.1727 0.04057
0 0.52459 0.63153 0.18345 0.03297
0 0.52459 0.64892 0.18391 0.03884
0 0.52459 0.66952 0.18977 0.0336
0 0.52459 0.69575 0.21787 0.03288
0 0.52459 0.82834 0.21729 0.03986
0 0.52459 0.85148 0.21277 0.04202
0 0.52459 0.98891 0.21819 0.03338
0 0.73438 0.12760 0.21112 0.03819
0 0.73438 0.16634 0.17729 0.04062
0 0.73438 0.19662 0.18488 0.03343
0 0.73438 0.26782 0.17514 0.03557
0 0.73438 0.31704 0.20793 0.039
0 0.73438 0.32581 0.1697 0.04237
0 0.73438 0.42359 0.20974 0.03329
0 0.73438 0.41874 0.1702 0.03829
0 0.73438 0.53755 0.20492 0.04319
0 0.73438 0.59549 0.21584 0.03373
0 0.73438 0.58527 0.17539 0.0339
0 0.73438 0.66960 0.20864 0.03769
0 0.73438 0.73520 0.1968 0.03558
0 0.73438 0.75331 0.20489 0.04002
0 0.73438 0.71294 0.16823 0.0348
0 0.73438 0.77949 0.17834 0.04188
0 0.90921 0.12536 0.17587 0.0333
0 0.90921 0.18202 0.19133 0.03397
0 0.90921 0.23743 0.20275 0.03707
0 0.90921 0.27306 0.18495 0.03318
0 0.90921 0.36099 0.19123 0.04194
0 0.90921 0.38424 0.17951 0.03554
0 0.90921 0.46788 0.19956 0.03435
0 0.90921 0.45896 0.20212 0.03888
0 0.90921 0.59354 0.16756 0.03424
0 0.90921 0.55901 0.19407 0.03705
0 0.90921 0.72344 0.18959 0.0392
0 0.90921 0.64729 0.18946 0.03518
0 0.90921 0.74028 0.22099 0.03681
0 0.90921 0.83966 0.21562 0.03454
0 0.90921 0.79294 0.1668 0.04187
0 0.90921 0.94677 0.18502 0.03533