0 0.10501 0.12526 0.16944 0.04131
0 0.10501 0.19762 0.20909 0.03696
0 0.10501 0.21953 0.17609 0.03864
0 0.10501 0.28120 0.18429 0.03583
0 0.10501 0.34346 0.19239 0.03523
0 0.10501 0.36361 0.18628 0.04242
0 0.10501 0.49099 0.2187 0.03568
0 0.10501 0.48622 0.18738 0.03712
0 0.10501 0.60211 0.17149 0.0416
0 0.10501 0.63758 0.18469 0.04353
0 0.10501 0.70174 0.20591 0.03977
0 0.10501 0.71704 0.19959 0.03548
0 0.10501 0.71606 0.20162 0.0343
0 0.10501 0.86999 0.20753 0.03957
0 0.10501 0.85559 0.20173 0.04122
0 0.3148 0.15926 0.19258 0.03825
0 0.3148 0.18903 0.18115 0.04108
0 0.3148 0.23746 0.19076 0.04105
0 0.3148 0.32469 0.21334 0.04183
0 0.3148 0.39034 0.18923 0.04014
0 0.3148 0.40364 0.198 0.043
0 0.3148 0.52695 0.21137 0.04072
0 0.3148 0.57629 0.16573 0.03518
0 0.3148 0.61732 0.21047 0.03751
0 0.3148 0.66524 0.18197 0.04057
0 0.3148 0.79606 0.20662 0.04024
0 0.3148 0.85599 0.21092 0.03971
0 0.3148 0.77003 0.21022 0.04263
0 0.3148 0.85206 0.19886 0.03317
0 0.52459 0.14418 0.18296 0.03632
0 0.52459 0.19881 0.2004 0.03626
0 0.52459 0.22052 0.21841 0.03527
0 0.52459 0.28461 0.18579 0.04339
0 0.52459 0.37759 0.18199 0.04154
0 0.52459 0.38266 0.19303 0.04176
0 0.52459 0.49380 0.18975 0.03637
0 0.52459 0.53187 0.16342 0.03321
0 0.52459 0.55601 0.18857 0.04125
0 0.52459 0.59594 0.21639 0.03883
0 0.52459 0.64752 0.21621 0.04094
0 0.52459 0.64815 0.1815 0.03343
0 0.52459 0.82375 0.21272 0.03817
0 0.52459 0.76545 0.20215 0.03476
0 0.52459 0.91324 0.20108 0.03569
0 0.73438 0.12871 0.19787 0.03889
0 0.73438 0.15543 0.18852 0.04015
0 0.73438 0.20362 0.2067 0.04253
0 0.73438 0.24609 0.21836 0.03956
0 0.73438 0.30328 0.19553 0.04075
0 0.73438 0.36951 0.21518 0.04333
0 0.73438 0.43029 0.18888 0.04102
0 0.73438 0.49572 0.19158 0.03279
0 0.73438 0.50456 0.16736 0.0341
0 0.73438 0.50829 0.17248 0.03465
0 0.73438 0.60842 0.18974 0.03412
0 0.73438 0.60033 0.19855 0.0375
0 0.73438 0.74270 0.16642 0.04286
0 0.73438 0.72882 0.20432 0.04271
0 0.73438 0.78301 0.18961 0.03851
0 0.73438 0.76289 0.20509 0.04378
0 0.90921 0.14427 0.18605 0.03605
0 0.90921 0.19872 0.1675 0.03749
0 0.90921 0.25570 0.19483 0.03359
0 0.90921 0.30220 0.16874 0.03588
0 0.90921 0.35361 0.18804 0.04211
0 0.90921 0.38614 0.19538 0.04321
0 0.90921 0.46367 0.20146 0.04299
0 0.90921 0.46663 0.16449 0.04099
0 0.90921 0.50526 0.21939 0.04146
0 0.90921 0.66568 0.16735 0.0337
0 0.90921 0.64034 0.19904 0.03439
0 0.90921 0.67659 0.19341 0.04175
0 0.90921 0.82852 0.19148 0.03901
0 0.90921 0.83196 0.16715 0.03971
0 0.90921 0.80675 0.19607 0.03392
0 0.90921 0.90434 0.18839 0.04325