0 0.10501 0.12475 0.21703 0.03252
0 0.10501 0.18191 0.21399 0.04033
0 0.10501 0.22239 0.17396 0.03876
0 0.10501 0.28649 0.18627 0.03651
0 0.10501 0.35350 0.1748 0.03689
0 0.10501 0.37588 0.18005 0.04243
0 0.10501 0.43851 0.16522 0.04165
0 0.10501 0.53785 0.1668 0.03884
0 0.10501 0.60052 0.17793 0.03541
0 0.10501 0.63681 0.17087 0.03334
0 0.10501 0.66194 0.16321 0.03531
0 0.10501 0.70050 0.21605 0.04288
0 0.10501 0.76801 0.17071 0.03485
0 0.10501 0.75431 0.1931 0.03278
0 0.10501 0.87865 0.1729 0.03785
0 0.10501 0.98425 0.20671 0.04245
0 0.3148 0.15338 0.17879 0.03645
0 0.3148 0.20078 0.18319 0.03315
0 0.3148 0.27090 0.18768 0.0374
0 0.3148 0.35150 0.18522 0.0381
0 0.3148 0.35388 0.18911 0.03643
0 0.3148 0.47857 0.18012 0.04216
0 0.3148 0.51191 0.18597 0.039
0 0.3148 0.56165 0.19647 0.03862
0 0.3148 0.61730 0.21873 0.03928
0 0.3148 0.68635 0.16524 0.04231
0 0.3148 0.72490 0.16734 0.04017
0 0.3148 0.79738 0.18801 0.03599
0 0.3148 0.84464 0.18609 0.0412
0 0.3148 0.83023 0.21821 0.03505
0 0.3148 0.92319 0.21064 0.03211
0 0.52459 0.13841 0.18795 0.03371
0 0.52459 0.18996 0.21974 0.03452
0 0.52459 0.24527 0.18129 0.0339
0 0.52459 0.31578 0.20012 0.03827
0 0.52459 0.35189 0.18354 0.04182
0 0.52459 0.42764 0.21203 0.03885
0 0.52459 0.41084 0.18264 0.04338
0 0.52459 0.50276 0.21876 0.0427
0 0.52459 0.58082 0.1723 0.0379
0 0.52459 0.66590 0.16804 0.04209
0 0.52459 0.66372 0.18802 0.03937
0 0.52459 0.66485 0.2194 0.03604
0 0.52459 0.69304 0.20264 0.03405
0 0.52459 0.81681 0.18756 0.04013
0 0.52459 0.85359 0.1877 0.03414
0 0.52459 0.84575 0.16981 0.03639
0 0.73438 0.12222 0.20034 0.03781
0 0.73438 0.15140 0.21556 0.0379
0 0.73438 0.22499 0.19499 0.04218
0 0.73438 0.27809 0.19815 0.03686
0 0.73438 0.30036 0.2004 0.03621
0 0.73438 0.32585 0.20247 0.03734
0 0.73438 0.43983 0.19479 0.03363
0 0.73438 0.49686 0.21213 0.03222
0 0.73438 0.55098 0.19667 0.03857
0 0.73438 0.55321 0.18173 0.03246
0 0.73438 0.63286 0.20416 0.04328
0 0.73438 0.65069 0.17769 0.03339
0 0.73438 0.65689 0.21656 0.03293
0 0.73438 0.68596 0.22092 0.03725
0 0.73438 0.80436 0.20589 0.0349
0 0.73438 0.82816 0.21469 0.04273
0 0.90921 0.13481 0.18568 0.04098
0 0.90921 0.18362 0.19259 0.03518
0 0.90921 0.25919 0.21491 0.03708
0 0.90921 0.27367 0.21475 0.03286
0 0.90921 0.36501 0.20002 0.03424
0 0.90921 0.38854 0.18467 0.04183
0 0.90921 0.45710 0.20606 0.04144
0 0.90921 0.52477 0.18683 0.03644
0 0.90921 0.56595 0.19974 0.03497
0 0.90921 0.66422 0.21141 0.03797
0 0.90921 0.63039 0.19206 0.0433
0 0.90921 0.65512 0.16464 0.03989
0 0.90921 0.81574 0.2059 0.0415
0 0.90921 0.85974 0.16407 0.04215
0 0.90921 0.94228 0.16744 0.0328
0 0.90921 0.92668 0.16899 0.0335