0 0.10501 0.14456 0.20024 0.03965
0 0.10501 0.20217 0.19517 0.03844
0 0.10501 0.24105 0.22039 0.03239
0 0.10501 0.31187 0.21008 0.04274
0 0.10501 0.31136 0.18991 0.03639
0 0.10501 0.42411 0.18083 0.03613
0 0.10501 0.47559 0.17696 0.03821
0 0.10501 0.55361 0.18053 0.0383
0 0.10501 0.54001 0.16976 0.03696
0 0.10501 0.56472 0.19216 0.03221
0 0.10501 0.62671 0.21555 0.03315
0 0.10501 0.71353 0.22075 0.03384
0 0.10501 0.84055 0.17875 0.03311
0 0.10501 0.80940 0.18164 0.03811
0 0.10501 0.80048 0.18145 0.03686
0 0.10501 0.95282 0.19845 0.0349
0 0.3148 0.14180 0.21248 0.03814
0 0.3148 0.21830 0.20295 0.03587
0 0.3148 0.28792 0.16972 0.04119
0 0.3148 0.35211 0.17642 0.03577
0 0.3148 0.35530 0.18087 0.03544
0 0.3148 0.45987 0.1789 0.03919
0 0.3148 0.47985 0.21676 0.03359
0 0.3148 0.52420 0.19626 0.03296
0 0.3148 0.61409 0.18424 0.0406
0 0.3148 0.70222 0.19755 0.03553
0 0.3148 0.76161 0.20023 0.0388
0 0.3148 0.71118 0.18044 0.03305
0 0.3148 0.83134 0.21229 0.03892
0 0.3148 0.90096 0.2152 0.03729
0 0.3148 0.93731 0.21323 0.03646
0 0.52459 0.12750 0.1726 0.03339
0 0.52459 0.17649 0.19727 0.03234
0 0.52459 0.26023 0.19332 0.0418
0 0.52459 0.30039 0.22018 0.03488
0 0.52459 0.35804 0.18619 0.03643
0 0.52459 0.43367 0.19143 0.03591
0 0.52459 0.48720 0.19989 0.04238
0 0.52459 0.50251 0.17656 0.04018
0 0.52459 0.54180 0.21196 0.03886
0 0.52459 0.65141 0.18585 0.0408
0 0.52459 0.62415 0.20735 0.03237
0 0.52459 0.70747 0.17771 0.0411
0 0.52459 0.69597 0.19627 0.03758
0 0.52459 0.74788 0.18377 0.04063
0 0.52459 0.89309 0.1865 0.04164
0 0.52459 0.94133 0.21198 0.04207
0 0.73438 0.12627 0.20335 0.0351
0 0.73438 0.15146 0.16572 0.03827
0 0.73438 0.22375 0.18141 0.03477
0 0.73438 0.25538 0.18976 0.03799
0 0.73438 0.31151 0.1885 0.04308
0 0.73438 0.32260 0.21903 0.03727
0 0.73438 0.37128 0.18649 0.03929
0 0.73438 0.46645 0.21146 0.0392
0 0.73438 0.49003 0.19556 0.03338
0 0.73438 0.53496 0.18856 0.03552
0 0.73438 0.57376 0.17337 0.04131
0 0.73438 0.59014 0.16385 0.04282
0 0.73438 0.72879 0.21826 0.03914
0 0.73438 0.78410 0.21272 0.03785
0 0.73438 0.83645 0.1753 0.04202
0 0.73438 0.80006 0.21536 0.0363
0 0.90921 0.13450 0.21175 0.03625
0 0.90921 0.18768 0.21035 0.03528
0 0.90921 0.24397 0.16481 0.0398
0 0.90921 0.31807 0.20284 0.03254
0 0.90921 0.36972 0.16788 0.04103
0 0.90921 0.42515 0.18208 0.03333
0 0.90921 0.46700 0.19159 0.0396
0 0.90921 0.49040 0.19194 0.04162
0 0.90921 0.58330 0.2203 0.04215
0 0.90921 0.66102 0.17302 0.04019
0 0.90921 0.63372 0.17191 0.03804
0 0.90921 0.70810 0.21977 0.03275
0 0.90921 0.81460 0.1943 0.04033
0 0.90921 0.77004 0.20216 0.03952
0 0.90921 0.87539 0.18495 0.03991
0 0.90921 0.89962 0.21936 0.03755