0 0.10501 0.13828 0.18117 0.04161
0 0.10501 0.17609 0.18925 0.03773
0 0.10501 0.25007 0.19893 0.03383
0 0.10501 0.29861 0.16419 0.0351
0 0.10501 0.36155 0.16397 0.04001
0 0.10501 0.38844 0.2025 0.03297
0 0.10501 0.46392 0.18561 0.0346
0 0.10501 0.46173 0.18458 0.03728
0 0.10501 0.50624 0.20162 0.03521
0 0.10501 0.63209 0.17221 0.03817
0 0.10501 0.66199 0.18215 0.04178
0 0.10501 0.75405 0.17417 0.04367
0 0.10501 0.71714 0.1862 0.03278
0 0.10501 0.80331 0.16547 0.03407
0 0.10501 0.92127 0.21178 0.04015
0 0.10501 0.95178 0.20942 0.03377
0 0.3148 0.15123 0.2058 0.04183
0 0.3148 0.20737 0.2111 0.03234
0 0.3148 0.24265 0.21312 0.04253
0 0.3148 0.34372 0.21478 0.03529
0 0.3148 0.37006 0.2084 0.04103
0 0.3148 0.45982 0.17748 0.03898
0 0.3148 0.54181 0.21635 0.03332
0 0.3148 0.53477 0.19299 0.03555
0 0.3148 0.57024 0.17801 0.03784
0 0.3148 0.63291 0.17952 0.03999
0 0.3148 0.72352 0.16728 0.04078
0 0.3148 0.74465 0.19407 0.04033
0 0.3148 0.78269 0.21347 0.03715
0 0.3148 0.94018 0.20494 0.04121
0 0.3148 0.90494 0.21071 0.03654
0 0.52459 0.13983 0.18266 0.03275
0 0.52459 0.19229 0.17687 0.034
0 0.52459 0.24201 0.1763 0.04325
0 0.52459 0.31180 0.20094 0.0412
0 0.52459 0.36871 0.20693 0.0339
0 0.52459 0.40952 0.17152 0.03564
0 0.52459 0.41635 0.19032 0.03712
0 0.52459 0.51628 0.17229 0.03539
0 0.52459 0.61229 0.18121 0.04309
0 0.52459 0.63533 0.19285 0.04302
0 0.52459 0.71613 0.20244 0.0324
0 0.52459 0.72732 0.18688 0.03847
0 0.52459 0.75031 0.20726 0.03229
0 0.52459 0.89870 0.17182 0.04334
0 0.52459 0.86974 0.20354 0.03277
0 0.52459 0.85156 0.18815 0.03703
0 0.73438 0.12848 0.21966 0.03733
0 0.73438 0.17599 0.1798 0.0422
0 0.73438 0.19956 0.1687 0.03744
0 0.73438 0.24667 0.22047 0.03919
0 0.73438 0.33979 0.21038 0.03971
0 0.73438 0.36949 0.19513 0.04192
0 0.73438 0.42752 0.16544 0.04228
0 0.73438 0.46342 0.21327 0.03711
0 0.73438 0.54440 0.16419 0.03628
0 0.73438 0.50550 0.21545 0.03245
0 0.73438 0.65144 0.16704 0.04352
0 0.73438 0.62178 0.17634 0.03888
0 0.73438 0.70452 0.17601 0.03715
0 0.73438 0.80024 0.18296 0.03913
0 0.73438 0.80704 0.18815 0.039
0 0.73438 0.75759 0.20507 0.04177
0 0.90921 0.12074 0.17014 0.03261
0 0.90921 0.17346 0.21663 0.03482
0 0.90921 0.26005 0.17423 0.04153
0 0.90921 0.30951 0.22055 0.03488
0 0.90921 0.33143 0.21279 0.04203
0 0.90921 0.39249 0.18686 0.04163
0 0.90921 0.41894 0.16421 0.04015
0 0.90921 0.45990 0.18982 0.03322
0 0.90921 0.51900 0.21831 0.0423
0 0.90921 0.64793 0.20426 0.03399
0 0.90921 0.63547 0.20858 0.03343
0 0.90921 0.72948 0.19325 0.03242
0 0.90921 0.76041 0.2149 0.03895
0 0.90921 0.84983 0.20872 0.04136
0 0.90921 0.92857 0.17508 0.03593
0 0.90921 0.93947 0.16367 0.03866