0 0.10501 0.12925 0.17117 0.03537
0 0.10501 0.17537 0.18163 0.04312
0 0.10501 0.22659 0.21303 0.04364
0 0.10501 0.31255 0.20914 0.03894
0 0.10501 0.32562 0.21567 0.0352
0 0.10501 0.41871 0.18116 0.03425
0 0.10501 0.43481 0.19474 0.04027
0 0.10501 0.53698 0.19955 0.03526
0 0.10501 0.54904 0.1784 0.03738
0 0.10501 0.60578 0.21991 0.04281
0 0.10501 0.59873 0.19863 0.03234
0 0.10501 0.67641 0.199 0.0399
0 0.10501 0.75662 0.18973 0.03651
0 0.10501 0.81148 0.17886 0.04191
0 0.10501 0.79401 0.22025 0.03893
0 0.10501 0.97554 0.1868 0.03234
0 0.3148 0.14743 0.21021 0.03853
0 0.3148 0.20322 0.19198 0.03691
0 0.3148 0.25270 0.20811 0.03934
0 0.3148 0.29102 0.18431 0.04275
0 0.3148 0.38852 0.20534 0.03848
0 0.3148 0.41867 0.16454 0.04133
0 0.3148 0.51836 0.18094 0.04335
0 0.3148 0.59052 0.17325 0.04346
0 0.3148 0.55270 0.16497 0.0331
0 0.3148 0.67859 0.19746 0.03418
0 0.3148 0.66488 0.16962 0.03243
0 0.3148 0.79609 0.17954 0.04046
0 0.3148 0.84444 0.20813 0.03243
0 0.3148 0.90543 0.18687 0.03799
0 0.3148 0.99573 0.19105 0.03756
0 0.52459 0.13922 0.17804 0.03513
0 0.52459 0.18042 0.1986 0.03899
0 0.52459 0.23573 0.18776 0.03409
0 0.52459 0.31886 0.19414 0.03572
0 0.52459 0.36777 0.19255 0.03749
0 0.52459 0.39380 0.19804 0.0332
0 0.52459 0.40918 0.22097 0.0359
0 0.52459 0.51576 0.18009 0.03334
0 0.52459 0.59315 0.19578 0.03231
0 0.52459 0.57105 0.2004 0.03511
0 0.52459 0.66335 0.19913 0.04037
0 0.52459 0.65057 0.21663 0.03429
0 0.52459 0.82703 0.20671 0.03254
0 0.52459 0.88542 0.16841 0.04267
0 0.52459 0.92016 0.18726 0.03511
0 0.52459 0.88210 0.20794 0.03737
0 0.73438 0.10812 0.18512 0.03697
0 0.73438 0.16920 0.1721 0.03318
0 0.73438 0.22441 0.19645 0.04351
0 0.73438 0.25710 0.16983 0.03943
0 0.73438 0.29356 0.21673 0.03505
0 0.73438 0.32945 0.20743 0.0431
0 0.73438 0.41666 0.17566 0.03985
0 0.73438 0.47094 0.17365 0.03845
0 0.73438 0.53102 0.21442 0.03751
0 0.73438 0.52063 0.18423 0.04313
0 0.73438 0.64686 0.17999 0.03643
0 0.73438 0.60696 0.18583 0.04142
0 0.73438 0.72410 0.17093 0.03691
0 0.73438 0.73513 0.18794 0.03339
0 0.73438 0.81670 0.20787 0.04036
0 0.73438 0.85851 0.17618 0.0391
0 0.90921 0.12072 0.18382 0.03457
0 0.90921 0.18930 0.16952 0.04271
0 0.90921 0.25731 0.18929 0.03966
0 0.90921 0.31590 0.16313 0.0333
0 0.90921 0.35728 0.16492 0.04077
0 0.90921 0.42762 0.20066 0.04053
0 0.90921 0.42291 0.19616 0.04209
0 0.90921 0.55414 0.21174 0.0433
0 0.90921 0.52117 0.20201 0.03912
0 0.90921 0.65073 0.176 0.03618
0 0.90921 0.65594 0.21877 0.03721
0 0.90921 0.75831 0.21546 0.03923
0 0.90921 0.72805 0.17965 0.03631
0 0.90921 0.89540 0.16268 0.03807
0 0.90921 0.85171 0.17611 0.03683
0 0.90921 0.89919 0.20462 0.03795